0.005535702946225081 0.0069707965124648575 0.006342451945609683 0.005795096858749959 0.00816846923692213 0.009263187214866141 0.008195417844059078 0.007971010387074038 0.007755045594261878 0.008398746245724368 0.006741638756630612 0.006722516967398237 0.006723054261061976 0.008448484786217167 0.008352626345972974 0.007630445235766901 0.008383518885400449 0.010204745680421514 0.010736909215697466 0.00712746756809666 0.006495751182614149 
0.04013561287708257 0.049377730380855175 0.04084245706532644 0.04294363428296334 0.05780230160720272 0.06288314996376271 0.05074329697714198 0.05519359973229016 0.04914989243290583 0.060587272835531905 0.0401007434261129 0.04740063671964222 0.04491593080543906 0.059108465114154775 0.05201204799932599 0.04842766014406505 0.05022654028418411 0.07368895767375805 0.06538009489879001 0.05466123752937032 0.04305862688576411 
5.054825755697906 4.572666000989467 4.930919520996625 0.006777798798424053 0.00722454874569239 0.011000607786629937 0.005783375452625886 0.00634100596924378 6.004477969846873 0.005600933546278757 5.722988082416332 4.252860888463286 0.0052187931233505375 0.010163389494468319 0.19865650212294136 6.233695025697229 0.005099367449612468 0.009915645036064033 0.007134238433682056 0.05509849155181392 0.007884807986669665 
1.045310514355815 0.5081730466612913 0.2301512562256649 0.017145470378407624 0.03081160935439445 0.038856561312512465 0.02045578599806492 0.01243070605111006 0.297959397882135 0.008647002894931196 0.3033641515173703 1.344050673011089 0.005940956485873601 0.018225746152206453 0.21518302962758207 0.22349930696202422 0.00784254947225274 0.02718804830169055 0.042963314051276624 0.08088002796651488 0.013748158378726985 
0.0056933387751270745 0.005953778492195196 0.005909241624523586 0.00592797997447807 0.006176467650860882 0.005908691282158608 0.005713940122743394 0.005559659804331358 0.006700894521242325 0.005449420199411926 0.005625495720554227 0.0055845984565188215 0.005609232999520294 0.005101291482815595 0.005198343548604974 0.006004829793250715 0.0060349694294945895 0.005349080812310856 0.005634121600276881 0.006681342907541101 0.006184452980011323 
0.005259357213256917 0.005022418493036406 0.004952732017376656 0.004766522437348822 0.004669999011671131 0.004766878144930622 0.0049419798690774515 0.004771266934156169 0.004643718739222232 0.004808396297084223 0.004767021004785526 0.004924098670814042 0.005024091814616029 0.004785079967842986 0.004439317301536832 0.004690322783344933 0.004744069162972903 0.005106504193994943 0.004935985938142933 0.004889127903798575 0.0045785822864264246 
0.010609684943200729 0.01407754496234852 0.019227181395394373 0.011134585941387642 0.01958449154296556 0.017884659257325953 0.014452706716543076 0.04928327560652936 0.011066688204358388 0.0809276858279594 0.015571314034644726 0.018355294681466454 0.02070294594846547 0.010827663668497583 0.01070678739567475 0.013766024006970102 0.02485112428067498 0.01629747199479285 0.010557021236853889 0.012698051657576532 0.029729661045923016 
0.5480886369720162 1.0497363407636517 1.1075500979781694 0.4698347504505917 1.3782149627992852 0.9536285453815312 1.0112309478100685 1.740915659962041 1.2263272013032789 4.8061422034220245 0.7837963161820843 1.5373953447255393 0.562648581659349 0.9886278764527259 0.9312814960283384 0.8468567909334956 1.0050512988790927 1.1676011201301786 0.47933109762688053 1.584019440736421 1.1578390456456795 
0.12537946875846961 0.03266079040011784 0.13321121193803626 0.12756909369665306 0.09314562961660922 0.18421268566888552 0.11667449988815445 0.094800347929994 0.21204648428453124 0.11348918124280348 0.1550559803537901 0.0570777597148799 0.08569110852088535 0.06788824523599159 0.1539750953518118 0.12246612599652762 0.13640206596419216 0.137289480920608 0.09825270090324359 0.1432970144529682 0.08066446944195317 
492.77515437802776 264.2859521531881 216.16835945012352 487.3049635474606 271.7272582271052 617.6412193301719 512.1420885161713 545.1613125657365 461.6781556468168 509.1356258286552 214.8933112260542 264.13864831348656 281.3676126057986 244.9512113984901 518.1627119868576 559.0177841478527 263.35870906029606 323.4776804086798 500.16914145523623 504.7935676299959 217.80629081610115 
0.0059396644560790225 0.005935405730599804 0.005508756783539169 0.006046417584628531 0.005624408283572306 0.005359099482981869 0.006297363301866846 0.005864220689234021 0.005262439888923602 0.005979885180477264 0.005982752500531934 0.005888134296320301 0.005510472513355756 0.0058036734401646995 0.005673615372340037 0.00601594964582639 0.005762923004755281 0.00681784614412404 0.0064016659247659305 0.006019469019208089 0.0059174272639916795 
0.2801944233210876 0.25477920792205005 0.30955233294200785 0.2760131502684064 0.18204177754145287 0.2765053249910121 0.22546430574421464 0.1646054038818584 0.20391730884582338 0.2433315766489699 0.28526426322566906 0.2140896280210536 0.29008432571342113 0.21146753180625852 0.20959062282877097 0.2918249057176613 0.2012596669610917 0.17310880552159097 0.35213392987437686 0.21797098600658044 0.317242732298459 
48.38104508783793 47.985655968171294 48.12362092043381 48.285836691995996 47.914456336068824 47.55420680255069 47.796661351693885 48.84722685400498 48.177602746395024 48.20921840591763 47.86435022976387 48.78871990482487 48.38953091474879 48.42835256105181 48.46452141590129 48.12334245884566 48.25439411692853 48.48905658541379 47.71695583805134 47.941876243494676 48.837450753728895 
0.011140539460360395 0.011713184773475412 0.009515450913038563 0.00953572608111504 0.00958227777869218 0.009078114498092774 0.0071581631522074345 0.011039680862879861 0.009257404186603346 0.00976190034228119 0.008407084486719263 0.011524996051711143 0.009435826146508697 0.008747092831861389 0.013707848230231672 0.009966440189328192 0.009512199040839789 0.010652975503336956 0.01204885854405877 0.009585896268891309 0.011743110878174767 
