1.7396618500583886E-4 1.7617370747324853E-4 1.7381987727725488E-4 1.7374729297611784E-4 1.7701991696674645E-4 1.7397922718406092E-4 1.7550198465213579E-4 1.7365752126395162E-4 1.7338500784839852E-4 1.7403140490243157E-4 
4.235769083320397E-4 5.326344026882976E-4 4.427210041180449E-4 3.791347934076921E-4 6.377085084414774E-4 4.3530360280023454E-4 5.429621380147727E-4 3.774049010216607E-4 3.3860320962945755E-4 4.2264124584857047E-4 
1.4063092867053E-4 1.4065421131546674E-4 1.4065248332647886E-4 1.406288953733901E-4 1.4068104754895946E-4 1.4062004686585835E-4 1.406971556011898E-4 1.4063490640938822E-4 1.4093092266159816E-4 1.4062025080872236E-4 
1.7297382024288323E-4 1.7304543394788244E-4 1.7297315142944162E-4 1.7299648296114232E-4 1.7301330043540896E-4 1.7301107396400394E-4 1.73034338510279E-4 1.730506619380615E-4 1.7302823589012328E-4 1.729715245077909E-4 
1.8964525799034955E-4 1.895432270476012E-4 1.8185870532291156E-4 1.7531190037835888E-4 1.860602824785638E-4 1.9450961279816756E-4 1.8216700466562025E-4 1.8260201274766905E-4 1.81354386959766E-4 2.0630200105544003E-4 
1.6242191511605267E-4 1.632566200376843E-4 1.5937400930863415E-4 1.5950219707790673E-4 1.6309957537271162E-4 1.6424448190191342E-4 1.6012328574208545E-4 1.6270070397928198E-4 1.6297234091876828E-4 1.623710214711316E-4 
2.1995438915653896E-4 2.7759510183360546E-4 2.1744499541146564E-4 2.4620493514128274E-4 2.3931555413533038E-4 2.575412838688105E-4 2.4416384364824587E-4 2.9381822249529725E-4 2.2979047956014475E-4 2.379078768878341E-4 
0.021561856598705145 0.013750873624610927 0.025841698464712046 0.0628623183875798 0.05449099392438323 0.025169577581707667 0.08823202772160257 0.04768828222130478 0.04960800359936333 0.05207912889251944 
2.535813791464618E-4 4.588308599685975E-4 2.934170117200715E-4 3.178433616798823E-4 4.757168777305947E-4 4.3141243605806194E-4 2.493560556682063E-4 3.1275853756329607E-4 5.925891157398554E-4 3.4079241415308116E-4 
21.935175085302408 22.615492591724724 16.063920720793632 15.76058605589427 14.596754495400196 12.356844019205266 20.562180267206283 22.764605373934256 17.440179870408272 15.890562621601548 
1.788251202457304E-4 1.7841643786889818E-4 5.246143995158604E-4 6.614858869233648E-4 3.1310566365422906E-4 1.7700023197249218E-4 1.7622104908759958E-4 1.7562113701210405E-4 1.7869650065318351E-4 3.1384136879308015E-4 
0.002238215899828194 0.006330628236998586 0.005200537040364935 0.0017042333254472814 0.0011653721190604547 0.0063146129558353595 0.007380016677543385 0.0027589395843161113 0.0018341579210171505 0.001369082206046043 
1.4253343468761641 1.4620056769501226 1.4879699109598623 1.4469855738435506 1.4896981320468365 1.4607917274937725 1.4710864045850076 1.4543686406188026 1.4457678016480617 1.4504600350753951 
2.3094297693155544E-4 1.828998957303135E-4 2.1240780185331344E-4 2.0556996996867917E-4 1.9672212328026428E-4 1.8554250226057018E-4 1.7247210944732047E-4 2.879039096679043E-4 2.2137514304471724E-4 2.0427514054601893E-4 
0.11495007834658416 0.09462564758738398 0.10094938363980413 0.09033881213639838 0.09145644841070413 0.09927552535074581 0.09575405588200213 0.06404268041126597 0.09455931931069032 0.09498593750394477 
1.476772260374902E-4 1.4542180556681376E-4 1.4206584346158113E-4 1.4319134035945032E-4 1.4306635692627777E-4 1.42824880099009E-4 1.5090617133789146E-4 1.4280899095986963E-4 1.4565649751364798E-4 1.4208490436411677E-4 
8.218703811312286E-4 8.310376152974694E-4 9.77099572813673E-4 8.095368037522286E-4 8.291596485670416E-4 8.329877160381124E-4 8.242341629533446E-4 8.699191624275508E-4 8.161823013841555E-4 8.41462492827088E-4 
0.02449579340023562 0.6418393123682843 0.015883023518374402 0.6418322988703506 0.6418400287651683 0.6418343536002471 0.020390352010093593 0.024904092223778415 0.641834777000612 0.01635080318821711 
