1.730852264629379E-4 1.730507310975805E-4 1.7309771373310437E-4 1.7305824484905466E-4 1.7306431452473477E-4 1.730554870639679E-4 1.7315099757469189E-4 1.731628236599613E-4 1.7313135413973306E-4 1.7319486606336213E-4 
2.525884673998154E-4 2.56020034006682E-4 2.0723785077107597E-4 2.1601079844404025E-4 2.6997472490959776E-4 2.196435505267785E-4 2.2023829663543278E-4 2.0710655901830875E-4 2.282060321454019E-4 2.1984224853909676E-4 
1.4068390672555923E-4 1.407169211769342E-4 1.4079987195927428E-4 1.4063730762872465E-4 1.4063829893057087E-4 1.406931777049536E-4 1.4066718633920362E-4 1.4064090281764124E-4 1.4066314926766747E-4 1.4064880378937298E-4 
1.7303425593754123E-4 1.7305657532947288E-4 1.7301132747162785E-4 1.7298454751452593E-4 1.73014847626363E-4 1.729278677404103E-4 1.7307667426463927E-4 1.7307513628552745E-4 1.7304784918990707E-4 1.7299112756532898E-4 
1.7362608876166425E-4 1.7355488921708476E-4 1.738617772175659E-4 1.7332043914302384E-4 1.7433613935922225E-4 1.7448209123155841E-4 1.741845561363009E-4 1.7390536427258944E-4 1.7376259450258415E-4 1.742767132753157E-4 
1.634312190202408E-4 1.5909453472674151E-4 1.6308383374885564E-4 1.6306069933892623E-4 1.6280659160042835E-4 1.6308668976805122E-4 1.6264301780907577E-4 1.6297924725040973E-4 1.599239845832421E-4 1.5948812301352168E-4 
1.6781152654865298E-4 1.934931814306409E-4 1.937439847962609E-4 1.656177712148274E-4 1.7975307587430353E-4 1.7977942050543684E-4 1.8440842533327617E-4 1.8148980000820796E-4 1.8606903934417025E-4 1.8069162944357213E-4 
0.003145588549285776 0.007077763327905173 0.0013725840988642614 0.0010540125149065163 0.020867711144883738 0.017361664666911563 0.005961294412952746 0.007508345506756227 0.00634147629819583 0.0036720186736056955 
2.323867909433172E-4 0.0010617009580473546 5.875667917993194E-4 3.909844305644585E-4 4.158651977837316E-4 3.491382982946847E-4 6.751284811673776E-4 6.773843181486236E-4 3.763790119560329E-4 4.8147479050779114E-4 
14.569693696031317 15.21094478585836 14.181150890115868 25.499538605293615 22.294786686577464 24.52847506943032 6.760143442113862 16.158136783735124 6.770810134903643 7.536718309191687 
4.3317341918655983E-4 1.7317243096996103E-4 1.731827358268284E-4 1.7326801691845662E-4 1.731221026378061E-4 6.547620581704614E-4 1.7328205286715813E-4 1.7358986921733015E-4 1.7316596033376368E-4 1.7334177055189988E-4 
9.351864731527813E-4 0.0015551029350980832 0.0013737233851727141 0.0014932408199811635 0.0015209314140992897 0.0022463451196807357 0.0011588397654866416 0.0017965744868300554 0.0018816560487765058 0.0013619298128704064 
1.392827603063401 1.4103790110912344 1.4109205039757953 1.404599460027744 1.4476837248931314 1.4145470768714583 1.409934621227773 1.4193958476800017 1.4497430129315154 1.4113382246311812 
1.6848136588689083E-4 1.7156024568456624E-4 1.687890124603262E-4 1.6627389368554913E-4 1.6825319308722223E-4 1.7789045622271148E-4 1.6212878450618293E-4 1.637969487526231E-4 1.804626552152094E-4 1.6742300715757755E-4 
0.6835772621178641 0.09337186052468015 0.08368542149460108 0.09334155625652445 0.09890458784815434 0.0956484179791302 0.08199185612326307 0.07985327570455925 0.09030665577056861 0.0656388441156618 
0.002782450229364121 1.486960646464212E-4 1.4285807399684787E-4 1.5544404987230434E-4 1.4445133336649904E-4 1.427718459283818E-4 1.4255387410054936E-4 1.5031338768777686E-4 1.5780949794270467E-4 0.0010606977504070611 
8.076425556426641E-4 8.490004014457873E-4 8.233790580426817E-4 8.079530178769042E-4 8.130334869410594E-4 8.155336525225919E-4 8.38433932621713E-4 8.289036150945515E-4 8.179947413389041E-4 8.178104115597522E-4 
0.6418344010478553 0.64183225486051 0.6425225372482855 0.6418345953450558 0.6418322569663699 0.6418364283297823 0.641833732672335 0.6418334497556248 0.6418338109593166 0.6367167891528934 
