1.7318726431807594E-4 1.7307647536488266E-4 1.7323342372291807E-4 1.7328680418532226E-4 1.7312876591958813E-4 1.7335071322773733E-4 1.7319892240656717E-4 1.7322274522687148E-4 1.7312535442592063E-4 1.730924207309103E-4 
2.3178935953705864E-4 2.2231887996922343E-4 2.110601186979907E-4 2.2849371712141907E-4 2.0452316379599719E-4 2.364561652938479E-4 2.3827864682045985E-4 2.1682905755630635E-4 1.9305386027250947E-4 2.2813049438042955E-4 
1.4068827392494843E-4 1.4063336996660098E-4 1.4073128154628626E-4 1.4070843709939235E-4 1.406948559582095E-4 1.406631935800867E-4 1.4068048086094022E-4 1.4064127103417665E-4 1.4073046994430086E-4 1.406432734747182E-4 
1.7303338757488512E-4 1.7311037872921178E-4 1.7361924857193725E-4 1.7301355418995078E-4 1.7296570101106348E-4 1.730192402747076E-4 1.7317012304424238E-4 1.7309679599097644E-4 1.73174753452027E-4 1.7306596546029244E-4 
1.7420132706727053E-4 1.736336213676923E-4 1.7352954745213702E-4 1.733996051423913E-4 1.7361092196247407E-4 1.7375164985753683E-4 1.7334479745963638E-4 1.736909077449199E-4 1.7397425142387377E-4 1.755408145055783E-4 
1.616693816344583E-4 1.5872451700182032E-4 1.6284910419305093E-4 1.6170047132942278E-4 1.6354515207460824E-4 1.6292072542486554E-4 1.6063362785094488E-4 1.6113687761199318E-4 1.5920753172094537E-4 1.62087682916076E-4 
1.8230138909043327E-4 2.375163691333299E-4 1.7824894329919677E-4 1.7831240700260002E-4 1.854755059075576E-4 1.926881571343977E-4 1.9239611464826506E-4 1.855295977465837E-4 1.8833740339631276E-4 1.788075423276395E-4 
0.1302492407753045 0.10164806970516287 0.004027114230718016 0.013062618268712344 0.004951562644828063 0.008634495068312513 0.012354824639982715 0.005846128259554289 0.036081352315856095 0.006551768509188262 
0.0011311148951665367 0.0011715902983230892 8.019454706304514E-4 5.982039456632338E-4 8.861664343589461E-4 0.001862394397404723 9.655300723366929E-4 7.023764620502962E-4 0.0012241287257873025 8.685787911701749E-4 
22.21236613425084 22.494624606705575 14.413397660278838 16.78053640456403 16.005580832387473 6.772680046054855 25.606246147027896 22.30633409958631 16.725447238757223 15.43525307993567 
2.949881971897122E-4 4.3069704240461613E-4 1.7318021450734376E-4 5.772705216423298E-4 1.731419695495331E-4 1.7307970815486312E-4 1.7310319068060488E-4 1.7322671162039744E-4 1.7318102803243058E-4 1.7296537998943604E-4 
0.0026055983287356253 0.0016288353144480955 0.001656520636627976 0.001773227630961445 8.448368248534844E-4 0.0015293553869645867 8.960945427148769E-4 0.0014619456122424508 0.001420452985139649 0.0015728438606337298 
1.4229785623946722 1.4342165806612044 1.4206367196569487 1.4227581578470299 1.4409741718875955 1.4149058601102429 1.4137287039962383 1.4182895615697038 1.4196796502996376 1.411501977169939 
1.7243358799931126E-4 1.7094974164297232E-4 1.6766398342061049E-4 1.62441923883403E-4 1.6786915374801507E-4 1.6239848778700283E-4 1.6390153950182311E-4 1.8114106183820194E-4 1.713710940330473E-4 1.6769825221816823E-4 
0.10040872803138312 0.10501424574471177 0.7042068256213625 0.10289649454446692 0.7521111841683029 0.1035079179164294 0.06592966445598188 0.10677980830989423 0.09859415949276913 0.10503350327483195 
0.0048713111282428995 1.4617413133099217E-4 0.036690763764183426 1.4167260039248212E-4 0.05810319886054863 2.913772014835649E-4 0.0031479913047463034 1.4092783315344578E-4 1.5057543218131262E-4 1.4248530283071043E-4 
8.238825064007947E-4 8.196699104364699E-4 8.081763361368188E-4 8.132974542894102E-4 8.104144184079077E-4 8.135034284609407E-4 8.250851268200564E-4 8.171495468808107E-4 8.16595871235039E-4 8.056789330078344E-4 
0.6431875860733296 0.642990883221537 0.642383791960083 0.6418322648997558 0.6431085321553216 0.6418342900910288 0.6431084010910147 0.6426188375445478 0.6418560450280079 0.6425612295009466 
