1.7361567377582876E-4 1.7360888492325794E-4 1.7419903070021154E-4 1.738735413208825E-4 1.772300480385049E-4 1.7361515048885178E-4 1.73495100670902E-4 1.7328816872886046E-4 1.7379628820887806E-4 1.7345272186903622E-4 
2.9175148510504774E-4 2.812637406482201E-4 3.2007268005168155E-4 2.7303712816761184E-4 3.1101855909347885E-4 2.48268714079427E-4 2.2783802893148862E-4 2.3720985520375606E-4 2.4475580737901324E-4 2.558189296732187E-4 
1.420710849917783E-4 2.2108188925346132E-4 1.4536895739986354E-4 1.407039156524364E-4 0.13879234859041753 0.16708848589604985 1.485908296716118E-4 1.6755908837787038E-4 0.1466809101241279 0.19516783909605886 
3.854057641985064E-4 0.0026856058536894882 2.1074777354565904E-4 1.736009555400281E-4 0.0074481930639055585 0.013577770333652135 0.0018094768752645444 0.0011535667272626567 0.02572540543846329 0.009855700544629305 
1.7339835200752294E-4 1.7443202690281973E-4 1.738260890394725E-4 1.7401473140309857E-4 1.7434443262308915E-4 1.7562441225322658E-4 1.7394687424310436E-4 1.7416185306033525E-4 1.733372439482481E-4 1.7405561162739202E-4 
1.6340196841601717E-4 1.6150575064518275E-4 1.6153558170100643E-4 1.6197672802211542E-4 1.6273788305192863E-4 1.599725652534486E-4 1.5884838410602857E-4 1.6198476255196268E-4 1.6090491892289903E-4 1.610476361356557E-4 
2.8178901539324794E-4 3.9768428923561515E-4 3.1517829108675295E-4 4.6462180106207943E-4 3.659993764430639E-4 3.0168634694912265E-4 3.3876921354008557E-4 2.9554614967375423E-4 3.255108539488374E-4 2.11390241071966E-4 
0.1917912879531478 0.09204408274147702 0.09286118982841177 0.20715102983268363 0.1733359836607482 0.163060074319237 0.16485257114665008 0.2577004242268468 0.2987894799875938 0.221164552336451 
0.0012900105805281827 0.0011380823327430695 0.0017385625758907278 6.519778542461684E-4 0.0025013894907828065 4.1356221799763727E-4 0.0028153261343390316 0.0012732447522067006 0.001798010778476719 0.001303445844845337 
15.717118278441815 15.925737628910225 22.83090907690044 22.110349431158646 17.082057348709828 16.504582125485555 24.668505005222908 20.20913873922457 16.979757824264937 14.678981260221729 
1.7346120271835038E-4 0.0013391718101633183 2.95809925109065E-4 5.034147832559299E-4 1.7336383554583437E-4 1.73214365655187E-4 1.7344715383304412E-4 4.305072013303754E-4 1.730764276925195E-4 1.7358106581710498E-4 
0.0014252605781232975 0.005595816014142377 0.004268226183501645 0.002906333447716722 0.00507286738937697 0.0011102389119140889 0.005394470054782341 0.008329825021805782 0.007084765061029147 0.0035527445305970455 
1.4273821853695516 1.4347758933574717 1.4507495539726212 1.4511844888517471 1.4245103243088992 1.4419825145558374 1.4574652124125709 1.4558787109567424 1.4820632903217075 1.4489242671366316 
3.815236623769348E-4 1.7060230770273604E-4 1.6832786825177982E-4 1.8022659991113224E-4 1.743682960886731E-4 2.161040645497758E-4 2.0756078213637682E-4 2.0846137851311157E-4 1.7965240267551027E-4 1.7255443463827432E-4 
0.12190997998996693 0.08154174647055099 0.12418886056436508 0.12011083985372979 0.12512882051975227 0.12143992111128044 0.13195763769901164 0.013261259098185173 0.25417925362276717 0.08048906562090256 
1.4200288240349813E-4 0.009174876397749577 1.4198292996430814E-4 1.4187634034780867E-4 1.4256473642203856E-4 1.9081919782249068E-4 8.674605435557476E-4 0.007114515284263799 0.02270896914411884 3.7591455590166756E-4 
8.125124701664165E-4 8.203404830732351E-4 8.176332363932442E-4 8.300176809788459E-4 8.363874682308063E-4 8.111921762441666E-4 8.121476920335603E-4 8.041541814606376E-4 8.366631474653234E-4 8.151209579490227E-4 
0.6431803762724708 0.6432412823864216 0.6430758615527647 0.6430230931685105 0.6426915817897025 0.6431745303102795 0.6432268602067944 0.6430882606141387 0.6431950944604937 0.643274932995708 
