1.7310453891002654E-4 1.7316976292405415E-4 1.7327954392767488E-4 1.7317773748587518E-4 1.7307154268938847E-4 1.7304808088216658E-4 1.732223943707026E-4 1.7328896987416748E-4 1.732178401159343E-4 1.7314024710300677E-4 
2.4618463785678815E-4 2.523377782052727E-4 2.602462727489027E-4 2.836945892938602E-4 1.8863945050958907E-4 2.2774977032816288E-4 2.2061326721809244E-4 2.4322763483597515E-4 2.7634532124826047E-4 2.520980497604295E-4 
1.4069032191691786E-4 1.4064531136769392E-4 1.4072394626087092E-4 1.4069527115295432E-4 1.406518876034588E-4 1.4065990080255203E-4 1.406361985608423E-4 1.4063084807250045E-4 1.4063156258317672E-4 1.4066715847179314E-4 
1.7304724938553562E-4 1.7301980408550153E-4 1.7300999908760164E-4 1.7305115395981893E-4 1.7302760041782537E-4 1.730318483531378E-4 1.730047226889914E-4 1.730089908400007E-4 1.7297917349380068E-4 1.7301494329542312E-4 
1.739520875162696E-4 1.7408700572968302E-4 1.73820836072695E-4 1.7457505188275946E-4 1.7374340765562144E-4 1.749212121367816E-4 1.7404831512388776E-4 1.7442083429344282E-4 1.7378595588457088E-4 1.7481514453988322E-4 
1.622955486445413E-4 1.6161381040859796E-4 1.6091837793445136E-4 1.6073516560709996E-4 1.6311527032422963E-4 1.6040624996660285E-4 1.6317445886148243E-4 1.5989702189955318E-4 1.630922631766608E-4 1.6078588672425496E-4 
1.7997921091118783E-4 1.734333617087817E-4 1.859455059977851E-4 1.7382197058359364E-4 1.9829747143024145E-4 1.7042988672779096E-4 1.814375884586449E-4 1.987182929505283E-4 1.7509839736590342E-4 1.738797482857667E-4 
0.02790629604606996 0.003846444755231686 0.009495463471956338 0.008286328025417613 0.006836873694451993 0.0018515247743833283 0.004320125790869038 0.012093675049471432 0.00608039449661596 0.0014416528220517174 
7.069680907990143E-4 2.7964726232118084E-4 9.994927037878917E-4 5.329976498817124E-4 6.026073515006736E-4 1.771247470144981E-4 2.8386220392007165E-4 3.5954931273074687E-4 9.02723608172096E-4 7.050206530053646E-4 
13.400498902223065 6.780282089545101 16.45113865601018 21.644188855154052 14.163413308066373 15.41937507078989 25.640219619698467 14.037161710901646 16.2218692158749 15.048236800842458 
1.7324442037103418E-4 1.7368633327110406E-4 1.7330799392084654E-4 3.6237311140060514E-4 1.7320253024499666E-4 1.733014138391842E-4 1.7332689308015073E-4 1.7371228709391995E-4 1.7327927522816817E-4 1.732190328627328E-4 
0.0015714290211288214 0.003546385403657294 0.001569550758837622 0.0016228417260023022 0.0028426322049859495 0.001963822524791468 0.0014693688031902606 0.0015884037780655945 0.00268128433146127 0.0018109733509321536 
1.442924416921112 1.420207906274359 1.4315241301753516 1.4046191258750376 1.4085274962748093 1.4197379994378638 1.415731230074551 1.4574503317505592 1.416989050431836 1.3791684411057343 
1.7097145296278256E-4 1.676666014037895E-4 1.6582551123971333E-4 1.6811251393586177E-4 1.7386197929305085E-4 1.669071251236331E-4 1.7019067559214914E-4 1.7231851714543918E-4 1.7155066860112105E-4 1.6806728092771123E-4 
0.093814815648874 0.08383344231240188 0.0840957366769341 0.048248363477962214 0.08257371725394394 0.09662229128604845 0.09272554250930377 0.08787887407167251 0.08573733301931384 0.09408287657502995 
1.430078278318523E-4 1.4287407220961017E-4 1.4696778621717875E-4 3.0691727665045155E-4 1.4216978696096074E-4 1.4196237770678746E-4 1.4252488864100412E-4 1.6118436703750817E-4 1.4757316223027947E-4 1.412507846317193E-4 
8.198232643383523E-4 8.157624192092632E-4 8.140685626242587E-4 8.172633956045788E-4 8.172206813368641E-4 8.204520709627255E-4 8.128765392595149E-4 8.262657485653616E-4 8.361467806876302E-4 8.101929099561555E-4 
0.6418329152838197 0.6418347282321487 0.6418345557475514 0.6418324867261666 0.6418367196853683 0.6418344639669191 0.6418340931557048 0.6418339731392579 0.6418339222162205 0.6418493030895707 
