1.7305917146463967E-4 1.7320902563676643E-4 1.730690729333146E-4 1.730817716243738E-4 1.731427248187277E-4 1.731157541029758E-4 1.7307757146243005E-4 1.732164281074404E-4 1.7324426849868544E-4 1.7322612245315787E-4 
2.0909770187339512E-4 2.1864324347270662E-4 1.8664084914076613E-4 2.1359900066285725E-4 2.5027485410580505E-4 2.0933536359346927E-4 2.299624143622095E-4 2.4675298778249337E-4 2.2032328027164216E-4 2.069510761391058E-4 
1.4071308143802277E-4 1.4074739698381554E-4 1.4070256271931018E-4 1.4064935598011305E-4 1.4075880403845034E-4 1.4088651694734404E-4 1.4075449404082527E-4 1.4061228028715837E-4 1.406690282509824E-4 1.4063714608784488E-4 
1.7299469364432497E-4 1.7302413593123464E-4 1.7304407347265826E-4 1.7301377075115427E-4 1.730498041182282E-4 1.7322381884216055E-4 1.7315331813084133E-4 1.7302026175326372E-4 1.7318141139979081E-4 1.730908915180476E-4 
1.7350753745203488E-4 1.731935137557518E-4 1.7375841560991013E-4 1.735256016034588E-4 1.742985532427183E-4 1.7388129332118743E-4 1.735613858571945E-4 1.732654153919973E-4 1.7336301459362096E-4 1.733031699126671E-4 
1.6269168598400028E-4 1.628058795527777E-4 1.630588530173654E-4 1.6115058725653568E-4 1.5989058132041047E-4 1.6117974287442282E-4 1.6220822664560485E-4 1.5943260339900179E-4 1.6285630511020976E-4 1.5932516386100827E-4 
1.7843244863859406E-4 1.8779551359172716E-4 1.7709470213680856E-4 2.512102981881256E-4 1.6879636522442885E-4 1.6840503651521901E-4 2.528615287870169E-4 1.7626671771822563E-4 1.81615599913295E-4 1.7006567627037266E-4 
0.0015989379598823673 0.00968862254985239 0.013201671027875204 0.008264242608915087 0.0023706880998693456 0.03104954931834723 0.0022476592484422316 0.010362505778780572 0.026463566516985775 0.019544411203003806 
9.698907873291193E-4 0.0010261605126978247 2.5208667390878126E-4 0.0011105329371733118 2.708223627115612E-4 5.160450857430827E-4 5.075051749538424E-4 0.0011764095915282613 0.001182541685881929 7.703745855063961E-4 
25.403188983011372 6.767533680188056 14.571493724634852 6.761927108809576 22.19759847011368 19.289951897652323 17.88176442970572 15.633426675032078 22.948360087367355 19.035277483998385 
3.6095356570608366E-4 1.731079672921872E-4 1.7298276147466966E-4 1.731549727366119E-4 1.7344385586791087E-4 1.731077832760213E-4 1.73082647256065E-4 2.9859561623863675E-4 1.7323179247106586E-4 1.7320694678265536E-4 
0.001143830588698109 0.0011800290135195516 0.0014658286179489869 8.9121067875136E-4 0.001202241604767648 0.0016584746469072208 7.676661798958115E-4 0.0014942347847100648 0.0015383352749088928 0.0011920573299719587 
1.4239882252467537 1.4376108733662376 1.3848525337294242 1.413333214584804 1.4675598448213503 1.4219713851559261 1.416457312942008 1.4212818546535182 1.4066418331264388 1.4322031700072246 
1.6597276553466294E-4 1.5905318661201196E-4 1.642998035277729E-4 1.7077808170009565E-4 1.6879598767172944E-4 1.823504127623453E-4 1.6457653042000996E-4 1.7034709698687193E-4 1.642989806048816E-4 1.6869739065363885E-4 
0.0803356123471369 0.101163602962861 0.10597586713579317 0.12266628697683904 0.02503536025980603 0.09552616149223432 0.10108659747433335 0.7207788915508949 0.0709438623344742 0.09905184795455732 
1.4479875813098268E-4 1.4372816047702265E-4 1.8104189458219668E-4 0.0018580688092879093 3.759101207288531E-4 1.4761406475783043E-4 1.4366245291897776E-4 0.016056757967216687 1.6572000608278036E-4 1.4543772181881492E-4 
8.125471751496974E-4 8.305595039961308E-4 8.139969037423474E-4 8.115732863314088E-4 8.142675557964525E-4 8.139384028060684E-4 8.410107625271884E-4 8.377690383260385E-4 8.413731242731231E-4 8.18481771843722E-4 
0.6418322566708277 0.6418324100233853 0.6418342240552214 0.6426927940106395 0.6418322550839798 0.6429699859541834 0.6418344489450426 0.6420399846523834 0.6418352201654345 0.6431327199756742 
