1.7337431258721003E-4 1.7316650178733146E-4 1.7317529333461142E-4 1.7328016039710485E-4 1.73109895968487E-4 1.734857403324205E-4 1.7338396634557568E-4 1.7318330889677148E-4 1.730783051110241E-4 1.7308257634088305E-4 
2.3079000042838137E-4 2.5819441585042907E-4 2.0462352424695007E-4 2.0518753776785947E-4 2.0865594926321635E-4 2.333412246298233E-4 2.2959947308678707E-4 2.1973222636311655E-4 2.2940557226228852E-4 2.545380587851582E-4 
1.4076244804177177E-4 1.4069890059349287E-4 1.4061838990877724E-4 1.4078299914200597E-4 2.2555237370483293E-4 1.4231803519978203E-4 1.4078772483201626E-4 1.4074403807209766E-4 1.406987437201815E-4 6.923674926884033E-4 
1.7304424614734268E-4 1.730886304444752E-4 1.7313644794633422E-4 1.742253510408802E-4 5.240159048574773E-4 1.7521726392075184E-4 1.736309663791254E-4 1.7303496493722246E-4 1.730742451379397E-4 0.0021104641289868453 
1.7347906516918226E-4 1.7346727198276672E-4 1.735793402079972E-4 1.7372099358432634E-4 1.7380882490418585E-4 1.7341741186925787E-4 1.734948265795107E-4 1.7352028599054364E-4 1.7399907154126124E-4 1.7337233293756183E-4 
1.6192322182485982E-4 1.6289413968619297E-4 1.5919199478024975E-4 1.6357313240933287E-4 1.613974598026877E-4 1.5922835324465618E-4 1.630389503503662E-4 1.6208584692813354E-4 1.6249281458235502E-4 1.62891330094941E-4 
1.7860993003107273E-4 1.9975611108958124E-4 2.173022850996786E-4 2.5298599652415313E-4 2.884116566112457E-4 2.0028176425905712E-4 1.7689916100497894E-4 1.9244652279833905E-4 2.3563292969633605E-4 2.1088256752088087E-4 
0.018905240327998125 0.108282807063718 0.10477585063739411 0.1794720974843939 0.1445347365767785 0.022904674351279287 0.06893485264640253 0.17094519292967758 0.031483335500083615 0.07419345708210275 
0.0018489147297239398 0.001325887358826595 0.0010816870930883634 0.00118875988781854 0.0024254342096274423 8.396980304118664E-4 0.0017674968655048626 0.0020203175471836224 0.0014259206560962778 7.486040474740822E-4 
13.721464061729382 26.23495286813648 15.329469691660325 20.413463004553847 14.331566516251474 22.771112232676547 22.70804118808233 25.133099682729416 16.282678693624135 14.24096727964632 
4.2983491148847983E-4 1.7320035784933391E-4 1.73220705040145E-4 2.9502684784540135E-4 1.7312508287939537E-4 1.7339051549802411E-4 1.7322777213329768E-4 1.7314945278427244E-4 1.7322766801843657E-4 1.7310140001816616E-4 
0.0019695590610348266 0.0018131706385782495 0.0025565575243711434 0.002063497713764569 0.002021123356860583 0.0025327289546823654 0.002833301702742696 0.002358540846052829 0.002209235507305669 0.00228252733850444 
1.4288029568631744 1.4449823689033647 1.434422570557055 1.4132249647620803 1.4445373047576604 1.4647210735539204 1.4585386747777853 1.412832989739426 1.448421633426146 1.4103706685021606 
1.7143184619638523E-4 1.730474723942562E-4 1.8151414465435742E-4 1.7069527346082647E-4 1.7595669937808974E-4 1.7854152800790042E-4 1.7248114326579722E-4 1.670295048004305E-4 1.7935355843342606E-4 1.7457182423920897E-4 
0.08625606170371919 0.11404116830928894 0.11246501473167364 0.1064919508489488 0.04146990278503584 0.11901250131070697 0.04954491665606294 0.11161733831173065 0.10844371201525414 0.06801319758539333 
1.637136744828782E-4 1.4243250438831216E-4 1.4436254895913603E-4 2.3967056088161723E-4 0.05185265060377685 1.556734054086843E-4 0.02012956589593301 8.257279845637662E-4 2.57003222598387E-4 0.003260254124113047 
8.257516402380164E-4 8.099260219984616E-4 8.150582524262243E-4 8.150399319872207E-4 8.116525907581746E-4 8.168849180091493E-4 8.150248790157633E-4 8.101305276732622E-4 8.22006991052695E-4 8.270523513946239E-4 
0.6418362671534903 0.6418329933651511 0.6431652141950762 0.643153822275254 0.6432345844140529 0.6421432142703546 0.6432268845436139 0.6431909381582496 0.6431375419002546 0.6431788630269223 
