1.8020545667955798E-4 1.8176285187734465E-4 1.7572404345456494E-4 1.7770545936228818E-4 1.775602270549653E-4 2.0178912476009374E-4 1.849285775036074E-4 1.8415117686055584E-4 1.8594419781655205E-4 1.7815591067632663E-4 
5.015608930356593E-4 5.589621720714065E-4 4.0063404984426183E-4 5.474285389984581E-4 5.856369988460171E-4 9.667860497149076E-4 4.1121854101468025E-4 5.624937705220664E-4 6.311843547668596E-4 4.788449936133127E-4 
0.16837350112882432 0.02891185134291086 0.19212782157135383 1.4067308623141007E-4 2.9461520136748857E-4 0.0020759888765493903 0.19247643696314923 0.0983801263921612 0.19740992826370188 0.09367627296450975 
0.020995795865291066 0.010583723843261467 0.035395684915427564 1.7307045695969114E-4 3.6126176221973967E-4 0.014732531424354186 0.010824710291865578 0.011974804749896865 0.06164463139484103 0.01177799763079982 
1.7705876444418394E-4 1.780170835679998E-4 1.7945306386409223E-4 1.8230608305566594E-4 1.9405745135039418E-4 1.7588957839946814E-4 1.966943910586084E-4 0.2836357643724283 1.7580024632494445E-4 1.7803033688545503E-4 
1.6396866211549634E-4 1.6051120474855989E-4 1.633564746846448E-4 1.5887975520946257E-4 1.6276081368037828E-4 1.6473739175824155E-4 1.640285102997541E-4 0.002602517750813793 1.6226972151471916E-4 1.618626440584162E-4 
4.977019134265843E-4 8.766580182225918E-4 6.562504810697324E-4 8.782100340088262E-4 7.271347384481465E-4 4.8535079375757064E-4 8.997713684015334E-4 6.245576565365044E-4 6.870214554628738E-4 7.834776548509927E-4 
0.2267242682883446 0.1758205485244614 0.21770771082847887 0.1276809174917769 0.2896047809160481 0.13698192607236023 0.2095272086039207 0.23213744046986345 0.16102542990733063 0.178299371571972 
0.0017181741307793446 0.001819376439784901 0.0013654739352709842 0.002036793120965941 0.0016082681211000095 0.0013364071155190385 9.854562910135414E-4 8.173978165667811E-4 0.002149825325597525 6.683912387274992E-4 
17.28173798246818 20.5860741294085 15.838150414053125 14.534075248797842 25.928843716821536 21.733040354806356 21.023134619314543 15.841977773669019 25.92844866938896 22.643204681796767 
1.739687009401891E-4 1.737631805575048E-4 1.7432635272615822E-4 2.957421614829963E-4 1.735688441496579E-4 1.7400550789439998E-4 2.9825044087801765E-4 7.290642979648833E-4 1.7369369700158732E-4 1.7414565797228097E-4 
0.008091439730487255 0.008054182548296528 0.00546028741758005 0.006414391193298056 0.009064114977038192 0.0059609644965982695 0.007373034725938324 0.00950627161654135 0.008148012850619448 0.0081396706763032 
1.4791557653718848 1.4813561075770207 1.480810404446384 1.4563679415574131 1.4746340784334315 1.472720999087374 1.4764619116245263 1.483955373411659 1.4865409630899522 1.4749027785175592 
3.389739882553727E-4 2.5175033777511085E-4 2.8851500822579075E-4 4.6470240869679336E-4 2.838594498387753E-4 4.1400733959813193E-4 2.3054099131599132E-4 2.645065437286036E-4 2.3026147277288182E-4 2.1399668750318073E-4 
0.1345900441688402 0.09002429673745121 0.11807795396898937 0.02311474897363696 0.818211130282554 0.12598298753621748 0.020726565459722308 0.135111475290796 0.6972147238111974 0.13008523711247796 
6.255948606329516E-4 0.1097345129702427 0.01305408940826564 8.361847196945187E-4 0.05849970667501503 0.0013725405535418111 0.01005623954796347 8.608489271236958E-4 0.00888215625746051 0.001024922770892083 
8.187985913881177E-4 8.238853533296177E-4 8.119262776802047E-4 8.423733492182969E-4 9.93146515765903E-4 8.402221738441723E-4 8.097802536762334E-4 8.031146868129333E-4 8.12434084976625E-4 8.222608850467763E-4 
0.6431965885529358 0.6429861392498378 0.6432280302080187 0.642953604632895 0.6432149411840837 0.6431798231779875 0.643289335114275 0.6432314997266184 0.643221389846674 0.6432379891853748 
