1.7372652589521547E-4 1.7632764998207185E-4 1.7421642523194011E-4 1.740878681763342E-4 1.7455300526764928E-4 1.743163197627389E-4 1.7347365815181324E-4 1.7363158018098273E-4 1.736096868197524E-4 1.733852201095078E-4 
4.0584965285072895E-4 5.935434924081433E-4 4.5626329324630863E-4 4.15833203565939E-4 4.5802401305436246E-4 4.466587769006555E-4 3.6885391328064966E-4 4.4637060520444767E-4 3.928463633314902E-4 3.496768602061515E-4 
1.4068127644913025E-4 1.4064553056830991E-4 1.4069291084296639E-4 1.406202443267042E-4 1.4062492574546079E-4 1.407292982129677E-4 1.4066561977123983E-4 1.406491469082829E-4 1.406497078926766E-4 1.407191568437926E-4 
1.7299109164577967E-4 1.7299231846991018E-4 1.7308708136180498E-4 1.7304513262717363E-4 1.7302533820311579E-4 1.730236177548293E-4 1.7307057807242995E-4 1.7309400832489903E-4 1.7297121974590426E-4 1.7303931341697002E-4 
1.9023868694925862E-4 1.801775921437838E-4 1.887765015548002E-4 1.8401099454490807E-4 2.0667413501026014E-4 1.9398315962407587E-4 1.9957657601345203E-4 1.836410505818945E-4 1.802461394606164E-4 1.7983864370284212E-4 
1.64069149530203E-4 1.6009348059217441E-4 1.6331236754800048E-4 1.609508741577118E-4 1.6080422023305978E-4 1.6433770249724107E-4 1.6264840291485149E-4 1.6339500722173261E-4 1.6294880421682104E-4 1.601030722018314E-4 
2.431738286233164E-4 2.716773000665746E-4 3.228428422780037E-4 2.375006248711838E-4 2.769972597435227E-4 2.2291890388042847E-4 2.3713955244133729E-4 2.339110920956182E-4 2.2954010182548161E-4 2.3674087487364829E-4 
0.020306130304281085 0.015105053631276535 0.01380421306503999 0.06804204568986488 0.035970055132064846 0.03370213422137651 0.019180552340816646 0.050518856056015235 0.018947679015106616 0.0052622976619127 
8.599188764075867E-4 3.201896901317163E-4 2.46670585083075E-4 2.679673865917684E-4 6.779794831148318E-4 2.2478697681043282E-4 5.078301381883613E-4 2.6163033251198886E-4 6.380228592946371E-4 8.121478457260956E-4 
14.927032105972946 15.517395801335777 15.93064025976317 14.85154449916321 19.906274597931716 15.985963180964088 16.730168519595 19.42449613975571 21.929495403422084 15.720784131489411 
3.1448857280298476E-4 1.753098431782792E-4 1.7458276706131359E-4 1.7527747271105153E-4 1.748358712620919E-4 1.7692032208100472E-4 1.7684562552181102E-4 1.7600810458012246E-4 1.766562879071255E-4 1.751184106042373E-4 
0.0029073360941481523 0.0011472584139311723 0.004763133274836298 0.0031163545997405593 0.007605125325139131 0.002205281383449415 0.004917601524393468 0.001992378689083297 0.004013805523222693 0.0016334024744126554 
1.4744945279323574 1.4798831956321037 1.4422081583256912 1.4517166519137605 1.443339989032787 1.4185321244619773 1.4507142633743326 1.454403921970076 1.491826436184415 1.4791577886430989 
2.0696103299112323E-4 1.935766169912298E-4 1.7878732441186079E-4 2.0403490737587915E-4 2.0571179955047482E-4 2.159874972217359E-4 2.0856504726542285E-4 2.0769629236541166E-4 1.7902245710856046E-4 1.9524699888171255E-4 
0.07622780455681262 0.10056347374077276 0.09002864785270477 0.08846044081474444 0.0902095687629575 0.1040975869701728 0.10120718908434634 0.09700835225096098 0.10126729880259996 0.09685237938457353 
1.4483725487995125E-4 1.4416100585824313E-4 1.44812744058034E-4 1.5589850992895252E-4 1.4216676204880478E-4 1.5837121723873894E-4 1.4308839655227253E-4 1.412065264031675E-4 1.434670530283072E-4 1.4174030402109512E-4 
8.618060043905105E-4 8.1811980832502E-4 8.156887943586552E-4 8.201374961882235E-4 8.168904125095688E-4 8.072819504471111E-4 8.170456846108872E-4 8.235030716946251E-4 8.141523240439975E-4 8.251419636641092E-4 
0.006516120930959283 0.6424922957226534 0.012846721435181492 0.6418520373784242 0.02627964016374305 0.00786260683017997 0.006500484169978002 0.6418514674050823 0.007587838052268892 0.6418325499705202 
