0.07223907844557366 0.07175228556606543 0.0484251968839971 0.04279753117402734 0.07665875281341118 0.053031751075052785 0.06269163059165977 0.06096689355571381 0.06831642741708027 0.060124664649689095 0.10423093477005813 0.08015460139669538 0.11280892785629182 0.0662172560371841 0.0624269194567712 0.09676778371574203 0.07055583316046636 0.0909996393949765 0.03902926140831849 0.07822468541775161 0.07170825313524129 
0.2344110510260064 0.23619002309863948 0.20019706415932867 0.182763436360486 0.25407070984801244 0.18574973264269698 0.20138123216655596 0.23698581541572541 0.23841779049111408 0.2172420113737931 0.2800772189443276 0.2483025954873584 0.30361637744066156 0.2320895303531828 0.22061561832387916 0.24685670665157136 0.22602572942105456 0.2817352689121217 0.17589819665295559 0.25785846683283054 0.24893402052545086 
0.07996235100113103 0.015330279662862628 0.6960220273414055 6.157528897359064 4.904814963539229 0.012240666255217924 6.6158822584399255 2.2550732881041835 0.35231856229227576 4.49833613061377 0.01873605594495119 3.903127667877002 6.357431188876713 0.010330201759870341 0.06209199202501373 5.19194570545298 1.0350604412501345 5.523175381627347 6.292407476640503 6.481294352301228 6.321592936733697 
0.21746808464727713 0.025470709389631006 1.3139560474547165 2.7020210783405987 0.2950279160810595 0.01868834077645219 0.5113980233593629 1.1664184901529395 0.30219740311253884 0.8936099967960995 0.05420811771556247 0.5377205203545795 0.5470728771552893 0.02535939469368857 0.19012776110216492 0.4955540284264803 0.7735934665568546 0.29097507612637313 1.549079736522602 0.5546887453907456 1.4532865491357354 
0.053398177422604845 0.04014415860814534 0.05692733647532979 0.0647113328747793 0.050988407219128735 0.06638005396259698 0.033181220987455434 0.042153103477080824 0.03984192044379288 0.06677491634541123 0.04600754198317668 0.04559590418489182 0.05669063440687098 0.043887547007429945 0.05962340675213013 0.05833260667511966 0.058528815326875545 0.04204025270743295 0.06515615435031223 0.06209698068900656 0.04731698408164546 
0.007189873688536337 0.0064298260301052235 0.006979451054501798 0.006975477816562901 0.006670022505224954 0.007179561012493097 0.006886208144500695 0.00637908190610169 0.006696320685858404 0.007262939835661205 0.00683209828977539 0.006053458293397231 0.0066796281147217685 0.007257188519958849 0.0064147747958223965 0.00719099336208111 0.0069683487584965235 0.006050184749587125 0.006690888479693047 0.006391330063542489 0.006029969597566469 
0.4244284978021338 0.9901084672158131 0.7654244313608011 0.5736049524329996 0.7101640784423849 0.6572519963716408 0.7298057738589792 0.727803334669526 0.40515406642572677 1.225949928874443 1.2298434579510893 0.9153276847923676 0.7729514513212705 0.506679639786733 0.27053062656959315 0.6949394858859921 1.0436202426492391 0.33195048910994035 0.48418490859936236 0.5377185570158436 0.3700272588574978 
11.135249281800053 30.773877177849826 20.97156345471076 26.348099621549185 22.912791595459048 35.56450588735239 18.723514709446324 29.180189744706546 27.715591375241214 28.82714630503839 31.594338678809564 24.525932146105465 21.06878871060233 13.700515748656999 6.80955394627606 22.73591878841653 30.517246232048805 8.989405901481467 24.539416972406517 17.595774132905476 12.614096959718857 
0.23570504127538427 0.10171708938404425 0.2547962462725931 0.10047679686754138 0.396792623419067 0.16524324465123677 0.12992943279841584 0.08048425678026624 0.15756028500963007 0.09225643365505838 0.308669544707519 0.24340604248449652 0.0895693079171315 0.36341655733442535 0.14475722597920176 0.15117241194065195 0.19305496965843222 0.20971802759305425 0.1790410552067576 0.1691233018647679 0.17229185168503272 
472.7746786440718 519.026994584695 506.1404227866377 357.63287076658986 564.2946003108001 492.6424224823246 530.1848338446476 528.8530481285334 332.00307424202134 308.63518820227284 627.8192841728314 516.0954919906487 506.403955230983 712.7908045321611 289.5376142805351 558.7576460698959 310.54380463344285 495.1854283139902 489.79493064544414 486.28382145173407 558.8674593862786 
0.0433217660597982 0.04658669853795175 0.029970180882442323 0.04047214097297994 0.03911648009607154 0.044571788495592145 0.036325801394677885 0.03825178744271576 0.03141339674272123 0.0305234980434756 0.03810381499673207 0.03928836893365675 0.041692027355680734 0.0730319049258767 0.03710347862875918 0.03638094876037833 0.03901327913507678 0.05753415250341019 0.035071249461008536 0.05363029683641702 0.052548916596016994 
2.49895093632133 2.266574828721623 2.1416010709038966 2.4162889729156283 2.543943049062428 1.3853806608339885 2.463241570943423 2.310057144888955 2.3482893863098666 1.9826481232225681 2.0043467207475483 2.46497027397211 1.44407775082401 2.5838610844190355 2.6350718682469774 1.7868041922927966 1.9211036030402189 1.7685954052451587 2.1334967756333794 2.151974027308785 2.378637506982412 
60.01653510385696 57.58469784786491 60.987666119800316 57.75285887771394 61.165780886735355 67.49015920196724 61.35543512100946 62.60172744685798 58.635375571741676 62.76834867110543 58.826699534972015 55.94409585283961 56.148390201741435 59.49362034870176 56.79579776306331 59.945940365048294 54.76420986346887 60.52495389578842 82.10505587296136 65.26247247556542 58.047055142717106 
0.061201476092205116 0.06619877842187052 0.08763739831464494 0.06772492433892807 0.07562015560184562 0.1423742114979088 0.08584276411986173 0.12617875288699912 0.0784306160717412 0.09579173648638063 0.06734580063915609 0.057636423436532164 0.06632174461500241 0.08142442857523075 0.054889909484599604 0.07593832967767727 0.046628900072723876 0.09556617873611563 0.217652281444269 0.10914172668517648 0.07009818401628394 
