0.029283666619926093 0.02750255486876919 0.02842096616863372 0.029281633434540554 0.03133524968911044 0.030861362470281904 0.03370003644795588 0.03339093963492761 0.0373124642022917 0.028238757971204273 0.03111039177915627 0.0319391238334178 0.029607945076490845 0.030100309585250215 0.03270698696974287 0.03330397239538002 0.0292416215750259 0.030013572516428198 0.028543891467583925 0.03121847942210125 0.03201629239537907 
0.06888817724072585 0.059795248065376755 0.062501454593836 0.07114704833087665 0.06657271426359235 0.0702555695643341 0.07440048806088305 0.07067647130491002 0.08672320944231043 0.0644321731564978 0.06705180844478434 0.06732797045591105 0.06787813243927089 0.06440656619092663 0.07101133213059965 0.07154531835216146 0.061593298358426175 0.06407450591006468 0.06456431931497092 0.06593040664458748 0.06948116757358096 
0.035486387320527744 0.024602924002944226 0.039035223233764446 0.07998712203816412 0.05313479498007845 0.047997119241905334 0.027452577442785925 0.08093204160545464 0.1076684240754692 0.0309097958345624 0.03047509388587211 0.03130363688268431 0.028697945566925374 0.02354541100348792 0.1374187003119476 0.022948841454218265 0.029048838948837502 0.027446357287334144 0.03928144847909108 0.02340003949615427 0.029352726431510417 
0.33513361672584796 0.29102858280345767 0.3269577688902311 0.365153059060275 0.2897574784715757 0.35939406250083195 0.2980071192950675 0.43195468466746917 0.3784259609460068 0.3024665252715318 0.2972995269707843 0.3192331430012709 0.3155520128106879 0.27989769875587384 0.6709563329545611 0.290521275121611 0.28881061438675637 0.3074729800445242 0.32545882885014976 0.2934515993248333 0.3146671848269295 
480741.42157673335 2324304.798735367 1548593.97179768 364399.2155040532 1040832.93597916 2405503.7652973183 1844650.3950056576 2065755.0466172511 1094065.126326859 391591.2173013023 1548325.782781101 4687811.80296673 207974.88913492323 1112588.763932978 197576.23307613962 92626.56413485289 1124666.2532194245 344222.49293567723 2618020.131817582 1044725.3835859962 1407845.6511878376 
5322.613985037396 8411.750315764491 1002.5609995549353 3302.678575105031 6175.6960643336 8339.405637094645 12068.688182450178 1530.3164181048724 2885.0912271695533 862.9232340419268 657.5190322245877 8345.81529322812 3700.198266386216 431.25081087607805 1066.9349455730692 1188.962020995851 348.13396072693433 3782.3543800870266 2828.170087237374 1758.072725864242 3634.391624029955 
17899.816286027966 9344.587066476613 7911.883145092001 17332.02173718344 23537.130487341852 21861.536827495413 15899.67068799789 14533.105311334137 9198.957811640608 20698.04280108798 15749.50009491639 20827.472652261862 10609.609662299166 23275.69837521113 11484.668459752571 21387.22393537324 13986.445285353617 13960.831183022028 12776.007946099304 15742.79244400739 6310.053255059631 
136.1212000982667 184.34815856243696 164.42802040898252 151.39944798551238 180.37155349513898 115.97748844818229 169.57198612731491 133.42941205414584 130.9237013529302 137.44549717869145 130.55966157595319 164.3264985277822 162.40460910136798 171.56220430512818 167.23863119196434 160.28421430458368 153.3672429925926 148.30545125000592 130.9247776811252 166.20620697270618 153.3459053643493 
136830.96909584306 22267.389195209347 41166.66912596226 84945.10388382657 1879470.757115429 266491.8036082862 37183.937818926766 29916.01367389894 280583.2672489783 361369.62048706005 2565.8190047911685 13405.799714871364 197514.96909221847 191504.61177437362 458227.08362366003 52193.317985696674 3725.330724347855 226478.8247795974 59196.6608131692 85764.26194953652 523785.98733509233 
90694.91257352628 32248.598055252154 75307.66384957374 72881.83575505346 66517.82972849447 29211.252813693263 86074.4489495113 35834.31729549901 49637.91906211628 76049.37375633448 44574.084665102986 44025.66274293382 68272.93930737817 98840.75247911492 16638.114825500794 104378.83090016081 47982.9363917778 43750.331706972676 45022.03769114732 61962.491220208845 30282.049458437294 
0.4321902872132845 0.39913904223598307 0.3761932002173547 0.19584355533037165 0.3930221056926589 0.5773994804192536 0.3799127830554138 0.3827886528227454 0.26571395691337046 0.209269688146713 0.4768098843535416 0.35508742758653805 0.38907821083569133 0.3285950212858388 0.3891897069866737 0.4167633266652149 0.37676615829384597 0.3821782968061545 0.39631340142250515 0.36308805442839914 0.36127903717639864 
2.8161037032508864 65.5421624718 39.82877630143889 2.153785456401289 39.33183071547812 9.159640490900006 40.09640599680107 23.03863479196942 1.765154786380179 1.462647548260952 7.279129353940774 45.32275406972755 1.58567636604489 7.9373711735865715 85.37923394700441 28.79026904829551 20.006820828673053 145.10259482628553 87.20360081168151 28.13843255820621 9.725478979437064 
2.049562251606234 1.545425545501883 1.4175507655125292 1.8512581088451476 1.2437894221535748 2.61418946253545 1.4259355999819043 1.3506917163940881 2.1656645894677613 1.908692066764652 1.7952440619174312 1.3047086821269254 2.240083342409214 1.3949824310143593 1.4284636211168529 1.469864239580014 1.4470593153703926 1.298908466225212 1.475052705596865 1.5219858018681978 1.6564559318690155 
80.96034276889057 45.89931387549285 68.59747559711347 74.626598180943 276.05844084011574 69.2987692193878 66.3284853850643 75.19429878201967 40.00935555624732 10.998687194910573 40.26049765607809 47.7951328862042 63.52526339933805 26.742609102430542 37.55769783740975 67.96902150204261 60.10389248357923 111.20116170894019 31.98743337229039 22.2021163674635 17.488420475099144 
10.004965025245895 9.714749712094024 8.121800223054002 10.240979551244992 11.185470489518272 11.892193207818087 11.276713979200817 9.428254190050357 5.750715051792832 7.1676454436438295 10.915385584670295 8.270966717510886 10.305594047422655 10.024141186623998 9.412548069098902 9.33456408057571 10.786601816858221 10.896215598596434 8.204386878005552 8.88475485436377 6.896592974900814 
1.5031382185811324 1.5837754626019789 1.0688193091643907 1.3833132117763536 1.3412478899651976 1.8484084623138202 1.9755062269647166 1.5888963230566384 1.6605292158002092 1.6941549477792532 1.1290159328344955 1.3808005198333686 1.7075358367148232 1.5487658372009547 1.3263818606849886 1.4351516865056388 1.6225889884506295 1.6124875884377867 1.6857037085862572 1.2842275108538987 1.75097087704051 
