15.413937812020874 6.669181463254586 6.060898419585875 6.823690910724954 7.153509944372443 8.892501424048591 16.13600199081911 4.375854753528143 
14.169576061252934 7.009258129619568 6.765122495900953 6.595330372740996 7.71628618532019 8.21915278893741 15.365883371824735 5.302111690986059 
14.730715487973441 7.100402130951152 8.386736603886046 7.155864831295392 7.445214480933468 8.633307209926718 15.453398742707328 6.698684955841371 
12.711779986092052 5.8627468153663225 5.670816226059136 7.823584677469853 7.637103149446162 7.680945715863672 15.800017991854883 5.380380067761244 
12.089223043432368 6.728293114053765 6.081705402428975 7.206737618171654 7.051848920482064 8.03430368261185 15.904872407429764 4.429654471637958 
12.21413792312809 6.398593487773482 6.09299436098955 6.732684033128561 7.661076914537142 8.252284514731041 16.11032008134081 4.97227127415342 
12.292545823332388 5.8897784687157975 5.39989171824905 7.187735984903779 7.180849073348142 7.3639945290997675 16.47340739215543 4.665753501134627 
11.72878627382339 5.381544780946664 6.084995340037028 7.361678786365006 7.385373970753075 8.205411164193048 15.473290352320616 5.190128098578359 
11.34224000653625 5.808812527980864 5.646497469350707 7.34493200053912 6.834876633494541 8.170351024569838 15.92154703820703 4.963201198856286 
11.900435222125639 6.711510409780577 6.874003304425205 7.166196630398102 7.073746424150998 7.654097009486274 16.09934980384026 4.754230097074255 
11.993814820293682 5.765103213081117 6.4652903402302675 7.378993021830569 7.458398191158907 8.312199834124812 16.9345650244352 4.739894713307013 
12.53254560370587 5.975258860847805 6.472344867705335 6.6998166755569075 6.646374411045906 8.83176180806694 16.590319418692335 5.234074121189105 
10.72973256445804 7.819060483902562 6.473723547770113 7.048321168729872 6.36046384270491 8.703120944270673 16.691652985213377 4.694588352914447 
11.153746729772168 7.672633533861502 6.589795564750047 7.455783874976776 6.915732455911781 7.581232307446084 15.927596427745828 5.20050923262284 
12.092685271652655 7.9307679847751205 5.6563591814654774 6.715808797364572 6.449599179181253 8.4298331194149 16.95334901320535 4.79191551119883 
11.484838151790306 7.942035156376458 6.908851724052813 7.054424714600761 8.138057723569105 8.602710192223343 15.359227266736017 4.198007460047555 
10.964828872329726 7.201887152054703 6.7554794737165365 6.661510517249454 6.380608363447778 7.48455588714445 16.700988367928616 4.966980330210762 
10.863835130249212 7.4132814347437 6.099146229499595 6.946324738188367 7.257717941946009 7.646103043508738 16.178662612019995 4.2963761318693 
11.82263697759246 7.023753934442452 6.46868684574183 6.346031960121621 6.880380015618078 7.650363921839787 16.772920000212938 4.87335502346074 
10.757810759502085 6.41689988216442 6.374308664340961 7.618048423905326 6.857028993621906 8.282049365041058 16.108441356405503 4.264270954904955 
11.486800958375056 7.050358256679547 6.505721316708679 6.732982997311477 7.479642850634049 7.608446348561282 15.944753883275986 4.419335893546905 
11.073998152887036 6.055342074945522 6.135381267640778 6.5983191955586005 7.745638555183545 8.06055418532849 16.8108781661988 5.451760065821538 
11.314703634144163 5.52970060410328 7.017103059023702 6.900896983579075 7.236683166045886 7.82604450918088 16.05038279328729 5.0117816144236045 
10.75313335485245 6.620634314670073 7.096001427711326 7.874903405389399 6.947684611976229 7.837626312004815 16.652284641823112 5.658620419623673 
11.563268038697393 5.247448902355942 6.580719241659677 6.919821508310264 7.483427071798457 8.693773352979612 15.760543736036006 5.069453404193069 
10.948266567716125 5.634815113478871 7.078569770422371 7.916463123405138 7.033497313998642 7.998917236537727 16.741880804394786 4.423845434764645 
11.124689031183749 5.143621353492031 6.418387722341922 6.609851594972865 7.61190921710377 8.4938912168813 16.47243500595042 5.229136593236688 
10.659620274512957 5.553791365321189 6.124896824449305 7.669069927257758 7.328903873077035 8.657243891362882 16.847259958744758 4.748238215463661 
11.711846642579564 5.677595187535465 6.744766028927294 7.745471082063551 6.352260179425453 7.442961127848888 17.074231499581952 5.4380923191802495 
11.95127737035223 6.392687705205032 5.676221874853009 7.454043611776229 7.179156453876895 9.20865653812537 17.32464132871674 4.4285871518023345 
11.777822589424492 5.4758160386071 5.403070796665684 11.686185514734163 6.652797750901448 7.457976127423654 16.47958419128226 4.275358114897924 
10.291618233687402 6.114223331109778 5.942751182570819 7.9822162914103565 6.784363506656525 7.566667598234674 16.118541524489526 4.483984273756677 
12.039418824715757 5.7586492482840015 5.952938327318321 8.140400783305633 6.5979353674529735 7.5933485191670504 15.646776358710687 4.230757252956504 
11.451442408141745 5.936117379859691 5.596364838474076 7.531516087334712 7.080210124007047 7.756872693314514 15.510117505344034 4.39114457839316 
10.838087855306199 7.240756477802232 5.69117935489988 8.062083228766568 6.661586961130932 8.876122967525108 15.950405210248359 4.353133717456124 
11.009417551244304 6.428538315297803 6.174578317330246 7.81380704745219 7.132987357144013 8.393597415626985 15.810961303804469 4.498627166614615 
11.718303181210016 5.716946496365483 5.759262754842079 7.7803673347362725 6.998932143835297 7.2842752176554715 16.593460440535885 4.260481820353977 
11.154589790489204 5.462646824363848 7.223383208316052 8.20521840947961 7.2554085830842885 9.028747134641305 16.067699511571814 4.428107157464069 
11.07534301940058 5.399133721778239 6.89670461625198 8.178622253312993 7.360670070559871 7.946316014215968 16.874975522164902 4.469400372359953 
10.84491490015791 6.094389660135978 6.484368338626072 7.808112903206539 7.323812252166153 8.17555638136103 16.314480733520302 4.162321794192859 
11.331652375658335 5.9734543386381995 6.353318582633281 7.666441073653448 7.128517644289934 7.843978467858293 15.413411765803925 5.1022767143919125 
11.691987317406426 5.526140165291859 5.965759149066203 7.694593022870883 6.952778424092294 8.164360538977554 15.807811114673456 4.8005298758849975 
11.112485299284852 5.989621482064086 8.248999301781758 7.326531147214539 12.933292629058322 8.718928426404092 15.450890884331177 5.230673871004121 
10.624945936845554 6.28476464465336 5.440276837007582 6.751894855674508 7.861951165139595 7.715565477863234 16.694553033571236 4.65844033312196 
11.638748515029837 7.210151765547929 6.342960823888913 7.723412277125022 8.345956173707702 7.570737298340841 15.542930416100177 4.716161630158134 
11.38264429433205 5.665120692835608 6.0974981288411625 7.18458523974877 7.746631182856912 8.677561337904814 15.919753446413656 4.955276022612176 
10.658863952143067 5.210350660547872 7.637310130092675 7.792082381925265 8.230484912447027 7.963815820105256 15.415469861387315 4.425412073195606 
12.727575958844533 5.805513729769856 7.426900111233998 6.787418179067355 8.530754671655892 8.403370864392294 15.476434540326904 4.425059933446209 
10.823847932652724 5.514628865962883 6.980763795754 7.951722812288911 8.16039564879413 8.060825650947864 15.418123311416284 6.019902481686333 
12.391863245674404 6.401946617480503 5.3672852424004756 7.514457416686511 8.05407481488021 8.726450319493937 16.186187265282054 4.430283304189574 
12.787326605527355 6.181460321922712 6.254609400254431 7.606987500926842 8.161379809335216 7.658930414439537 15.839700662726683 4.725552237335835 
10.865730893378972 5.377089441620524 6.045630562767577 6.928460091712407 7.330585208715225 7.750863738295692 16.31471938087475 4.744738539493498 
11.74854505337408 5.9420823190712575 5.436586471942592 8.41401239620572 7.1883399443104725 10.829326975902834 15.964216603979501 4.581591976182336 
10.366972805962773 5.322264118200357 5.915871566955421 7.206897935679795 6.454658424508194 9.207653039087496 16.4010217974356 4.438897323999505 
10.345893716554087 5.4830037233910565 6.608472730876451 6.86388735924868 7.107294810230522 9.40303769725796 15.66161360759136 5.268042837203435 
10.57926748831908 5.337259657293241 6.668409977855183 8.299584980323964 6.765291187667553 9.720699779228529 15.713380584789581 4.284146681231832 
10.715852313824243 5.627363606069855 5.607589774731836 7.107075195659801 6.630738269463113 8.534718304266612 16.21065313600474 4.7245202807438655 
11.267941297963025 5.266971461065961 5.525765672374115 7.986280416191581 6.886378924890597 8.785945447660438 15.35313004629421 5.036801451850189 
10.233885938377059 7.840767972844 6.395201339120471 6.537734868402695 6.311260211473266 9.904753597820335 17.14747996170827 4.465326929163535 
13.812296891796308 6.1375917020073585 5.656561775278572 6.583953889960985 6.877477864303765 10.10399486625504 17.188199672873527 4.781747188582743 
12.438487108682107 5.8430293577154915 5.552619338598163 6.78061863095541 8.243583431059797 9.46716416771124 16.67584964336072 4.6497460872080785 
11.524998510038182 5.278715901152729 6.041044800188646 7.704022191808492 6.751741162260742 9.602416726114562 15.528579185620854 7.4998917000580825 
11.037346556150021 5.98722367543994 6.2025211287316635 7.493958610819063 7.061909910800749 8.76514498232381 15.568165290433297 4.383005215395774 
10.59902156561378 5.939245863887391 5.600316083483327 6.62742878232869 6.572015537209428 7.457563981308667 17.174090326911006 4.806985400878596 
10.777133954154065 5.244263971678632 5.79523048866864 7.846892964245338 6.320460500684373 8.331190876254729 17.528767717789044 4.553005089138121 
11.18841455505999 5.6159554150209425 6.720526146431392 8.021839525761989 6.979056372127659 7.529916070246769 18.206631935651817 4.119112649683216 
10.249966553890316 5.804893084059541 5.639600670680276 6.711406557191522 6.862158436182985 8.575628807220852 16.805125836166876 4.809160138916317 
10.394556571986058 5.616172918455804 5.54546275361413 6.920728414191194 6.992825253130183 7.760875023730623 16.540686132789045 4.774274250053647 
11.479252050729864 5.370478716473309 5.066097517773817 7.441641011084056 7.332309841944446 7.71989871011201 17.377418728289342 5.992905625169938 
10.30561044906144 6.384127475125394 5.919501659831118 7.603868541069827 7.247912202894512 8.608734602656588 17.11023598746412 4.057066714812635 
11.30566312957384 5.956594259010042 7.417593993026825 7.113562324460198 7.080191347213448 7.443196155592106 17.618030995904352 4.820936454735802 
11.752463104200205 5.55927321266874 5.634143521335808 7.224255747985122 6.448714210970595 7.437209202489093 16.960159885417603 4.960218234688356 
10.992940019232492 6.025397976081926 5.729630436584483 7.873459925056794 6.223503388377663 9.369895650797515 17.51521536977963 5.813421230892824 
10.530595222449325 6.2237771373945545 5.978660184821973 6.522119618560222 6.542657676436492 7.5539235892131495 16.69639503724015 4.493077014918799 
11.54004924214437 6.5813898232851145 5.36614118239798 6.85330832581254 6.2285831281025645 8.774829398762085 16.973119195716087 4.581466958157495 
11.548776392216263 5.40244590523926 5.290143751871616 7.271161465032977 6.370338927559862 8.294562640903425 16.8131996974516 7.52494783221918 
11.485923743074181 5.3803326210877875 5.489637148450045 7.322430240912519 7.2962453682966215 7.646589407057268 16.657509761449838 6.349439078250094 
11.794562955502757 5.614033043879714 6.347022339957593 7.466887570434996 6.846704877057269 8.047773667951985 15.563962411644146 6.2010299163561005 
10.982738938335064 5.507371794839125 7.445930906525872 7.161253516459434 7.462295351876814 8.32067036623975 15.822963841373904 7.185876046586432 
10.573653184036289 5.879040856209141 6.358305181502507 7.118512329772056 6.999462193322577 8.680336745063263 16.24460958743208 5.750630742111799 
11.81070567581193 6.788878851506905 5.432471416395045 7.716320124804499 6.675203382644019 7.9441905154175645 16.219443569951444 5.827124255682604 
11.17984760812296 5.292493888980599 5.890713016955163 7.396872515428628 7.260573511583476 8.380265586268035 15.380701986927525 5.262995842595398 
10.793247233407453 5.4290700011806 6.265492869820838 6.939917088366903 7.346471224948493 8.368012904918826 16.459637327227124 5.500641492264889 
11.050572199692137 5.924695442785667 5.820843872894083 7.223537547330346 7.197858857149529 7.400683090037993 15.708656707955635 5.129624006281477 
11.376408257470517 5.278644506625403 7.521215284185609 6.80548262401343 6.6436231564187525 8.187838866539579 16.643043284345527 5.872133499857412 
11.01561167239209 6.715932981918266 6.061643690932896 6.892322554072664 7.733282736316499 8.480479414464408 16.0107213025074 5.63371769411091 
12.94005948941526 6.153305062098848 6.46580618713524 6.387786038631599 8.104918312382102 8.116799176844202 15.697861401708748 5.8517996194476956 
