1.000022130473774 1.508831593177098E-10 0.0 0.0 0.0 0.0 0.0 0.0 3.637057871120729E-25 0.0 
0.07443920276230065 0.005772563220812847 0.6132136987513449 0.28203837575733415 4.011813096579622E-4 2.7148036928201507E-11 1.7029112516515583 0.10470450382072093 0.21436417619349338 0.0 
0.040936910793211274 0.0 0.48744663151441253 0.40618137985166425 1.1836926575453363E-4 9.85393201313027E-4 0.0 0.3214724413275581 2.91201946511372E-4 0.0017505149079930075 
0.03686915635509384 0.032813957559612035 1.0302656421213598 0.5561367330929916 0.0016195229236971183 0.014481316871221365 0.0 0.09542059011493514 0.0 0.0037499771039068304 
0.01690146443012052 0.0061819093696715895 0.17491586194902925 0.07761148189111461 0.0 8.927150333085237E-5 1.705996524527509 7.747328073477187E-11 2.75220776705186E-7 0.7981627832094911 
0.00947074895027734 0.006560396065870622 0.49994895601267514 0.08113568735042478 0.0 6.972899736444209E-5 0.0 0.0025880386639713267 0.004286461539290695 0.5630541635606369 
0.017923751835965326 0.015818601652340284 0.7063753436683212 0.32774452420074235 1.5730754621929793E-4 0.0 1.8527504997181496 0.08398377455787022 0.001001226249821707 0.0 
0.032194653928713166 0.034251142508777276 0.014688073507242475 0.2820007604812757 1.4018829075630322E-4 0.0 1.6242069126274121 0.21301408659745455 0.21070344927535242 0.0 
0.02635565850164249 0.010641458977339518 4.269231860068053 0.40188213755877455 0.0 0.009767416967903219 0.0 1.516358456913469E-10 3.756831220096363E-7 0.2897603409051031 
0.027562367819369174 5.23415589765535E-5 0.06334228632300495 0.02823875165253741 0.0 3.2712517990834377E-5 5.4859060305892555 0.02762692706329314 5.049494027435499E-7 0.7908094439599798 
1.9736898460977066E-10 1.8669562457812237 0.0 0.0 0.0 0.0 0.0 0.0 0.0 0.0 
2.4350620690137697E-5 0.03423066624206787 0.612549965550322 0.047477007277176825 8.401361965945928E-4 2.8385040448038754E-4 0.2093962248123631 0.02388432581242224 0.0 0.48144793684651 
2.3670212530328044E-8 0.05370582758901069 1.1423270827624599 0.2856717928148716 8.614025507776862E-10 7.774197098707924E-4 0.18765477208873377 0.06783902634174047 0.0020097474971324867 0.16831799063905825 
3.9965396444238245E-12 0.05027535172799933 0.7978395964576239 0.31400685992635247 0.0029222317720367505 0.015520507089860846 0.0 0.09130913532382312 0.0018391119029243653 0.007360711343299504 
0.04400069888518647 0.14991969228065063 9.898500667934924 0.04159103331768566 0.019217457889795484 5.522066112226267E-4 1.1559488263368854E-13 0.02349126354348313 3.124819409613023E-5 0.0 
2.2621546650781078E-12 0.0323982482015022 0.524699197926545 0.038166177896134794 0.002034646260581999 0.01482083584368216 0.0 0.05035451687829515 0.0 0.5777229299799593 
0.0018727435522103804 0.05768801758714647 0.7959326061295302 0.7089585413844341 0.0 6.697931151046592E-4 2.2870053770542182 0.00446440469761517 0.0 0.0 
5.7126916088067E-11 0.11627951942805126 12.918592019482412 0.0 0.0 0.006128053306862273 1.1859060129523556E-11 0.05023598591849001 0.0 1.0859561207956814 
4.529786150499952E-5 0.01797252757023418 0.48675866527859524 0.08002452033745314 0.0016803477306873928 3.0414052311632884E-4 0.01919354025901223 0.009372141917807383 6.921611673739169E-4 0.49518685800353385 
8.962339973710761E-7 0.022278943652838584 0.05077941617909427 0.07531214213806167 0.0 0.002112452347487683 1.7355721486607334 3.940999548175319E-11 1.2499955340037843E-7 0.8850083143635689 
1.3494104164038863E-5 1.653765395288391E-7 212.1064999881108 0.0 9.351562594832749E-16 0.0 0.0 0.0 1.8053845116888044E-25 0.0 
4.916623806063522E-6 7.328439962142331E-4 10.481956392257853 0.14177500841067028 0.0069629024736900195 1.5817154492719319E-4 5.292480184063882 0.2686661059594877 0.0 6.657027621891606E-4 
0.0028342037586395192 0.007480152972940453 6.760184694988718 0.619091710134985 0.0 2.6565736328023857E-5 9.104028926564526E-14 0.16412308772996337 3.5536886265201554E-5 0.0 
0.009372008570391933 0.0 3.343749440203113 0.029471682691385205 7.107239976579804E-11 5.904083900900244E-6 3.990079299535943E-6 0.02410240481279053 0.004971386549182083 0.7809504052245451 
0.02190008054948981 0.033965302070473276 4.999156473889261 0.3109659695671019 0.01591120914618846 9.748971480886533E-4 0.0 0.006811104289225428 0.0 0.0029869586954827036 
0.007342580227783462 0.01937221036994756 4.415003752153329 0.43111719978017604 7.77647517528267E-11 0.018583997368423744 0.0 6.317274399368967E-10 6.912218551339588E-4 0.40640146152326345 
9.703753778433675E-8 8.617575409385214E-8 1.5272070354811917 0.045540494910383644 0.0 3.777952514262874E-5 1.3627644439998539 0.006387946891451193 0.010351112519086283 0.5399953347706624 
3.212415487909363E-4 0.008177539323984425 1.187340781337754 0.11351069867666148 2.1634268813207144E-5 1.4539830820032887E-4 0.7617282234690976 0.043586710808669674 1.6925938109648073E-4 0.351780020321406 
4.465620533223124E-11 3.3571733433423133E-4 1.8713114404952795 0.04550660215284442 3.650067797480233E-16 0.0070141181674319725 0.9745738268977838 0.04717111090268586 0.0 0.5444603229658249 
1.024265729824427E-5 0.009390589847760695 1.2529786132772376 0.06979569059084843 7.248943969682496E-4 3.1716017660560366E-4 0.17840768475803875 0.009721591750864563 0.0012732516447601574 0.48464342665562893 
5.42514910794101E-130 2.5020438561214537E-65 8.571230279461176E-78 26.70662340571673 0.0 0.0 0.0 0.0 2.640046525424506E-20 0.0 
0.012448537611310656 0.009627228393578416 2.8789433723066993 0.22038814067076148 0.0 0.0066581958920489065 1.1822151519493037E-11 0.09235661906266232 3.2729910976903086E-6 1.036237436765844 
8.952812174885477E-8 0.015970231959697847 0.5617837312696816 0.27820668260184844 0.0011406318138975384 1.5964238310863107E-4 4.013720745549611E-32 0.05599937570147032 1.2116705958391194E-4 0.6373309698221132 
0.0029943822779744866 0.008520898195448484 1.8198755359217562 0.6879790443602241 4.763393632330988E-11 0.018583997368423744 0.0 6.317274399368967E-10 7.1918349843918E-4 0.40640146152326345 
0.0031162252909974087 0.015423780374768487 0.737680636887361 0.288295049480536 1.1303509224601232E-4 0.0 1.5924336840193283 0.060792104107486256 0.0015654783613408931 0.0 
0.0023102836391306757 0.016574350151025978 0.15151473185842707 0.2142311159832804 4.618688498144879E-4 1.0033825671112917E-4 0.8391146734481094 0.027387692107279243 2.6713599668887574E-4 0.5226793966720312 
0.014240658771649588 0.019608176433208037 0.9940235893267417 0.3903168233447663 9.605302753686583E-13 0.0 2.2322772579525183 0.004634183762731791 8.037551793787342E-5 0.0 
1.283386349891512E-4 0.0069598797348909254 0.09772472525996452 0.06771277596842283 2.4728646105845334E-5 0.0 0.3183715012309663 0.0017218280350520285 3.2623696301724974E-5 0.6563616619501341 
0.001723606666068625 0.0032707086141033547 0.2254782789825736 0.11343011897436515 5.919793890046899E-14 0.002823564830975231 0.0 0.009578285810592684 4.253818483153354E-4 0.6132789639152666 
0.007060863062813206 0.005748009505673853 0.39355464681635377 0.11972195694183083 0.0 7.693593175043597E-5 9.371253939113648E-11 0.0031798329603057976 0.0 0.5895827557802743 
0.010443964096685805 0.0078389440208142 0.7772884489181163 0.08684306032199654 9.846871351670794 5.717007208523889E-4 2.892107499202788E-11 5.003280414645094E-4 1.9354312686432913E-13 0.0 
5.9474932163188735E-12 0.05125970186092674 2.60105202863601 0.751617531958804 0.025083172148223556 0.021277162186924676 0.0 0.0037037838210905154 0.022656929562697086 8.574758889731265E-4 
0.008538915914765717 0.0 1.3448060400973334 0.22424764498975508 0.0060338113657135385 4.804887499024962E-6 0.0 0.05739578069932271 0.01092560528210958 0.5176667267072826 
1.3278803454776065E-4 0.007721594138042177 0.5733803900340586 0.11770536460836215 0.007199842945950844 0.02842698810422097 5.083352186763067E-7 0.026783230124612006 1.0978697241047369E-4 0.6890302603562223 
0.02095935396354204 0.020022118520857297 4.958323597900569 0.3021120228585038 0.010961629516950176 0.03213873141530792 0.0 0.003803644948989643 0.0 0.0031379041938703325 
5.030765676367804E-4 8.356296525486721E-4 0.19386021780330898 0.5020073117329824 0.003727632878472912 2.1465920968567093E-5 2.6073176315582547 0.06955412704739188 0.0 0.0031930488278831617 
1.7695453909481873E-8 4.6546260683012253E-7 6.136624725779644E-5 0.2827358026495937 0.003062456675604509 0.007366356949647662 0.18983601356701968 0.03685605353659924 3.165445834985198E-12 1.1676492366808449 
1.6099508206226591E-9 0.006720506856002419 0.3059864196082383 0.017843004372179644 0.0011921156667484614 8.451176426644945E-5 0.5120906146990069 0.019423002097395968 0.0019678204245888627 0.6927661238950843 
0.004004586202733999 0.0024094230821241703 0.4301729194400173 0.5068073017050744 0.0031976190470670517 2.6349077920303706E-6 0.0 7.535800952208626E-4 0.011203240767707867 0.6349998133679057 
6.978358000482493E-7 6.397874636956535E-4 0.016916186440127934 0.19371260139311328 8.012219950137135E-4 2.3603380844710673E-4 0.1780004182690421 0.009372141917807383 8.010116593587232E-4 0.48837434104919886 
2.0928241538343328E-4 0.05568976631116927 5.067673466669573 0.4231127679888532 9.343316367050879E-8 1.077755274479166 0.0 0.019593658757718443 0.06335693260816933 0.0 
1.5313001673034535E-9 0.006774078550124187 0.37210489220821197 0.012362385634600683 1.9379370359652576E-4 0.005441718833642328 0.5914381452553424 0.015041867044560233 0.0 0.6768513890774681 
0.005398489395158095 0.0035747841373413086 0.2665556322656051 0.13550159765485906 4.550475629809566E-4 0.005300226035928219 0.12120577213378543 0.011699374931153727 0.0 3.3257659600570477 
0.01174198147033428 0.003447025622647763 0.2132473911112332 0.04364681684955772 8.52077550919313E-4 8.782534687100457E-5 1.4905180981399902E-12 0.006571167642232178 1.3726095125598242E-7 1.3637716747593753 
4.0406472828228806E-5 0.002003678708769439 0.2964076312771014 0.026393130878655045 3.360564456210527E-5 3.55895395306921E-5 0.19100893928755489 0.010907892615347326 4.2808216972806205E-5 0.6898953817809578 
0.012554079103950963 0.0158828528621049 3.8176079509667047 2.377024521321253E-7 5.844579707260775E-4 1.1019813826225229E-4 0.5505082719506604 0.019775126855528947 0.010553496165358332 6.480582699846442 
0.009568634286505303 0.0041758243976590115 0.2847136854013913 0.021179290428179613 7.473215347125764E-4 2.29455992924787E-9 1.0611081879260857 0.011191938459391816 1.6548900859505864E-4 1.2803010874705607 
0.008501841684877418 0.002999273236738131 0.16077365633976926 0.17844618878086171 0.002068344754169857 3.199487118615623E-11 2.0398721521644365 1.5672128492203457E-10 3.4659489743587305E-4 4.2620565889200765 
0.010291800729661287 0.0027870570756586364 0.12429987670168366 0.07748486331810292 2.172270986454977E-5 0.0 0.3600148923900158 0.002657576910963811 1.8991785811508816E-4 2.6080690945787 
0.0017790020942786873 0.0021525038553905653 0.09059132205449272 0.030082605454306757 0.0 1.804306110311664E-5 0.9740196058792923 0.021276431223281832 0.00870056566201997 0.576121009829634 
3.7595813292792828E-6 9.04407742663978E-7 2.1203643314399534E-4 5.980245771018138E-5 8.841437909187254E-8 1.5602011524056435E-6 191.5611352052329 2.4718349682542193E-9 0.0 0.0 
0.004067399431773353 0.015091230498235339 1.2139200627281732 0.1817703697401621 0.0 2.4845717102865526E-4 4.910660801863808 0.03565433958110462 4.11120985299287E-6 0.1869177056084083 
5.0404607358363E-7 0.018660132084630784 0.004285290816579423 0.04349498402510295 0.005591401237974782 8.577148179955956E-5 2.389663778987394 0.016191461454693544 0.0013743792763313439 0.7203455814375245 
0.002872649511201922 0.002574372240985664 0.18189165697510026 0.045540494910383644 0.0 3.777952514262874E-5 1.3064013171188362 0.00638856058897282 0.005576974119199409 0.5399953347706623 
0.010711995627313536 0.01148906360922824 1.1943779085159172 0.3209855513636108 0.00567974206540646 8.912142628439063E-12 3.2421027138087 0.025746189834738836 4.8166481834860256E-4 0.4417651510130911 
0.017329302622351685 1.5644770205863937E-4 0.992963007701656 0.35288404864246364 1.2627059761124616E-4 0.0 6.176887312758605 0.08358400460745419 9.088208341160715E-4 0.0 
0.0036030825648448116 0.005575993121275859 1.563431380629982 0.1546087218643132 0.0 0.006964084243584257 2.6566698100857717 0.0 1.6085022849497678E-6 0.8125541208249517 
2.191603942422563E-6 0.0016278437581897928 0.04034098762647775 0.16599185585747428 4.335168508074788E-4 1.2871762783238735E-4 1.651888832403189 0.0077437370663271995 6.34151645424858E-4 0.5429233469259501 
0.005373839576114991 0.008807691396996602 1.9056865531634377 0.23820696583499737 0.0037256451445459964 2.6772086059627368E-5 2.175508347543159 0.0452196644689913 0.0 0.004071811179863511 
5.597045062727738E-6 0.0027259130768815826 0.05263009599481605 0.008061460588451507 2.9332830574131226E-7 2.625222803898904E-13 2.8182105149846137E-25 7.777784879079468 0.003242045693813888 5.615749482396025E-4 
5.448450375770928E-12 0.05756080172214805 2.0327768731223195 0.2298652090408792 0.015875691838935436 0.011716516511466948 6.9544942901565346E-6 0.13595304725634266 0.04892585519406377 0.007978031152715894 
0.005131204248865557 0.0 0.8081206719596595 0.13475580296387868 0.003763217276432824 2.8917197795114034E-6 0.0 0.24649809018651864 0.01092560528210958 0.5176667267072826 
0.005957125067968823 7.787343094296514E-5 0.32210760266780913 0.20846447812225713 0.018465826738176788 0.0 3.4701605499592043 0.18499233677308155 2.127130161894234E-4 0.0024943725357783816 
0.02665058409774615 0.09029185248027417 3.907057661336257 0.0275691855811719 0.011708012459524993 3.323506759606974E-4 7.014787998193589E-14 0.29976275457365387 7.366313944258197E-4 0.03451879062108486 
9.213816192859758E-8 0.007843328525074187 0.43807322730813664 0.1197598172633732 0.005588859300703875 1.302069391763019E-4 1.7160074291181352E-7 0.09823562790678474 1.0978697241047369E-4 0.6890221854241524 
3.292628461210659E-4 0.004044871200718231 0.08258726772020748 0.7644158175285131 0.010403807217623788 2.856784648147982E-5 6.91726779365845E-6 0.19501913181622757 0.0 0.0011614690167863987 
1.116917639515942E-6 0.03392536402515631 1.711246526544138 0.2028980555063215 5.59508324961743E-4 0.0010349924778907482 1.1615411829802516E-5 0.1013504307315412 0.0016116249564205553 0.2926530969108173 
0.019193395530589158 0.035093890756373855 0.7737483246902073 0.5063180135194639 0.05741309716863241 0.0 1.238411494958917E-6 0.16368383856597846 6.036618921527167E-4 0.0 
4.945731181013142E-4 0.010335676954577058 9.015380838334032E-11 0.05306311940418616 0.0021647855644321918 4.622471338864443E-5 1.910612092676771 0.1260554231050611 2.1098392995008095E-4 0.9404273189891766 
6.8358923261246E-4 0.03395440026593976 0.8637191178452739 0.14306376632024634 0.00144644658756776 5.525747234689933E-6 3.522015918856705 0.013604841657795654 8.785720770824424 0.34729443219526507 
0.00401923898582421 0.0071872513103187945 0.49107021162019987 0.2557334298959559 3.264706582682594E-16 1.2342275015680363E-4 3.6778830443838992 0.021582025379562317 0.176943879126429 0.3484824530972276 
1.9045340506247763E-4 0.01024877350483556 0.9496251197410316 0.049143958460647744 0.0 9.417157199435835E-4 0.3867258911046885 0.01967367685888462 0.05784136842655145 0.5639755095394056 
0.0012987598896811211 0.011039695445511083 0.0013858358104993937 0.04345090051986586 0.0011285456020584531 0.0 1.693064348263324 0.032063667864813024 0.03884466503289461 0.5745424291386491 
2.1065344202773897E-6 0.019068164179314635 0.032553533541921524 0.38324708346109787 0.0015474458921936084 0.025320626405251262 3.2417191759920025 0.045221721820343494 0.06745987543829116 0.0 
0.0013400164536889506 0.011387984267599818 0.0014296270401037761 0.044823911916141566 6.025514562506454E-4 0.0 1.6855992693583033 0.03179547093127267 0.04235839579014593 2.489678330786995 
5.7241985091567695E-6 0.04971071076814117 1.9078731860373626E-9 0.40396951131543785 0.0016799102984810812 1.2426777303942237E-5 3.2698830112035315 0.04096777580401109 0.053416746348891625 0.0 
0.001668117531388327 0.0029540243878739617 0.23205656765560223 0.10038552863157021 6.354204328397598E-14 6.190781603223488E-5 0.0 0.006165375782863932 0.010771431224941274 0.5861274390312694 
0.00726850232257596 0.003199074972773942 1.2682394701858724 0.08051989994574493 0.0 6.972899736444209E-5 0.0 0.005032731868312031 0.01420399562333621 0.5630541635606369 
1.0004294280310967E-15 0.04389655198404393 2.033805743224449 0.7496293889044796 0.009749050335946363 0.011531346861546657 0.0 0.1083759083024602 0.04841111766441871 0.007973878160900769 
0.0036884172766994587 0.00124629269391966 0.8452104619203693 0.046225357576906996 0.0065915011015453134 7.9944338945396E-5 1.3471868341674855 0.007613402023956547 0.0 89.14778848120524 
1.5125791203790081E-9 0.006825072583875556 0.30470373648039323 0.030667347734743076 3.315333011113379E-4 0.005679680358503858 0.5849431579258179 0.015041867044560233 0.0 5.074046036211824 
0.0034658474586750573 0.0 0.5661813117716002 0.09926187126946567 0.003157370950831698 2.1801982169692405E-6 0.0 0.0274907664422191 0.005440455332858982 3.402498293372723 
0.0010492627466793373 0.00611635750978155 0.2854983489505486 0.043630048825492054 7.391839125724407E-4 6.204157276074504E-5 1.4905180981399902E-12 0.006572254931135919 4.748195155740519E-8 1.3637716747593753 
0.001507067821841911 0.002461546913950162 0.10978245855517987 0.06843513462437882 3.281820486362113E-5 0.0 0.30844222557627354 0.0033165936843184405 3.1390256252496886E-5 2.55178082712407 
4.087102951061447E-5 0.002027132700819141 0.29982212508154116 0.02619732212588989 3.5708850588275674E-5 3.8125781593609195E-5 0.19101997648564584 0.010870977149451486 4.204027916261189E-5 0.9855659444156483 
3.7237453133014814E-4 0.003594135970946891 2.9029195737150583E-4 0.031730186248382516 1.9543021844921688E-4 7.432737367285144E-7 0.5661663277765868 0.00998166233794216 1.1024081480813642E-6 1.725786846401288 
1.2523247868693793E-5 0.0038004165623286776 0.3703942443601137 0.15494724045032549 6.485284580513751E-5 1.7852873277920772E-6 0.0 0.01664773960181535 1.0790398401667736E-6 2.3732544395650574 
4.0868521230392245E-68 0.023218585721787092 0.11484633546892964 0.05020571735876018 0.0011580684387091974 0.008098392941059622 0.5975945119909829 0.047180537825590334 0.0 3.7508573264393505 
0.010664139281007618 0.0037469950585780837 0.16279166429049233 0.11472244377195764 0.0025761503415249716 4.987165534181043E-11 1.9391020192093644 1.9753202368458874E-10 5.796192333337625E-4 5.676491048403965 
