23.0248839714575 9.146535018840596E-5 4.848761325310148E-5 1.1251142671073654E-4 1.3552840605143406E-4 1.4430042308155967E-5 4.9296570422604534E-5 2.8648126868730596E-5 1.0194732784830383E-4 0.9851868055277708 
0.12267889371686025 0.029673107325610962 1.1074789338711625E-4 0.001210376062864224 8.141692500532325E-5 0.07928476332277723 1.447827015877405E-4 4.8239148549832555E-4 0.08544275380342979 0.9852184432709412 
0.41081632477871616 4.663230572416465E-4 0.06775371977429093 2.133793772446372E-5 1.7993313140723694E-4 0.1969234362905721 2.944588787773133E-4 1.1557488665381695E-4 5.379663394849508E-5 0.9851454177964235 
0.17720240131419235 1.0467342993200252E-4 0.021594658635559375 1.9498163717242503E-5 7.94442500627037E-5 4.262786563461895E-5 1.779158747682044E-4 2.2083514672190606E-5 0.09200763076106527 0.9932023010157449 
0.07564812467660124 0.007695766881904973 0.06433031872905533 0.01943659451130861 1.0235329185331665E-4 3.255897843726521E-4 1.1959361583432779E-4 1.0453298253266659E-4 6.454065106166492E-5 0.9851344754366866 
0.19827231475766496 1.0249767619814154E-4 0.003075683002787324 6.6939657147452E-4 1.0396772814012413E-4 3.517640881712248E-5 0.040285675462490116 1.0265697546041329E-4 2.1212211645751437E-4 1.077844818866216 
0.07577385903949306 0.0636772995920759 8.285876369787261E-5 0.0843741454026819 1.122629453965514E-4 3.246468616411416E-4 1.0740581259129794E-4 9.832738075486775E-5 5.951230921813228E-5 0.9849969603424629 
0.09797355468522344 0.09669217367709042 6.85459954659571E-5 9.559052482644642E-6 1.382670415945025E-4 0.001241709011051757 1.4213722562854113E-4 9.977473026176906E-5 0.02494715619871862 1.051975110994538 
0.20096430296613593 6.061284149988885E-5 0.1511229852838121 3.324704022946091E-4 1.2698906419237647E-4 2.358595259692776E-5 0.04022572919873636 1.0015201157643366E-4 3.29084521384254E-5 1.1079896976483106 
0.1889603264897597 0.029345164079733067 0.5441743043959808 0.12693566647443402 0.0017237375243303833 2.033032869287873E-5 1.6391530861415834E-4 9.811010440866141E-5 6.108281328263409E-5 0.9851475970304964 
1.394168467330223E-4 9.356504979308284 1.7747591931683535E-4 3.203818096123297E-4 6.408218211848223E-5 6.983651426534965E-5 1.0960391766431349E-4 4.789134191547697E-5 2.88039241640474E-5 0.9851725331476814 
8.920097883854247E-5 3.480284841257412E-4 1.1219999976823493E-4 2.9511787823279757E-5 1.1410278149558846E-4 4.9917519524190686E-5 1.614131080698091E-4 8.290857214406211E-5 2.9774331175217155E-4 0.9850544707662363 
4.303217334757379E-4 7.65497095397386E-4 7.515008406743269E-5 1.0526931290519734E-4 8.028965292262642E-5 1.4919090540367564E-5 1.379416364656994E-4 7.651107263240863E-5 3.033036051940049E-4 0.985253282755168 
0.22719779213937064 0.2234165168433586 1.7016691147254474E-4 0.12744905145771446 1.6312033196040038E-4 4.254529565564489E-4 9.501491364836326E-5 7.057112747182778E-5 8.743108047825447E-5 0.9850468249909631 
0.024449485018819293 1.3184160411538557 1.1871750087456442E-4 0.001210472982715146 8.283568051055469E-5 4.406964200955985E-5 1.3568342420801623E-4 0.08371027839961552 1.0578582065750461 0.985163237041647 
1.38249289585324E-4 7.186174697711629E-4 2.270372775754469E-5 4.1156599138112614E-4 9.362193518177055E-5 1.4839896953243536E-5 1.5488757229896067E-4 6.314813624868051E-4 6.275408025550315E-5 0.9851777065404528 
0.0015130095889885188 0.9948488970478119 5.464025974888476E-5 1.705138041865617E-4 1.063474438835299 2.418035266648136E-6 0.7089388969995251 6.264769531863745E-4 4.418081787839201E-5 0.9852427214185236 
5.234637196561392E-4 0.09574554650340446 0.1482435093740229 3.8432066630251406E-5 1.2869256388851327E-4 0.0013194853231928325 1.3012667754601183E-4 1.0017299495979019E-4 3.0496053189740055E-5 1.0036017420686214 
1.3405934931076148E-4 6.362742369850204E-5 25.441233917019428 3.514657808197198E-5 5.76322036533945E-5 1.5758394869505387E-5 1.882740854921792E-4 1.317359154489126E-4 3.806441859946125E-5 0.9850854151850013 
3.108911587057092E-4 4.077167497897888E-4 0.8206936573188364 2.1247089690816614E-5 1.0689122049464455E-4 5.052455771570998E-5 1.45899268408785E-4 4.0828294021763E-5 3.149674649198202E-5 1.116232658919087 
7.409548270863173E-5 0.010141665483088268 0.15630459903085564 2.6797310968107873E-5 8.850929141474002E-5 3.599084886399408E-5 0.05186371265138546 8.295286258802924E-5 4.7714337319951544E-5 0.9852916085213995 
2.0787741027730473E-4 0.132477075079073 0.5277498667206614 0.12693566007842744 0.001700220212330918 2.109983962410071E-5 2.2581638260624583E-4 0.0017950860584164795 4.936024476067914E-5 0.9852036871254316 
0.6021988207002948 5.979128419531817E-5 3.442586840018525 0.159414911745719 9.648260474845627E-5 0.19878324264136138 0.249137365636222 1.1804343712211827E-4 1.1322931124118045 2.211952650972382 
5.860378005364536E-5 0.029397853482383482 0.29043515128910985 8.915154009617213E-5 5.462925834933112E-4 0.11867056885389227 1.6249422598740601E-4 1.1280944185724887E-4 2.7462998500310997E-5 1.0958303243062557 
5.860378005364542E-5 0.02939973471130945 0.21524408683158125 9.78648555076402E-4 1.2166460479695021E-4 0.0010635665487802716 1.9399732559251406E-4 1.0503483740895472E-4 1.7667612529883415E-5 1.0958289901617442 
9.707647048724703E-5 0.02947225870425856 0.06493275538182494 4.048337704073303E-5 1.5127465671356587E-4 2.8893919016705458E-5 1.8683474572087435E-4 1.0536613427164051E-4 5.584305339209169E-5 0.9851910367096431 
1.3361485176942496E-4 1.2059460214779596E-4 7.10624083502204E-5 25.380025127527954 7.305762970685426E-5 2.436286698469448E-5 1.728397465024626E-4 3.255908747028789E-5 9.390784163700202E-5 0.9851586044689377 
2.958523671242498E-4 9.142006668009565E-5 1.725368218243527E-4 2.5424532139563147E-4 1.25906212765009E-4 2.5665197980072717E-5 1.1501461173561348E-4 7.688294952532473E-5 8.104384222924743E-5 0.985039818932032 
3.020672098990782E-4 7.663282536811121E-5 1.7253682182484276E-4 0.8430423082543689 1.2616775733677616E-4 2.566536076209149E-5 1.5074460673498546E-4 1.1207651699160803E-4 6.64010343760797E-5 1.1201739262286414 
1.541479861579384E-4 7.397588540737933E-4 1.546732916832574E-5 0.8127128818405543 0.0017301354791260362 0.19739779688637335 0.033327917274987864 0.001795328239661079 7.194799510261909E-5 0.9851323105862414 
0.12266640185760443 1.3415213268036874E-4 1.3409491537195965E-4 0.2758989504704495 8.750513375633698E-5 0.07928458889597763 1.0849208260655649E-4 4.429207517339648E-4 0.0854589719482829 0.9852651079933488 
0.07576867744036618 0.005056550672553897 2.3722731679762074E-5 0.08462580778762596 4.909059081054354E-5 3.245962488417533E-4 1.1536953697438764E-4 6.281894497183416E-5 6.729342142771958E-5 0.9849969603424629 
0.07621017548985257 0.005105289177707625 9.382622802163493E-5 0.0843691076232979 1.579987574374424E-4 3.246158536276527E-4 0.05790002932151761 1.0067426336433936E-4 5.8158351112268764E-5 0.9849969603424629 
3.930852152656689E-4 6.72120302480584E-5 0.15111784632812336 0.1531036149707655 1.1288508500663723E-4 4.112898198780306E-5 0.033359101753696906 9.796608723413103E-5 0.09292520611266887 0.9900474750112308 
9.298194621963384E-5 2.691612652216454E-4 0.06464232906540474 0.08756846863716299 3.004736879677034E-4 1.971179201385593E-5 0.08892505533617827 0.001912252570469545 1.0773996058306549E-4 0.9851629734605886 
6.151481356872547E-5 9.586875275851245E-5 1.5304557848155008E-4 1.6867800484390077E-4 25.395510796325958 6.995669389567304E-5 1.3791168789742438E-4 2.2796648361078588E-5 8.135790014538869E-5 0.9851926858554864 
6.061810103970229E-5 1.1414734366923973E-4 1.022457781821746E-4 6.175558552805349E-5 3.88440403283298E-4 1.998727520662781E-5 5.8234585875046636E-5 3.160581723215681E-5 1.0711890796957159E-4 0.9851154937632968 
3.943422395569978E-4 0.25673368779949873 0.9401408385719785 0.08703699614582697 0.9871915446018272 1.4285793021609424E-5 9.688017714792404E-5 9.540568019174918E-5 0.19264358001590823 0.985168408742343 
1.38249289585324E-4 7.186174697711629E-4 1.5400877255556624E-5 2.5630773789349674E-4 0.0016906787011562773 1.4647185074059089E-5 1.699587753655496E-4 0.0018472400637401013 4.466813135697856E-5 0.9851349762123779 
0.1725394394324436 1.2863093380351386E-4 0.19422442170127746 3.179622748773353E-4 0.14752362672699065 0.10126750774080011 1.6649291200786348E-4 2.734354841630436E-5 1.71817478500237E-4 0.985123204639605 
0.16870043102530505 2.1058398395408236E-4 3.349608326931457E-5 0.04635692800101812 0.14753647748511464 0.10126712904131258 2.2599514986409633E-4 3.5323992419638046E-5 0.07783693751350368 0.985123204639605 
1.125685777648735E-4 0.044925757703266414 0.5839861739915133 2.3931137497952655E-5 1.190662236374501 0.41765977681529215 2.5122438053881577 7.58877272944714E-5 0.09151481483453094 1.00244174218894 
7.96911215947453E-5 2.691612652216454E-4 3.447695973171547E-5 0.08665245451280387 0.034933873859699496 1.971179201385593E-5 0.08892505533617827 0.0019162832649897768 1.0773996058306549E-4 0.9851944449535923 
0.9922822754956977 7.020860808107137E-5 0.02295220028170489 0.2298827440191394 0.6505803585904345 0.3695862144928535 1.836345474408174E-4 4.528339763477475E-5 0.09266396533932608 2.57700835871771 
1.2770161757613956E-4 9.567327566560462E-5 1.6252569922956456E-4 3.2982672566883903E-5 1.511437523559628E-4 1.474220635312939E-5 1.2109628033807115E-4 7.414771786164363E-5 3.0677773895205264E-4 0.985037071914727 
1.9979332581438833E-4 8.849127506422226E-5 1.1702412431336208E-4 8.358966977300492E-5 2.4033541162774783E-4 17.864130531613153 1.0673147028609783E-4 7.465111983869482E-5 1.7060092151127243E-4 0.9851009429482867 
6.623007914390057E-4 1.1780826114810682E-4 9.911158445635516E-5 2.0253414665414284E-5 1.2560529867137318E-4 0.12001475780928299 0.057977836863875656 6.380090354526311E-5 8.76531768921976E-5 0.9851979751593162 
1.38249289585324E-4 0.06139150043748913 1.5255418596151621E-5 2.5630773789348394E-4 0.0017535585123235546 0.20886432617722622 1.0518799066047053E-4 0.0031338544110559438 1.0745419310005688E-4 0.9851353827926943 
3.127595779350443E-4 7.544957503802794E-5 1.0724515002153161E-4 3.2118867205849585E-4 1.0501701309173196E-4 7.557711639121232E-4 7.980344790373691E-5 5.90011734817192E-5 3.2872859864430066E-4 0.9851658469228061 
0.17253932511021167 0.07971518184907794 1.5107604830764824E-5 2.3401288217329106E-4 0.03579641638187002 0.3823590205351949 1.657195270453857E-4 3.331540845670474E-5 0.1619619626878157 0.9851232080903435 
5.590617805935789E-4 1.2291403898062657E-4 2.3083764640001062E-5 4.159426705870107E-4 1.0375741823002028E-4 9.460050273073496E-4 1.6884852956035282E-4 6.252729504402869E-4 5.670356394399886E-5 0.9851781291660214 
3.3845706052764503E-4 0.24164801733313948 1.2344101351698363E-4 0.08437291174991221 4.4768913895753735E-4 0.35103114797343765 8.788728115286757E-5 5.469674719673795E-5 6.167927207928338E-5 0.9849969603424629 
3.6509234436743704E-4 9.050269300285044E-5 1.1345496310768382E-4 8.659721969617802E-5 1.553922280459943E-4 0.097143130617636 7.377191062198191E-5 6.233545057512238E-5 0.11395227334420828 0.985109180757062 
2.0238961523040062E-4 1.0206733229667654E-4 0.19445575730339149 1.1103421915524566E-4 1.2267952569857766E-4 0.2266409753182406 1.601406367628756E-4 7.927144973043842E-5 0.11781414870077814 0.9850526811332947 
1.8908529997462044E-4 9.170239162951042E-5 1.0354276088708144E-4 1.4379973648365158E-5 1.8548217198460448E-4 9.034851792315139E-6 17.697466575795836 4.830965043067309E-5 3.935642946633372E-5 0.9852176450071766 
0.41087859779528213 0.28577029460910214 0.5958638043064698 2.577609480127544E-5 1.9831520229243705E-4 0.6107850193530484 0.7505662805359484 1.1134065469828543E-4 0.36564384164377195 0.9850514590187068 
2.498685761670706E-4 0.07970253312025148 3.1601598576404105E-5 2.3692440779406597E-4 6.365601967063421E-5 0.001003559254521293 0.22767367843070754 9.644454736997008E-5 0.06621093220856722 0.9850777710178963 
0.006265024126674912 1.3491601973833166E-4 5.845457147471815E-5 3.1714534017714905E-4 8.363501993817414E-5 0.0792841806658144 0.24903267301204562 4.39601452110438E-4 0.0835345103214542 0.9851606451537802 
0.0027511707735756556 7.222554156032288E-5 1.2923172693792858E-4 3.2504635341931666E-4 1.4239164968195064E-4 7.31993985585044E-5 0.03277551552337451 6.801218399796615E-5 3.23194609019329E-5 1.0166604764574259 
0.390465119965857 6.740231895547762E-5 0.1482435093749481 2.777086856728438E-5 1.203357677017024E-4 0.0013182952862877976 0.21347290562787985 9.983314526913799E-5 2.8954107534449445E-5 1.0036195605244675 
0.39035592016484694 6.74023189554891E-5 6.570812944818882E-5 0.01586772820572023 1.2033575362766522E-4 0.0013182337835303856 0.2229128855252211 9.94002133876184E-5 0.1479883611759228 1.0036147625780205 
9.871626548238345E-5 0.1309317394412044 0.5516564724883783 2.990544443561041E-5 1.0151219721637181E-4 0.003183205210525111 0.27601797014844975 7.333373614764754E-5 0.09151469897207039 1.00244174218894 
0.17259128239253924 0.15689162038767657 0.9091434807585961 3.179622748773353E-4 0.14497724083580843 0.5358956763194757 0.5189361786683859 2.7386798075873692E-5 1.7584212071567102E-4 0.9902611588704002 
1.1382221311391735E-4 1.83783345213648E-4 0.0013655794373690295 5.859703691196551E-6 1.1497559411943334E-4 6.76407577506733E-5 6.876560617745019E-5 19.675449324873036 2.597881672118509E-4 0.9851488288554741 
3.5899049280774486E-4 2.2380288783436966E-4 4.9460935757452506E-5 0.08601852226110343 1.424459429516562E-4 7.294057674864732E-4 0.08934922011945662 0.1847397229618333 2.9049235735888055E-4 0.9852462927752756 
0.004984484155497407 1.2789476476404184E-4 0.90904357185438 1.4885224738291877E-4 0.14488098901460184 0.5147349144976251 8.879169481776105E-5 0.9271940184053263 0.3766737681083029 0.9850621774169026 
2.152151156393016E-4 7.927625643012154E-5 6.801721241261878E-5 2.592405951762102E-5 5.1783952042886735E-5 1.850844838541408E-5 1.4126343030698897E-4 3.556861034363924E-4 3.166938805981265E-5 0.9852406664680944 
1.3513625458487456E-4 1.085956347428895E-4 1.4904334614481956E-4 2.0848721294884553E-5 1.0867458977618699E-4 3.058681766977115E-5 3.2795700336743353E-4 0.001946002770937248 0.00204128347864484 0.9851324213512753 
0.0015706365338287451 3.576088143513044E-4 4.719255064255565E-5 2.2566851435143503E-5 1.113653162866173E-4 6.326252182168653E-5 1.4159494101476013E-4 3.700354764557012E-4 2.6766528761035622E-5 0.9852688093135318 
4.831761811834657E-5 0.03238014662686177 0.021386101191726858 9.765446929910717E-6 1.0038824218309814E-4 2.1060943701950336E-5 1.7903542788186988E-4 0.001988094993773106 0.09420033343528597 0.9932220079088528 
1.236319260593762E-4 7.160299203016879E-4 1.2191256761858893E-4 0.08702398612919905 0.03646711192124159 1.4810809760894238E-5 0.09027988792579944 0.0018585678113712905 0.1926716500266087 0.9851695093216958 
0.12267116094461758 1.3844507281311075E-4 3.138761356267629E-5 0.009262983424497082 0.001629395318986496 4.373647941065301E-5 1.1292272177252955E-4 4.4855174472417317E-4 0.0021297078102870143 0.985239721940863 
1.2851239736855078E-4 1.250670137463668E-4 0.15759684962525786 9.198433004459211E-4 2.060396249788787E-4 2.392697809138894E-5 1.1186473610724291E-4 4.812235518155807E-4 0.001971223351504926 0.985113125631285 
2.884610479483624E-4 8.116917976683966E-5 3.967450524306655E-5 8.030940976340073E-5 1.3518740598420358E-4 2.9196105246069282E-5 9.51014395292313E-5 5.9486542758735484E-5 16.029436957529107 0.9851953146577543 
5.921028658447743E-5 0.02968403035156866 0.05942844832373694 3.918029887595611E-4 0.02756381682798851 4.697685497645576E-5 1.2199093607059521E-4 1.0420034226909447E-4 0.3491124038991615 1.1048980072530092 
0.12267438586906121 1.6283022967817523E-4 3.126884986804725E-5 0.0012122920621282056 8.421657625508316E-5 4.3736196044904915E-5 1.1292272177252955E-4 4.38080585475213E-4 0.08545691154770046 0.985239721940863 
0.12251639569939898 0.02942632934948603 1.133028796947404E-4 3.26641437740624E-4 9.125674895293765E-5 0.079182421694301 1.103827996291306E-4 4.596561175087198E-4 0.17737044588369316 1.090545060680237 
1.2935490769202954E-4 1.2762433488353947E-4 1.7317153708017673E-4 0.001209537478205361 2.060136457200618E-4 2.380730042129689E-5 8.299212303065846E-5 4.4492264611372984E-4 0.16659584531452754 1.1201436441577115 
2.969269295513116E-4 8.507595105007614E-5 0.1520164785222035 3.255529215121637E-4 1.6067537018764035E-4 7.517507958600224E-4 2.427596182739545E-4 5.129663088943624E-5 0.1282514473419633 0.9850856854600202 
2.1106334996218195E-4 1.3847596344126084E-4 0.19365840364652614 2.3513728157136516E-4 1.4211926406963423E-4 0.10096480650177071 1.8383346431885675E-4 6.469975066796064E-5 0.11842785167743308 0.9851084089316667 
0.602117590130927 6.29583757926325E-5 0.004609521723587454 4.730246602488962E-4 1.0321616477603321E-4 0.13166063019526478 0.07414245833164146 6.644206184247266E-5 0.3820734403348237 1.195775340259527 
9.620838899168116E-5 7.219796501827144E-5 1.31923564037623E-4 9.391391203501912E-5 6.873788984672348E-5 7.54564339990221E-5 1.4764437238110566E-4 6.721075654322767E-5 3.1122553055117034E-5 13.833706532807142 
8.604933214420835E-5 4.258272817787104E-4 0.06500228835531283 9.416583096975004E-4 3.15721053239024E-4 2.392478870285191E-5 4.65847950655549E-5 7.759221328767231E-5 1.2218372124832516E-4 1.0969750123370638 
7.705291330183846E-5 0.02913075800380478 0.06499612278372345 9.817534875877496E-4 1.329783920552604E-4 9.667987787970564E-4 7.247496021634034E-5 1.0670321001826799E-4 3.1270506242825303E-4 1.0969542825375664 
0.46585419523701105 7.03465630611427E-5 1.8966267952866302E-4 8.768392972089654E-5 6.0604741115672545E-5 0.4019746604838249 1.4959220459383353E-4 7.389485055989436E-5 2.0822101751267498E-5 1.755718280622164 
0.001947384458240541 8.753461948200827E-5 7.484047473146057E-5 0.012089103368687317 8.90709463777959E-5 2.0867275648696037E-6 9.568832227058947E-5 7.013876798816354E-5 6.437961533186105E-5 0.9964948560214324 
3.610973353968535E-4 7.602705781337061E-4 7.763574009144943E-5 1.4879339167543496E-4 8.559334211664894E-5 1.041686323368628E-5 1.6811725113336054E-4 8.369714572871379E-5 3.1698067332607466E-4 0.9865271673019036 
0.16830394992768735 1.314903094880122E-4 1.0840566199255552E-4 2.7547678065431862E-5 9.619557509982673E-5 0.07928683338014549 1.121396945196075E-4 0.1664699335621049 0.09179668098826471 1.200950433434296 
0.6021988207002948 8.500700574638051E-5 0.6262535445152799 0.04012292738318757 8.991806424266706E-5 0.003306963281253319 0.249137365636222 1.1808434901513806E-4 1.1322918515116884 2.211886045013583 
