0.24130520145249434 0.0 0.0 0.0 0.0 0.0 0.0 25.172351353155502 
0.1819475791760503 7.323454597383261E-4 0.0 0.0 0.0 0.0 0.0 25.17869445370833 
0.23921291555439694 0.0 0.0 0.0 0.0 0.0 0.0 25.172440877353885 
0.23792138414593467 0.0 0.0 0.0 0.0 0.0 0.0 25.172554137163136 
0.2366647266837809 0.0 0.0 0.0 0.0 0.0 0.0 25.17288756156038 
0.20874921846664662 0.0 0.0 0.0 0.0 0.0 0.0 25.173681499178965 
0.18887002637001515 0.0 0.0 0.0 0.0 0.0 0.0 25.17614485468374 
0.2376929787370301 0.0 0.0 0.0 0.0 0.0 0.0 25.172803758609877 
0.1821306833648748 0.0 0.0 0.0 0.0 0.0 0.0 25.17683708599956 
0.2376929787370301 0.2849007364801821 0.0 0.0 0.0 0.0 0.0 25.150683617542494 
0.09043013001962308 0.001306774739727956 0.0 0.0 0.0 0.0 0.0 25.187370869772938 
0.0 0.28177427733498916 0.0 0.0 0.0 0.0 0.0 25.173805661503085 
0.0 0.0 0.12025440219757044 0.0 0.0 0.0 0.0 25.18437633781586 
0.2427195459748006 0.27527618937804377 0.12129672864395147 0.12499008118345145 0.0 0.28609792667575107 0.06467417606546633 25.137460335799652 
0.0 0.14088713866749458 0.11936973510190185 0.0 0.0 0.0 0.0 25.169361544735615 
0.2376929787370301 0.0 0.11936973510190185 0.0 0.0 0.0 0.0 25.160454192538246 
0.0 0.0 0.12025440219757044 2.4112005256782254E-4 0.0 0.19438696221682505 0.03233708803273316 25.166511669434097 
0.0 0.24656040329945128 0.11948975858465971 0.0 0.0 0.0 0.0 25.164384343425183 
0.0 0.28203533726209074 0.11936973510190185 0.0 0.0 0.2656526360882019 0.0 25.13959419027678 
0.12794643977833076 0.009263336780627185 0.004769538464461931 0.0 0.0 0.0 0.0 25.181927772843334 
0.119438904914837 0.061290510038119805 0.0 0.0 0.0 0.0 0.0 25.179449408865207 
0.016770977437126078 0.0 0.0 0.0 0.0 0.0 0.0 25.19407976566959 
0.1821306833648748 0.0 0.0 0.017446554694224403 0.0 0.0 0.0 25.17590475524673 
0.0983881681451102 0.0 0.0 0.0 0.0 0.0 0.0 25.18708316691033 
0.09537386840328566 0.0 0.0 0.0 0.0 0.0 0.0 25.187642125501696 
0.1405763018074886 0.0 0.0 0.0 0.0 0.0 0.0 25.180738904336696 
0.0017725917682405168 0.0 0.0 0.0 0.29142428287860156 0.0 0.0 25.17801613006063 
0.04806332745731012 7.323454597383261E-4 0.0 0.12180305675954273 0.29142428287860156 0.19667014043799114 0.06467417606546633 25.172917071244076 
0.015612666275210074 0.06225003382114025 0.0 0.0 0.06542060414362894 0.0 0.0 25.184362402367746 
0.0 0.28177427733498916 0.0 0.0 0.2843380699667186 0.0 0.0 25.15073624115093 
0.19491695093305594 0.0 0.0 0.0 0.15979739364451717 0.0 0.0 25.15902797314433 
0.11960645777719847 0.061290510038119805 0.0 0.0 0.06542060414362894 0.0 0.0 25.17337576142613 
0.17139151393793384 0.0 0.0 0.0 0.06542060414362894 0.0 0.0 25.17267140161154 
0.0905073859661627 0.14346160361958837 0.0 0.061024194544490484 0.001232438474790598 0.0 1.8955397890607628E-4 25.173387393827348 
0.0 0.11169789753475001 0.0 0.0 0.0 0.0 0.0 25.184493947163364 
0.20874921846664662 0.28177427733498916 0.0 0.0 0.0 0.0 0.0 25.151962610265134 
0.0 0.061290510038119805 0.0 0.0 0.0 0.1938241416695874 0.0 25.171463064197646 
0.0 0.005124572887357459 0.0 0.061024194544490484 0.0 0.19968893105112073 0.0 25.17365918139064 
0.18559762475455344 0.28203533726209074 0.0 0.0 0.0 0.2581273439836629 0.0 25.130480442388347 
0.23769297873703366 0.2827663541892811 0.0 0.0 0.0 0.13608660875565803 0.0 25.135900218756966 
0.2376929787370301 0.0 0.0 0.0 0.0 0.05231630924836139 0.0 25.168628191753406 
0.015612666275210074 0.0 0.0 0.0 0.0 0.0 0.0 25.195351503395766 
0.09107546547001277 0.14372700502725166 0.0 0.0 0.0 0.0 0.0 25.17465527680799 
0.0 0.0 0.0 0.02715863451615874 0.0 0.0 0.0 25.19602091031817 
0.0 0.016362446297392808 0.0 0.0 0.0 0.0 0.0 25.195757337345547 
0.08032617225549643 0.28177427733498916 0.0 0.0 0.0 0.0 0.0 25.16651235307585 
9.388552182798549E-4 0.0 0.0 0.0 0.0 0.0 0.24543786943829105 25.17359361806568 
0.18559762475455344 0.009449977225706618 0.004804954636647096 0.0 0.0 0.2656526360882019 0.2117202753722367 25.15002511209887 
0.18559762475455344 0.28203533726209074 0.0 0.0 0.0 0.0 0.2117202753722367 25.13183624714325 
0.1884246132816756 0.0 0.12036127399510832 0.0 0.0 0.0 0.2113238127887378 25.145202575536995 
0.18559762475455344 0.28203533726209074 0.0 0.0 6.129087722932525E-4 0.2656526360882019 0.2117202753722367 25.108581277522404 
0.0 0.28203533726209074 0.0 0.0 0.2843380699667186 0.0 0.2117202753722367 25.133614882663075 
0.0 0.12258102007624316 0.0 0.0 0.0 0.01614178464067706 0.06000632848121157 25.178466104752584 
0.0 0.279591173611653 0.0 0.0 0.2843380699667186 0.2656526360882019 0.2117202753722367 25.10618118071356 
0.0 0.12258102007624316 0.0 0.0 0.0 0.1001130762126472 0.06000632848121157 25.169777353572822 
0.19322131373843376 0.061290510038119805 0.0 0.0 0.0 0.0 0.04255059127964245 25.16788934093534 
0.18559762475455344 0.28203533726209074 0.0 0.06161811181562982 0.2843380699667186 0.0 0.10604969166502443 25.118889465272737 
0.0 0.0 0.0 0.0 0.0 0.0 0.0 25.19665967794106 
5.712765090351013E-4 0.0 0.0 0.0 0.0 0.0 0.0 25.196077534203035 
