10736.471813011285 2.3603590971195363E-6 1.0953696349526667 1.1055614580133463E-6 1.3116555115650093 
20.637954980833655 7.960130233640317E-4 0.657114037620528 0.0025852486442806627 1.6843097249036005 
135.98388753125235 4.1303830706442067E-4 0.7736899010041983 0.0014085205310154759 1.5911867153865644 
3668.1390940322767 0.02353589241375744 0.6187767997221518 6.126304481467534E-7 1.7125896370570102 
95.3517754591664 1.5880336225606165E-5 0.5306935272716997 0.0035115702669520276 1.7638049826122744 
38.21424956392847 1.2809431639495482E-4 0.5789220552949551 7.547568655789991E-8 1.7473818808783603 
182.49000901636734 0.002181796175207247 0.7534516076710737 0.007544821590962423 1.6130293004836014 
32.669316683780444 2.928851345067773E-6 0.5922303611302163 0.0015793839889805508 1.73406598342572 
41.11112843145891 2.657891116839352E-10 0.5476774279588322 7.856361816404512E-6 5.200968890574015 
1.442542066967229 5.034173070836785E-4 0.39754064361686187 0.0010096211397060486 1.9929513764444233 
0.8940840812348658 3.900831828421934E-4 0.4170912170749962 1.9075640300636804E-5 1.9826467929577352 
0.5890420083375348 1.89648207247691E-4 0.12627307435996157 3.7465213706934416E-4 2.132816523219218 
0.46963212862858456 3.828394733049939E-5 0.03547480981330541 7.905016442434976E-5 2.180586085938441 
0.30908224364664977 1.127343411746356E-4 0.2995349593074068 7.238204019660719E-4 2.0492704625930984 
0.664444731522875 8.159078260753768E-4 0.808809637665109 3.5783751276736924E-7 1.7515545841861233 
3.26626467849227 2.0121422894307214E-4 0.27200169222728465 7.699062934572713E-6 2.045040276615018 
0.9308676552133824 3.118807270956144E-4 0.12148815285011126 1.5278023213335953E-4 2.1329175199653707 
0.150029940153875 5.827710063704698E-5 0.1845732888272483 9.41943467882456E-6 2.096583027467991 
4.781492897129237 0.08373126934961889 0.4516047020456384 6.086609771348145E-5 1.8380550975617154 
0.7181716370136128 0.004364303510309451 0.7403840230046823 0.0012098456953967922 1.7911935680383075 
42.19315166649169 0.00334273079882743 0.2654317781317505 1.3260712148156862E-4 2.0501495152884806 
2.547477770970483 0.0017664541923387675 0.3649834091352552 9.039190899412557E-6 1.9952802366354825 
9.196359967051718 0.0016367737087724583 0.6678344341930019 0.0016115805600171998 1.6660340448527535 
0.5501973623646641 8.956535760823277E-4 0.018904632832984526 3.8991327133855886E-4 2.1968542111972926 
33.24337242266892 0.0017662136838727369 0.5979145828072802 7.345757100406095E-8 1.7473825620793768 
1.495616339136121 0.001993686824350582 0.6523990694120932 0.004596304710034881 1.8215226185230857 
4.0124814534877915 0.0011503588511126888 0.5525942332562959 0.001979180512982973 1.7710559371502756 
0.1748649384058193 0.0010715822468751952 0.672922923578854 0.0010858923401455545 1.8335070857592664 
311.2949613783409 0.009848489535735213 0.25125757716928504 9.01555928403302E-6 2.0096605719996568 
9.58686484703634 5.715691305448823E-4 0.20058927346593158 2.327630362461307E-6 2.090216928365778 
4.490978217090492 6.274461877601144E-4 0.4418066185128289 7.571468171893096E-6 1.9880544734124947 
0.20525536219307008 0.001374688280658971 1.0831405067857898 0.0037217912444244268 1.6050810864264557 
0.10923692992501578 8.804000444337264E-4 0.782792052537792 0.001248493179738398 1.7683589646022029 
3.987640419533429E-4 2.4721391013091834E-6 267.09437865070623 4.934440663191867E-8 0.7749704534771822 
7.032937989574515 3.175426336183465E-4 0.5510826563003475 9.705650660251754E-4 1.7702912829868473 
0.02520500462807863 2.268667376241901E-4 2.1967323608836598 1.1149122883016422E-6 0.9941023492354191 
0.21411655145190472 4.1621104118684315E-4 1.8810670127427536 3.866680998068547E-5 1.161193526695987 
0.2220793655667969 4.182548340957846E-4 1.9491727268027896 0.0012199747545201768 1.1468964060106974 
3.576660129345956 3.428848604863827E-12 0.7768958869644323 1.96678547909077E-7 1.5848272302772883 
4.710483423745906 9.595413994217418E-5 0.6934354197712624 6.123916596173217E-7 1.6903355195619298 
0.0782373677457482 1.8539112410444197E-4 0.7931789927481261 1.1210032074288002E-5 1.7525118230343864 
1.6063255754335983 7.79995275875903E-6 0.5995493578303478 2.4212974070373143E-5 1.7640720782053168 
0.04177317737863642 1.8226975199819555E-4 0.7892604767960067 0.001298240351591172 1.768829531377814 
0.12799115479504986 4.0086002993262485E-4 0.9984311714120175 1.1600054338600513E-7 1.646289744846457 
7.163605726340164 4.754790239182662E-9 0.5588305311455297 5.281899191827389E-7 1.7588502448052052 
0.042830488812933366 2.8785522330790786E-4 0.743552878363355 8.65118815934082E-8 1.790107413073179 
0.015938082937583177 1.143905933336977E-4 0.5653339065270556 1.0483293097386283E-5 1.9279400487996181 
1.9241946373459528E-4 2.1577171916167123E-6 0.45241710673736535 1.4611984811846534E-6 2.1286874786664516 
11.268817034746581 0.0017476884384484339 1.9284947017848655 1.5127270786942312E-5 1.1908499473770027 
10.573631802904163 6.907840010550018E-4 0.798071175984763 1.540847135974952E-8 1.758495127765574 
30.99031479768633 2.7091798177707293E-10 0.546679941450351 7.906688501909509E-6 1.7516545915725732 
0.044650653594619276 1.2726109458257914E-4 0.312840689339352 1.4769029664456942E-5 2.026577942397486 
0.006022140581590772 1.8663215769105475E-8 0.0011360060420252665 1.1457298622389989 0.9027213060346955 
33.24926798505716 8.80959450025039E-4 0.740300513526407 0.0033215603180050055 1.6152242743591854 
0.012263604627041645 2.747155444062975E-5 0.38590471598540016 0.006440431387902666 1.990704434281247 
4.0950365276661636 2.7118362721351976E-4 0.4816056348568075 0.010666354782703736 1.835869442570948 
744.1660434274904 2.788626931930667E-4 0.33101034656834377 0.14881897359611265 1.7644309647896632 
2.720254716205795 2.2207840718939723E-4 0.2824670035889372 0.003819461455576494 2.04075357347649 
0.19119949659867705 8.257723711629928E-4 1.0177516201281465 0.008992683435788726 1.6419557658148694 
0.5359967336265882 6.613670411001066E-4 0.11245440751975104 0.004958984181510606 2.1302372903903026 
0.07080107550481668 7.744152241837739E-5 0.4252618418875816 0.0029348719660905816 1.9533760809797323 
105.2258810519364 1.177081347288482E-6 0.04624150439005282 0.009799974618830067 2.155152981651122 
0.6237388252766377 1.245171912700161E-4 0.29305929520428053 0.001719211225529642 2.049033502486086 
2.3469472374849768E-4 1.5403700468430253E-5 0.11292605637302643 0.0013266393142981967 2.149141217415003 
75.76935719228965 0.003159595986885983 0.720688838803215 0.011645703237692633 1.6368664238314683 
3.0151053008935853 1.7731643457492526E-4 1.6790277277522965 0.0031737206926985254 1.287385743715516 
0.7602098169593443 0.0013207167619647372 0.9729337664966637 0.004273378514278407 1.657822507850686 
4.828980431517362 1.594191447989419E-5 0.5514485922165021 0.001248260957028168 1.7639488590427865 
0.0061318520850924905 6.287792421204301E-6 0.3211463195783372 9.420096204440463E-4 2.0290767743730984 
1.5018327790163204E-7 2.6561816118040575E-11 7.137708832070468E-7 6.752253613285201E-9 834.9818175328505 
9.900322567558623E-4 4.061470563324113E-6 0.07871555685777906 1.8397583019980375E-8 2.1535190468508647 
0.002521157992031436 3.452450701326529E-5 0.04829224222668183 3.5472210346719194E-6 2.1689177222278726 
0.05788201675440169 2.0407420639065158E-5 0.03976621398367181 6.522058301383803E-4 2.172736432006148 
0.009923107053617352 1.0009389865412161E-4 0.1357602337568773 3.7970343660295383E-6 2.1210507757571504 
0.0026175449082054257 2.8737500399300368E-5 0.14437510348237179 2.005149937908496E-6 2.117625886407352 
0.03389392189379944 8.301487191059527E-5 0.1832854218503042 3.0567019424751935E-4 2.109243888548771 
0.018468497510261302 4.471835315845075E-5 0.2939667883766203 7.580825669818937E-8 2.1429001605572244 
0.1057275233617715 2.1771424362446021E-4 0.06143881800255935 3.394174300427332E-7 2.161138313982306 
0.009417775141290836 9.209552863460331E-5 0.2934991365910803 1.8819835684343538E-4 2.0513015882384416 
0.003527261178318546 2.0578525394560475E-4 0.15957543494803705 2.8111909713250064E-4 2.1134070520466963 
0.05158640942579379 1.5853536081438595E-4 0.31096790765642573 3.3258336338944303E-6 2.0260104904914624 
0.06664048162668174 3.0433423951287505E-4 0.0071687856085836076 6.1966398915657184E-9 2.205176491365247 
0.16702211600772246 2.7660172709534846E-4 0.11008852750274452 6.116504324266804E-7 2.1347255023755087 
0.03566735918816683 2.8833355572873033E-4 0.1283608618850242 9.71985454664958E-4 2.1261140508458127 
0.01911478614228142 3.5589794700712694E-4 0.17814210701505614 6.147743323527147E-4 2.0980695334865884 
0.045198105293932575 4.426422283235344E-4 0.13288060506473123 3.792912547606427E-6 2.121107849122596 
0.04211749487635205 3.8369594318359295E-4 0.2543275265120455 0.0010803138446117792 2.069621394465963 
0.1068618053983307 4.4445432114272217E-4 0.31331035447292754 4.403169789924463E-6 2.024770600710476 
0.018013262128633495 5.938858658173749E-4 0.5629298498827378 1.5095880826872E-9 1.9285765952883818 
