493.4665020101019 0.7853958422790159 0.7853968370432665 0.7853978318087769 0.0 
318.3624575961395 0.5769441328265145 5.935674746891037 294.0004935832707 0.0 
302.1312711814962 108.60781417486089 29.474374270955185 297.68467558161535 0.0 
470.73334762773897 0.7431614895101802 0.7431624156347202 0.7431633417604141 160.94125290157538 
315.31048763371246 0.5561573648987559 314.3726659492431 0.7853570987123486 4.53070324615772 
421.21020531875723 165.51937182274347 22.47496597121321 0.7424196334666697 156.39624114692057 
303.98291139453795 118.89732318493046 325.43657068223547 0.7770780815243319 67.6279535496798 
206.2789353648139 0.4015034415741878 205.66561650612746 279.2046902965203 4.105732033670848 
281.52783866169017 0.4837133496474218 330.6312025139032 0.7461204750337797 142.74661747099256 
233.83278064944273 0.472064944105191 233.13763498206922 8.857617102345987 205.52960006835278 
93.13756055389551 0.2004391863896156 0.20043965054957938 352.86464252028946 0.0 
193.15578571517472 0.2921327165166179 451.81718671506286 0.7431633671489921 167.99760999158303 
166.0641677725762 59.72003349147557 176.47603298527903 216.3747598066787 204.02503668841499 
227.78947942137634 14.754864653000427 5.757443437714921 3.954900207138901 326.1766479309442 
248.7557828079051 97.26408550317568 266.29988095144415 0.5555235386036853 376.94609635553604 
93.54362224760536 0.181344861784931 0.1813452025515105 371.7602828185247 131.0643928870233 
179.57552632151535 11.570570991126658 215.76434154040555 4.764432559753197 401.3334992144429 
56.83822103370927 0.0993512783301426 0.6201504735665584 445.7117491199695 0.010314296839681242 
124.26633225674334 116.60546449887907 170.73313204630412 224.9484997067094 329.775983107977 
0.7853956104878234 470.5311928352632 0.7853967045909998 0.7853977986956837 0.0 
0.5547769458081057 326.9560572194963 0.5547777444390856 327.64305980718194 0.0 
294.71373804062347 507.03908906026186 0.785379885994027 0.7853805902334834 3.8969707261143762 
78.50247350831928 331.1930674145569 339.35655829235486 0.7766344564312417 72.4075508257835 
6.905883096254346 234.69698124916164 234.79856095983308 287.8707305830624 0.0 
145.27547107143715 249.8154952403163 0.5743781781569974 269.4961500249318 2.6914924660445907 
121.08104173606827 215.3282206292859 65.98058239638188 257.99150560123746 92.07898812437311 
0.3795543673289753 217.41458260346062 216.76790897459173 294.2737046466106 146.78275937053337 
0.4843317495029106 241.65789520377103 4.550979294625149 225.4004790912986 210.5749982932813 
16.65796217044843 309.02068700832234 309.46934048911464 0.6636980917958668 276.9210752834849 
197.73075373584538 350.3418731247937 0.7436816808867335 0.7436829516170451 136.6194404548703 
212.46534408373108 202.9292357405242 345.68627620386036 0.7853977710889032 0.0 
0.20035384191104375 100.9353259901618 0.20035423661929191 382.5817285931297 0.0 
139.20022251963175 136.9473171859952 209.35502820346255 278.8900367836006 30.91889417225857 
221.99313969131254 208.30819274415808 305.0032613152959 0.7424195983719826 148.73636777766578 
291.0057236810656 195.12772374467414 17.026298571471383 261.8449032089446 33.86317190286686 
0.3423046019524241 227.55480864103015 231.88972989252053 302.9662552238386 274.3319151510599 
361.68559994926784 219.26762565335216 0.7853963579807336 0.7853977120430362 0.0 
200.6104491825274 203.11168597109858 0.5321129597363979 213.78069895774394 224.3888228860686 
288.25591362048027 193.27869068056359 10.800363235049169 260.0048376035405 125.96894646899308 
0.048787356132839375 0.7838812523687171 1421.3316185304363 0.7853981234280799 0.0 
0.35280978428932164 0.6589898355271561 600.8036045269977 190.2711447065185 36.55511571635963 
39.66156874208889 70.29770042092765 548.4011335476888 0.7829177473226161 44.156279181339066 
0.07198028365502722 39.31329043648974 396.45971722472876 158.96653788020254 3.1583305597955422 
72.20083428413253 0.12796872362965273 437.2052121625088 0.7853977521900706 0.0 
29.196649518134205 0.060463777962287746 351.01763821035377 140.59333963508394 0.0 
0.12645637981451568 66.589545907947 402.97481170277564 0.7756441151942131 64.97634796890026 
0.349939471576775 0.6535561875023516 542.2645214518406 171.77696531715517 80.48139086410748 
0.2880449283223351 163.77238834623375 414.0121761071038 0.7830717705957408 34.341786788733586 
87.24837555524766 0.12618157006706743 529.1756821504355 0.775644311013893 85.32006797163906 
84.27122739331233 128.03026781632872 392.6078051267699 0.7853847981226318 2.4166574464346406 
0.30053445069350593 0.5610907489489284 362.9594767729438 254.76166486383474 62.74205383306263 
133.13317586143532 80.7091661153999 398.8023720172488 0.7853859760316059 2.3415080953322702 
68.2984911308584 117.45593240598987 321.56811455762715 231.03845501823085 0.8800240666315073 
0.6570041706171302 0.001353667966952594 282.00743087219263 256.4771336342883 0.0 
0.0016136921690147559 0.7549067161179429 353.15623573214873 0.7549101655539528 101.37655524448228 
164.5210915791596 0.30886279018799107 384.6480838812762 0.7853977020527328 0.0 
83.99725813397355 127.62088045790169 398.17536321069514 0.7542388319855272 123.84886953501348 
0.2817946578504247 172.48596336477038 420.5842471048119 0.7426580988038796 156.42530751742535 
0.6037328489800035 0.0010656346718104755 342.0439765782375 256.12865882662874 124.09019433953404 
2.08785005079278E-5 3.3607983640050146E-4 0.7853980671531466 1831.8959638890108 0.0 
27.967497525057652 48.0866264076948 131.60657789025612 334.6486628440425 0.7649316787200611 
1.0137659952836967E-4 0.04245424626421051 23.180624278249336 502.3114674000766 0.0 
0.050801097823827364 20.49785806520105 0.0342215521848854 474.8372309373243 3.227937530097923 
0.2849860405286641 0.015713242112295852 0.731466788939487 513.3473790496155 12.09402496964706 
12.494381961250776 0.021746984123118405 12.494613922838992 450.8834305190184 2.8301947923223345 
0.06688359990278715 9.389321754911447E-5 39.96785287264488 558.0371970790362 1.4061935418455496 
23.917985375451142 0.033691568826817564 0.03369160225280912 557.0492182952632 0.0 
0.07382106097622448 51.41705643456851 1.5850850154576175 544.6134469018531 0.0 
0.008776563334104858 3.80668360710872 48.54446994827875 381.0629752303505 2.8285702529953802 
0.06446983989941199 31.653366385463837 37.240450752175434 382.50497018532405 0.0 
0.09930777313819308 59.36991150074503 0.10032028231937089 465.7723340309143 0.0 
25.131985636693294 24.004154745654528 40.88944957474431 420.49494925017626 0.0 
34.82150321759208 0.06438882070785996 40.96938448069579 421.3271572555886 0.0 
0.5789478029150084 0.03748744601796182 0.5251442542437599 401.8275195791509 34.39704119691862 
0.007751471600440399 3.9012074060483997 49.782972361216004 390.9334689531667 30.398870091633285 
0.200160405591189 3.215172052963816E-4 124.60993997543115 472.8045679846634 0.0 
24.31914002154563 24.470754259133955 40.59075342949051 417.4016484791033 33.519896536727536 
0.7227192443303538 0.2828679301497131 0.03889269651081376 366.8762807636413 53.82904797857564 
0.3083142595823813 5.994545209877559E-4 158.57393514672032 371.5136408898183 2.7513894638573486 
4.415237049944416E-15 2.16804075787563E-14 3.8495379396233556E-17 1.6567754845679624E-14 451.412227873893 
0.30804706204174986 172.79109521106838 109.64237013389747 143.6401254747657 362.7299181827396 
0.2789376988558033 5.525305857822657E-4 33.64216147666348 263.39598495105673 294.45133942822065 
8.245004917786561E-4 0.4905882935530494 251.56504084387933 217.91878812006078 328.04934122057415 
72.31350426848292 109.88304382974678 337.1073336632333 0.5593603783369671 356.66903506603586 
118.75235674074524 204.24611913596536 0.40908606364760197 220.3208108395098 318.41074595052226 
80.07848293288706 137.6732135183794 187.90570780539917 0.5927168799285508 242.78781736969907 
0.3504235960922762 6.998494755664614E-4 42.18161113488773 330.21827817116616 209.3548826277379 
0.4892287157148007 0.0010483636515613859 228.30368589754372 212.90961402364448 192.0395100643479 
0.6355290485186279 9.322351292320691E-4 433.2572259688556 137.2749996213379 283.0640267715116 
24.02700101679843 146.32165857225093 361.5325494555592 0.6617977134553603 249.72271469831455 
0.6647704516167693 0.01045502832125858 315.5468845299915 0.6648541368587167 198.44170234243853 
0.20338623963419378 139.87017698980105 341.14309408613605 353.39777914359206 175.7896161847298 
0.0013333783391806398 2.3543908965736343E-6 0.7551424742423306 427.6656817113447 122.26561517565258 
0.12836418698002802 0.1347804537615567 106.79223157493092 421.0320666263932 119.98326773499508 
23.051448241752855 0.033095318973059146 0.03309535308237923 536.5464864431545 104.12989647337774 
0.4337881451317682 9.584141088981968E-4 196.3374833363192 291.9015853027222 51.096375514817076 
