36.43147951836715 0.00235621024711726 0.013490587842817424 0.0014001840128821245 0.007513170872004482 0.008893957386778147 0.031635798779823116 0.0017354510612238765 0.005360314888029695 0.04515455839074456 
0.1329670172829155 0.05093557749501755 0.01810070646768881 0.007980398904889774 0.01156942502347607 0.04124072841976201 0.04155592538618091 0.018718671326617843 0.0016846385028813364 0.043953239413604586 
0.14946037371326024 0.004497382098961072 0.01234153621458619 5.973455371480156E-4 0.03723186139655777 0.03372611612864024 0.03140500200290588 0.0011908644688677637 0.004147758597496696 0.04335662748862921 
0.20707291717647075 0.00269528981697971 0.01247382983388149 0.004963935600156371 0.04583539166846019 0.01525826103750702 0.020239857128671105 0.001571552274814403 0.01521615226874235 0.0883343145480268 
1.5845713483719945 0.00574893918438555 0.015048590838225776 0.017740685298871232 0.04129464199786402 0.046373580225369346 0.007880472412953865 0.003275057074106106 0.009524095981699062 0.7737035316319639 
1.361783940919013 0.6263222837736524 0.016577087240208274 0.0029118158648276577 0.029823226888427652 0.029827613406807035 0.03648516418472757 0.0013774221900099903 0.002276372525580568 0.04595031954421722 
0.5871982352440483 0.06820594240840477 0.0047230977353884766 0.002124697579078825 0.0699891989901356 0.05635746194551952 0.05449101350646418 0.0019501367489984768 0.004980770122044338 0.35801619846681193 
0.3697420478755379 0.005052638100301752 0.00677502657903826 0.012116777890709944 0.0963993346141504 0.0323652226809163 0.022697200469460093 0.021441627586720906 0.05423202420673218 0.06942841173156883 
1.5355018518069323 0.07259963679496148 0.009377731235840814 0.031692193111367464 0.01132501493959059 0.03376054494293099 0.030572790204352315 0.007424218834304284 0.008916690780269805 1.0385406003119573 
1.5286939986255008 0.005790087038523363 0.009427924636520918 0.005751005332941175 0.011764354784380983 0.03434797888672942 0.030880039896935076 0.25556398117547213 0.009809757727878662 1.0434606376397006 
0.029448369148169902 30.509712671372043 0.017711145171224296 0.00786355133722139 0.01584337322302752 0.027660796576753403 0.025578916899186795 0.0039059371700374316 0.008581078210963758 0.04398870098504377 
0.030558656816177608 0.0025051840678856204 0.01452563774185222 0.0029239403394558158 0.02747696447154932 0.028839535773203986 0.02255499986154482 0.014003159979093602 0.0027441160070130095 0.04314207339961064 
0.025180164510618566 5.111578125877085 0.0024764272624497445 0.0838760968068695 2.2975594139128 0.03661061848560422 0.008600046232395214 0.02050174165319509 0.008232141840104124 0.08013638512841872 
0.023992805883121703 0.065250388286468 0.014010913822748378 0.005344736314126382 0.008286830796250004 0.02982304100140038 0.03460070373315212 0.012657151336297993 0.006893824526003816 0.04471504801571603 
0.11850781561054127 0.08403560643680724 0.012520082866284836 0.005571443608590829 0.026203124333337525 0.13350786616771423 0.019617966722871506 0.01776125842477681 0.006340107367961675 0.0429046262235208 
0.11107915255572684 0.0983404431200542 0.012283072590150698 0.004470057799521016 0.026526897248684865 0.0371881976344123 0.020489507489863796 0.013523532709772784 0.0046998100118671605 0.044237222652556196 
0.050609294173967874 0.01229646930618814 0.010144170325943617 0.002521429200016053 0.035707710151104056 0.031194711173076563 0.024287701520779387 0.0048452085580384385 0.0049260087095371295 0.04311820585425785 
0.015004991992223483 0.7961407612631105 0.015202413497281606 0.005115180846018962 3.048896163351872 4.554835412451048 0.0236574324085801 1.9461949107472527 0.10045864945462304 0.043585230626317494 
0.1206463725147188 0.002253953873481002 0.00972712927342079 0.002763070613786178 0.008116267010896246 0.029187458749121254 0.022863409251129445 0.042564239402805876 0.008531982520831215 0.056048728639079934 
0.03261898267341509 0.010613885486206192 19.464124618142243 0.0041825606286324144 0.014858892722214577 0.04069955040077001 0.025914901675029453 0.003095011119375252 0.005045691287672444 0.044124164928324466 
0.018416031342969996 0.003194890331098946 0.020396169496215148 0.005415062555788613 0.03535150434437785 0.03291534177590588 0.025977224389613973 0.001282776925247033 0.004980902549506712 0.057763831341103605 
0.19695470600913012 0.01727191550096189 0.6296205304979796 0.10482331465274823 0.03391405849770891 0.3233383960853802 0.020012208229786842 0.0014630003459158516 0.010649185122274325 0.9205976488246822 
0.02948367211305565 1.5525947850681923 0.969004306268336 0.008625615986400475 0.007278029639007252 0.03695302850164383 0.03544709438426352 0.006593296698931195 0.010666333942246059 0.09179237709957364 
0.0317523123268879 0.0024964141665714873 0.045370394964076424 0.036657395095611466 0.05010958110680583 0.0014010360900391181 0.026772429584769396 0.0019416633283266481 0.006546334621338435 0.05656308688556459 
0.06798450261516974 0.023347937978843145 0.05608935510845292 0.0031508034492641035 0.0272054005803073 0.010008986190845226 0.009577673282792068 0.006276849243258217 0.0055458782362984346 0.055937526369142426 
0.01816036397786993 0.003336725413860342 0.038515411041118434 0.01379967969933792 0.0354141532604536 8.917302271278636E-4 0.01853378143999008 0.021112666521052443 0.010383310913857868 0.1197539252468442 
0.011598293724549846 0.003397469192084491 0.4760652029745466 0.0029070973705999426 0.014407498062615678 0.141442488587649 0.03701306483621117 0.0016072877192647998 0.2827727387869046 0.044655277252258145 
0.018381900793004845 0.008354666618489858 0.06552624635297359 0.0052972385505265255 0.0183134471209999 0.2157538027022674 0.023163254862262984 0.04265016457579322 0.026355213305859184 0.04360727830408828 
0.01853471968857553 0.002978750753613153 0.07157422828558406 0.004396042111770333 0.018835115227316755 0.22355102669788704 0.02314608112726117 0.042599250062674406 0.009119460721491609 0.1904477823796585 
0.005264432604396258 0.002825385187857932 0.002266895512893595 14.102177483228584 0.01511132755787137 0.029281969531938956 0.021440914901711114 0.003108375630653946 0.00911474289527145 0.045114185463682434 
0.024703341928029126 0.011011716884507975 0.0023647162539941766 0.03633423384020512 0.02225453282194222 0.036138022595904096 0.008267755983157665 0.020878077130283293 0.009061956960215977 0.07068357718269686 
0.03051975636845826 0.005622604947847832 0.008156552572111479 0.20347229626790836 0.009599522735455416 0.03220505510971266 0.029913409591629074 0.0201813855774148 0.09468162826995846 0.07086642901603953 
0.024544793277553094 0.003801439897408162 0.007036525204380841 0.018866145165522815 0.017800146730774298 0.044891641191448985 0.026630601675388624 0.001461442296033638 0.004631646287061666 0.04358375588203435 
0.03090356296048547 0.004400164981200684 0.007098805343887605 0.023116771990982422 0.04573941916993624 0.006490345645256409 0.02020738928949959 0.0012595945948247083 0.013991034436579074 0.04421639767521258 
0.026555265593050034 0.004941594468261916 0.011835197879423453 0.011845982409578256 0.03239857583491542 0.014450030517345445 0.022526980102989456 0.014064914320334819 0.001947107356573847 0.11987637850754619 
0.04696250674054574 0.06685958246845407 0.02823559568270028 0.009760096609739248 0.010974741310938405 6.671922438491777E-4 0.03415837231594826 0.012583577732746806 0.007158043153857126 0.04448027705780519 
0.01260246843296121 0.002872002348138032 0.0027800432803390296 0.009287229452226795 0.037373831668849805 0.09619827986710987 0.022962816086052475 0.0017597630918510386 0.01360658936791017 0.05113372138995782 
0.018142274424814052 0.005759710743580901 0.021750108867615033 0.007534108774518022 0.04323229243372068 0.050512893210878825 0.009445229696156906 0.0021567080439864944 0.008963857759572 0.10571535266385966 
0.012113973086563331 0.005308401968670733 0.005270995494464859 0.007521007443810129 0.01823335461386147 0.09924895958881824 0.03728347665549695 0.0018761364448275062 0.004167868389663772 0.11170193793593776 
0.021204527179735127 0.003795770850100594 0.0036300054709174838 0.004042190038557304 27.767389885926814 0.009410887115472728 0.02187077984496646 0.0022572795846754184 0.008232039490156277 0.04836642678388646 
0.03389857297160131 0.011964135014837117 0.01668087419675761 0.002786229816420983 0.03829543624380806 0.03131839552383782 0.024327300538734373 0.004804733790426712 0.005078580151615752 0.05045773533990533 
0.02033221118969075 0.0026336040254002686 0.012342696817381022 0.004037769806663461 0.1529744798386991 0.03544919410753522 0.03664034205373351 0.001250644395284192 0.008498302526546942 0.18614408814585118 
0.011151651620720054 0.008254537163338772 0.005817601194528201 0.002196788746208465 0.06344083602447653 0.03612355132478667 0.05260019867068347 0.0034348456313079935 0.004968287623670173 0.05700604136668489 
0.025026890938516722 0.002343137430688147 0.00410925688368864 0.004346328195010304 23.093112371673122 32.13606052833803 0.011240525275688135 0.003113580440020528 0.008341260283508211 0.046899904097273834 
0.01163097759082046 0.012382516731283388 0.011655278444100194 0.0043747831419564 0.052164363918338265 0.012432361569076282 0.01558896455702141 0.027609699290774486 0.007666662545360685 0.044326059470269775 
0.013665062027669463 0.004234703866970541 0.028766181387487027 0.012808875009255039 0.06462096251197381 8.853892154361033E-4 0.01863358425672623 0.018394190486072787 0.011272160411400072 0.05742838123440899 
0.03516980011186841 0.03671821183705846 0.011309120819668735 0.005949236733032055 0.08125151736369164 0.0017499582803387071 0.016921794319994375 0.012273121295516113 0.010248992706399652 0.044212972071764285 
0.03627826974904996 0.10023953540251454 0.006284626376261276 0.0061526501617258315 0.08387016404021821 0.0017616989332524184 0.01802556107459432 0.012629480297778982 0.007678933306694342 0.044326059470269775 
0.2926413484904035 0.11116202226178834 0.010654634866085906 0.002899320652966663 0.18390378866383578 0.03826017190682962 0.016403674136094483 0.019968961848486694 0.009078271798316013 0.055824887419840485 
0.022632421429150524 0.002139018938157878 0.01358923184987075 0.0037336339393282247 0.021239908663147802 39.77215586523634 0.017873981595007797 0.0026495554452457453 0.008858607310157668 0.04416890664190212 
0.027758222848604554 0.004591952124637529 4.1764236147572005 0.003660871413071856 0.01955364538485629 40.70280875669162 0.024678839517213596 0.0026495554452457453 0.009010586591563669 0.04499277404736398 
0.1496489191778511 1.351994528342902 7.321274372129582 0.009979612853000686 0.007894971013618527 32.87019622681778 0.0365574900661298 0.01601768998665145 0.02954781665935051 0.04787113573159643 
0.020016931645813068 0.0031956313040037805 0.022143203742369343 0.005792603612386845 0.03815684209263871 0.13431655210383903 0.019127104579964783 0.0012672752658443936 0.006945093523361232 0.057838537721292105 
0.12508763815559854 0.002267349774974444 0.005075115592393425 0.0035861033175814327 0.023823710277924796 0.2532267896004993 0.033414004640816355 0.02059986225623696 0.0014407417546281507 0.056048728639079934 
0.12025525437894725 0.0022578206123212824 0.003995338074004371 0.0024623734700876154 0.018577657719258258 0.22623594842839323 0.022863409251129445 0.042548184061281906 0.008531982520831215 0.056048728639079934 
5.133126650701443 0.004295905439609311 0.016017582658806238 0.00828532614304775 0.010124692346548152 5.159855999629257 0.017585446218860632 0.020722157300636382 0.009399510544258763 0.04365907345960429 
0.020158757016332098 0.0025404395926473425 0.0218890307446339 0.0029757177444990216 0.02527935282710539 0.07623151450810225 0.022980980242676793 0.02461197258374398 0.004506950956842634 0.05691116742397566 
0.025180913578457226 1.702246964041811 0.0066608429000197126 0.06850903952977831 0.02398391146417077 1.8394902537094164 0.02567534567440643 0.022230911585702815 0.01171372599240912 0.0451737709166336 
0.017201241637330937 0.0047028614866655915 0.007447343338677491 0.01449220222507087 2.984240348415074 4.8588597635905 0.028148199391315083 1.8190601446086059 0.00661708420357342 0.04321699302940643 
0.01277961642065997 0.003919319563791429 0.007194470251828322 0.007293926831172733 0.01846369611781664 0.0288873641060204 31.21403011932882 0.0012389409469766108 0.00840193105057287 0.046904044756373796 
0.03440897419746154 0.005505643483670482 0.005139899850244251 0.00539091882766503 0.020715564652388375 0.027198066165392307 0.030075701494956746 0.019090196657415362 0.009061956960215977 0.07088326430310168 
0.025148125508118718 0.002660410900445331 0.011758676053893826 0.0031980298888686204 0.03057001963891933 0.02621476010350272 0.051282870913365516 0.0035459069208468594 0.004258618581023258 0.043791470328590036 
0.03879837114597656 0.012839440707557338 1.9614920231078594 0.10373485715596925 0.032193612822403225 0.04843323087172343 2.8412721136888535 0.027945327914592605 0.0020203808778066 0.04409323126209967 
0.12553219787260572 0.08667801214918625 0.0071924916123000905 0.005902912614722747 0.02810727974210679 0.039351198104064934 0.09687346209251634 0.001893837477358684 0.005426089694794091 0.04340988153075028 
0.010620792038027458 0.0035524548144758228 0.009434659256291712 0.0027848644453772296 0.014409813374497133 0.07492051069567271 0.04180854366658218 0.007174158421442735 0.005393186367673537 0.04362758104985014 
0.013529225047014357 0.002799927281811477 0.006154283465511032 0.012217077561072431 0.02197931726420749 0.03181453591726649 0.03055584673179609 0.013322581642390748 0.004521207348023046 0.0431205183615531 
0.01714709071596407 0.0033331938366607176 0.004730030945507355 0.005476069476334472 0.02037996255451239 0.0434500940901678 0.032039440266671944 0.005470749358901242 0.014502524506599493 0.043394739005299374 
0.03151016650268208 0.010613031011930531 0.01809634224974283 0.003918427227531783 0.01471816792910021 0.038541820492329286 0.0252271872589583 0.002867495747276903 0.008653277488480205 0.04469168904732383 
0.020314641718140642 0.0026545591099639784 0.00932724722382302 0.002495096515321887 0.02470027972252734 0.021209294365862285 0.040673277208787176 0.022422745855037316 0.004876406204009399 0.12941902599424898 
0.016074598909855027 0.002839074062338103 0.010474692618941192 0.0038708384173098617 0.018879568732433398 0.021956720832759735 0.014145694144853541 8.0966096591612 0.007861309037466608 0.04552702962764193 
0.044097635819906604 0.003650059989746767 0.017662583595775053 0.004180950225871174 0.014099569569542768 0.04208412188027536 0.02198763076858995 16.575939217376813 0.008279758549856967 23.94007524383405 
0.02021320860745411 0.004295515440033308 0.014622775970881638 0.0019976167712906505 0.009315800314686271 0.03556568482657661 0.016085737948898508 0.031185782167835352 0.007739143169334547 0.0437282552172466 
0.09300951161448505 0.0034247654605929104 0.00803824124966695 0.004261230027558798 0.016191064554908333 0.025664041064076996 0.0252085084929189 0.06853185626968605 0.030761910357380372 0.044306986716588066 
0.03414982844363956 0.003565911305369165 0.041436198865810715 0.012733415202914176 0.03774816134325778 0.002418305584777774 0.018973304421030564 0.06079588371507964 0.007739816199629669 0.12514267712896632 
0.07207404358810576 0.0041754764832625975 0.010091190305675225 0.012178445159667843 0.013206287315167719 4.865393085048475 0.033863988705881885 1.8190601446086059 0.011441714838964995 0.04311903507199299 
0.027357987064261614 0.002535894043964294 0.012962791163759623 0.00366503946088926 0.024773714640504325 0.023480041896911066 0.020229365190580155 0.023756876207463543 0.00944180046810763 0.04314363169196037 
0.012636321448821503 0.023513825030387965 0.007914209480189853 0.0015823113365067958 0.04239736533251954 0.027124558063037447 0.01445458049017625 0.02719542482285161 0.00761401753478773 0.04415770128458226 
0.0880023991862083 0.003591983168427572 0.010130488659963778 0.013155132193114491 0.057568445513827546 0.0024364163619436507 0.022692712851064997 0.04700512321765837 0.0077127240474092395 0.060415381698368784 
0.101527771642689 0.0036022286660485165 2.1994466390397065 0.009950495161127011 0.018351918317379676 32.182726873912834 0.018969210001454854 17.148154789428126 0.44191706236118194 35.51614351404845 
0.014783158700177448 0.00590623896952911 0.0039758521873550475 0.004955467847586189 0.014825604531466542 0.023646231807172166 0.015650608245155573 0.0014224903626007285 10.132794880392735 0.04375460009041224 
0.049852270220406364 0.003534447130018199 0.01349150946721381 0.005008215445136277 0.046064734490938286 0.016475267739488365 0.020515088877428117 0.001501420535309839 0.014780966751355302 0.0867557786798562 
0.04665429696282401 0.012962804789906872 0.034026974007505574 0.0026955955933600324 0.36558212996685635 1.622371167386196 0.02224029469488806 0.005126384842619481 0.7408344999792211 0.04431982558672883 
0.015193160419422385 0.047964136060261064 0.030207662506815076 0.0044987780211108355 0.1581352362417507 0.053131434395165406 0.014288060282442474 0.0018310049139004074 0.08522315967586043 0.04307783289872571 
0.021585170810976446 0.002187606939513145 0.025019929281628592 0.004334179306724981 0.018253101440721425 0.028912171270835434 0.03317330483687839 0.012316101236442212 0.021854475658949983 0.04564238818399374 
0.02602389935937125 0.004237826768329287 0.006779451450507462 0.002386870453741124 0.02496210835454257 0.030954686537372496 0.012462887843883821 0.01819979196148962 0.012216358099261932 0.04419435076150185 
0.6153889020615024 0.06665636295965116 0.0055552255981812055 0.002827515466698941 0.07234721210388073 0.07662536392791625 0.005268600301183587 0.0017288361579385644 0.10702035892860828 0.35776837316516946 
0.05279478535177813 0.0039264931792147425 0.016228347061381668 8.457356709790967E-4 0.03633362414186435 0.03486889008411171 0.066975682760609 0.3950342516760908 0.4976284785750219 3.750531434470122 
0.058939529866040966 0.037729709370152534 0.015879800677674978 0.0036711164688767507 0.04767086398597297 0.0017446331485092119 0.01690461846039442 0.01225944966896053 0.010412202641732 0.044326059470269775 
0.024096504557191808 0.003657821021375988 0.01130344129334197 0.017033700573592103 0.011541645326772345 0.03314757876448753 0.01869278527689594 0.012959793954207382 0.007205788567666073 36.04233147468032 
0.015545126803025638 0.10467797115606275 0.03814253851091193 0.0049812867676346986 0.021305493847572476 0.02308374555075321 0.03328740622335957 0.01878288900449017 0.015045384110578906 0.25493957085658414 
0.03793313967933889 0.005799248442942676 0.010289902465811665 0.006043385632518938 0.012590219909358364 0.036534769962941624 0.021408040227746953 0.25505302507575195 0.009657185240403519 0.7332715090645335 
0.11308748821327042 0.0023804439680928076 0.005401894156038775 0.0030382283875330556 0.02291098479116649 0.03589543334606068 0.017992489777808242 0.02007672119603217 0.012670380660672154 0.1868445728527951 
0.026831297179432757 0.18313947504630426 0.0071278354988795894 0.0036138174600564856 0.013251971075679263 0.035654504712041964 0.018079071595123116 0.02014803657788701 0.012984161382562691 0.18710011832773407 
0.018538047320339944 0.002413470615775621 0.004726369297990733 0.004921832532887504 0.14689722268523353 0.21907281384920152 0.02286824823680653 0.04253986978457196 0.008498302526546942 0.18874561894814013 
0.015891119551290783 0.026512307835673724 0.022105840431412845 0.002878229603891882 0.00773118501968009 0.02316723003412735 0.027840237021892467 0.02787570292354346 0.007675530844527148 0.08126128650272127 
5.110407438790572 0.002542095432010316 0.03434137524813535 0.0038972123874699777 0.022022581713500536 5.107648561759338 0.025638673569701995 0.02671986651521857 0.01818213423074412 1.9607822447406056 
0.11420102660193426 0.026512055201852392 0.022612141642802314 0.003929301033941377 0.009357822101152723 0.022127164637494798 0.0278375485387876 0.028848058231057194 0.007675530844527148 0.08126128650272127 
