5.371445600622048 0.7071364721727621 4.098407829576273 5.519584843844693 3.702409445267295 
5.9522717929037645 1.045133458710853 3.89569851202613 4.047380367904276 4.111701591778462 
4.526339862881079 0.6110019948031721 5.024580786114613 4.305016747732524 4.286928301832902 
4.6901401398824945 1.00031863819138 5.149186912068676 5.656272474486257 2.92729427036914 
5.581240924278541 1.2456921732782191 5.4987999265662095 2.4273100791611584 5.070613594428152 
4.803172419081549 1.1299625236699615 4.9503782378122185 3.7110334423002564 3.5241827037168783 
3.821328244178868 0.8586684013984462 4.686148482860204 5.518201954074147 3.9136397653141297 
3.9096223518747633 1.1737595610306815 4.423145922172492 5.52795429776771 3.132422170402301 
3.766783567612686 1.1322528132381082 4.043222926329478 5.5143367876522635 3.698889170941263 
3.697425001043516 0.9427998350914947 4.85082017617918 4.335532596281399 4.317315931536671 
3.882490257016203 1.0647746415874948 4.739561913908176 3.5504330838107947 4.9212322323533 
4.0241114643698275 1.4028274171093758 5.576869605770641 2.564415983600792 4.963247648472964 
3.0679942880577253 1.1580659417170298 4.664978090250518 4.923014632758509 4.319057565106922 
3.297464018828517 1.2995456460735473 4.73996829171527 3.55367443478344 5.320886117683861 
3.1155920337594862 1.1654500484252988 5.605721832191179 5.885424947884002 3.7383675288661893 
3.861064463007938 1.227563033430051 4.8107450439348955 3.8072416790901773 4.0482187460663015 
3.0707852066488313 1.082341382561964 5.714260887874457 4.405611069502068 5.126798185592285 
2.780559108926153 1.0541761001204537 5.328459228044813 5.607178266882564 4.981467301039486 
3.036051016590176 1.316310806152112 5.874119054751725 3.555820716037077 5.3240997261155565 
2.557647853822175 1.3915582377479327 5.593305804384758 5.635236861263074 4.031028207932937 
2.729567932464792 4.774566553526927 4.172836091752056 2.460367330771132 2.85108154832991 
4.31027495021762 2.930155511115791 4.172295447696419 2.460048558851311 2.8507121544075638 
1.3481333726659133 3.176561420550862 4.881406793500937 4.674772956983997 3.838904170686751 
4.612445461718959 2.5629216649073143 3.022775078894032 5.744042077276784 2.26798902943503 
4.040603402064449 2.2681444310144876 3.39701956187753 3.1093452818269776 4.488772244567549 
2.59026877277039 2.4219641624742767 5.4816524722785065 3.6950504094141 3.1183003421094546 
3.9461975356148917 2.3888372773422337 4.8305159342147945 5.924255900794576 1.7423136337977643 
5.2858749993264595 2.3690156776344744 4.89372972240856 2.5042077100162623 2.7510071782275474 
2.9175654223058007 1.798069515654046 3.769342107134494 5.654936962817079 3.789755557278537 
5.578407352376719 1.9167517179753248 2.6825281327029047 3.661511447964291 3.923726528138327 
2.8286069960922635 1.7777403568376091 4.912448136572079 3.7702200441335094 3.8848053653992594 
4.449101914196922 1.7857123700794062 2.250076289795575 4.457377500072286 4.965160274020826 
4.810216290571033 1.6711562975135443 2.3877735443763033 5.501943971745783 3.899810654550454 
3.946838240428162 1.5402126432602914 3.3109512719998357 3.637662576534427 5.106104247607299 
4.021464189014786 1.3806483477055431 3.3558087384675797 5.557289968873142 3.7277011682844696 
3.9154993673964222 1.4359489889239307 4.19951294712906 3.676984498698352 3.8656619860926704 
4.05487799887474 1.481719335944156 4.963177877928103 2.5754085355331036 4.8285665890748275 
3.1311221418537887 1.2676805815754468 4.7091864167554 4.962783701473201 3.9455348094371554 
5.145058871398769 1.7347438635097103 4.7043282945122735 2.333566631163876 3.9735211774008357 
3.8745312497225055 1.2271444672182097 4.152319581939008 5.6306122097847435 3.5716835583865483 
3.591052396875598 0.7066549974376678 5.8042662034157075 5.134139758628722 4.4059301357176635 
3.8148778780328505 0.7024380984252733 5.824220338821579 5.6444986300915705 4.056339592435136 
3.6263093221174305 0.7629609870675753 5.796945094216382 5.604928161831052 4.024571604343988 
3.7938624092911692 0.6942391684381178 5.7962104852600165 5.825669237652027 4.036881475939766 
4.310836932061464 0.9210890351987318 5.8885081965753026 3.874329476819466 4.070177145406589 
3.1795343363468627 0.7740685383362071 5.920214267353725 5.594321589886623 4.946259142287425 
5.392208441530067 0.4350142577271115 5.591612174624656 4.358154660990912 4.339842944817208 
3.324442194752134 1.0640809111881602 5.9242331358336076 5.663802310176124 3.7681437479136908 
3.6498065211335446 0.8630458279572252 5.540999173826939 4.318706416290695 4.300560450329337 
3.773094741779189 1.0871504331247337 5.809244771750808 3.8955088065305112 4.03074345136244 
3.6807380888195245 0.4992794044501042 5.538478771527121 5.56958608641754 4.93371635496684 
3.9009679055464948 0.9449768728583976 5.957423164964981 3.5917940382808435 5.221852953359021 
3.6063226066879666 0.822952651754766 5.471910302137687 5.874389715106572 3.954670976907812 
3.692656594045396 0.5104870413623318 5.404805310403102 5.54570448556765 4.944209769868238 
3.6368826202178095 0.8922201823996788 5.467259869257392 5.863157369171489 3.7292961429967186 
5.339889204677685 0.3755665237460833 5.324730629522893 5.573482831667023 3.8924664315662345 
3.458084342221301 1.3036520290902156 5.912747970444253 3.842549088419967 4.067286991032577 
4.301199937981609 0.921297215123908 5.874289018629724 3.8659602737323655 4.051979862224246 
4.1878029481923855 0.9435438466343916 3.9503649829775114 5.905334470263879 4.070941023937585 
4.097751578527515 0.5499728067732745 4.635880968096452 5.976089115664593 5.010584758949617 
3.771085121392027 0.7143985129941427 4.858300786294934 5.891431490918375 4.36039694588996 
3.649042944577301 0.7658930300278716 4.856253000499674 5.888767349301126 4.3553762336593245 
3.701457973377012 0.9507662321053941 4.386639137224741 5.8204383996712865 3.918350659110502 
3.8585035183560934 0.8961232169507137 4.912175903427923 5.9134319823943144 3.7756654295113483 
3.6643815356937806 0.7692456871933077 4.8766102484408655 5.8702959049105 4.373607301174248 
3.891119878341971 1.0706327831427556 4.119992615442064 5.853306318322422 3.7242979354903465 
3.907569493215952 1.093580767677392 4.062827565621312 5.8652350783228515 3.7318878776233073 
4.0786566964790545 0.5521818686904839 4.621808083165475 5.818887129158668 4.994961474296505 
4.061150021846822 0.7552465281920885 4.666552991660029 5.564865912825966 3.897923437918516 
3.7166145529815746 0.6096401628815846 5.464188933267829 5.878107519213398 4.480960682321036 
3.8385629530507863 0.7392807945821713 4.090058941761947 5.994704505824287 5.793750264353039 
3.8407800914822423 0.7390292640058744 4.092476404113962 5.998639074149344 5.824386747793695 
4.046450467299874 0.7392699028770442 3.8269624446633337 5.539827523581722 4.847706785139404 
3.6518449902091628 0.7941372467516867 5.4522325695594285 5.853264611899164 3.940449442997033 
3.6066261849210837 0.6159911872179751 4.68509455029213 5.552421709231723 5.905062647019189 
5.3866041682334505 0.3922805058066455 3.836103323548416 5.588969523342943 5.715288501101313 
2.969521496482166 1.0007048356899504 4.636823172292809 4.904761040550666 5.729220196624461 
5.898904001241391 0.6725269272781331 3.240524568072379 5.317067062599498 5.622253205564274 
3.744631961525331 0.8997189183146044 5.450920932897513 3.728342892949078 5.931074598301815 
3.07037896852662 1.1161103149946294 3.8783630608877027 5.587043352981191 5.713318796440426 
5.3265647945352805 0.17219067998429405 5.310825896721195 4.6177501286374225 5.671749208810258 
5.367749652629642 0.05356550698428092 5.351522774375417 5.617805829243364 5.726815642664123 
4.325734302642267 1.0146432221585315 4.780159101021507 3.199234230085658 5.622507026930567 
5.385465369038876 0.5148011844877622 5.370592780401786 3.553232238060376 5.702620167329832 
3.814416265260059 0.7891848352739482 4.895073046294744 4.3602072378354135 5.018097209649729 
3.776165187740502 0.8339022855081982 3.830994342672996 5.551435907682357 4.937417323077584 
3.6888214627111804 0.5818989990557203 4.789216390797164 5.549136339311266 4.827625013358682 
5.065372782824951 1.360403258134982 3.932706884516363 2.723292074200363 5.700373458103954 
5.3911525698130385 0.2158813768947007 4.720330332908711 5.6271045103393105 4.982918943600697 
5.054283616341718 1.0036458779469242 5.543448296064666 2.752106512544386 5.760687612836942 
5.503723702944124 1.3633946290908694 2.1615262356102747 5.640136352131875 5.749579474607388 
3.992220447851429 1.1024917305257507 3.258069729004439 5.605103784354246 4.991984072767586 
3.3624871365881406 1.0404403929614516 4.968744012934149 4.4258284612413865 5.093619692895453 
5.881841567251872 0.8470513850060388 3.776728304614188 3.932621184066826 4.959006692705815 
