0.8651737061942403 0.003941632424807872 0.05701615528488745 0.0 0.0 0.0 0.0 0.0 0.0 18.433536202169876 
0.8651737061942403 0.003941632424807872 0.045216141628007744 0.0 0.004416676306668175 0.0037858526296835615 4.235843594279959E-6 0.0 0.0 18.448205095063585 
0.8651737061942403 0.003941632424807872 0.05701615528488745 0.0 0.004525570855068964 0.0 0.0 0.0 0.0 18.430074152518753 
0.8648100188943005 0.0 0.05090888510053468 0.0 0.0 0.0 1.617683050036152E-10 0.0 0.0 18.44395049975305 
0.8651775613768292 0.003941632424807872 0.04182834951516604 0.0 0.004416676306668175 0.0037858526296835615 4.235843594279959E-6 0.0 0.0 18.454129428212237 
0.8738913835598744 0.003941632424807872 0.02268136643188137 0.0 0.0 0.0 0.0 0.0 0.0 18.499583001544032 
0.8651737061942403 7.156172464417987E-5 0.045216141628007744 0.0 0.004439831227031538 1.4083996052559248E-5 0.0 0.0 0.0 18.456293310293063 
0.8651737061942403 0.0025315570173088113 0.045216141628007744 0.0 0.004378409600040711 0.0037858526296835615 4.235843594279959E-6 0.0 0.0 18.45362701486181 
0.8648100188943005 0.009840276485745418 0.04179694169830812 0.0 0.0 0.0 0.0 0.0 0.0 18.454141948792902 
0.8588950141317598 0.0037717480222966495 0.05701615528488745 0.0 0.0 0.0 0.0 0.0 0.0 18.43369329431318 
0.0 0.26717473884469006 0.050694606581281394 0.0 0.0 0.0 6.971824842478678E-6 0.0 0.0 19.71988079701117 
0.020374457949759988 0.2522335356294408 0.0 0.0 0.0 0.0 0.0 0.0 0.0 19.764331483044923 
0.0 0.19332473442031956 0.03645935563808364 0.0 0.0 0.0 0.0 0.0 0.0 19.79522140135362 
0.864285536586932 0.26717473884469006 0.02143905992288017 0.0 0.0 0.0 0.0 0.0 0.0 18.07541425632225 
0.0 0.26717473884469006 0.0509172038164812 0.0 0.0 0.19338059261980733 6.971824842478678E-6 0.0 0.0 19.53732606651602 
0.8675219205696318 0.19332473442031956 0.01699996541464096 0.0 0.0 0.00512768140071231 0.0 0.0 0.0 18.12768786988251 
0.0 0.19332473442031956 0.03645935563808364 0.0 0.0 0.19174620743258436 0.0036383496886606913 0.0 0.0 19.405063035926492 
0.8648425587474873 0.18931177911111222 0.0 0.0 0.0024566060653683336 0.0 0.0 0.0 0.0 18.486655652511814 
0.8648100188943005 0.0 0.05090888510053468 0.0 0.14673137685307525 0.0 1.425555460164756E-7 0.0 0.0 18.167676306677127 
0.7197193342153431 0.003931933964789211 0.06032975954071319 0.0 0.0 0.0 0.0 0.0 0.0 19.510768516782 
0.0 0.003941632424807872 0.05701615528488745 0.0 0.16021931387702723 0.0037858526296835615 0.0 0.0 0.0 19.8024423288256 
0.7197193342153431 0.003941632424807872 0.05701615528488745 0.0 0.0 0.0 0.0 0.0 0.0 19.060045429563914 
0.8588950141317598 0.0037717480222966495 0.06083733582602646 0.0 0.0 0.0 0.0 0.0 0.0 18.43249769559745 
0.8651737061942403 0.023841269747692892 0.05701615528488745 0.0 0.0 0.0 0.0 0.0 0.0 18.40848811411083 
0.01633293594277532 0.001114677550955541 0.06046977399731543 0.0 0.2160594101205628 0.0 0.0 0.0 0.0 19.745909224076364 
0.8651737061942403 0.1856367322308765 0.05701615528488745 0.0 0.0 0.0 0.0 0.0 0.0 18.07891748381074 
0.8590421563616577 0.0 0.04189527939684454 0.0 0.0 0.0 0.0 0.0 0.0 18.471733847187792 
0.0 0.0 7.140330733844894E-4 0.21509960547733456 0.0 0.0 0.0 0.0 0.0 19.820468640888482 
0.8648425587474873 0.003941632424807872 7.140330733844894E-4 0.21509960547733456 0.0 0.0 0.0 0.0 0.0 18.118344457466957 
0.8500994954533625 0.0 0.04189527939684454 0.0 0.20791195601306728 0.0 0.0 0.0 0.0 18.07043991178614 
0.8648425587474873 0.09333232396012671 0.02143905992288017 0.0 7.612360100833993E-7 0.0 0.0 0.0 0.0 18.40051128869094 
0.8648425587474873 0.0 0.0 0.0 0.0 0.00512768140071231 0.0 0.0 0.0 18.522697809291163 
0.7226195354082579 0.003941632424807872 0.02143905992288017 0.0 0.0 0.0 0.0 0.0 0.0 19.099356095894947 
0.8401998139237643 0.0 0.0 0.0 0.0 0.0 0.0 0.0 0.0 18.537222674716467 
0.7197193342153431 0.003931954471165422 0.0 0.0 0.0 0.0 0.0 0.0 0.0 19.153500972196007 
0.8648100188943005 0.0 0.016708063985564015 0.0 0.0 0.0 1.617683050036152E-10 0.0 0.0 18.503972832172042 
0.8253767997751795 0.003941632424807872 0.0 0.0 0.0 0.0 0.0 0.0 0.0 18.563361810199652 
0.01250287970389416 0.0 0.019627731339704982 0.0 0.20896521179670988 0.0 0.0 0.0 0.0 19.794643308345332 
0.858656175727833 0.006622080407395225 0.021724443049256387 0.0 0.09753106420127017 0.006096268129507766 0.0 0.0 0.0 18.313674909787427 
0.8651737061942403 0.003941632424807872 6.454257381269217E-4 0.0 0.0 0.0 0.0 0.0 0.0 18.519220948425485 
0.0 0.002546171348035949 0.05090888510053468 0.006921972585361517 0.0 0.13033789290949135 0.0 0.0 0.0 19.886035445156764 
0.858656175727833 0.19663577462401716 0.44358341464268747 0.0 0.09902790778738883 0.21107129274783448 0.0 0.0 0.0 17.762448077125192 
0.8500994954533625 0.0038941303299174102 0.42154448941872447 0.0 0.0 0.21107129274783448 0.0 0.0 0.0 18.484317526355635 
0.8500994954533624 4.975242530788859E-5 0.01857689915588131 0.0 0.10448260589835494 0.21107129274783448 0.0 0.0 0.0 18.502939020626698 
0.858656175727833 0.006622080407395225 0.8698749624416571 0.0 0.049513953893694417 0.21107129274783448 7.10449063208783E-5 0.0 0.0 16.35874019172943 
0.8648100188943005 0.0 0.05090888510053468 0.007003897798979098 0.0 0.19174620743258436 0.10034190788621912 0.0 0.0 17.881378773993326 
0.8648425587474873 0.0017906749401277763 1.4136685661349563E-4 0.0 0.0 0.13438342193632963 0.0 0.0 0.0 18.258268227607186 
0.8500994954533625 0.004131165919887954 0.8698749624416571 0.0 0.20791195601306728 0.21107129274783448 0.0 0.0 0.0 17.331805656595876 
0.8651722440848739 0.003941632424807872 0.05701615528488745 0.0 0.0 0.05814211759184451 0.0 0.0 0.0 18.348522542302536 
0.0 0.09333232396012671 0.0 0.0 1.774856701126465E-5 0.0 0.10073135982567011 0.0 0.0 20.163107960077287 
0.8648100188943005 0.0 0.05090888510053468 0.0 0.20896521179670988 0.0 0.020953175781645905 0.0 0.0 18.03191101613469 
0.8648425587474873 0.003941632424807872 0.02017515003617751 0.0 0.0 0.0 0.0065013266692501865 0.0 0.0 18.48885628336737 
0.8134612808197835 3.0129931328282038E-5 0.04179694169830812 0.0 0.0 0.0 1.5102849247203778E-7 0.0 0.0 18.54664630074269 
0.03569659974156487 0.02539120839796891 0.04028083852601445 0.0 0.0 0.0 0.0 0.19098315361351584 0.0 19.71012604562884 
0.0 3.0129931328282038E-5 0.8698749624416571 0.0 0.0 0.19174620743258436 0.0 0.18744642943330725 0.0 17.78394368271529 
0.0 0.26717473884469006 0.0 0.20063606729029684 0.0 0.0 6.971824842478678E-6 0.08443513760814259 0.0 19.25850548658589 
0.0 0.0 0.02143905992288017 0.0 0.0 0.0 0.0 0.007366892449762399 0.0 20.18224874165128 
0.8651737061942403 0.003941632424807872 0.045216141628007744 0.0 0.004416676306668175 0.0037858526296835615 0.10073135982567011 0.006151486429235803 0.0 18.25787563969779 
0.005241953344498837 0.09465588955555611 0.8429592808719101 0.0 0.002857391726744943 0.0 0.10073135982567011 0.006091213819647632 3.07044597446304E-5 19.084989608393478 
0.01633293594277532 3.637911093222942E-5 0.8698749624416571 0.0 0.21567175717076892 0.19174620743258436 0.01740519611271718 1.711772811283587E-5 0.0 17.70351118512161 
0.0 0.1013802946588021 0.019627731339704982 0.0 0.0 0.0 0.0 0.0 0.0 20.011090079479594 
0.0 0.26525507592085124 0.0 0.0 0.20896521179670988 0.0 0.0 0.0 0.0 19.39886942501318 
0.8802872587321094 0.26717473884469006 0.0 0.0 0.0 0.0 0.0 0.0 0.0 18.13017272978783 
0.0 0.003941632424807872 0.029805817400336884 0.0 0.004416676306668175 0.0037858526296835615 4.235843594279959E-6 0.0 0.2465737667583483 19.740426939331307 
0.8590421563616577 5.550765837363889E-4 0.03254504987697371 0.0 0.0 0.0 0.0 0.0 0.2412845897404324 18.149857119743828 
0.032299712543011956 3.0129931328282038E-5 0.8698749624416571 0.0 0.0 0.0 0.0 0.0 0.0 18.49072271764926 
0.0 0.0 0.8466562981211965 0.20136678747172346 0.0 0.0 0.0 0.0 0.0 18.14768839089646 
0.03554940831220609 0.0 0.8638940117617103 0.0 0.21043885317343128 0.0 0.0 0.0 0.0 18.07508702539763 
0.8500994954533625 0.213991003606185 0.8698749624416571 0.0 0.0 0.0 5.816507715284802E-4 0.0 0.0 17.799712200084482 
0.8648100188943005 0.009897392242786506 0.8193108941742513 0.0 0.0 0.0 1.5102849247203778E-7 0.0 0.0 16.884916999855015 
0.8648100188943005 0.0 0.017513076079335964 0.20821075250039 0.0 0.0 1.5102849247203778E-7 0.0 0.0 18.104663970211835 
0.8648425587474873 0.0017906749401277763 0.0 0.0 0.0 0.0 0.0 0.0 0.0 18.520732593112143 
0.0 0.0 0.0 0.0 0.0 0.0 0.0 0.0 0.0 20.217705165494458 
0.012098346592137092 0.009840276485745418 0.0 0.0 0.0 0.0 0.0 0.0 0.0 20.19583430639459 
0.0 0.0 0.026103258475571364 0.0 0.0 0.00512768140071231 4.113319167340006E-6 0.0 0.0 20.18030454807848 
0.0 3.0129931328282038E-5 0.03645935563808364 0.0 0.0 0.0 0.0036383496886606913 0.0 0.0 20.163557063214647 
0.03554940831220609 0.0 0.05090888510053468 0.0 0.0 0.0 1.5102849247203778E-7 0.0 0.0 20.09490674562884 
0.0 0.024529340068078095 7.132321005600094E-4 0.0 0.0 0.0 0.0 0.0 0.0 20.19146648713143 
0.0 0.0 0.08982593748383802 0.0 0.0 0.0 1.617683050036152E-10 0.0 0.0 20.05839167194754 
0.0 0.0 0.05090888510053468 0.0 0.02689859789000404 0.0 2.366194201894053E-9 0.0 0.0 20.107465222129008 
0.368677551588861 0.0 0.04344025872133405 0.0 0.0 0.0 0.0 0.0 0.0 19.907307916961255 
0.43258685309712014 0.0 0.02017515003617751 0.0 0.0 0.0 0.006458400257083885 0.0 0.0 20.10208980548074 
