1.6354255491719187 1.6354255491719187 1.6354255491719187 0.3537727661283814 1.2816527830435374 
1.380606912987448 1.517984583618892 1.635214496007579 0.38363477280351693 1.624816356987765 
1.6215156910884398 1.608475852778827 1.6339488710441499 0.3980860173695394 1.2742375089780906 
1.6345902101784164 1.4117309739480177 1.454748036582882 0.4080566476235885 1.6351023839343404 
1.5684884563819403 1.5174696163316628 1.4343918758015757 0.39505378554326387 1.6270690853405807 
1.6343719408589665 1.3270840937412696 1.523192933473099 0.4254894090485074 1.6354396243268154 
1.4956572281938905 1.3893502158246782 1.6351104571426547 0.39503350587760755 1.6269855614806459 
1.5457055768189356 1.5889043133816645 1.340695118002538 0.4491066831274645 1.6163501714136839 
1.636252742722717 1.3118678459877722 1.4532313694532804 0.5074062700043813 1.636252742722717 
1.5619566685831867 1.4568709652274512 1.7002267042578927 0.4753220674074643 1.6065304115555759 
1.3865213942480386 1.519745053371705 1.6350583875979978 0.4034895368827128 1.5998187939440094 
1.633612000881906 1.4680732975410637 1.2702776633831685 0.5515484486657837 1.6160546703038128 
1.613652449518142 1.1003289539633678 1.635359378452383 0.5602670630058495 1.632181521074483 
1.350119233288572 1.601667379014052 1.5192355934359412 0.43330587577633767 1.6347760271716343 
1.4878390503490173 1.473387081335913 1.407459880857122 0.5433403014902333 1.6287505415444392 
1.6327389119423477 1.265662656542727 1.3370433539728939 0.6674181638128719 1.634282403670708 
1.6083052972088032 1.3053069033566729 1.6342899173769738 0.6540344352036286 1.335223116361817 
1.522620426759682 1.4274596081282267 1.2857264729066766 0.6674751421530095 1.634421924444529 
1.6014898262687143 1.2127918111901101 1.6343963433339912 0.754958230891443 1.33565938146173 
1.3282106614081608 1.634363769921669 1.634076314924959 0.6055208791680675 1.33528345426382 
1.3643159888183736 1.337825509181848 1.6337961424516603 0.5737576098557434 1.6279775975369797 
1.5422968854487624 1.5870835050272862 1.3297507287968007 0.7279013650107231 1.3532516214028099 
0.9029318880116475 1.634283179223354 1.6195278006529272 0.7470541546829258 1.6333356943225616 
1.1735277068632108 1.6313378012668065 1.6335922391889903 0.7626423835520428 1.335008425093431 
1.2274303566854934 1.4149933729141813 1.5984586405591947 0.6682750800639732 1.6363802971515342 
1.3333811184149205 1.6345253058816225 1.1050985988264828 0.8305712276386571 1.6345249727648072 
1.502426687728888 1.6346378902751226 0.9362209894450043 0.8306284365161127 1.6346375571353626 
1.5503420896947488 1.5913254626799482 1.3558451953853816 0.8131360680402869 1.2303028612690177 
0.8450070762652391 1.5996337353244219 1.6330746528928581 0.8267447481980597 1.634426049427971 
1.4726465797705917 1.304473589746958 1.4646162980636406 0.6617845137468882 1.634505303479527 
1.0423518650803842 1.6209818824181994 1.3658305393094488 0.8742200735177927 1.6344614534419417 
1.049823311161213 1.6354764111186322 1.6236421375812355 0.9101390047340484 1.3228247798793995 
1.40894590628387 1.1941987112630148 1.6350815331233748 0.6687866333756933 1.6333133484475462 
1.615158347705398 1.3928771667869262 1.3493666683544552 0.8443143661354027 1.3351666461141833 
1.4091184207661998 1.4852779042092816 1.6288822858217333 0.9194310365754356 1.0989388941020097 
1.4786615515181316 1.3352310964618834 1.2680956200094595 0.8272123085092872 1.6351272672849344 
1.6042012131436032 1.2461080541039111 1.6349106654419139 0.8250832139873167 1.2293395150909108 
1.6330394951655132 1.179925698995286 1.2673872952937888 0.8286651949694401 1.6350698225511584 
1.630065509170865 0.8181252235183115 1.6349135236443522 0.8371719878906008 1.6213624600520038 
1.6351821158395157 1.6351821158395157 1.6351821158395157 9.480060643712649E-4 1.6342341097751445 
1.6340364053017957 1.6071722509499988 1.6124628507987264 0.04998511189167306 1.6332889292837054 
1.6354725729111812 1.6354725729111812 1.6354725729111812 0.0029154975502763353 1.6325570753609049 
3.37327867084028 3.37327867084028 3.37327867084028 0.0 3.37327867084028 
1.6185017813881661 1.6020049009971968 1.6335893724993666 0.04998948406044581 1.6334317921199228 
1.6265535470667523 1.618533738013841 1.6086908087133034 0.04998620956593595 1.6333247963479909 
1.6269760581261092 1.6170632964193612 1.6074961767692322 0.052360380468515454 1.6333686319175709 
1.6194830772187496 1.6022222436834848 1.6351768078743665 0.05738677780263589 1.6266934411802 
1.5558482045356024 1.6259945405240503 1.5442431649202917 0.19221553459543503 1.6214179879961192 
1.567521805989606 1.5216773263032786 1.569286287939081 0.24680057921630796 1.6350953331494247 
1.5681455695363795 1.5223748083145678 1.5699072141780503 0.2495480780864516 1.6324660805519093 
1.5706136557366848 1.5273272030339693 1.5586111518240215 0.2466981496549159 1.6344167200831972 
1.5910647160132465 1.5607721580281428 1.5088890226996408 0.24956405116319227 1.6325705714627636 
1.52550040958263 1.4508691737810382 1.6355048392089455 0.2946400950542229 1.6355048392089455 
1.512433419709151 1.4293559790233996 1.6348435098245602 0.32992620525660643 1.6355197046045724 
1.5916294672549383 0.9075584581585124 0.8296097269884671 1.5761761244217016 1.6349912589412066 
1.5791631989533463 0.6745041779534653 1.6355504990601262 1.598434834357584 1.0583776529873903 
1.5464076907771502 0.14888003415360046 1.6335154402742582 1.5761787347181264 1.6349939666410451 
1.3364193217597846 1.1542599733635015 1.3500814369187757 1.4216309303537342 1.2756337741555657 
1.1706376018870266 1.5819409996430798 1.092155152890585 1.4629771269449785 1.2296222383796878 
0.720039472108632 1.1375757446859636 1.636476779541323 1.415363318640125 1.6364851049920146 
1.2869709699726717 0.9626174327231345 1.635447839219875 1.2544624169053769 1.402292698058442 
1.0899131861215607 1.3266411271084924 1.635266667976751 1.3167008784762104 1.172544812223989 
1.595406751995762 0.8681165114433635 1.3793004836535807 1.1501644602371552 1.5477261020088278 
1.6371632655303485 1.6371632655303485 0.7394105932809241 1.258263183235111 1.276652754544662 
1.3491659435539691 1.6306680844107242 0.8148636937365846 1.1170765843838495 1.637129149801321 
1.6293904996290114 0.6197336825435723 1.6329774624229871 1.0269611148972235 1.6350813640180295 
0.9451159679085807 1.55422912386167 1.354624054543739 1.049231783148096 1.6344003098206952 
1.6297088462446911 1.147209277570462 1.635206808816381 1.0711659036806156 1.057536398953374 
1.4538861476680838 1.2878809509385394 1.1856693916656156 0.9817678022380001 1.6351285049918884 
1.1431206402633565 1.635109865291756 1.6336328534701055 1.0711023994207256 1.0574737027210803 
0.8906703831760829 1.3599910034853455 1.6326867680678347 1.026830442809494 1.6328381997190045 
1.3194302490478422 1.634809055183052 1.2905570096533678 0.9923311665006815 1.3033290909900008 
1.2111623957014945 1.1696479269476803 1.6334773394579996 0.8955097272866962 1.6280114652488769 
1.5342564366574796 1.1486040030169449 1.6258953529233557 0.9097849344336487 1.3235589998811517 
1.5030837408400313 1.4095397832028245 1.6347206037072057 0.3590251857093661 1.635456437819809 
1.276352030274602 1.6344127306083989 1.63367736608664 0.3587960648555558 1.6344127306083989 
1.4978171640338975 1.4048088166820638 1.6356169306769688 0.3686078806379761 1.6356169306769688 
1.6316844234320882 1.2699970874030224 1.632255464147441 0.368258141294935 1.6340650387591622 
1.2829608434779223 1.6199769167719487 1.6357926170684256 0.3686474738869804 1.6357926170684256 
1.5433548794252656 1.5488840722253112 1.4420822973525935 0.3682893530293199 1.63420353401083 
1.3813482506578467 1.5169416417552501 1.6350020856975656 0.37393295251861763 1.6344774472464514 
1.4954757201971023 1.4007505551871737 1.635819098025514 0.37541192066675194 1.635819098025514 
1.3798360448176246 1.516193067413645 1.634918401237432 0.3760334719650173 1.634396195026277 
1.385287390978719 1.5201552750896257 1.6352434853183877 0.3768225595671042 1.6248388074908202 
1.5391251980629976 1.5449558867792452 1.4323304229646292 0.38837144094604154 1.6349276495843046 
1.6199198073162973 1.278744481807585 1.6352555612560022 0.38364440704861896 1.6248571611070441 
1.4937817925709926 1.5702384551788944 1.4700973240646604 0.383661137543437 1.6249280201207934 
