7.695500366537977 0.08676617441603227 7.137660414717313 7.295733682591584 7.314575862326045 
7.856438298840981 0.08553979231664052 6.709904449075943 7.7422219672708765 7.760657790705011 
7.440353282114824 0.07738774038649392 7.109954642096953 7.6114563919928955 7.284532232159421 
7.631613689824148 0.046307425839995635 7.488856680583742 7.361974596654395 7.41180564315781 
7.850395563134226 0.01705568225963 7.341637105832924 7.850395563134227 7.7573276282612955 
7.268761056335175 0.08362916684270999 7.377345937604688 7.914619518686549 7.133143458492499 
7.166697989680796 0.08640542257713231 7.350141147497851 7.594480716089371 7.131683734483417 
7.169728715786341 0.08762140147717952 7.174654051250892 7.745000375093139 7.335950108147935 
7.467337605557493 0.05889664960943572 7.165365023623514 7.535717215684668 7.5394545011851655 
7.635122402698201 0.06908894741538281 7.420655817701722 7.005250603806511 7.78823737716083 
7.186470447906759 0.08228448371431239 7.49486933948397 7.368024560310571 7.297023175032702 
7.304541020241013 0.04877660409542141 7.349465608274885 7.57705115726809 7.516308254492516 
7.876545877020263 3.982659609550458E-4 7.88175454776257 7.878243127460372 7.80380072325138 
7.17076215334882 0.09147481345172716 7.098560130269658 7.298291585967404 7.736489591555945 
7.174345717261877 0.0725898087653805 7.3537181961726095 7.297964504363935 7.683157555711186 
7.27736058924856 0.04130071178552954 7.414624956189614 7.56950633599553 7.734984251094131 
6.940673347583622 0.07711839470957083 7.462593663542657 7.696498150258306 7.3798795118052976 
7.157784225902603 0.04247730806445238 7.468050475587587 7.866281836643255 7.7893692190831665 
7.037407101807432 0.07109976069297534 7.5771931069439455 7.9523208664660086 7.582019491378825 
6.982387532518306 0.06582769123117456 7.5083384606452155 7.664781187614505 7.846976638465319 
2.6028960666012373 6.788310125909074 4.161413686326088 6.291992281483707 3.9181850012342196 
1.3128978326778755 6.773761207174387 6.689494598996076 7.875211094566761 3.916693921575368 
1.2689648314342494 6.467015455053677 7.848113516311136 7.825060908773179 3.855546695056961 
7.495874924339405 1.0743477734870972 7.477121053219438 7.611246876809732 3.9427552339042826 
6.792394696457784 0.49956291499255767 6.580444014766746 6.2989260580059065 6.349086439823833 
6.761641372396596 0.4089619444286838 7.296198753061053 6.282522319556122 6.332552073108801 
6.760825281903563 0.28991691528636393 7.121597419648611 6.269529071562686 7.510621467018493 
7.64925630897382 0.20044576833278266 7.117874331576264 6.866243607521634 6.632613075037717 
7.217814976636034 0.18715184684654138 6.754107131141676 6.820843684771467 7.857887499253868 
6.774297832349258 0.18119649394476453 7.34963785875496 6.999693431008227 7.149341726232544 
7.9292615637677555 0.1399032088320702 6.47628670991365 7.635035522430229 7.8921068103062035 
6.553381056212792 0.12730835109700975 7.622792994323596 7.63891500765209 7.829140799307992 
7.169209584452782 0.15279589266952337 7.336219817546684 7.298325791337882 6.721741131543952 
6.52794531058801 0.1485362366932219 7.589591596706798 7.604868890113072 7.278227673964294 
7.289666902930945 0.11797510168709795 6.686201205829054 7.576334061974715 7.741961238836204 
6.929582535033134 0.10979680203115126 7.811806013067134 7.002093583411838 7.795327760863 
6.778178217279117 0.2530936027560642 7.3206890633157355 7.676564847673287 6.363955990533716 
6.418453874009639 0.21636201993222726 7.136184660296571 7.328166643517357 7.366481239313661 
7.181781122948383 0.2081786479239618 6.447334022404342 7.879782652399792 7.044108412711402 
6.959833602122375 0.11379422024101 7.097958440512018 7.579709375274247 7.338724394076739 
6.817859469047358 0.08754901724040791 7.858087430875123 7.7297645687504035 7.407741297876404 
7.161684282824428 0.06758642976716628 7.855801051734886 7.727831125727159 7.151873853702937 
7.175614907222568 0.07715816416812347 7.877399339560197 7.275220059193778 7.281969507046374 
7.3685362910589545 0.09054663321475526 7.843490848107308 7.769106696416932 6.8716930565001455 
7.121982987034742 0.060009620099546516 7.8590193776888695 7.565949989401576 7.301776098307144 
7.173914722065457 0.053487345450601124 7.870607683776931 7.7421628013686465 7.341415818196092 
7.561547189397094 0.07605432688901845 7.859770664849544 7.707290125154588 6.821711264863584 
6.772983783942108 0.0794845513644836 7.878561890907503 7.728727776197192 7.841455177844063 
7.425951166424697 0.03600218075834973 7.850899445499361 7.587788005797985 7.346546177203239 
7.162385571363857 0.07886474052233541 7.867718123035104 7.0125340904102735 7.790791462176255 
7.262164894782394 0.04469685214672596 7.751563522540623 7.5011198578504255 7.361424789376761 
7.180974698587473 0.052523920821449965 7.88572447217962 7.312185189150216 7.885580324587341 
6.915747182544774 0.06658065479703018 7.801771429098899 7.558849784418306 7.78573878909965 
7.298856619515794 0.029547794613190105 7.885453303126837 7.53955237816059 7.848314132660718 
7.428104946800944 0.0235457948812464 7.802944645718418 7.728896633335586 7.505658199213866 
7.8266040629379345 0.04603071143139267 7.86368717033135 7.2553157093522636 7.271798319223415 
7.168576370401831 0.08413274385464839 7.561138306769535 7.254241838658757 7.2741823131936245 
7.5445665865995455 0.01445096968805452 7.771129253331503 7.732931959016086 7.505030619430694 
7.5976984001585475 0.009420147852475651 7.854564757183107 7.581103356771 7.776879298805613 
7.014783280150027 0.07628869246801466 7.54240217623924 7.699341035913246 7.523569562178407 
4.368652631256225 0.8710889710569967 7.568783264506341 7.943494673896234 7.573604292190763 
6.412999574154881 0.19921004095982014 7.1320840624875705 7.324428140254668 7.823493614058608 
6.758844262651579 0.14445123618226444 7.336042285733607 7.013942986999573 7.834695610692007 
