0.25915752946627 0.0 0.0 0.0 0.0 0.0 0.0 22.64952799877234 
0.20768821300269735 0.0 0.0 0.0 0.0 0.0 0.0 22.65062664970297 
0.2047877353641674 0.0 0.0 0.0 0.0 0.0 0.0 22.65092600262393 
0.19026755467156597 0.0 0.0 4.7376931098241926E-5 0.0 0.0 0.0 22.653641060203547 
0.17088779903039963 0.0 0.0 0.0 0.0 0.0 0.0 22.659855878708566 
0.20627201690249386 0.0 0.0 0.0 0.0 0.0 0.0 22.650711298797134 
0.0 0.27265706138350865 0.0 0.0 0.0 0.0 0.0 22.6508117466779 
4.5467651634822914E-5 0.28080091545729857 0.0 0.09928748908093787 0.0 0.0 0.0 22.64157065657527 
0.053073982731362435 0.10056138639678558 0.0 0.0 0.0 0.0 0.0 22.665314771456877 
0.0 0.26171378376893273 0.0 0.0 0.10139004311396249 0.0 0.0 22.641507488047914 
0.11340175599462654 0.13632853069175432 0.0 0.0 0.0 0.0 0.0 22.648883836302257 
0.20627201690249386 0.2475167147843127 0.0 0.0 0.0 0.0 0.0 22.624733710943524 
0.25915752946627 0.27540652284676526 0.0 0.0 0.0 0.0 0.0 22.624254864125188 
0.0 0.2725094615811443 0.0 0.0 0.0 0.0 0.0 22.65158325118751 
0.0 0.0 0.08668470872215117 0.0 0.0 0.0 0.0 22.671136909819065 
0.11340175599462654 0.0 0.0 0.0 0.0 0.03454260674014442 0.0 22.663666232106113 
0.1116193176334761 0.0 0.15355021346378628 0.0 0.0 0.0 0.0 22.646713678647526 
0.1116193176334761 0.0 0.08558759839621466 0.0 0.0 0.0 0.0 22.655327475210846 
0.25915752946627 0.0 0.10660341105370641 0.0 0.0 0.0 0.0 22.642743367874203 
0.0 0.27458304172667347 0.0 0.0 0.0 0.09128269370744668 0.0 22.641447096780773 
0.10200896277112292 0.0 0.0 0.0 0.0 0.0 0.0 22.667663500911708 
0.20997812552200656 0.0 0.0 0.09921555300582874 0.0 0.0 0.0 22.63945993243005 
0.16238120082720897 0.06682616821353271 0.0 0.0 0.0 0.0 0.0 22.654454090780984 
0.0 0.0 0.0 0.0 0.0 0.09334830744677092 0.0 22.673236499962428 
0.0 0.0 0.0 0.0 0.0 0.0 0.0 22.676396425539842 
0.0 0.0 0.0 0.2680247002759284 0.0 0.0 0.0 22.656182639924022 
0.20688534870049047 0.27513906845340586 0.0 0.36690927823641317 0.1059450944316751 0.0912887147168302 0.0 22.587779027195033 
0.10362471857690991 0.0 0.0 0.19959818818775688 0.0 0.0 0.0 22.66554072781725 
0.0 0.13955937946026786 0.0 0.19857497816187575 0.0 0.0 0.0 22.6510838480836 
0.20688534870049047 0.27513906845340586 0.0 0.36690927823641317 0.0 0.005314588260995734 0.0 22.608927593749428 
0.0 5.588822305391261E-5 0.08877118957182972 0.19699607075693315 0.0 0.0 0.0 22.655478699507057 
0.0 0.0 0.0 0.37197239355026035 0.10554233679297198 0.0912887147168302 0.0 22.644432218500945 
0.0 0.0 0.0 0.36690927823641317 0.10759248286189305 0.0912887147168302 0.0 22.65298038757116 
0.11340175599462654 0.27513906845340586 0.0 0.36690927823641317 8.692773578236057E-4 0.0912887147168302 0.0 22.611174325065452 
0.26335576902894786 0.27684055568552424 0.0 0.3691418776969506 0.1059450944316751 9.228507969289979E-4 0.0 22.596771861328968 
0.20688534870049047 0.17441523865864816 0.0 0.36690927823641317 0.05297254721583755 0.0912887147168302 0.0 22.60000664503075 
0.2100645482150192 0.27513906845340586 0.0 0.19857497816187575 0.0 0.0 0.0 22.600433094634734 
0.0 0.0 0.0 0.0 0.0910205976497167 0.0 0.0 22.669916503819774 
0.20688534870049047 0.27513906845340586 0.0 0.0013690651435638301 0.1059450944316751 0.0912887147168302 0.0 22.606830795745015 
0.1624415333009548 0.0 0.15355021346378628 0.0 0.1783850785298231 0.0 0.0 22.619605487151315 
0.10955011661633485 0.0 0.0 0.0 0.0818686672277984 0.0 0.0 22.65524527662456 
0.0 0.20112277279357293 0.0 0.004330412881436985 0.10554233679297198 0.0912887147168302 0.0 22.635022125992393 
0.16238120082720897 0.0 0.15355021346378628 0.19624328230325538 0.0 0.0912887147168302 0.0 22.60730914341766 
0.0 0.1983814166164617 0.10660341105370641 0.0 0.0 0.0 0.0 22.644707074993573 
0.11383681824290193 0.0 0.03384215211697672 0.0 0.0 0.0 0.0 22.66007079255083 
0.1217083950861344 0.11851121416331445 0.0 0.0 0.0 0.0 0.0 22.648854554597808 
0.053073982731362435 0.0 0.0 0.0 0.0 0.0 0.0 22.67625863688309 
0.0 0.27265706138350865 0.0 0.0 0.0 0.09274252512656034 0.0 22.640861659583514 
0.25915752946627 0.0019589969727675793 0.0 0.0 0.0 0.0912887147168302 0.0 22.64188741225127 
0.1116193176334761 0.0 0.0 0.0 0.0 0.0 0.0 22.663753222583637 
0.0570589695908037 0.0 0.0 0.0 0.0 0.0 0.0 22.67462595224496 
0.2552807292267669 0.19688803363887786 0.0 0.0 0.0 0.0 0.0 22.626306455374532 
0.04933950855425984 0.1495424424674212 0.0 0.19696482867209575 0.00457536664433178 0.0 0.07497653108885238 22.639651959172504 
0.11340175599462654 0.02154135821907488 0.0 0.0 0.0 0.0 0.12287744736226713 22.6465815498723 
0.0 0.10056138639678558 0.0 0.0 0.0 0.0 0.04022267973800275 22.666725165756322 
0.11340175599462654 0.0 0.0 0.0 0.0 0.0 0.04022267973800275 22.66100345362918 
0.0 0.27265706138350865 0.0 0.0 0.0 0.0 0.04022267973800275 22.64812869468571 
0.009066623434142329 0.19831328451805952 0.0 0.0 0.0 0.0 0.0 22.65107948696528 
0.17088779903039963 0.25939917732306483 0.0 0.0 0.0 0.0 0.0 22.6320825937231 
0.11123534053738027 0.27265706138350865 0.0 0.0 0.0 0.0 0.0 22.637041807870844 
0.1217083950861344 0.0 0.0 0.0 0.0 0.0 0.0 22.661860829545383 
