445.8394089432503 0.7853953198865656 0.7853965385328981 0.7853977571811216 0.0 
328.6251007213415 3.061196962601192 281.75109904251696 0.7853977324976871 0.0 
431.81723981199707 0.7346888385320277 0.7346899018913972 8.122373932384205 162.9785895811877 
300.76034876400644 0.49511667303251505 0.4951173439223395 370.35216060105574 0.0 
356.8025489366159 0.5870436871533121 305.8863123996137 12.60791830719104 82.70811604166468 
545.7606830807073 221.47123119722133 0.7853921676948987 0.7853928659593207 2.1152118524396317 
528.7262393065632 214.56521436208553 0.772888066753944 0.7728887757584526 103.07578280065403 
364.99366839154607 0.553138767855938 0.5531394030426254 317.6090974670995 185.7126156731275 
251.73203527469872 105.01122750346585 233.85889474965845 0.7853975378851307 0.0 
285.2450642489801 115.85339314633566 0.5924678463295385 267.92481828465054 0.06437267011928328 
169.1066096528062 0.6263994287821807 369.5910822128865 2.9341514146563115 0.0 
410.82438192839277 166.75817571930148 0.6720364119731043 0.6720371839385755 268.1690564516934 
187.32852501593467 0.2972992880063252 375.78443530112236 261.9172489247226 0.0 
184.38621514822043 0.3246155795735446 397.95838028489806 0.7721625604203136 81.55440239215022 
238.2495401342077 82.76484567911982 249.65655308581734 249.0722845094243 154.65835562764607 
186.71354578559462 0.27393900664694704 0.273939301482429 501.70076110729923 0.0 
143.80583215891454 0.28769187311922795 0.28769244882336764 358.5515624554736 69.91063505596699 
324.9355909100036 131.88150009258186 0.5070729952022265 305.1487668648279 280.950942739267 
345.41383169036766 8.464695942270117 0.5222565708349344 0.5222571674322738 388.0853775053673 
157.3614261803315 63.894467070065105 0.29324832989268923 421.97747344060133 0.07174522703537654 
0.785395417022104 453.65533730849506 0.7853965940389261 0.7853977710576414 0.0 
127.83574468249329 125.56018732618168 391.68089113203433 3.0501669276485313 78.56612856896558 
0.4209542269396605 255.40392609322956 185.72250054089272 356.8599727728982 0.0 
100.81809051458879 258.91386356130766 275.03098183582756 190.05542907269833 0.19575877505521072 
0.4880087575963483 266.4440446016764 263.74118520348327 175.6621469745444 111.67819189256012 
0.5945670481760711 425.4810891935286 0.5945676286886462 199.2613879585534 308.4678865462282 
0.321432177306527 176.38274452786936 385.5423991070899 3.014405069294208 77.33530122717923 
0.29324520763232365 170.54628566713168 0.2932456411210968 423.7411230519029 0.07204497826521858 
373.9002158691744 367.7106272564463 0.785081644991128 14.885935242552584 0.0 
109.5786361718041 255.33518672762813 0.654733527978148 108.23332832144922 148.91364471009487 
235.77598145180076 231.87512763234395 0.6430488721748902 231.89309372662882 0.0 
330.7317118223815 314.2527857814824 391.09151847022287 0.7853947136537637 1.7223485056435741 
27.616576211211534 150.73449834291492 334.83844832239214 0.7853602127849503 3.591638938061668 
0.4160983220806178 251.77307023804238 0.4160988903299801 284.51668275032137 285.4882029576794 
84.82439193460574 125.19898430773722 455.3250192642516 0.7853062935698977 7.325017379200226 
297.2072111236984 288.07060428931675 0.6081392368074284 170.70519899034724 292.03545012014047 
158.11387531166238 150.246538475462 187.01740137798407 0.6918497691980581 154.3795416795628 
0.17024650205582487 81.60935256862354 246.49889484846767 272.6208298554467 0.0 
0.1593278263810312 100.57286340270211 452.65897785584934 175.41919546096537 0.0 
0.7386398698026932 0.2669480186005224 1711.634047625 0.7853981358363594 0.0 
0.0015185342379178855 0.7746593725962433 395.18259222535863 0.7746623493190402 66.01840003726066 
0.0011888818489424833 0.739154516352429 459.5495391319316 165.07768307993416 0.0 
0.06289700295381856 39.27179376254225 456.9794970913261 173.51998892642672 0.0 
108.84112640178195 7.632971259493947 534.9022389193178 0.785397892462725 0.0 
77.40331846137573 84.18308120073591 560.7864588880591 0.7853970775582574 0.8367261754383886 
83.39574133566022 0.14251987421255177 419.5847928944225 167.59282541057803 10.855613460689295 
0.1485692048872731 85.42298954041115 443.42596409149604 0.7853945413128038 1.2943356696394108 
0.001831756047891617 1.0120091317226498 382.76661036377925 191.47083649571752 71.49826754261056 
0.0011199256778981147 0.6221312045791674 345.60138272196946 266.29712469524105 1.002676854749407 
60.70054045481953 68.90104242801618 449.7630152554729 0.7702534911760603 91.47432942118787 
79.37603800413882 0.11255498177704756 427.2716740793492 343.1458631774755 13.083094896929287 
82.74114352062456 81.40005443046198 349.1801982979187 106.16206803350705 0.0 
0.0014353504182631923 0.802588803592228 306.0585862618644 306.52093635042036 72.36255070111433 
31.119167052204617 0.04564770899811254 336.08661366204205 415.6416739127525 0.08445030734697505 
0.11535527749023398 62.58540914888926 314.7168104322102 270.70844050470043 72.98375747440903 
79.426628460734 0.14606953919358862 399.41097546081784 0.7489196299805929 128.6414274662683 
102.90109104540007 0.19150828148469207 306.35190525143867 226.83330393211224 148.99322575440246 
98.93099284156023 0.22103067510209065 198.3251606360424 272.8692901892367 0.0 
6.50824997750626E-4 0.33146030439527807 168.81057973483757 362.62972812689355 0.9480843635321204 
3.5049439068035837E-4 1.525544870263886E-4 0.785398039367878 1613.71207914247 0.0 
0.011453462758839046 0.011009546300874503 0.7852222039826449 513.6162464588576 3.1697477685894917 
3.6506203803511164 1.481811299654876 0.005942650509277151 520.6939465506237 0.08212909356332404 
0.0011146469797405308 0.7851299635407443 0.0011146481030477838 553.0273829217805 14.406448872084377 
0.011730528620288408 6.256926236990966 72.6001133110766 412.5363750785028 0.0 
2.688914945378385E-4 0.16637595113545361 102.94484515066536 474.9332905743428 1.151842213695025 
43.139711236186194 42.440256849017075 56.42314845820631 432.10978171816424 0.06939290786582634 
0.060098279734141516 0.7703072515813547 0.0015721221406429966 379.7327735644974 69.26384607871961 
91.30731041932788 0.16441675760501603 0.7677088810684766 426.49900064154485 0.0 
54.8769487416323 0.12486549192368986 119.88641070501755 318.99878589609506 0.8133736650180158 
30.70127620781535 0.05065950693915981 93.96492892529766 457.81839267970736 84.75974209560553 
75.28852071093335 73.9479347983186 2.3398230319775055 493.4699888838984 0.0 
73.04163942722258 0.12405591019877722 159.68023616810413 425.1819452650039 47.18405661828776 
26.041900706699085 112.51156943427812 0.16420931407679085 540.152032006617 0.0 
0.939157177034683 94.5100798012594 0.16438799681335248 441.5624856365585 0.0 
104.6304046185239 0.1630647314547717 0.16306492948616808 484.7321935540892 89.74122199335649 
68.73888491191391 0.12274422452804222 150.25801976917236 400.0508917580841 78.18790000140396 
0.010580297845357427 0.010576492163853445 0.7472122951315794 569.2068106730266 183.89644684152373 
79.2597511019703 45.509610364546774 151.30462903812452 273.6326764303095 28.39974552629265 
165.74057445677477 0.25654340579177215 0.2565437131144669 444.8610511778341 179.14386162992227 
4.2625801532917876E-17 1.5216881877930965E-17 2.867715305955849E-14 1.0300751386083217E-14 497.63047908793874 
4.08322618826038 145.86960521213425 319.1043346233111 206.22109500059244 245.98356835603786 
0.0011361396212194997 0.7034431063764649 287.209487848564 137.54607493807876 367.50612831561335 
2.046300240074005 2.0463002400740042 3.898398981182353 278.112640060367 328.5287180902799 
89.9960496479209 87.57152364557993 0.8538579841479248 313.3710867014131 445.7068648039968 
133.60037869536583 3.264262554257547 0.19196615069644635 338.1259363321102 408.36987205194623 
126.52956502892587 0.44536453319619124 276.598020011221 2.139988498462612 330.8418635955277 
19.033438405148914 89.6064315902227 200.11775500553895 0.5072086865139154 260.20379544820605 
40.302997914352375 0.08447893438021392 300.4136024083193 0.635337144826507 220.28224342712488 
0.19752857951938785 112.28142252938453 1.270751747625453 278.9766277175647 329.96471309666543 
0.001148492118822773 0.7229357981328723 298.3886010917292 298.8393287588735 257.04388448508627 
0.0011522635038787956 0.0011393190531243454 0.6708915896239376 424.3041509568096 258.2612372134228 
221.56842477881275 3.520238772248962 0.39966981180388117 186.94354679893755 356.7235747407108 
71.92267070359043 0.12315218890870723 0.7150707008097644 397.3790034504191 217.50382838715714 
0.0016153159276056136 0.7348160705541436 334.2726663793917 0.7348196214365477 126.14076805244247 
7.529665612219706E-4 0.3762784454456376 188.03723734592242 315.41330438074726 138.56955808643917 
220.83298296293694 220.75358207139442 2.19171380120802 89.99670026261013 357.5607797440515 
0.010975620206973258 0.010550368649559931 0.7427326531379503 412.5621469467331 141.5498937125392 
0.2672009033486425 0.6336732496580537 426.238043342488 183.80206548374315 146.63050251699798 
