10.201168622359368 3.2332687882369058 6.624949231609523 5.369391706793515 5.799259960099869 
0.15245731266635323 8.94532791419701 9.914398244141974 8.57822853375363 9.389655455256376 
0.8299733263452677 9.84952692447168 7.224470676928377 9.85131208660209 7.272824494565837 
0.3948269174778927 8.3924485513903 9.897594516502526 8.019039874669781 8.531815158998722 
0.3896615588542664 7.293604655120259 9.345402752632157 9.299675977442892 9.873124856236492 
0.4227640822688671 9.517848304569856 9.549567834636226 9.809641732364668 7.242060960700402 
0.4509337663186822 10.071003167234823 7.132635100677967 9.876347407925547 9.971943261550617 
0.2987573798844489 8.71463170793236 9.889270654430925 7.801217666903467 9.606450439483595 
0.2427031290326373 8.387085743807331 8.733475655328661 9.636331764438452 8.832267340004085 
0.21725784943706078 9.133542195787834 9.93389480323741 8.030286722889175 9.863579442111616 
0.2062154113002631 8.678700160771601 10.089401393482342 9.686409474043268 8.703775423037795 
0.20264055083881558 9.29736972097034 8.784893606420418 9.309145695611805 8.571974377684919 
0.19942293170613828 9.368488890718867 8.491583759188346 8.639630850280927 9.820345277014267 
0.19826839674400953 9.392974386785207 9.89403795634752 8.005449992592649 9.904994519732734 
0.18002476408422344 9.072236903725946 8.688260664449922 9.009537299464508 9.095042949862375 
0.17302427063717296 9.209124613197694 9.475533603041788 9.637301716390581 8.535042886046405 
0.17157532921030091 8.224501954593729 9.775717489870484 10.032538365364063 9.752750182356948 
0.17472779192541574 9.912250107618823 8.65723945525441 8.57789278284095 9.886117872790733 
0.157423523048714 9.163584864822036 9.83588834687368 9.590947961256367 8.49399080532479 
0.15808897837498023 9.491527884887425 8.576654634089262 9.13848547790934 9.827162411867763 
0.027905976196627637 9.900594777620247 9.608150801477903 9.50401607047818 9.380374792355367 
0.06780317512649899 9.051209298199 9.316064718112234 9.300571897108664 9.878564690379347 
0.022517829612890092 9.910943568525035 9.539589238720035 9.383937770452459 9.885550884705003 
0.03471375882333695 9.95318270328263 9.383433538212644 9.670961278378824 9.42395749642799 
0.014132839438713293 9.923718227578089 9.616780694778138 9.514882003495313 9.799658140028107 
0.0459658414837604 9.917363950870357 9.611594042652126 9.507618325508092 9.115948559213166 
0.03488463887944087 9.552026112466587 9.599112524463079 9.349700035237712 9.918357880004402 
0.0716294942595473 10.035729583621658 9.481507286313084 9.362204928964362 9.255381063399458 
0.0414103054044534 9.366535971508329 9.48120289575651 9.276285915837708 9.88986917729634 
0.01596091902531266 9.521798242688474 10.055273125324609 9.930652124100314 9.911738443189986 
0.035541073849261764 9.35165577955191 9.374074195243676 9.797358303714141 9.896654034651005 
0.06620448712135749 9.749013058578058 9.390487742639612 8.99004946201622 9.919891756300935 
0.07175162844740891 10.004690283488257 10.004690283488257 9.555655972791662 8.89612114647565 
0.05275813818004591 9.408405611300381 9.566276914276228 9.808600659060437 9.146508990816839 
0.02747015058055469 9.289317753954363 9.6298436051377 9.790740161145028 9.873576631479901 
0.053528690028022866 9.353551527766266 9.375931219784409 9.330055246497265 9.897518276116525 
0.07755916974143735 9.925437741443176 9.359743517328878 8.826726263575823 9.922653491246637 
0.049157269226238295 9.086272777520762 9.609754828963984 9.507930583231527 9.792498666884066 
0.04163172655814875 9.172795636008393 9.701694440867207 9.863791048437118 9.943386946108161 
0.10016834887712288 9.947139503324324 9.577341977386574 8.608189237688872 9.921530343457167 
0.06810579026160002 8.92124287658529 9.896955231069185 9.554844184310188 9.37313565457641 
0.0801340980418774 8.743014920330099 9.944351212196455 9.69489091963023 9.658165201688286 
0.07419690975236204 9.043989021039057 9.308443062593255 9.190926748974208 9.870090587453777 
0.08964702556017713 9.126486085403789 9.958762554039097 9.624023094831022 8.972468648819872 
0.10030325544334433 9.288825264157206 8.70776982014339 9.70896878304057 9.79696436783081 
0.11131373313641124 9.144037643968378 8.712503725947325 9.71424698223756 9.802290405087163 
0.10375196463325097 9.923234507344613 9.57187743017829 9.689748547059377 8.57411811699952 
0.11783273635075857 9.336014526059435 9.968029344950423 9.83514473678524 8.605632911782985 
0.10565926516929926 9.116496282987006 9.378739905829205 9.258094371145555 9.155054496697414 
0.13275771639156353 8.42901670050658 9.719204078088449 9.704723793592267 9.678332150933283 
0.14270448009594086 9.538832939684598 8.736639464398639 9.782322180361398 8.897280301239947 
0.15188467525686727 8.439547640134696 9.31576151753067 9.713404949475478 9.686989698729462 
0.13528077297676994 9.335078239433079 9.96583259666299 9.374534977511168 8.603713164444256 
0.12228231259777447 9.069272804468708 9.333054591824185 9.011432706092823 9.096956344981233 
0.1211935371891115 8.775136396230618 9.983003568049611 9.012219050996709 9.922196729594972 
0.10992076423695252 9.948687560740531 9.38351674667475 8.85099266851861 9.147928786082296 
0.1343720199570068 8.708353395595106 9.905060007148553 8.943245432619307 9.369638666285217 
0.08947609020571419 9.100203647679418 9.365864578317852 9.245172376780769 9.388882199158992 
0.12453567201532091 9.500529909480518 9.330095066381297 8.765383774879776 9.963283923416608 
0.1438841219629424 9.063541647693564 9.321692612095278 8.791521783566168 9.087553756480528 
0.1391373392366573 9.925772483237884 9.363596281108006 8.592290378782486 9.126852578576095 
