12.708740930514097 0.05000012792280653 0.06267294279595248 0.05557594021065323 0.06286398525625733 0.08122326332212779 0.04399968950527218 0.06205266755405694 0.0603708006716365 0.08041586392345991 
1.3614171650146212 0.09634694643695689 0.08204073241213852 0.09135624670041008 0.11499517684330339 0.17847571760286454 0.058698064568897056 0.07369895329987655 0.08130704638219079 0.06915827997408187 
12.077601128253821 0.05607753050165211 0.053654077264607435 0.059893540924300395 0.06281577216640988 2.430481963831848 0.050843059120152564 0.046619107988587455 0.057312670586103766 1.4389691650707335 
1.4488846902218977 0.04942109861839369 0.06279228530037687 0.0600075257975173 0.10848073098317745 0.07444997429990356 0.05892398168043756 0.06304752660068541 0.1451542188607495 0.08908417452942352 
1.3399439871258942 0.07297046256656263 0.07816241278848692 0.046853835364137224 0.08937887477758628 0.08414252080957 0.062052341519344835 0.05276561459433128 0.08372234047806398 0.15255306106777508 
3.240838278289608 0.049557072119027115 0.06223103639899368 0.10189849626323907 0.16540541690949223 0.08891546681122006 0.0420087211748824 1.0290833858599109 0.12194211164469929 0.07583385079153779 
1.979340275432401 0.13119877860989254 0.10322531740406088 0.06667375112416718 0.0670098094605347 0.07656430939784603 0.06036381703961514 0.06384305741699223 0.11525265980966681 0.48382256335815954 
1.510151868231918 0.07503515457267458 0.15994543175662992 0.12768467624244847 0.06212611546587268 0.09556958696028263 0.13484298496273942 0.052337762877701165 0.06543183957515644 0.07242227943266351 
1.3725887057499544 0.05698760348939526 0.077338741155447 0.1303732785762607 0.09251379515313618 0.07552233439918146 0.15812789097247457 0.049764014574542145 0.06845851459824823 0.1540805306237928 
1.10110511481331 2.82136353493251 0.07791928769828518 0.060261464067549196 0.06980225463514138 0.0677891682652192 0.05644818414513532 0.05430170439674558 0.059471537921790045 0.07044247993943493 
1.1618893391428238 0.0956818036242177 0.05544801557778335 0.05920988846048792 0.05411471943439882 0.07652909616664984 0.06103932196824859 0.05788536202639035 0.06248710184387522 0.09150279596863706 
1.0792078792057354 0.2817353775556732 0.05898716354122516 0.039437539982528844 0.2114659570938786 0.07132150464632235 0.07594016443260648 0.1648941673071582 0.056689925233931925 0.07776497810915364 
1.0892253058320722 0.47268521426122295 0.043082184146899696 0.047416300650689226 0.06405143184072916 0.07132469132915187 0.050270732145496155 0.05583665730700062 0.07933797709574117 0.48375609966382616 
1.161796617803792 0.46025491339594155 0.3042587490739801 0.05545962158759399 0.0544959587647366 0.07769613177895325 0.060958648848953766 0.058053446158841546 0.057168625168406914 0.09150399353703932 
1.0755880535995077 0.1652303616441343 0.05797606477724981 0.04046478454299946 0.0870734289024732 0.0923588317087559 0.23021715000158682 0.06666768380930448 0.06881216197128845 0.0772231359490722 
1.0796668680839006 0.0871016637985787 0.0450993989176779 0.07353886871772855 0.06748038875123195 0.07690097734663583 0.052649658880918014 0.07423934911770912 0.06683487990711762 0.07896673734430623 
1.094866933614644 0.7363488583533232 0.07063783655633035 0.047762650871665036 0.06709798397372642 0.0675750729882087 0.06172853574909187 1.0297522774421681 0.16662358766027185 0.0702759832546946 
1.1156579301419414 0.4272818759282205 0.09466869919564003 0.04189315408715135 0.34993045464287337 0.07863699678749696 0.05459071178401715 0.052210849151009264 0.7180936991697533 0.18536727692744462 
1.0924761225862578 0.8319642765203036 0.10671901082742294 0.07331915698711394 0.060783183267990974 0.7587605393210349 0.7443268516070901 0.5413841942680893 0.17320685164221636 0.06743967191037037 
1.0855309527456025 0.0594170787666742 1.627546275839296 0.05652397059164421 0.09388738869802843 0.07796180374230584 0.05443992029143013 0.050617616684709495 0.06809351316174118 0.07721619750848088 
4.557948778915451 0.774620790161417 1.9012221069396873 0.04623073016339196 0.06984061415814136 0.06778466931870417 0.04956594770083985 0.05263576881500338 0.07917018272310254 1.4458001013762436 
1.093064080725399 0.0475615909073798 1.5741800927728862 0.04709678527412 0.0866213031810398 1.0557769775278352 1.0511837119708898 0.05184018956360198 0.5853322727628009 0.11725777958866782 
1.0934462757788788 0.5437009307909315 0.939205293011654 0.04135517999980295 0.05120907793458113 0.0755280089310613 0.07154303823661526 1.0358970284316071 0.10358430696547502 0.07159245120665712 
1.5128908561556356 0.07937650841527429 0.15996397794052736 0.04586504522166439 0.06973163993218467 0.09819998625940522 0.05762237673903006 0.05271409984341654 0.06539840357155327 0.07837315643753677 
1.0861446029168569 0.1671922518022849 0.2662592105908869 0.05156549420808247 0.21572069362762997 0.0787254021805718 0.05757594886606913 0.07745936818053953 0.06556811637326805 0.1009829924340924 
4.136944326260636 0.047590097146327864 1.5744499174013913 0.06508572370084603 0.09353825638043227 1.0561994857265213 1.0417864842097606 0.05183445437103851 0.5846391887884181 1.5058341606265733 
1.0864101980957368 0.17263690235355397 0.24466158792423945 0.049254566740808955 0.07693174978173055 0.07359893969127895 0.05770034688491319 0.06885612040619471 0.38764843357831275 0.10080628204944601 
1.0468097881813903 0.043888426968794476 0.08230719471538339 0.057672099011837646 0.14115033731489496 0.0670000717703675 0.08759813864086184 0.06182252618026857 0.08143491061467753 0.06405277228924773 
1.083342390711777 0.05410159761991251 0.07345918895180698 0.053700799072411494 0.060152053685389784 0.08347537303534389 0.05582742084233235 0.06119100349813762 0.06692737464457972 0.08351325583640146 
1.1044604703312797 0.06520824087712884 0.04677841856225583 2.5156409917022633 0.07015966072643923 0.08473511597082592 0.06261367218257403 0.05383061002109207 0.07380579663724718 0.07773501440382227 
1.069379587056845 0.07118978966892252 0.06572328171401991 0.15381905377028385 0.0918542200650739 0.07053770460392228 0.12814005526241265 0.0657857494071774 0.06497138996865218 0.10288918012234252 
1.0802338009126728 0.052861694657798934 0.05488617927961583 0.06460901014903905 0.05780702173850597 0.08276383230901241 0.06369089937820992 0.04976492701476622 0.055335162649517586 0.08009898463261715 
1.1157490789938191 0.053979003848592805 0.05137783620327918 0.14184359445158612 0.08528768576835745 0.0692965498575477 0.06385321159008887 0.05813607730199953 0.08337630584367056 0.14445163111900536 
1.0894653185071568 0.08509297432897985 0.06327251757509259 0.06634419081208548 0.06658119040908644 0.0767938542836444 0.05933076936074796 0.062034481187801006 0.10237268974225538 0.07975033550429877 
1.0750804298418082 0.04404964756957314 0.08219067190991192 0.06907083890742372 0.12759912643418925 0.06277153610080495 0.08401190157650232 0.04782216907551715 0.09202258142669817 0.06191524051712199 
1.0881414523302886 0.08184518214652853 0.052467796468619786 0.08092981589465537 0.09129737537179675 0.0786551038343551 0.06929831073224596 0.07061509162631559 0.16354991496049703 0.1398299828895351 
1.0817193591247978 0.06285842811560519 0.05024493998996945 0.06192267479530231 9.698661596695885 0.08251903603070818 0.06917277739978875 0.06054961131630313 0.06529854250607842 0.08699420829400775 
1.0853335859007849 0.06517034590348435 0.053859562626192715 0.07194510977293113 0.3306023621638627 0.07082180213642997 0.05425531608199149 0.09667493346619387 0.10483297327687355 0.09835472512843284 
1.0785098393910673 0.07481277290012703 0.0697698627089662 0.05586343502886908 2.820436877685075 0.08286716278277668 0.04674129431763835 0.06008342590636535 1.2438858455111867 0.08240592397952506 
1.0476822499631797 0.051907353397566205 0.059844460186490776 0.05944115826956599 0.35330712489666377 0.16114853192418346 0.05753078317038082 0.0486533548122193 0.08258439552189807 0.07893653196887364 
1.0815226633274388 0.047021565320888206 0.09870509546945644 0.040099290408533106 0.33304642698603215 0.06867095424225476 0.06260705484337599 0.055918183219708636 0.06761054366655803 0.17317501498235022 
1.0906850443827076 0.05527578043936975 0.05913196211265781 0.06325060139658259 0.3414906495471934 0.16403120540026825 0.050135759178679525 0.25346180347844793 0.06012439066332598 0.1011379102237441 
1.085864238324885 0.04886320761176394 0.061069101104023735 0.09952157273210961 0.15392913375208095 0.07650119876296445 0.06111727775521244 0.06477455871022043 0.056366235260200244 0.08368654815465199 
1.1151749275262965 0.07510589044048868 0.13611569669630263 0.043751979208572225 0.34711547444381297 0.07540605932177523 0.060139487398833145 0.06421120535029184 0.06757399544474797 0.06540066721214055 
1.0762677289523812 0.05283656902717467 0.05423630054621514 0.058725731389256026 0.0639831807951384 2.6795633630247364 0.062165331566902564 0.04672756535883773 0.058000756716036175 0.08952886569140003 
1.088049371899717 0.061254688309686174 0.08676790847042543 0.06995320377128025 0.08269196914524041 0.2612256292891725 0.17976145595503212 0.06492800215421853 0.06024951176054276 0.07206545597553782 
1.0932593494376686 0.10315771178554992 0.04931530021962587 0.08006741841981807 0.10488999040541325 0.17541177795586457 0.056634815262775105 0.06163685400783094 0.06554147032201448 0.06477025422541093 
1.040141150138782 0.0500558760378912 0.06789691381066129 0.04935339722233165 0.06107616972689404 0.17182756608362926 0.05408738116508018 0.06014291105299118 0.061455871514934014 0.0770510205346507 
1.108790209634396 0.06707824419518225 0.05846617138315633 0.05180055498062665 0.09130205630357069 0.12899398510804144 0.05596109144034085 0.05300708253021957 0.061407728229352886 0.10516636234124359 
1.0928749699468014 0.06628980022972697 0.08211078322357461 0.09715818723687147 0.0754375416010585 0.1787510065100159 0.06538130763903524 0.07637967992808639 0.08645694043599725 0.06625428961257138 
1.0860107784443898 0.05607323603516726 1.5584081363970932 0.053641145917442665 0.06785713509022014 2.6708172634855454 0.05269547876804553 0.05697335509527207 0.0926192748061512 0.07555169249480921 
1.0861791775787573 0.04590697562286112 0.060274246755714904 0.10110008687422897 0.15345102200308053 0.15752509551728608 0.052948067185625405 0.06570102304723553 0.05649050193163587 0.08387295917745492 
1.0470007530167333 0.057272410323695074 0.05877555133134192 0.05493948975698064 0.3456693934759642 0.16399582086429684 0.05266196989354542 0.04862113708344534 0.08779093681019234 0.06994573003839936 
1.0835757837099131 0.06697306166458479 0.05684441220930857 0.04600126561571076 0.09778192270896476 0.07508112619775494 3.93236878622878 0.0591687332227837 0.07009125500040954 0.09115164778783708 
1.07873380185414 0.09152515908154735 0.04586346579181905 0.057219887290499274 0.12932192104596174 0.09482812902528019 0.10350071019918537 0.060733430861552834 0.06901627508231546 0.10032099685746253 
1.1112902925697328 0.07279240912627624 0.05117414729538773 0.04327729110142934 0.37293296656524977 0.07522142889559974 0.4149635530623534 0.05070787146570176 0.054277118513622984 0.2894971031646894 
1.0875667851294406 0.06769010890050592 0.052863824324460754 0.08120239913517605 0.07210326404321692 0.07828735345522372 0.2607919254239012 0.0696322294539838 0.22082054601300627 0.1401434059396285 
1.0515822778391037 0.05300786395645882 0.05938227525448986 0.12438898346833976 0.05382982984475501 0.0770131396816966 0.19155767912212612 0.058500650406447405 0.057674094644160935 0.07556229947260563 
1.1143871238788516 0.09545611969655776 0.08598743193852633 0.045610016141688435 0.35444692185213306 0.07210092558187309 0.5389478186823706 0.5410781224162433 0.06398961261632319 0.18767344811626063 
1.352280937055655 0.07300528563548372 0.07969105945233956 0.04687397010556653 0.09941488675415652 0.07990047649073392 0.15365461781526502 0.05506900053276725 0.08465504849318041 0.09224495841311683 
1.082029261267234 0.16416303067560048 0.05008425160320238 0.3799280506278377 0.9564817961061925 0.7649719854702565 0.8615624799991282 0.058039514925240746 0.08030475697926562 0.07335539121819531 
1.051403899162332 0.04822492811158934 0.08623708865631807 0.047806235862977345 0.1320965433669229 0.07102304453747747 0.1051885546276803 0.06560278410757812 0.05487538555051477 0.09238442177791323 
1.0799555729684795 0.050715932614869556 0.05035152896303383 0.052464127720065465 0.060161784462336144 0.07027196158378352 0.05576916094067055 3.2706385445382398 0.06378753205940596 0.07712249840473792 
1.057165192390223 0.0513556053069798 0.061502227386253265 0.0557239874394629 0.0682604545555692 0.07293478747858259 0.05585824204980303 0.07487225565100246 0.057961410701503374 0.08464320739069901 
1.0748221226805115 0.08054773052047895 0.06374400948333159 0.05790065368607193 0.15020764346544027 0.07376421225864686 0.0562523044033153 0.16750471210228973 0.1395197295843067 0.07013657958157984 
1.0951390607299372 0.6675947382171028 0.093629478185059 0.04975866836944562 0.06644566189885211 0.06803831045716353 0.6120393653319665 1.0178867999112224 0.1631979033355584 0.0947353135102922 
1.3344164231156073 0.051223755750001466 0.2886092470794598 0.07289069653820546 0.057643721111383744 0.09677881244239644 0.07149036427965356 0.5383467733772983 0.2454122418069857 0.08010516941275554 
1.8103241413970608 0.17172970023580209 0.24688184324496953 0.043412263599689666 0.05856199401264558 0.07403353407890952 0.4164528219017087 0.40551872836650305 0.06602860160053207 0.5057606756685964 
1.0487891873341295 0.047793721557236324 0.047919807915559 0.051593487504389995 0.05236542325687748 0.07768862657505991 0.060479459151251184 0.070767020591701 0.057596535238305165 0.09446292286367296 
1.0452557627815073 0.1415316807511974 0.06129677441148604 0.14090967286650835 0.10150962954030615 0.1565531398232806 0.14065591521997978 0.16199226474599437 0.0776463559877918 0.074712994940244 
1.040217108804406 0.048162002559678785 0.0695895088883991 0.04955654531154255 0.060556386469170456 0.08315262750161757 0.05618747105158441 0.07665995655207865 0.11033050644500073 0.12360232816349727 
1.1124612263446898 0.0683862663920312 0.06571221953804177 0.053735172167399925 0.09431719436031799 0.07019466322597108 0.05821521779239917 0.05307801188992547 4.200107518637503 0.10452236797010407 
1.077687068367373 0.0693438239578762 0.05372861450127927 0.19820336458466203 0.41358946125535856 0.07241781413728716 0.060143970593225134 0.06178767115282577 0.9340909750020979 0.10431735574341057 
1.1125779263819418 0.20452551305803127 0.5044205898886679 0.5599167589315446 0.09116033354590211 0.07019235744927939 0.8155836625196355 0.051756364087177154 4.040644063922292 0.09724913537439796 
1.084828782942797 0.04711641502034984 0.0480183518252193 0.05229780397329346 0.11720227615283982 0.11646301684620736 0.09495952777482543 0.08229753656475332 0.2606291092994739 0.08272007276768346 
1.0836018501644034 0.06433980593003023 0.05544548856759453 0.10021207356404874 0.176716986522596 0.08100799968385147 0.06072028364321544 0.06268960654600701 0.23987573651461586 0.08572570728091514 
1.1120409308096308 0.3501160607457388 0.05778182075192088 0.046196446112504085 0.06069019655937195 0.0809438824051128 0.04929910242846714 0.05150776290668391 0.702709843075727 0.25775359541250714 
1.115182812108927 0.35703671125020153 0.09555356432440866 0.040360023181276995 0.3490981890655313 0.08274735085159556 0.053434132621502414 0.053794745393125676 0.7159346752281408 0.26097250794521115 
1.086697481325754 0.17063499463336074 0.24198206529236568 0.04734963558305382 0.07159316895184174 0.06995053928216761 0.24200346092341496 0.07421002106456774 0.7141848466250805 0.09646735634977846 
1.088181153880041 0.085057195717548 0.05360669041869902 0.07983299183446303 0.08039965769729479 0.07795052045292315 0.06471407577187921 0.05701211292412617 0.16025038705028644 0.07210564872948624 
1.5208865343305575 0.06556617908422802 0.0493426635517314 0.13195071074399498 0.0634634872343536 0.19455126535527464 0.11213763705915705 0.10599723430309416 0.40782614733680794 0.07298179229206851 
1.0677894571533317 0.07925486765954778 0.05835097137134745 0.07063091244498536 0.06542349425810612 0.0724122885263463 0.0712719094555253 0.05828671569716201 0.07491096171532668 3.4963447845678206 
1.0889232049691193 0.07710974365793195 0.13882761744319108 0.09266660630486323 0.35649259119149695 0.06815903109759795 0.06917841931380228 0.07059684256184702 0.26323388718567453 0.5011459525446771 
1.0975839977122528 0.16045845121160052 0.2676877784574554 0.05746938171122789 0.10378807908331456 0.0722937846961901 0.06644365307231599 0.059519679797780445 0.06518667140693318 0.5573433883392546 
1.1100623447891402 0.0629469746641118 0.05689514655928102 0.05458170926829187 0.1072273972706666 0.08047689246996172 0.057729673157610066 0.05292266359779669 0.07622838470898209 0.10665237580618217 
1.0400807064159523 0.04934067349026149 0.06787268051549981 0.04994459111390421 0.06094148673002116 0.08439662187579942 0.05403869442586928 0.06008841838630825 0.06520004781013121 0.08400567693732704 
1.0507296109410242 0.04788284650764371 0.08226152932662092 0.06313280806201443 0.1212406434873293 0.07280682949606863 0.08765038482122066 0.05071914876937815 0.06931028495894943 0.09039876523374903 
1.0860858856299684 0.06918451851592473 0.07285659179860801 0.053007638085027314 0.06587415599883797 0.06218927688251662 0.0704773971264675 0.06626614364211221 0.05813658170152278 0.07657177551514217 
1.5121700455796379 0.07727315136844369 0.05263188205963512 0.13324710546829033 0.06292441160877896 0.17878848476876663 0.18821972913446613 0.048802207736675804 0.39645911786894605 0.09707592217736226 
1.0760622827331772 0.06485814113211139 0.0663232342233288 0.05165249354102751 0.11668056321200335 0.07392634468151328 0.06647236740858518 0.05375327199016092 0.09000122474005054 0.05956637100767323 
