0.1503240800660991 0.1708509151355784 0.10703755084938318 0.04453600350200673 0.13644921569624902 0.3498457936048464 0.67723093340915 1.9654171217187422 
0.13588302208358694 0.166395715634202 0.12981118683269383 0.05256063319143884 0.3177141333140293 0.5303334479765147 1.6523656219870584 3.559515155506217 
0.1301567154440138 0.2613689038272155 0.10906582762118863 0.06535830719490564 0.1273589360437323 0.43351458496220474 1.21868671654301 3.0133199710478893 
0.12574851751316052 0.23182075112372164 0.13964273224517953 0.07152635578596774 0.16469996218253563 0.7226698222917048 1.5213612587141836 3.330679227944449 
0.11226527209242469 0.13288895230732164 0.19019304243620627 0.054070491873577736 0.10935014184902876 0.3362807008140109 0.8098080052907067 2.3075544093374876 
0.12055412272224883 0.14396577516979225 0.12745784497251214 0.15529472271469905 0.35018721654989954 0.6362470348463505 1.5299204121775625 2.821229393864951 
0.141552961973145 0.1542486214616241 0.15656061916245986 0.13542497799186884 0.2311730025339729 0.8143920594202645 2.308334741327253 4.758391519729216 
0.11161793532419333 0.130711039438733 0.1856266346490957 0.060365159968437734 0.24217624373500746 0.5325482572415192 1.743682980194716 2.658119413498778 
0.11278026824796697 0.15703068211967594 0.14296052812837853 0.09688454095980407 0.2674482062649721 0.743465416571814 1.3107777240023353 4.246107679748145 
0.09953355065683137 0.212973486756988 0.18660151773741168 0.03868266654103958 0.11324255451509567 0.3236945376700725 0.5481660881298359 1.5594369332053808 
0.0944076091349164 0.11048876142561012 0.17595773956031996 0.10386080402031578 0.2938786322259938 0.4872129711905721 1.313412475532561 4.4318206620601845 
0.1011391399989657 0.19026585410164273 0.1889994715971909 0.039091865477000706 0.13679683740037357 0.8370565385021563 1.6960461310982167 3.4564188718492574 
0.06060749716208449 0.4190553703406583 0.10730269544430758 0.03493387466162242 0.16370924781060908 0.3233790518027574 0.8071766049287827 1.5535173044762272 
0.06843188472395373 0.3642011112177749 0.14473553148081508 0.08226402693508572 0.34648024854987697 0.8049757253233752 2.2379516191276263 6.117165416383922 
0.05903444114281679 0.41098912742841687 0.10927693233414071 0.05857062620064226 0.2611276998018564 0.8844896347540679 0.8798475447154346 3.3833285271421247 
0.05327385772220835 0.39623904984969005 0.11339934544834984 0.06399727344672604 0.16147445954228448 0.48453967465236414 2.202012252315206 3.7988484736657493 
0.0531827183115908 0.3712241799927228 0.1490575604418859 0.05316867358912173 0.232964060700873 0.48732339321584967 1.1759846413747914 3.0709996194178566 
0.061334485349287454 0.37218295905263943 0.10005708140766945 0.16329473086634527 0.2683200961640717 0.6774423047424045 1.5224226770636966 4.053713156904481 
0.11201747481945556 0.33685138576848056 0.11012422081875792 0.02744899988786773 0.1116263032410747 0.3222901977849847 0.7376052290202896 2.0120084699763625 
0.06128633489977149 0.34933445555902093 0.1491496235682781 0.10898452175498859 0.15703836048667547 0.9132650894355426 1.2287546067598447 2.7593256140459057 
0.04569929194506605 0.31683488458217746 0.1991203074653812 0.029718687383987533 0.0850613330053729 0.26289851227249483 0.8283246925784379 2.3254904274507364 
0.10360962707605886 0.3095317380569098 0.14946209222117326 0.03788965856710913 0.11109769093978604 0.3451353247228995 1.11660672397923 2.3024848364476003 
0.10665407877370371 0.3429790657817433 0.09826858953575038 0.12892088528382634 0.21956888428302537 0.9289519158083558 1.3266059890650774 3.56461307475779 
0.10927065872641623 0.34230092286424024 0.11119106846567921 0.09233543992766022 0.25889760518484667 0.504993289292056 2.541796652686904 3.7347445031629833 
0.026326030754625987 0.17702882320362662 0.2583254332342409 0.034952048896269815 0.12109944764163252 0.337376472881956 0.5982031285008184 2.3708418838614542 
0.025076600955872 0.17266580430804174 0.24961199585336513 0.05840805079427687 0.13183598987173625 0.42873656998502324 1.675487503563976 1.7112558342065058 
0.06335117809240459 0.07334500593065216 0.24964725834404305 0.03952535094454269 0.13674841955669875 0.24171664907822235 0.7394365547086065 2.495351610697067 
0.059707593659987235 0.2006230613645902 0.22721715670809914 0.06732806776250973 0.26133657219915707 0.6094879912381043 0.9309993293288594 2.4973638370468243 
0.025131559395103076 0.1636719114897434 0.2253539293086869 0.08947350688126907 0.24213706821397488 0.32292785358367926 1.6992461473614873 4.299940477637815 
0.05731195835614043 0.08078953095188014 0.2082759312223578 0.06965899630472389 0.20379664463093286 0.7077085066067939 1.981954957171211 4.238359082677012 
0.021774633759603628 0.17400991741089183 0.20227319445824093 0.07645803113412349 0.14793069618730276 0.8852884981852287 1.5948018103512585 4.6250359949842865 
0.03706999874807308 0.26133561110457343 0.22139143880122938 0.0367620200335691 0.17598977296204601 0.36888800774440395 0.8769431752066846 1.7885700709929016 
0.09466667008559133 0.16528958549003617 0.19799751459508763 0.08726319410078613 0.13699793811143546 0.36740529900654495 1.5141829217571139 2.301590045312353 
0.04169665565501454 0.28352955955185555 0.19437280266016382 0.08580432159434924 0.3249821957049696 1.0481541769553735 1.3550387882217365 5.3151424532216565 
0.04745587137421397 0.29818999797100293 0.17625950022704953 0.07356625766426138 0.1983115948596517 0.4402910766592434 1.9470879302956126 4.8069777083747 
0.08651865238927121 0.28534784923972456 0.1439175149589309 0.07054331996902441 0.3168560783802556 0.48381285553300635 1.6531616605043709 4.903319555433563 
0.10732976812680184 0.11880826899694925 0.1663500636799568 0.21504717747207172 0.33446881045936516 1.1242219302221759 1.315462211070849 6.1490933532173875 
0.07055798560009066 0.1901445592678645 0.16753584084079642 0.1525941116517019 0.2270883092444896 0.7403045787379017 1.1241167182997458 3.597615962551695 
0.12176417363179519 0.2880625968340085 0.10707562368849213 0.1743431330499362 0.3313062623989259 0.5598501238494834 2.524173409331782 5.276988965972436 
0.06803472105498982 0.3539075210039515 0.11114780661478611 0.15841755411144723 0.23656998428267328 1.092593386872352 3.067826916150579 4.753091613027424 
0.025889231340290954 0.16146489803554273 0.2502578353652785 0.15904613466506945 0.2824455891054997 0.6321317790559459 1.6678173323269463 3.8326665009051584 
0.04467202442286844 0.3019338666283823 0.17266247824103434 0.14033942095434318 0.2081827991402891 0.5441155906576752 0.9638932757481237 4.754650354268795 
0.0782691216139297 0.2346735057887209 0.1519596686419602 0.10419328637512153 0.24895000546991633 0.5088961371899013 1.211975578720707 4.451251712024473 
0.10212844276163457 0.32075737704069684 0.09663902609864243 0.11820127897680528 0.20318445899411353 0.9301513409200225 1.480357358482365 2.975680833737299 
0.03904445932021369 0.2950971555871352 0.1967981974120376 0.11455243110916354 0.150449813708361 0.4102855526781768 1.5014253098933 2.567361685739809 
0.09728826095228106 0.1686195116684566 0.2113677888327694 0.11209086340559352 0.15461495349430948 0.24551837827180056 1.428871803100716 2.148357242052646 
0.0960407416435019 0.11553126044026313 0.1777560480319012 0.1364609809357694 0.301054322119801 0.4874750464309137 1.5223738080311369 4.220403449830177 
0.05713141598896593 0.2029116350597158 0.2215167018419871 0.09923110975465028 0.19947957952686782 0.46701881040581206 0.7707576302891934 3.3017708690487964 
0.0967198628323115 0.10501826655012551 0.18718764536592436 0.1550016636928879 0.6075955131116234 1.064834517974151 1.3562490422171614 6.966134806489054 
0.12489661227144865 0.16352095981973036 0.1467780645313269 0.046587743289600934 0.4419562079798364 0.5034995482517372 0.9427326063454149 4.5454124543524115 
0.11144788187716677 0.10507989900315194 0.17309723031275073 0.11535024446243526 0.45841002234687456 0.8397824591229066 2.0777560773367454 4.791120882321366 
0.10605340168328153 0.30228457068142367 0.0937350224701749 0.10853373531230016 0.4399877090609789 0.6335653798289071 1.4047454070640177 4.140155899768182 
0.09715306115657697 0.2926335000423663 0.08367302228802853 0.14720094724974347 0.4819221148984007 0.9326423837627942 2.8845535400470053 6.734336103825772 
0.05890824453858355 0.06957020539832352 0.22126288909216457 0.1841650714923018 0.5031299892613775 0.9140009765102189 3.204675439444065 6.862968331259076 
0.15276981976277149 0.16685520234995987 0.08794201767977435 0.06618373694931058 0.4228835129503526 0.674365294945712 1.895939887330841 4.299946693585706 
0.14043213255549775 0.17707016911668666 0.09762122738694888 0.12466332911738184 0.5079300519782023 0.9840855202375499 3.1722391567722643 6.4057881535940835 
0.09375726180424226 0.2840089774582408 0.14466494035830246 0.07558813203660007 0.36356359006926053 0.3369371771844769 0.8151644606877374 4.106699678692017 
0.07026235438517454 0.3867024556653237 0.09929609581711465 0.07486285386164437 0.47764113814001946 0.6035728410800117 2.3956885180664083 4.298178877010024 
0.061568139295258985 0.33746156622604445 0.14604265434316718 0.1397207460827004 0.40627484748153087 0.7408872858574015 1.1419346148064597 2.7671436379877226 
0.06831839474538277 0.3129711950206957 0.13947189787546502 0.1082805111931995 0.4467941100013364 1.0269783133799506 2.5778673672114003 6.470331842186799 
0.06640392579371833 0.2448108967984658 0.1658910690009133 0.12154173724963754 0.4277974258577154 1.3716081864500986 2.533797686577108 9.107642666998952 
0.030443280423491065 0.18747608115899214 0.22658947495735837 0.060114130066012586 0.3554776571963763 1.4097643654452017 1.134811049005146 7.151946029263707 
0.05668891382042729 0.1521938712305714 0.19636445095694768 0.08848812047629094 0.5069716439367004 1.3613627473453964 1.6463946097165039 7.372616307928009 
0.06553550354481008 0.3754533288080311 0.10016348696798806 0.128513784067398 0.24012400848439708 1.4049935805875642 3.206741341963271 4.030124884486512 
0.13777231858640235 0.16974724405008929 0.09552434296600609 0.1969835648560438 0.3670519777562003 1.4390999175793724 1.7943217371283635 6.641301654243447 
0.09403074718292262 0.3268771442237633 0.09208504907973998 0.10685465024404764 0.24013153767055773 1.1892099482842922 1.408480330604773 3.4992733455716314 
0.02645220029114987 0.15831295865602124 0.22162360360599515 0.1334293729296502 0.2765919752808375 1.5939166666037126 2.4297856873743546 4.195872762189506 
0.057662183544674485 0.3328868385021152 0.1499947959101708 0.11053245560919008 0.2263013919389526 1.1679314930405902 1.9381554504660488 5.053839151916818 
0.07023823418448945 0.07581879795357875 0.21518892616681518 0.07078447950191996 0.40915380338261453 1.1275335370694257 0.8033655456700289 6.260879318136147 
0.0967299087037887 0.3498426745486849 0.09131057499566171 0.17533722127397516 0.34148232211079554 1.3078547676673362 1.8705923595396132 7.132094692359685 
0.05676919624916772 0.30825545202666754 0.17459895938757558 0.08756218203953132 0.3380979691432939 0.5183020731382528 4.459845759788177 3.366708190661784 
0.02861221545279277 0.1470147587136141 0.23126995272637052 0.16633581897223734 0.2814018743955304 1.0310727903751713 5.2495054766115645 4.31407681728144 
0.028249012299975385 0.16330610569857348 0.2580675792131922 0.08136384675749829 0.384394007091723 0.5151775412219337 3.912040021836746 4.0205793104001355 
0.06869964423542914 0.3864447425408814 0.10123686776228828 0.09718468431534905 0.3632721266487489 0.5793593112652576 3.55272933811738 2.9240375110068104 
0.134185433542893 0.15460090423061945 0.1493676285647558 0.13667494634696944 0.3912792919043282 0.8212597667521785 4.5327028224139285 4.3775014120290985 
0.05640350654209318 0.07202144805486077 0.19496808044937367 0.135193059004078 0.5158323813482484 0.8212558410400468 3.9538643028251794 6.4776991376131665 
0.06647381543320247 0.0718423284436066 0.26949200411816615 0.03119387820465856 0.24357160442933462 0.7337942066712655 3.4723310208624856 4.487990704449068 
0.11423607571546453 0.12797562346992244 0.18783162404776718 0.08858468061939917 0.32741118694110116 0.7746408147373746 3.0012570937867666 3.9741693652803423 
0.11406863589902473 0.3198159839498138 0.09510613191902349 0.09964364010840876 0.4320673117655841 1.1909517845665534 3.496975833130526 8.216814070810713 
0.1353401249722202 0.1749405491399209 0.08383116580391325 0.09700766629604532 0.25784352738946886 0.7823176437177196 3.1745378896506553 7.9126866332737515 
0.14679780625517241 0.17914999087410585 0.11515057395254126 0.09608725393938083 0.26626380502624053 0.36059441585263974 2.9091999048595705 4.022698128244866 
0.05744830265961194 0.17279494662650305 0.19378933221621308 0.10052093087521126 0.16201302364149525 0.6879436767445073 1.9656368341540345 7.622233622198207 
0.049732741174697 0.31035916340288167 0.16815877813607363 0.11575096307119855 0.3299413201687675 0.6497435609080734 2.2256125377843765 7.806230061005423 
0.12460332349027145 0.27145555890197703 0.09804416382317736 0.18040317502818318 0.37024137778519817 0.48652804594355425 3.2569332884639874 8.262642163378048 
0.0607456141375014 0.36225755588876446 0.12670309762587115 0.1320252124721706 0.17550589189957422 0.3849543631881444 1.724523149093408 6.92558319203598 
0.06583688387455919 0.08099450905050529 0.21818654241327276 0.30893376086755214 0.16894766936966626 0.6823789992380792 2.1436184469537105 8.93666646463539 
0.06460823105494364 0.06851869773353371 0.22195342251278832 0.17440767037453273 0.33861765717070813 0.939605232737962 2.4395426144822205 7.451164977015712 
0.06096262676796901 0.2872004151092341 0.1649138279444868 0.21570854100804002 0.3768764863204425 0.6466495076294717 2.1485104693689143 7.494304638812682 
0.1344422849323208 0.16243654343694186 0.09836534279776839 0.11990277337410973 0.12133755631489096 0.7155916955499708 1.5527875681471095 6.205486805397648 
0.1077174201311399 0.2900212689084275 0.09968151935492224 0.08807901358403189 0.3420779115435683 0.5667276717753691 2.0643939654364316 6.4038557503163664 
0.07654080442609018 0.22760964159518798 0.1592121441541612 0.12039686967855195 0.20292243186199777 0.9052062712264727 1.1807149096987832 5.474881130632533 
0.10856393283731801 0.16362278055195664 0.12560290206986793 0.13491661661886778 0.33667216816597345 0.8475448066171682 1.4682533230869528 5.391542001372103 
0.12965983924050448 0.14634592218296755 0.15314650726003187 0.05949084049333355 0.19644443584507537 0.6583862994296981 1.2804938196270088 5.937214676484356 
