1.4123477424575634 0.21828999610339797 0.6047089405190941 9.70811740549366E-5 0.35930734385860524 0.09682431945129162 1.6112256798976121 1.690056908886077E-10 0.07801869124152128 2.588834747173973E-24 
0.025096316551923903 0.1750830762875514 0.4878735162060663 1.306793664460808E-10 2.0093004272083544E-5 0.06680277199789482 0.5180786205405618 0.5633141357034446 0.05513047551758023 5.057352430238686E-18 
0.025843107795147594 0.4828097543339008 0.15837033556663993 0.0 2.269637272874607E-4 0.017934753915923418 5.58666461659352E-4 0.3441724488903702 0.2952446588793417 1.3804322905093872E-24 
0.02059132117083074 0.6297706824972914 0.05670478283894681 2.6594849188841038E-5 5.609938804087496E-5 0.05363580226382655 0.40616274184184004 2.032814237265459 0.010861666246488651 5.7915834228235215E-22 
0.006276312588601616 0.14497765278835079 0.044653568667781765 0.0 9.041604206898924E-5 0.02018193760053897 2.793158847824047E-4 0.4596436604617074 0.2702230740741937 1.151469379150834E-24 
0.013885443993386518 0.3993049959470143 0.040829183131577226 2.2929844526249758E-5 2.824529134952637E-5 0.07816979717774127 0.4724630443272146 1.0597808528489157 0.012249137476732676 6.462413050874444E-22 
0.0022179032811905047 0.017154573250250167 0.0030549941491160738 1.240159133560606E-6 0.006643943995025889 0.028086414836914205 0.03602837999735991 0.8550177892452512 0.012218792545042743 0.004011498188468866 
0.01892289645538155 0.11294041345050392 9.344356625686334E-4 8.435579126415873E-6 0.05615693006200491 0.053377997829387534 0.7283783869628111 0.22650997197115574 0.06856723146533392 1.6278884932781479E-18 
7.590711603623505E-4 0.1591067754197599 0.3782414065191695 1.0656142527288441E-9 5.678431127299896E-6 7.124782477472049E-6 0.0883404732887867 0.30224416099403184 0.3039424116524141 0.0 
4.3457376581522364E-7 48.17370655890216 0.0 0.0 0.008838706269943316 0.0 0.0 0.0 0.0 6.444498660098276E-21 
1.9545668660156692E-9 0.7063722769077511 0.6742935477722329 7.16440082515814E-5 6.691995304861664E-5 0.08118061681875365 1.950417835362589 7.425467537990879E-9 1.1320001115433496 0.002271141502888892 
1.6739640266053879E-10 0.07217002100515968 0.12913411407797593 3.3705431695108123E-10 2.8648179413311076E-6 0.004974107379032801 0.0801878740172526 0.27112698766473914 0.2832656862650121 0.0 
5.490410147587795E-66 0.07621813775073 0.01073088064150789 4.277686120651564E-6 0.0015418931319138203 0.040298820438740356 0.0 0.7546518153294104 0.011171481059514462 4.757387895431944E-21 
0.002209512351643288 0.19622113086292722 0.006458459889649648 0.0 0.00595124101270313 0.06323996097670014 0.0830097265752161 1.3466822199202741 0.8926794211318553 1.8013825516798155E-20 
0.0030570585425203746 0.4363734679360288 0.6594945814788807 0.0023628987095234756 0.023951639393863418 0.049347083787551455 0.0 0.6405972006927484 0.012671585435360733 0.0 
3.5413546573758973E-16 0.22958088858191592 0.0018019801693330685 6.536322360862269E-4 2.8440087633871414E-6 2.778582498394385E-5 0.07554588141966227 0.5395162929086658 0.35261205171623694 5.12650135512586E-10 
4.243259267008947E-11 0.04564627818331856 0.017632342766320405 9.544586884126015E-11 0.00783111081830745 1.3826914241098059E-6 0.08346501851154038 0.6750709941206342 0.18711450628535317 6.5721626658028235E-21 
1.1917480914775864E-72 1.5733695918139136E-8 130.3473980695947 0.0 0.0028662904253950027 1.1160258601683488E-4 5.6264187398919846E-11 5.591175557145263E-9 0.001900027887601017 0.0 
5.528580491203821E-67 0.00799998741768528 0.8789611999445696 0.0 4.131671335855817E-6 0.04232386556208768 0.03334238812236585 0.2648972193039663 0.19474630215798142 0.0 
4.9721302852315906E-67 0.009192141982214314 0.715653480181827 8.700884061234805E-6 1.3303153977713268E-5 0.08628982508311347 0.06500226341373873 0.5620136994270478 0.49717965852103296 0.0 
2.0746139599389471E-10 2.4464860130723623E-8 0.6448276918761218 0.0 0.022222135312006716 0.009222006866995642 0.2537720812549426 0.4846740614064072 0.060602498268952705 3.1965594924312233E-18 
4.454306882423654E-131 4.619886552082918E-67 0.2220480802387 0.0 0.006668507032285445 0.015107272877206509 0.16641960191477978 0.40679154640125204 0.21164108772880255 0.0 
5.530564783017413E-69 7.045051809420918E-5 0.14186241565719276 1.6646987802382851E-6 0.0044134548367579796 0.023560405120563253 0.0 0.3700978190929927 0.2548889596352021 4.370638063092167E-18 
2.1891199647403306E-17 4.968803376164356E-5 0.12167297198292429 1.6921900392368944E-6 0.0042397978513874475 0.023296979306390287 0.09492331053584255 0.7803033547825572 0.08390740804463521 1.800901071631067E-19 
8.519990827968974E-4 0.5514004930074448 0.8702649426135954 0.005375720348968173 1.0237144377617001E-5 0.8855678805664283 1.3101206345932663 4.4652719917765316E-8 0.6679213638345439 1.746362581859749E-21 
0.0011035110866118487 0.1521329225713027 0.23182313010768732 9.16513962523286E-4 0.04398300878360709 0.0338065090114218 0.36855898449554375 0.7277883786009632 0.0229794667590427 0.0 
2.8351266577461207E-4 0.019790035842774018 0.2142709209141191 7.759067436280562E-4 2.2447591965118157E-6 4.0731298721048844E-4 0.05597707437810764 0.5061976206894094 0.19476314138544756 3.972474418944057E-21 
2.2011968649800395E-12 0.282891980488677 0.23004610600181752 0.011517462041329352 0.010131251927563067 1.274673857372384E-4 0.026259102053988757 1.3336832675371963 4.84468101697429E-9 5.384285573772972E-21 
6.557597561008783E-66 0.07990885156950679 0.011478129873318256 0.0024133606640722046 7.747267282835229E-6 0.0069161262157110505 1.1269900343946315 0.5032540914983327 0.13558305067803975 2.8504304978345967E-21 
4.073772720176267E-4 0.044901187340498035 0.0026138314775246254 9.448345330076847E-4 1.9577129848369583E-6 9.240317306402815E-4 0.10221350938148908 0.3499657950623182 0.2599127248088692 4.0168859617016496E-21 
6.799976393596743E-4 0.10675489635823918 0.004949178183034182 0.0014271663999671715 1.998524589168274E-5 0.0014140198964218184 0.07318139580649294 1.1391684348440738 0.17409052665300886 3.1777609126232735E-21 
0.01123423253896557 0.06018703977425398 0.22219073162336153 0.002790123020496853 3.820364594017755E-5 0.015864234706467646 0.5565929776987105 2.330871864755797 0.0 4.090026859636595E-22 
2.7523089854760503E-4 0.0321757157971285 0.0018358916928358363 5.520132370730324E-4 1.158192073553128E-6 0.0016951491494454078 0.1067121807894455 0.4159167845496655 0.2586769413933722 5.3451780386152956E-21 
0.0025855159557018 0.18888265718248679 3.6406496403576065E-5 0.0021235828867709034 4.6976893001589896E-5 3.0216691308815145E-5 0.053670719267475187 2.8540812078195157 0.042588021814892775 2.587157353787675E-19 
0.0025524023092519596 0.04858035625071326 0.008470081619659897 0.0016009883362805924 0.01885614085527896 0.0414270313969028 0.26983459400006515 0.41282859121087384 0.14799133988147115 6.364405446639008E-25 
3.247080036417608E-13 0.061241823487497314 0.03164147631311263 0.0010903109879324324 0.020503309868867486 2.4237511840573206E-5 0.042155149069138094 1.7756496085299163 0.29818332778786044 5.366964252237067E-21 
6.030834409624153E-4 0.009180666049896554 0.0 0.0 0.7024462032090584 0.0 0.011369661011564612 1.2491275174339638 0.6530554883858587 0.0 
0.002423725752102397 0.01269862055389945 0.05206241183240081 7.053226601087559E-4 0.2634319129882408 3.944629565968312E-12 0.5072673251119026 1.0422543335306134 0.0 4.748062514851247E-22 
5.712012241693554E-10 0.422979864387496 0.22560458114983697 4.161584523858285E-5 0.07563506666034173 9.850563161140657E-4 0.3683791875898081 0.10227385546414484 0.2509127527948659 5.850118361665898E-18 
1.296465822901383E-11 0.024770906078663033 0.04032173432008383 1.0516661706079435E-11 0.028400381900976938 0.0014986988087234965 0.07897190703603348 0.5016947257242832 0.07673786705862594 4.7602193980948335E-18 
3.139543541564006E-10 0.19826858178714488 0.11902016497261146 1.8165756521557265E-5 0.044575678788091884 8.944144110886482E-4 0.32654901387021096 0.7120355788874789 0.008510071461267565 7.853494293539892E-18 
2.544754772983431E-4 0.0234624665442103 0.037183052950378125 1.5333072284895914E-7 0.059671343159520746 0.042076178682789636 0.02018276589129234 0.15233436130145733 0.4235937149948113 0.0 
2.2519883293441745E-5 0.0031856796076680564 0.030928633251083717 6.067108055184275E-8 0.03584159144767271 0.014056485674030634 0.616183427512744 0.3327687953277212 0.29482233830594534 8.20690761546666E-21 
1.320702133161239E-10 0.07682400866966058 0.049774677598121646 8.806028093372773E-6 0.021497074427872305 3.3214269769937126E-4 0.0759820003977738 0.1659571916359299 0.28468784633672883 7.5727581946471E-18 
0.0013907290285177637 0.010803791628320895 0.024768909401631824 5.521774739175146E-12 0.032002156528217786 0.002562412273833515 0.06022925361998419 0.8190955816142693 0.10335904194192592 5.189080747874682E-18 
2.0826044346022673E-69 2.217582517220714E-5 0.080948378171115 7.109104952541762E-7 0.032741977452617775 0.011643770344671771 0.006485565878211372 0.34274836097082934 0.5463318387401938 9.596971520117573E-25 
1.6729469033918244E-64 1.3145394812931461 0.885713313992865 0.0 8.91686504660493E-5 5.2809989923429415 4.947747745324897E-11 2.887437509293481E-8 0.010743782147161119 0.0 
2.0320838118856126E-20 4.546130253766367E-6 0.014946586526056108 6.167266977434201E-15 0.004940919849661539 0.04518653168459288 0.1936617371161003 0.4432550164852652 0.277449059558525 7.451767465125207E-19 
1.8458086954952693E-65 0.15793065784911717 0.08540971502281498 0.0 1.12696593858573E-5 0.7748535721785307 7.926609574943195E-12 5.646223908512731 0.012001328561689178 6.7260016702994105E-21 
8.18013465486485E-4 0.060309788400714034 0.1583830472946733 4.3394945516680956E-4 0.08670339248222492 0.13553444776393628 0.32350198738478475 8.236883218004726 0.05759923219931213 0.0 
4.8424354955281675E-6 8.058648549150029E-4 0.006270532396893275 1.3550862239056003E-8 0.004991219004607064 0.008188825533026238 0.07540455847068372 0.3823556765424382 0.24579697153635213 4.103983728347441E-21 
5.98674257090779E-4 0.0045829544042421694 0.011565209152141407 2.7681758286125837E-12 0.010500242523925358 0.005602566118216088 0.054227620713809266 0.6611193286804468 0.21166622761834658 6.073453309072547E-18 
4.793135500662958E-12 0.006606386715680676 0.00609802733042799 2.2930940560115764E-10 0.007215457431808435 0.0035799520660566506 0.16142382754358292 0.7367235489203682 0.064015490415659 4.3576186295075545E-18 
6.074734547521286E-4 0.003998802203218601 0.010879440031615197 2.3705084252657484E-12 0.008559608696608665 0.004800489101102354 0.054901983455255696 0.47262665991140723 0.2597498997242455 5.008043953579925E-18 
3.67540898231842E-6 6.383100502017301E-4 0.004628142209901259 1.1240004413761423E-8 0.004833962717059726 0.002350555247756255 0.09951986092215397 0.7198357082220479 0.14179895982669682 7.27171546641232E-21 
3.3902213024657426E-75 1.0743909365463114E-66 1.7211759625600834E-63 2.330629869598308E-68 1.2323132579688676E-67 3.3602513867127626E-70 185.38748767910897 0.0 0.0 0.0 
1.5909113593582812E-130 2.1031694416817768E-66 3.376377538742466E-67 1.5127950917197455E-70 5.862792585515954E-71 9.351037998528596E-68 1.3016104749205937 0.713832211623696 0.2542812024652722 6.398288166350178E-21 
7.073250202133075E-76 2.167909637854531E-67 1.990223347081586E-64 9.468748830810998E-75 6.399522539037598E-69 3.162960047555828E-71 13.03046679791784 5.075717004741527 2.3929997189398953 0.0 
8.139533295452367E-5 0.08510933523059254 0.010146672345522068 8.606003479574075E-4 0.05608885317068677 0.02043673504172711 0.2087283596291751 0.28350961632604843 0.21205431308542544 3.0999273835076095E-21 
1.0060166233983692E-11 0.01996603892034423 0.030293725201135678 8.164190669946284E-12 0.020250537984395633 5.939859113596517E-4 0.06858252650062653 0.6564355880959294 0.05039316177963796 3.7601573495340986E-18 
2.3274122939295863E-22 0.057000895994659344 0.08750154124333565 0.00165511664442084 0.06297191622411559 0.00240773002940388 0.3279983728202045 0.3201791248557463 0.38560105502226455 7.927941261514437E-19 
0.0017684483123960395 0.010579245421851994 0.029724914458523505 9.442969699264053E-4 0.021346513414559405 7.603253933937304E-4 0.05565636594369643 0.5954999813152467 0.055304394064936264 5.111603548733226E-18 
5.8236056147942574E-5 0.003038358464319893 0.03315144418706011 2.856288199535039E-4 0.025735530300072463 2.7456273912083556E-5 0.0545296285130985 0.5635027452305059 0.13117345754405 2.193066428284149E-19 
5.316183832178722E-5 0.0030825703364090076 0.03110569664641484 1.3520619011490436E-4 0.02582408972206053 2.9509947580104575E-4 0.06294746270104348 0.3130550734106603 0.2705828474458558 1.6518736284766718E-19 
2.12168743544043E-5 0.025641849654953836 0.0030344161481329172 1.8782091104721079E-6 0.012044592370980026 0.003945329924731162 0.039252982402073415 0.38574794301529447 0.15797714967223106 3.208605939796339E-21 
9.204050747082518E-140 1.4729920128369028E-131 1.908211590799536E-128 7.867524412336183E-133 8.62054340128986E-133 5.2915193419260135E-135 2.1062210984227625E-63 111.15921754262186 0.0 0.0 
3.3060585577904125E-66 0.03348973502840779 0.045595654297225466 3.407437785988918E-6 2.3612193482361916E-6 0.2265947216963462 1.882763359957359E-12 10.2387056970922 0.012306067570324236 5.606392857722434E-21 
0.010026529605794792 0.11745099945252753 1.4508198859306949E-13 3.788120678013589E-4 1.1637051812343099E-6 0.0041968404892653195 0.1778394510194066 3.6772622521662863 0.24437453084531743 0.21307977425421903 
0.0011443729802785693 0.1341545614765787 0.04720137047497559 6.406235320683535E-6 0.0 0.003221544306609524 0.08791595638688209 2.3174457220619824 0.4151515407220083 0.2906682030416204 
7.84334531159766E-12 0.007495217468792372 0.003413334954777367 4.071479200506891E-8 0.0013427526517136798 0.0016460271032870074 0.10100492153037595 0.5793493358668345 0.1523703456639801 0.0 
1.0479262336202562E-64 1.1338119509183795 0.4168918633978067 0.0 3.571791892590019E-5 0.0018178646972023948 0.041276394038461825 3.4741878247879403 0.007951313627612991 0.0 
7.33085180606863E-5 0.18844114706548695 0.44979668206682527 2.4804760611057714E-5 0.0020816988668418096 0.009497820113836765 0.11817921191970358 0.9355442665034195 0.010234174778824014 0.0 
8.599260497540822E-6 0.018627558996332925 0.03690156779248134 2.118669846488723E-6 0.0023719240775099265 0.022857588061702756 0.03992145130733707 0.6293488305885626 0.011670900545335748 9.333538681795199E-4 
5.212877647711145E-72 9.369515647568826E-71 4.1725454436837774E-5 2.448412561695665E-11 2.2504400900476885E-5 7.928358267034302E-5 1.1019776000163954E-5 0.9956428566188636 0.5764709061852857 0.0 
2.2377443490331198E-14 1.6231967661610394E-5 0.03042908903206775 4.007322466627645E-7 0.005450815454384789 0.006255412317094821 0.038507149735238194 1.4845141225393341 0.05947682845229929 1.5685298140395323E-5 
2.0624507804525502E-69 1.5155851331849554E-66 7.51725014647824E-66 0.0 4.769226418609835E-64 0.0 1.100083912358979E-65 9.784011713288385E-67 61.97307315274819 0.0 
8.7597614106397E-6 0.012300152837475308 0.1316543979025411 3.3400614038187325E-7 1.5046033694198082E-6 0.01167859331199891 0.35083117207115255 0.19279086042478547 0.2235397904597 8.869229856233555E-21 
9.211125943763438E-78 6.274623534245383E-69 0.0025040739888400115 1.5006847825931072E-9 7.44098545173445E-4 0.020029837837995283 0.002150567223946505 0.22241206297671334 1.041237335903579 1.176137848271285E-24 
1.3118304152066382E-5 0.0014952395733479628 1.1566068137390249E-4 8.546927033740929E-9 0.0031324654399667025 4.166617508791687E-5 0.008901024295499337 0.3726815115194751 0.45174954716644555 2.9839555771316225E-18 
1.000813690967885E-77 8.631358448214692E-69 2.5245043428550545E-65 3.067275227852851E-70 1.4506053903645785E-66 5.7035251404939755E-68 2.5218907486684056E-65 0.43207198275123637 0.39361305814378583 4.7902785299486254E-18 
2.0547886813399284E-8 2.6595853680489502E-6 0.011546415805022815 1.505084069626209E-7 0.0035069116737050936 2.486825207519174E-5 0.01053519116717678 0.3901846711067788 0.32930581850152807 3.146690446902581E-18 
1.5453754177788074E-132 2.726727167137559E-68 0.00869877942220743 7.929805020094182E-9 0.003039857184583528 0.04937150513474191 0.008543980724252543 0.34527633030407767 0.561286348835344 9.447774640284227E-21 
0.0022405619667053606 0.042381896583055044 4.985982751529003E-4 5.583345535754629E-4 9.578973893183249E-7 0.004211320425164418 0.19868850615891367 0.3295379944775287 0.8229594127179948 5.992311039335177E-21 
5.828956390387457E-67 0.01001898038959884 0.7868989252194655 0.0 2.0379236309816773E-5 0.0953498719740621 0.028802366348674523 0.5686820132268212 0.6352815000934532 0.0 
9.681256702085053E-10 1.318994988992372E-7 5.161757267843353E-4 6.715950385437557E-9 0.007271026035167816 2.602412645214859E-5 0.010227429663944685 0.3507691274941819 0.3404361731763693 3.2129024307415817E-18 
2.5018738005932958E-70 1.3505436326029578E-71 3.856912717884182E-66 0.0 3.4075576757508293E-65 2.993612663256033E-69 3.676194963750758E-66 7.358827330689663E-65 5.200049819752658E-66 26.95372175507975 
4.3644931528541096E-67 0.0059381674121641035 4.6051990736113816E-4 0.0 0.02796407577724332 0.06750512423749325 0.0045912131890956075 3.2477238541404723 1.4380940996892493 0.0012020957059062395 
6.129541684724472E-4 0.004695206949617702 0.012293420142377859 8.729872092921885E-7 0.007298147366059415 0.02653225336938397 0.0382671952313971 0.6653585024602443 0.010826731968061236 0.0042081858109443634 
0.0012124560280725562 0.008997982885076895 0.026757751985467794 1.68213314335376E-6 0.025231171031773306 0.00539014223268318 0.1394230275376586 1.163684518247773 0.007349152292946174 0.0038568237679127214 
1.6601598956350453E-10 0.11357706923170134 0.005158015211871295 1.0614721002657643E-5 0.044478850146822846 0.08954302915696029 0.9827707924004792 0.05231894310325408 0.24350865913295364 8.13798679696553E-4 
9.510875803955412E-12 0.0986174739161388 0.004235356271280248 0.0023982691405689894 0.041488541449534906 0.12144897925568682 0.5919980097826073 0.05812345704014376 0.2041946901482681 5.143867486380275E-4 
2.2233699322811683E-8 6.109996849346421E-6 1.7081617132050895 0.022754249147641657 1.4698593192976966E-5 0.7074286704871346 0.473358879529061 0.11390610723890632 0.8033887228111244 0.0010584385866166794 
1.0152810415217954E-4 0.04123563427321753 0.0032817578792600417 6.550122743038704E-4 2.7000227092431345E-6 0.0014042523785695385 0.10507264463496378 0.4944319807595172 0.19983279653769073 4.938283895620637E-4 
1.6978216871614764E-66 0.020696364003479996 0.04493798493186379 9.489983292348906E-4 0.018498606995296173 0.005890970661361124 0.0 0.9338361648321792 0.09806612716195069 0.0 
