565.3974197186062 0.7853963953011692 0.7853971530562579 0.7853979108120775 0.0 
303.1247228442781 2.370321866336206 0.5630171581784634 294.8311516563231 0.47189423340389336 
456.2452517366159 186.90683721213125 0.7853968347740166 0.785397831241464 0.0 
328.322017020542 0.6083352595461964 268.1074780770667 0.7853977140073216 0.0 
339.17968362937114 138.98927323570618 0.65683079281179 240.3058919810115 0.48911900533684016 
368.7129218498183 1.2094059481720032 0.7274108014041484 0.7274122169613711 150.12860037216382 
436.1713397809058 178.69176272914174 0.7663294806279515 0.7663304934165744 105.80020447700382 
348.4640333087591 142.8225448507456 0.7273609537553646 0.7273623103976309 153.41198978991522 
401.6403952024686 0.5939052002982976 327.9468334435475 0.7667370719712354 115.09346397265264 
290.3760646160108 118.98533443322826 0.552881604009832 304.931000258433 85.22279388568084 
263.57678203733667 7.085212958054099 2.5521789715471734 243.09526860410475 129.2119992245814 
215.48003035245492 0.39599605872309884 369.0674447318972 0.785389066293385 2.006363163405017 
239.26940365142588 0.4309900687034215 213.2019780483451 295.444901409742 11.135533314670036 
228.93698841363062 93.79646544405009 245.69216212919738 315.9579360815496 41.58916609955349 
218.494941710996 0.3865885848002193 374.2087621777057 0.766696537614236 96.29129222785964 
274.7226848629352 112.57037964375273 0.5216489771123434 288.49266280798884 168.63654422192985 
156.58261529882284 66.48372251753295 291.25490473085677 0.7853887986597637 1.583500887228552 
316.59462683639003 213.0656260393119 212.61451705231306 0.760621566413985 112.40477721642137 
333.4570582620297 343.8455423191884 0.7853967432302815 0.7853977990732988 0.0850325599591179 
0.7853966254328267 608.6789472261984 0.7853972792560395 0.7853979330798259 0.10805742831350769 
0.5632713750186245 349.57618342349787 0.5632721062234471 339.68532383768957 0.3214009785105472 
142.2776699014529 350.5299594049737 0.7853954228633598 0.7853971154540357 0.41987709493445846 
0.5849309350873304 362.7519891776491 324.92309965513425 0.7852709080566934 8.755975441308333 
114.31500851124348 281.7308143999645 0.5630172175889687 295.712047032931 0.4707363933120648 
118.1596719741069 262.4512571749875 256.9411889557511 157.1087744325666 0.4623641560727851 
0.8172117884922376 265.3840984042238 0.5337797471373835 257.21033975806847 126.06501870527731 
1.1491747106152717 379.9652494452506 0.7433406053926382 0.7433420278571139 129.60975960402882 
0.3902141255845382 214.16470905663414 374.1221781674973 0.785397728895708 0.0 
10.374716741515257 309.21063570445995 285.12749464441407 171.2583502175538 154.99583849641095 
135.60521547807616 334.205484464145 0.6644349566758563 0.6644360841577636 227.32119766281357 
10.21140885012238 238.0202554332011 428.6968782556983 0.7663305191877963 110.08542508685517 
0.3016202305878716 161.6867089393913 255.00839058445848 293.4056776879496 0.46983516907312106 
0.4018928139033075 218.8124733039794 218.8128423818825 285.27904046899437 75.57595563332073 
212.6241085529997 219.2464463032986 0.5623448488690431 297.0490185306181 20.84737580177633 
266.58640286755855 308.38430581294244 363.2057577910776 0.7633679852868615 132.11064612739327 
288.7782944660235 297.77322166446794 0.7384952055292748 0.7384963759129394 150.1638540728803 
132.05167847647942 136.16258842430054 301.49548592336924 0.785388871991593 1.6722493245632282 
0.006363890597179513 0.7853722164722329 1403.496021563055 0.7853981224057004 5.736830539559678E-4 
60.05484059172018 61.59411041640534 494.7206460993912 0.7853972611614362 0.6113134021311277 
2.675476833406432 79.23242596181841 438.8357845508837 2.269371738881438 0.0 
6.323022777295643 0.009745715458463861 472.3750993720269 184.949471759812 47.68589418427676 
84.53600479968885 0.1584235503094419 410.4796585359565 0.7853977036772523 0.0 
0.0018621197050720944 0.7730290534681933 320.9115126276122 0.7730335390560952 57.62492664929134 
5.118532975919949 0.010098660864173204 370.61826937235713 145.20641088403582 0.0 
2.433449578309623 71.56619911223 355.4159883119143 147.6577228943701 0.0 
61.49855225645814 0.13158153072629958 356.3565196906215 0.7737265898561598 63.04706271730737 
148.56839645450728 70.82592895146938 550.2556339367526 0.782964407257895 45.3179142437594 
0.13877925418676415 71.90067567480757 392.9168348101093 0.7665903618673316 89.02214724744346 
247.5840336693132 0.44632811128323147 636.4857742395499 0.785380684403865 4.533768840123465 
172.2000034306552 177.5643507227774 393.2930275959685 0.7853813277693404 3.0081594010679753 
91.47763343076966 94.32509404032119 207.18163478703588 238.39957528026903 1.6059987643292255 
153.42817574670113 0.2878773896553934 263.0482672130486 281.2807638769629 57.99414468127009 
179.02387712387545 120.48607644173396 343.0899818894471 0.7338882192318426 154.49801552237938 
218.40060390281585 0.38611871382890106 201.1314536719806 293.06549997434826 152.68954603876597 
193.97229161834886 200.01347908156336 0.521034425936623 270.99141134890283 159.14033757203853 
3.2389480995864293E-4 2.2086528680497814E-4 0.7853980326284639 1573.4676691954082 0.044458798099534604 
68.39660467606934 0.1408765152167006 117.11497720170577 350.332970563086 65.49554842131771 
0.521558369194922 15.556289292406332 86.25469122799817 512.351164113752 0.6327994925001214 
8.731792090234933E-4 0.3940454213804135 0.6754070520173994 352.8762216083895 33.16822096359808 
5.531398956691189E-4 0.2448936510299604 108.422939234772 329.9473828631331 17.037409874074587 
0.129342546842856 61.87050788516958 2.9598502683191 370.5608424145405 0.4699671303918815 
57.894059145450626 39.251964625854946 3.329470158957497 421.6456800068573 0.5346623204494297 
0.7737246975974971 0.0012831346572703762 0.0012831364217371797 466.55395886535337 81.34087883992672 
0.09864578665668738 3.0642916371100157 225.23318427294686 381.9690470756069 0.0 
2.323746383233512 0.004969157863947075 130.62489060099315 337.42965243309743 63.084264803450615 
121.5617515702559 0.19116514940018173 111.84257765348582 471.320678740423 2.3446686614994117 
0.17647161179216472 80.22082030207066 137.50285252396907 319.59424323161653 0.23542841993984961 
0.24489506145266227 108.27119474372059 0.24489568789871388 329.4843406366584 17.01351047775515 
138.39289435084038 0.3770216014912747 0.28354123769667283 357.4919270004283 0.0 
182.93377565328382 0.2821186745921575 0.28210078929525706 472.92482595598005 47.66164476113569 
0.00118101658572122 0.5623539614640526 267.78722150107865 261.08318933407406 0.0 
148.82640293021296 0.2792761231483256 0.2792617975752295 384.5471091204483 71.88925252482088 
75.03665949212811 0.1241019034327974 128.52384799635195 424.57794314245336 151.97760483680293 
0.6730272072462131 0.27584123754437306 0.0013906140187387678 380.4470326037999 154.97997067381095 
0.8399768929010327 0.0023927874364798327 392.7243777618163 387.64373557345573 96.05540260665109 
2.7173411344580266E-14 4.808555849924491E-17 3.858399572623174E-16 2.0261677079151605E-16 443.8332486133833 
117.69115336925908 0.24812338034859482 201.74292550975758 215.32655098046487 194.58944662602337 
0.6697372545650878 9.105797222134373E-4 9.105805638310449E-4 492.59697790924815 301.7374808923343 
10.192764565963051 100.69442299220674 93.27490201675627 332.74017276588665 265.9099157911611 
0.0015125246623455965 0.6697347137444505 296.5543252450065 0.6697381296206204 181.65342610994884 
130.9765193990834 134.09415223135312 0.31873291057993625 318.852139956409 276.66046829178765 
0.22621154485593734 136.79504064956134 380.8360708071026 0.669165903004519 248.64814746507082 
101.90531917105915 102.86993508230721 405.8993662226741 0.66916593908572 264.80520832918114 
5.848898487489628 0.009058172214367659 436.71709607742946 170.9902343186598 192.85331096914646 
177.50860205611838 0.3377248703220058 303.98244408660935 0.6697382948797989 215.62513983563156 
0.7007267286937634 0.00255198148611533 238.9256531339961 235.83828059786975 122.87324852385551 
61.914956234328045 4.861119846193105 360.12293765028033 0.7276341754769259 148.4749763215326 
221.14961716338402 8.607748879643728 0.4243755572871571 0.42437633746005193 344.65447327686337 
0.5167655515349746 0.5352198638914575 421.7515432120037 0.7439816263539285 142.67181734051516 
0.8367866236364186 319.36969788221666 286.0632328169723 0.6677317182107964 265.5121925360626 
301.4172922500024 310.81290634758454 0.6289219908417861 0.6289226543683982 323.8555103521117 
0.21387035161813803 135.47883325649343 454.9163936564436 0.7440910349864843 160.34018829690243 
102.2865410354457 0.1686705747382869 94.10924763394108 418.6219424939197 179.68474374069572 
