36.679613212314074 0.002331270830958765 0.005241248542989158 0.001933313132510764 0.004390712529738872 0.008175892715550304 0.006517284651863688 0.006959582936623812 0.022290806895828363 0.28940650125628736 
0.34302405051973667 0.0014829272731798496 0.003952756768773499 0.0013991157193061707 0.01827311840416678 0.010311507534739072 0.032378211244127916 0.06612216925631843 0.018491230024613354 0.2896891317952738 
1.0303105993110542 0.02911554229289011 0.04394454718562295 0.0024601966734983057 0.13675430667429717 0.004308426778297791 0.21410497993595648 0.0073541993303403805 0.016457246971852895 0.4646799469230326 
0.1672390220110046 0.04929791940675251 0.0075466238688539555 0.010089887927436224 0.027242909799974274 0.007523172261909966 0.0036595882808756457 0.006430398989034458 0.047045521932169335 0.28895678052411516 
0.15776638777436763 0.00764998446092204 0.008841098130957192 0.00928789536261078 0.0013800805542377975 0.009897463934660415 0.021173732427072156 0.06940572075434828 0.018622569283610637 0.28987169947994146 
0.03523329666407689 0.00809766899464903 0.006478458883551781 0.0013964653861548606 0.0020262443006275645 0.00877847472814678 0.018780747828127643 0.002068485122437536 0.021191299914260796 0.288864960422191 
0.341611774007012 0.0016483110019917255 0.0050396543632351696 0.0634595072668665 0.009698248621384256 0.007852165057458064 0.22050847153791306 0.06586771708080183 0.01822279131262264 0.2893316224999489 
1.0458588453989874 0.01029632199179921 0.012235446238035885 0.0030912114732931195 0.1292749820127409 0.6289055070811406 0.21409107282989065 0.007424442197474951 0.01646745726900304 0.2904180693169213 
0.025188021486034197 0.0026093542804693963 0.011111143084427413 0.002583298879614094 0.004007382892431568 0.001444998170842678 0.009610270788034435 0.007384996603056852 0.021952876775723218 0.29169363386935737 
0.48410271315728504 0.04318484718761015 0.00314120717362258 9.275085568638949E-4 0.34221655760733294 0.003421251491663792 0.029687942394595487 0.007900971188019346 0.04409497615975007 0.29380157004683105 
0.020185271065927424 22.48562098374031 0.0075025935953919815 0.0035629548381859 0.0029887514321056564 0.007979815750747646 0.0033890123765941424 0.008367706834478817 0.022245037124948182 0.29148356102129963 
0.039951117390887886 0.04940725463200932 0.009581977262709642 0.010389201668493308 0.027026999338599353 0.01006072325533173 0.004891007701158856 0.008038277416153454 0.017200406505743525 0.2892045355235578 
0.06055423624624427 0.3056797944011385 0.004195444336968206 0.001597561013998687 0.09814936615994277 0.014042016805147578 0.006045814912373425 0.10637087807899552 0.022586500886313324 0.2886759492412812 
0.018620252421606972 0.14697086335765594 0.056897764923474266 6.593355477303008E-4 0.004072057122505206 0.008869531938363609 0.011501898011148988 0.06933079681437833 0.02252803752572646 0.2886321070228473 
0.009835645045308546 0.16874125512840218 0.008738204949438725 0.0035213803689848134 0.004048193211626933 0.003101139036068527 0.19270758929301401 0.00839810748267269 0.04169327891035139 0.3064514675074431 
0.02097423734951035 0.44992986525500867 0.004569026860654838 0.0015900685516447998 0.0039063215591521264 0.2727266980268021 0.42651350304500935 0.005761405331070482 0.04077106196325733 0.2886309751029504 
0.013262552114377692 0.1377022402863667 0.006518139572211353 0.0021073629073979617 0.02870359849770541 0.007887213326816241 0.0063266840838807036 0.1065163674706047 0.022555352965251435 0.3063285987894519 
0.014183813619444131 0.050640262764997196 0.004125522658201607 0.01735146835296026 0.004255179700985299 0.00821682612532476 0.025613199474074734 0.024385020989081893 0.01963501858068025 0.2888005563137698 
0.026595942125216803 0.44994960670941997 0.005363055883896912 0.0015578152224348042 0.2513692793744832 0.27326366563460247 0.032297341499733005 0.005761405331070482 0.0440578942691968 0.28834011064946363 
0.022728431907649387 0.18789213091214088 0.004447607014745202 0.0014883470009397068 0.0031137097792857255 0.23783267613920292 0.00836899525656172 0.021464512181051644 0.04032097372932132 0.2886309751029504 
0.012618557842290452 0.0038086088927713766 21.26198978080232 0.001491121702846136 0.0027148768481706203 0.010689810470945681 0.006348234489509799 0.006782070357092533 0.02670228531053222 0.28993822699833616 
0.015793587972367996 0.003250169449976887 0.04436113713620155 0.006467998349230028 0.003755135057877409 0.008444832060733529 0.005058134221949717 0.0026203828277632383 0.054007928484279946 0.2994287406014079 
0.008064424734052302 0.013236184174599033 0.07596354894493966 0.005326344465929508 0.0021039882435477334 0.007089776824645384 0.033505265205419646 0.0031034805770137792 0.0433586446745687 0.2888921358007667 
0.019390757325299737 0.0013330951234483835 0.03753733342889433 7.125273303740314E-4 0.00429254919877214 0.007621359177011389 0.009047305997494601 0.004273979576144084 0.0226814289479664 0.29312978202236367 
0.005337551511791144 0.003191541292433592 0.08131524994166381 0.013874637012628747 0.0015185773646725596 0.0537197739141905 0.01439840687930719 0.0045360477588864126 0.023382622599198318 0.2905592049216177 
0.006200394168171154 0.1672720640617102 0.684261535985764 0.011637592155375697 0.0037934458211110063 0.562649822485583 0.010348855188042443 0.21008996278861028 0.018463683785333546 0.3091635884556838 
0.007328952753842286 0.002106475587357922 0.6830101120870166 0.006820520273488069 0.0035980921008490437 0.004433504236309465 0.03465944679482251 0.5410443285200514 0.01800500726569532 0.30003463904879374 
0.15228011360016097 0.05179808066766163 0.636526013565019 0.02114492547730454 0.028994419970938715 0.00961819249311259 0.8250969104341124 0.011963592334191087 0.018818617389273908 0.28861015473270407 
0.007898400607754801 0.0021255436976762316 0.6829950458364777 0.006749458832812504 0.0018083309519803404 0.004389801062432955 0.035251617571296794 0.5434043044406776 1.005311776376211 0.2990057026432463 
0.8008294719730517 0.0037331753240099942 0.6856863495242066 0.019600831872232636 0.08878465239339273 0.0012525618987479967 0.006509920071249105 0.5721281896653585 0.7659890353067385 0.2888860537689927 
0.007612793824036762 0.0013814246084699734 0.0036004841532948422 11.696373984419646 0.002082938363850787 0.0016711941429806197 0.010092860367092768 0.004751395634319524 0.017028944290338844 0.28842064920163474 
0.0082187614422014 0.0041789636433185815 0.0038437652954547907 0.02519921825082914 0.031877791532723986 0.008953727934826631 0.008670694476627614 0.006839934269504615 0.018373376551154542 0.2888347577220293 
0.006618716204134485 0.019116786527239308 0.00877141886208529 0.011596829549287618 0.003185077981785862 0.008502644267457324 0.00789102069449373 0.007523034028332011 0.023278357626941984 0.2894174164743269 
0.010537946586694831 0.010771607274588712 0.007021512523013864 0.01907610684511791 0.00123663043409269 0.0047171032946571375 0.00633824293267656 0.008521799014461418 0.04577312606045037 0.32111605973138574 
0.01139527043643036 0.006480392808175247 0.00653685831525413 0.013172740905125442 0.002563100750479187 0.009578255045200549 0.0051991610630200275 0.02501790071084898 0.019014300546289727 0.28952273248151844 
0.015147358384953897 0.005637691723584206 0.005615045780595325 0.009025930722176377 0.009899744697499225 0.015579091808033563 0.006505353567401262 0.007090337453652056 0.02255607646348702 0.2885618170384695 
0.008915892626098364 0.0018565263855091162 0.020536567025287195 0.009674668471979505 0.005826000740912676 0.008711595689689239 0.003830734763063606 0.007321066908520609 0.02204081753029523 0.29018262684961227 
0.013039586361799731 0.0034842257106252154 0.004892940129701075 0.005734711321581751 0.0014657445587392941 0.008772739280623908 0.018744801853863752 0.002331288373937663 0.020189549916591512 0.288864960422191 
0.007378633333252511 0.003147758047502798 0.0037800363523790453 0.013815479394680051 0.0018982407635178247 0.004431351405597444 0.04861967702054365 0.025610637118028426 0.01890132159863856 0.3013654714231986 
0.02614460729637698 0.005097820424301323 0.007211151103691809 0.010269414999274883 0.0030448293515513763 0.0016530272409352154 0.0064587733778329525 0.007006925368613876 0.022653582395597394 0.2888316595838483 
0.01392255784747395 0.004796749157071752 0.007902914087235773 8.998931896476113E-4 22.662065800648225 0.0023702857358721572 0.009778513282842969 0.004610062644867983 0.017457781798174626 0.28887141587980547 
0.015083594880802369 0.008344576897243801 0.006508510473448172 0.0028038339627513187 0.010612720591609896 0.012548544374783952 0.008551708327235367 0.008659546646686745 0.007653687942223934 0.2889901594230635 
0.007610468521439127 0.004839718629847573 0.004787745047546619 0.00182166431239403 0.03478688947615383 0.005012909743935739 0.03767942482094432 0.02510604152540691 0.01879994378887249 0.2883000985284984 
0.011925801355840544 0.0049636753456483145 0.004794207645142094 0.001766485344014818 0.09814905882082252 0.01401614261183958 0.006080039822177483 0.10637087807899552 0.022586500886313324 0.2885245925653023 
0.015040785777319116 0.003260389600005101 0.004967113785390101 0.001914952339845928 0.021950656500536632 0.003520692743074486 0.027155760348122702 0.006084095663269661 0.0436770612689844 0.28969987368311206 
0.012873782658955672 0.002788908816097709 0.706228097218975 0.0025827399954115203 0.5211498939721851 0.007333305184833398 0.016873817666669656 0.023765201173863153 0.022334941313517452 0.29576681430195734 
0.004490096034790243 0.005062294261618216 0.6831861074324652 0.008028510641064133 0.5349376166192833 0.005819649812460666 0.008701010794095757 0.5361658693566966 0.04394001546561708 0.3072538609356127 
0.02382882272321531 0.18565842252940593 0.006499538855152236 0.0014468259555161745 0.16062881661382616 0.2398357710878656 0.032921679156900543 0.022402090048340893 0.017760700373429746 0.28877813035196015 
0.0034452645973545 0.19642692842962006 0.004175968218556655 0.0026479428347780153 0.13949687664771782 0.2263499624979444 0.3593552798177355 0.021461947661007237 0.04011709973279535 0.28865956125740316 
0.00857288815351003 0.004213779379520022 0.010407095757334943 0.0058474435887255335 0.011523999780665527 0.008882117211535975 0.005023033698847365 0.02472992498380082 0.02222446235867631 0.28878979151800527 
0.01063259752012463 0.002760979593873853 0.004211652586153397 0.0013339199585173634 0.0015541511073426538 24.08722771035663 0.0017591174077068034 0.006670715440747768 0.017986398960444374 0.28846956258981665 
0.01864830947705698 0.002331270830958765 0.009850054972432642 0.0019341530479100462 0.004390712529738872 0.008175892715550304 0.006517284651863688 0.007311928449797144 0.02198183650287877 0.2896746100014512 
0.00816241295366122 0.16934238236848664 0.19205568177889754 0.07767812799418636 0.00388046101083841 0.5654261578013117 0.014070977257304971 0.19991488550988643 0.018463468544897145 0.30895210683978236 
0.026471940319042292 0.18566674592826612 0.005543182950537717 0.0015683469515341344 0.00467079328861018 0.23969704045635898 0.03296504273607104 0.02240185190440451 0.01795523165263705 0.2886309751029504 
0.03309331115743737 0.0011704288338950002 0.0044931025147456555 0.001690481090396654 0.0037012553589954138 0.027774913611481777 0.03605336961093728 0.003773008529394158 0.018006335342595745 0.2886952746961423 
0.01788162208602844 0.0025600982645353427 0.009850054972432642 0.002888635568831589 0.0043380457325597754 0.049176000748738874 0.006517337255998603 0.0582233714628972 0.021984907249865484 0.29980989021527904 
0.01577188686258727 0.027366095340353138 0.02358774081075426 0.001665516096358061 0.002614306396413137 0.01377341896250317 0.03418543165219933 0.007238717806262122 0.018843076764712356 0.28923769281439876 
0.00980465608885725 0.005405128861774126 0.005232590181309988 0.001983162573557941 0.0013096469441125978 0.005051505851501838 0.03842902992708454 0.025066800918150486 0.01816130518601819 0.28827924155102463 
0.011998691584249538 0.007203909046240363 0.015520183762066387 0.00903902333569444 0.001468367672960754 0.010332978750598437 0.005279489542395769 0.02656884253757325 0.015061512801579243 0.2906192221223429 
0.009827185293631673 0.1678677524470012 0.00956828591420818 0.0025371912937698026 0.007641267345280292 0.013487161063762906 0.009063647434828983 0.1945926813670645 0.0188602868102061 0.30754286599206293 
0.010021686125815693 0.0021273003133101204 0.0041791123944298165 0.0010555059244181238 0.003079483053208913 0.005182747209070515 31.739493968730486 0.003933095299149505 0.017229708881644136 0.2883948557516543 
0.02238266017515151 0.0014045310325180658 0.00519954162714396 0.0014157102577404999 0.010303322608900826 0.010483992025555843 0.03235717773997238 0.006500612894681164 0.018491230024613354 0.2896891317952738 
0.0039801330971762205 0.018650775365822058 0.6841126258222762 0.0020291166030531444 0.0013364531207828033 0.004887341915314509 2.906724009959987 0.5400842169926724 1.005956831419106 0.2989972464014963 
0.011576815161785834 0.1800993241079726 0.032846368567961935 3.7982841661674004E-4 0.0012893205071904887 0.004406468546509925 0.42589475569407276 0.004906110105445699 0.044647446554991116 0.3673726803583708 
0.019848285420878565 0.002405346593589754 0.006094537314757699 0.0020659062228766084 0.004575636411347636 0.23947301216437247 0.4034217512623945 0.004837577401520273 0.02198183650287877 0.28961264994476626 
31.615276044582032 0.002254012834576738 0.013769882790652967 0.023974339664335306 0.025226858125197114 0.03381342194578592 31.866139028158504 0.008656933178264948 0.01697461293352331 0.2887670039934565 
0.025449270750800675 0.1879017896339887 0.0051722607201149205 0.001549244706797603 0.004185610533493541 0.24509864198779355 0.42975294248067625 0.006874719719367931 0.01892362513399564 0.2886381963441115 
0.003302000707802883 0.03657426199833193 0.013228111590635364 0.0041821917747276866 0.13115832891468138 0.0012181177072823745 0.19306846701910632 0.007230729302181331 0.018422469170954966 0.2900622560645207 
0.01190735558102187 0.0027374130385311992 0.0038803135271292004 0.0012987822043099275 0.0031414745775645266 0.0011422963403128908 0.029784597165335776 0.003577328932759016 0.045232926968870886 0.2891079257735307 
0.010328848234802644 0.17610413774546313 0.008689685854685159 0.14086198588107032 0.0014941508656642745 0.005390341370618707 0.4413587588430853 0.007274723569416513 0.020178474460529103 0.37016546122819277 
0.0026575929788574685 0.002302025455390406 0.001988518644537417 5.472557279803409E-4 0.0010963390812346627 0.0020773563711640906 0.0019714459056796455 19.363613919355835 0.01663648053759044 0.28809682590232144 
0.010826089407060232 0.05082881550580465 0.0033013321003448667 0.03836624070559007 0.0037366332641620165 0.008004183962308066 0.009274273695930946 0.21321222023803807 0.025749829460292424 0.37709937858715054 
1.0540356970694873 0.04303190953798629 0.024822391375623667 5.448139799103904E-4 0.0032836647220764862 0.0063215337423419265 0.00894505763985339 1.1207918015770064 0.048302212005152376 0.28863502090963183 
0.002328179167782831 0.030516907371112168 0.017387114493393446 0.003710820872662921 0.0031284287731910246 0.008599253231386618 0.02991738396574381 2.4045426183637537 0.017221374742614422 1.8948086718307828 
0.08938772173275311 0.005042267530589444 0.0054874704082370565 0.0030801020221476955 0.0038114944433256673 0.05346910341648958 0.009835569641331367 0.1180704127904955 0.02591065341976485 0.29016646105376337 
0.012549648477556909 2.8855936382273177 0.005073780090667087 0.0016086534827602177 0.0036528062976426906 0.3189006255587475 0.03585666998976468 4.503010386961847 0.02446299890354348 0.29015015661072147 
0.33214359188288756 0.02747904407773035 0.06537963815852456 0.0017536729960145106 0.09850337732861755 0.010209583321019726 0.19638282271545843 0.36252917381301347 0.01630833424082346 0.2886219312171773 
0.009388876914711793 0.007997518606220305 0.0066590520587985575 0.005927381916224977 0.002537806598840155 0.009682505703656417 0.005210500113059065 0.025010461995498987 0.019006621894590375 0.28952273248151844 
0.0017680534976114953 0.01822549941411787 0.02377760138259511 0.00215460248735521 0.0027284781541866317 0.5028030660456276 0.00579772052872555 0.5905655206576175 0.12436719811116963 0.2881138577254646 
0.01091820821361339 0.0026004669159444375 0.00503949261346054 0.010254229992876812 0.001624846750893957 0.006592138661952923 0.01303194360356173 0.6060989350582869 1.013828717183542 0.30061638320136613 
0.004247002620920176 0.0032470560488873667 0.002878193027312068 0.0017337445268961365 0.0035628332197194944 0.004307379909489406 0.0027418109462176124 0.002841000302974172 45.43559073325535 0.2898934990150231 
0.011555362681582419 0.004789064338594095 0.00493492551876325 0.006085700628028177 0.0010729458950788275 0.006192529872869155 0.007093301648826416 0.00566169403394739 0.044165278005789226 0.2884287377286877 
0.011406647632518183 0.0027219448964228353 0.004565163097311315 0.00129272359603449 0.00284862726195257 5.139723712585557E-4 0.028381622338218122 0.005030523417464541 0.04654951856800238 0.2891079257735307 
0.01171711574674781 0.05058424486750366 0.0030630920986619483 0.038367794999509805 0.0037713738555052562 0.00787288866838342 0.009676686187028067 0.5299039332166906 1.0142226650108577 0.2998223935903483 
0.8004236789362577 0.0027203224874778513 0.006630667231844973 0.01889034576254325 0.0038116559930189264 0.0014503441469162531 0.00868294177480609 0.026491000491690744 0.7659890353067385 0.2889161439463047 
0.015576720907182689 0.0013856817589237497 0.025216759967888046 5.695204171541246E-4 0.003575312115290318 0.005950805263114043 0.008811687028653986 0.004731112532349337 0.04716659410215059 0.28863502090963183 
0.010011704828098107 0.010627277609281744 0.008657346965214509 0.002570270516031118 0.0014345966972045686 0.003954172854262405 0.005814691056643861 0.008414222781944248 0.04152969983653801 0.30680228818793415 
0.02163644194538734 0.01005095619973095 0.0075252055942482835 3.7304623276373047E-4 0.0010415197220075337 0.010344332598359986 0.0035506478298554765 0.01879324786951271 0.04554452439041699 0.29128983637509104 
0.019177927195322984 0.0038628534168657805 0.006394609421470775 0.0023770848276480714 0.022338969408325922 0.0014189242163238848 0.013366244805677925 0.006040477645496134 0.0436770612689844 0.2906479233982232 
0.008402594937508095 0.013483265196407624 0.005192710776241125 0.002585911200410818 0.1336765567085038 0.015125767956235657 0.008253777054803499 0.023897375721351543 0.29343042682653536 0.47659381675557594 
0.012457480793502534 0.007509689640677624 0.005877838419860557 0.0016762051614067728 0.004943865834600448 0.010196337103598515 0.005303535521801706 0.003822736705228609 0.01818544043426637 25.516331233841296 
0.032280716825536744 0.003937897782283231 0.00900564786425741 0.0025512768574539385 0.00851435504826089 0.011585993820448158 0.009198789028299525 0.00666532314465246 0.019873592851594152 0.30758266562268677 
0.0075038566033425545 0.011740062689645428 0.004669431083385838 0.019908114030811594 0.002912382224458079 0.008178461719549389 0.0073169771993508315 0.03131891156177312 0.24154585999461695 0.47837762217875773 
0.005178511714994223 0.1663107107003624 0.005192825074194928 0.00885883962283743 0.003735756591332182 0.5607086900405347 0.008966634484622836 0.20747229964483602 0.04396515889596167 1.0179000683715962 
0.01138791080736288 0.005435728644640824 0.009547414155670793 0.001468836341051063 0.027951868005619687 0.00765846027084922 0.010893772567650799 0.001221238530928074 0.04237799038292259 0.3162552536978711 
0.013016878632547703 0.007026151865393373 0.005867610757755333 0.002338216929099913 0.0023637769254908412 0.008393771217345355 0.032777622010424036 0.007396671597456213 0.018180401440653405 0.30829287000014793 
0.011222392663044888 0.004963772629108158 0.009507621421984566 0.001412355382097063 0.027941993605103167 0.0074341280526067895 0.004821796387263498 0.02343658371613477 0.04245242450938315 0.3164020319469002 
0.014671526250536445 0.011359267185154683 0.010007442176391771 0.002779700920206399 0.007356165263187362 0.011465931551370776 0.008858500427001308 0.02438890657095319 0.018957951274285192 0.3065099991746167 
0.004090156634173605 0.023858423088032408 0.0051512056403357435 0.0022989524170394576 0.0024348525550024714 0.007663965501567805 0.03301429853222387 0.007343702717290538 0.01817960577029351 0.30828811145215734 
0.01050075663706138 0.008853409141239273 0.00493868001318621 0.0013628847868602009 0.009071720125308439 0.029812174577554428 0.01271127458446133 0.006960898471763638 0.019115718229890038 0.30761103157666897 
