11.692008090474662 0.38797207542717116 0.0 6.799473913543386E-5 1.2538954160171844E-5 0.0013851281662181519 3.2896366838314223E-12 9.437664459533604E-4 0.036824641479171485 6.904793759094179E-6 
0.04444511906572327 0.10996918809781252 0.010567825814680177 7.272490479724931E-4 2.938921737309306E-13 0.2068105047021813 0.023907723669717308 0.0040364883522063365 0.02087072288061436 0.7306433425627138 
0.20096194975237697 0.32456525313099127 0.0 3.870696179039093E-5 5.710977734776415E-5 0.11711408635606929 7.648028116775658E-4 0.01030604950914901 0.22935867889545838 1.9021870550629962E-5 
0.04886172932805067 0.18306291971842462 0.026344725854554312 1.1107043749028974E-5 6.670476816570666E-4 0.14416175510819482 0.012037021297766234 5.0624698938213673E-11 0.005716494458715246 0.0034005924446973562 
0.21340898907373698 1.7345404160333235 0.5588370721661869 0.010522225443637252 0.0 0.0023065752486577835 2.3055638465094562E-4 0.008422580613396177 6.069927435658954E-6 1.6290949017083773 
0.0468066638872792 0.16487230966924313 0.1697134611055663 0.005349444450089944 9.545207786370348E-4 0.10552251450935594 0.006586601835998789 9.319383442005162E-19 0.005819250285608183 0.005279049656027268 
0.04296704649537526 0.1266574164249668 8.689961021922063E-7 0.004630592447119805 5.1209357139952025E-6 0.09606916751390619 0.011661787522488566 0.006095342117062777 0.05605065915756869 0.007185603904043786 
0.04408020084306789 0.5163510108143096 0.0 6.419985017856289E-7 1.1255636078687493E-4 0.16105248930697608 0.013355373702262512 0.004814280562836386 0.007494528020748345 0.3283884375388192 
0.06300225887144792 0.18335510109976985 0.27764871461427837 2.3903175214659623E-5 0.001416797595728415 0.11837592792531451 0.06963241856725988 3.7982452925673436E-12 0.005677450881499507 0.5472598005448762 
0.04534532658066572 0.06619955869015028 0.015705007248786238 0.0035375049273565083 1.8352783246255408E-4 0.20563361097342045 0.0422296705865813 0.0016656904072370016 0.05370216158090455 2.521303145305955E-6 
9.098207623528759E-4 45.31260038270566 0.0 1.1093700932195005E-5 1.9667022389939952E-5 0.037828529006582574 9.62264049630291E-4 9.568060738894379E-5 0.02534723673461692 6.630342767383944E-4 
0.00905176368952585 0.3781277202968732 0.14258893443027174 0.006038899599568003 7.103719939730632E-6 0.030920025359744703 0.015885701197825994 0.0025625630758454826 0.06513363763897728 0.022197947167556967 
0.018770041308571215 0.37456560060902566 0.02647429140223051 1.0196014032842798E-5 2.5174672956624695E-4 0.13432647642609089 0.012050453714058662 5.0749954984631436E-11 0.005346282872147397 0.003411083694906949 
9.39058102964997E-5 0.4002600754518175 0.00532742543257254 1.677106445301594E-5 8.381548046700282E-5 0.1437951483885371 0.006962774255659095 0.001397126736435061 0.00552629861505036 0.4431950378126325 
5.1010331178029934E-5 0.4819517050696954 0.04072344312927649 3.872224439975529E-4 0.0011495392548954866 0.150787717727783 0.0010608084095251403 0.0037410413778096014 0.00570723221651395 3.854499997373625E-4 
2.8413778365744065E-5 0.24120744518437814 0.04059318193465425 1.2214069027768327E-6 1.4321804726142262E-5 0.08256522368171283 2.4595215435122876E-4 0.001868401110813572 0.04149989505868688 0.3703293846001009 
8.4993379165314E-64 0.363309058668967 0.18433660483782727 0.009064686298599895 2.5938616317588722E-5 0.04180617028682341 5.379762022413103E-4 1.8138030456601827E-14 0.005173010434091868 0.0 
1.806081425779581E-4 0.19475598499004118 0.007200726683920778 5.81072879287433E-4 6.000962143875363E-5 0.150510691327135 6.121932538314726E-4 0.003520091531895215 0.008455867045112302 2.104839094209998E-5 
8.135507224844042E-5 0.20788733966874523 0.013121069592116 4.777161687454251E-4 4.863907405665476E-6 0.06847323675979732 0.008899517811326424 0.002719687792736628 0.0513794419716092 0.03209738340302027 
2.6471202926544473E-4 0.17737751313686873 0.008620121572970868 2.948488471117799E-4 9.475464582023939E-6 0.12832541154081048 4.548034367730121E-4 2.6812106303256145E-5 0.03898283086432876 0.0 
4.496387923979423E-67 9.319042970297453E-66 97.695599501393 1.2812421831700568E-13 1.7568514181564172E-4 0.024931016054855898 9.046132596013427E-11 2.4005627105198505E-21 9.46469295310051E-4 5.367139951187938E-5 
8.861359250694227E-5 0.12256204176582267 0.4562690501027609 0.0046373871378322835 0.0016528484675832102 0.06809606420750813 0.008812893550636108 0.0010570189650488673 0.08494603438277011 0.512833498509481 
2.486649079034374E-4 0.21506903818862833 0.27432585005363747 5.466450205379745E-4 1.0060513608587792E-5 0.15778354084079207 2.310702226800094E-4 0.0 0.007729641329881574 0.0 
0.0033884539178339343 0.12224292423663473 0.23792261277247476 0.0016980046620275917 3.200693593417261E-6 0.12091530314189908 0.017127422799902696 1.4365967553621922E-4 0.010045164086377711 0.009517550357675075 
9.668373269030085E-65 0.1090699753104522 0.406343497351239 1.0674354002819942E-6 0.0 0.19227660664738974 0.014705446230462896 1.6339744544026566E-10 0.006256674992828008 1.0086566024084722 
0.06471292683911282 0.25234600272171354 0.43151662505629756 1.7453946993798157E-6 1.761211559718962E-5 0.09921221146605794 2.297959200705789E-4 1.5238478981570259E-12 0.007664342410217396 0.0 
7.466867745434442E-4 0.26204803473705407 0.4986537593041983 0.0066127107532455015 1.1015781362633177E-5 0.02807582333592895 2.3689939237702244E-4 0.0036765038855289165 0.03850381973269762 0.013743890030146337 
7.685802072215883E-7 0.07744716847290344 2.0421859808048515 0.001614984086393004 3.7527505659459995E-6 0.09820261907093475 0.00635493160416936 1.5432822172528445E-6 0.570477842846637 0.0 
2.820621196594817E-64 0.6529634599178056 0.6553397080388319 0.007498105997725804 0.0 0.0025628289035105768 2.6903396320018705E-4 8.044636580045956E-11 2.299385690809325E-6 1.6734590050753213 
5.685454171451084E-65 0.22695961876750856 0.34705307050476886 9.863022050492779E-7 1.830337956678221E-5 0.07458228411649617 0.00959181142049499 1.0614165611608437E-5 0.03947918140875894 0.14067220189840748 
6.4923187862960145E-65 0.14334551849408303 0.21235970349332794 1.2519049530931239 0.0 0.002661308615468396 5.234604310515211E-4 8.14945940506594E-11 2.3021556505503648E-6 0.007350499329931862 
0.002088942754459032 0.11899597033462216 0.17875971993905454 0.00510890333031139 0.0010527796734048002 0.12605491871410932 0.017983988707989017 1.3655591067683637E-6 0.05493476916460248 0.009632610330439037 
1.6360913385429874E-5 0.09344653290715545 0.033131951412470335 0.02269802655870758 0.0011635651707964689 0.09594839414895225 0.016804556636220023 1.8478629508610039E-6 0.04511464349162707 1.3969496549062081 
1.4296960329898765E-64 0.1447453834086027 0.021570887291321162 0.010166905724045919 4.28162259820288E-4 0.10477509740494484 0.02160136528181562 2.24343297015385E-4 0.008012543425544506 2.4218208229018785E-6 
6.863262811037824E-4 0.19371285845205738 0.017950007759752133 0.009237957764036742 4.227395240731813E-5 0.08622608600616312 0.00264552671945727 3.131892123430972E-4 0.057510804127803544 0.0 
0.011627367718477988 0.15727619145122002 0.056974539058446995 0.0034617891477405982 5.889652777180297E-6 0.16208126426058794 5.114500800518456E-4 9.747566233372175E-6 0.0068957080167532546 0.024410874409460232 
0.003481609282763319 0.12312369273053582 0.1542433071623896 0.011284739067776472 4.516545001705823E-6 0.12515596923889882 2.2487036706473265E-4 1.0783156361258922E-4 0.1622892946622899 1.453819424506999 
0.009915753579319177 0.10001073406828041 0.005228840003639009 0.0048403234743234795 6.824661046518213E-5 0.2232590208637289 6.328763278295407E-4 0.0035678481415548 0.03018027309157321 2.1153262907417017E-5 
0.003846555566173007 0.2186066424993831 0.03535074380702155 0.014628201008864904 1.8182825718257383E-5 0.01324369482170154 0.020474113711957245 4.28477129239734E-5 0.2609242364409543 0.02270615989146267 
4.2429696377525617E-4 0.19054924976591983 0.007298767297236725 0.003418204717703529 5.9591974910325396E-6 0.1590240132083709 0.0011351290559391321 8.643567043049914E-6 0.006811973081162208 0.45663755812475765 
0.0013873242457291693 0.24095525018093766 0.044515589089589414 5.800412648059381E-6 0.3261449413805581 0.04373492476421295 0.018620429463651854 0.0048899891816976656 0.006514595844474846 0.03387679814193677 
5.4056281952579626E-64 0.2654795224278916 0.5407085665664929 0.007225305249359343 0.0023158959104211782 0.03137347302885647 4.8221670012325846E-4 0.004191601969378314 0.01660835128946391 0.013605688711683396 
1.3885071116150648E-64 0.27386807831584464 0.021878815742351312 5.775733683194034E-7 0.0010599467773032942 0.08686135249086237 0.008317633485848627 5.267573784500538E-4 0.005646219335040923 0.24147890887150536 
1.5254353344781228E-4 0.1599899084985032 0.30188326494009543 5.035410347157044E-4 0.0020733615880283275 0.05728930371403091 0.0094425809193172 0.0010636206870070879 0.08216431575874786 0.8259102758267367 
0.002011036266627492 0.10789449846696088 0.209491250458794 0.002050760283973754 9.439164426203256E-4 0.12095206283041258 0.016901313095367108 1.2814021773274067E-4 0.0100415880359297 0.009517550357675075 
8.843374806067991E-5 0.1592024505835317 0.0864147777355645 4.0243887781123453E-4 0.0010625661711259873 0.07686745105737143 0.008899517811326424 0.00378574118897681 0.0513794419716092 0.032382690377915774 
0.0705246187868483 0.2078067185887178 0.23162033037267976 9.120140347856125E-4 0.0015618337475938218 0.1259409869427266 0.0022883614899530196 3.798245292567347E-12 0.005631052215811926 0.6079240950739246 
1.4981468358651143E-64 0.28059400462371603 0.040057585654424716 9.159383518813303E-4 0.0010870728088195787 0.1207942540450843 3.0806687959006275E-4 3.7990792437721975E-12 0.005631052215811926 0.6103645668546853 
2.1714757181547404E-4 0.07455575351203693 2.284997281403383 1.5971821947099135E-5 0.004820025069254377 0.13813623888146187 0.01904239612291641 0.007230591941820231 0.09036685804570313 1.7780586926005437 
9.819532505984212E-65 0.19331690838499038 0.013181594566929094 0.004725964894440265 0.0010050817117121557 0.14079187294826254 2.0292473959141643E-4 1.41907283268527E-4 0.007825351768497416 0.26178404161127977 
2.1003630226138192E-4 0.14802818027034415 0.06599407073549701 1.2452480058969394E-5 2.8061236704348856E-6 45.16923936349819 0.0051231353963781074 0.0 5.785567755072042E-10 0.11591482226092231 
4.17319425023341E-65 0.02745328417608011 9.14587581309247E-8 5.7767483667669566E-6 5.807644682146813E-7 0.3506272793573563 0.010028952092816254 2.51818815186393E-5 0.054709359782351086 0.0408927463953405 
1.6248120720722844E-4 0.1672495040308096 1.1748366271725198E-6 1.3968406546562646E-5 1.5266584002917766E-4 0.1799136331148611 0.004398900703517799 0.001487087735758007 0.018403989218646378 3.41817101776912E-6 
7.137218896521367E-5 0.14821166419603618 0.3348911971776093 3.621863592598862E-6 3.357622371366061E-4 0.33260664969874343 3.117703841644724E-4 0.005477887407380175 0.008429749311077412 0.4693995004899645 
0.030586503120250994 0.082377904155145 0.01925485633908035 0.0023057348699568295 1.8471408675287948E-4 0.3186016235909222 0.020563870122818236 0.0017514332020505377 0.011483864135621864 2.4438971176049594E-6 
0.02745574704821288 0.08995520381905571 0.028768955088058795 0.0024393605802574356 6.092686566560805E-4 0.23521200887175517 1.9938469153514746E-4 0.0032969660314059487 0.02772099777551256 9.650725316662497E-6 
9.407792526182157E-4 0.12014719567547338 0.22748869059097607 0.002226941558157966 2.941865806880461E-4 0.21081658700316938 0.016901313095367108 1.2810725745183903E-4 0.0100415880359297 0.010088001112363847 
1.0706887906002445E-4 0.03168647559855426 0.0056051094882198105 2.421253553004662E-6 1.1895498875139443E-6 0.4134039207156136 0.005712411294431976 0.0013786599449394118 0.026275549972943995 0.7859306948604053 
4.5066229734146753E-4 0.20357023327427998 0.13854152614384282 5.726051345628717E-4 1.861336496949269E-5 0.16681183367838529 7.257594855905186E-4 2.599182414312961E-5 0.022847463055268684 0.01603671191145408 
3.290421974161327E-4 0.21197852037640424 0.034505999427774665 3.241145186478753E-4 1.1165351663856217E-5 0.15852974365430317 5.340405586322165E-4 3.826109961148989E-5 0.005710353222340764 0.03332921716294034 
3.294540093735642E-10 0.015530172682815141 0.0030721820094899615 1.8318697701887272E-5 9.84091781515195E-7 0.01292633423961194 6.217742100392157 8.993312140254809E-9 0.002861007252852624 7.531302356474642E-4 
0.04530014973024293 0.06613360508949247 0.015747882959975208 0.003534535498315777 2.2432794434200623E-4 0.20646385803347528 0.04406149408802514 0.0016656904072370016 0.05370216158090455 2.49421418848642E-6 
4.596406614971052E-6 0.12092330760745915 0.04096641582243297 0.0016430393569087515 4.164978461954497E-6 0.11802804107760147 0.03166006518546003 2.9569996830468016E-4 0.006871990787321372 0.02961937927193628 
6.923798278152767E-4 0.08888911754711812 0.009680522502059002 0.0019287498016241765 2.5277482009824156E-5 0.15757985803186886 0.07171050811393559 0.005853267131913901 0.02642711922079053 0.9760485256552549 
4.902651192564386E-64 0.24141888471150977 0.016849988710665054 3.539590316359459E-5 7.305813189401743E-5 0.07354052319399719 0.031135537997467252 0.0 0.005628174757652054 0.0 
4.738616505038256E-65 0.11319060204895945 9.16982822816332E-7 2.3732242740578498E-5 3.347946168316941E-6 0.19238933039478323 0.04823223684821693 3.1831771173421915E-5 0.05479843583084539 0.42353963509277054 
1.0963750576717818E-64 0.11434685684657689 0.017055890289492014 0.0010835736528841413 2.831292764135045E-4 0.1544801939501447 0.019209414490343642 0.0018529989944582085 0.007824790121711691 2.4218208229018785E-6 
6.518760979333253E-64 0.2957468889586035 0.008221933802557601 4.409591201038751E-5 1.2536992591931792E-5 0.02490355589463311 0.03402094150523985 0.013504392590257723 0.004849966480728423 0.0 
7.499839670340979E-5 0.2761339999380888 0.0561817590866827 2.005304237026871E-5 8.844692491442545E-4 0.02364739479449082 0.026424311509348493 0.0027778371899539874 0.044285574048972175 3.880352243636755E-4 
4.267132460994414E-6 0.3992731133347298 0.012272883755901822 0.011678844265431953 9.875775339853501E-6 0.1180390275469786 0.032521152907498636 2.1031148235558115E-4 0.022807717519291244 0.041684862891335175 
1.142944633699129E-64 0.17180664252477326 0.03464260256470523 2.0294773599525133E-5 3.17394427837916E-6 0.07812381462564094 0.004721999561070918 1.5706523194800623 0.021499037013741472 0.0 
1.9564394325848187E-14 0.13169378604854318 0.016469109734281423 0.004331184664388781 5.956725327913943E-5 0.11396673980152344 0.007340110326669935 0.010131652180119733 0.050567602560281914 0.0 
2.2318823436131104E-64 0.19827631702112267 0.02899012239304477 5.205955665239757E-4 7.843103239783917E-6 0.14721094920098662 5.638363060357768E-4 0.008713589778789404 0.006833052859666434 0.18734827825719963 
3.467584078692512E-65 0.029597105956707136 2.1243729748957888E-7 5.5242863535914405E-6 2.7442814330134873E-6 0.3380753586600588 0.0029733354188266224 0.010249231411283772 0.058285433500978874 0.041242537195611266 
3.3079459658331085E-15 0.05046027460073569 0.0924719882488056 0.0018804750064504913 8.721129838964192E-4 0.17564224136402223 0.00799480500209353 0.010295413324734989 0.11176825593234191 0.7482355728284532 
6.332903584524369E-4 0.10365972018953672 0.025908673627317292 0.002966575724002599 6.872101040168395E-4 0.11112529931744362 0.016698635181779768 0.0031337293021988667 0.04681616201219124 0.008742747209678473 
3.4196970573373444E-5 0.024964241618281077 0.00845064626940827 2.6163775654977334E-6 6.375726384706611E-7 0.3527779156854607 0.007786599726217372 0.004561448027474547 0.08394066602173426 0.9682874995235105 
0.026633841048153917 0.07815903473872116 0.00658410281134387 0.0035842014630981397 0.0 0.19369821226601802 0.004147120135054268 0.0034360640709533365 0.1036944514025247 0.6282716704115164 
9.32548442441716E-5 0.19427909649242997 0.005540760479985575 1.677106445301594E-5 4.939689439789835E-5 0.14220631069125447 0.006955534211550224 0.001397126736435061 0.06619040070376139 0.2983540021695092 
3.806683631043754E-65 0.07956203988996573 0.028256141471516078 0.0023005337806261323 5.375683361740104E-6 0.15181569965038644 0.009555928901220699 0.0012448617820280236 0.0408422008445753 0.019967409926097877 
1.3111910527948106E-6 0.1391739918721579 0.03689687038221837 0.0016169538555337497 3.758686476872095E-6 0.09565627171999078 0.007513094013108692 1.1357208493137945E-6 12.976140444154444 0.0 
7.719880953829747E-4 0.204736445838416 2.2309815149789134E-6 4.825844125467756E-7 9.618354659433295E-6 0.13290825700516892 4.2983780419476647E-4 1.0897115370611202E-4 0.13099491573474198 0.004799489858840443 
6.767232703786987E-4 0.16971503804658544 1.8107509360820826E-6 8.101060255633138E-7 0.0014554794195233024 0.11488342409660118 0.0027176770093493854 1.6492799024771964E-4 0.14301079488835503 0.01311390924242446 
2.577362197127188E-64 0.2742033307816295 0.09316448457420465 0.006275023506667799 1.2894517936213217E-5 0.027678894554029537 0.023436884310906646 8.563322320658307E-6 0.12134741796801762 0.00911879519610001 
0.017888702418672953 0.01769356860936962 0.01719219273344128 3.110694096831841E-6 5.8289538884821495E-5 0.3270615974285329 0.017332128290323948 9.327541418142465E-5 0.1203904406291734 0.01993957036956037 
2.7389646500652085E-4 0.16955474386508051 0.02914311896094868 2.924974459911835E-4 2.711581354005706E-5 0.11877593696989233 8.387403680018967E-4 2.21215080289086E-5 0.143617598538964 1.1796379989594303 
2.7945971540451974E-64 0.3109127037226867 0.36021194867182593 0.007115101478964991 9.548049692862868E-6 0.030276858706373116 1.9086519286916363E-8 0.0018375412107549934 0.12134725485338009 0.009399183146523021 
0.018870673317530836 0.06100783533223484 0.05627475793009018 0.002581605589690257 2.034008121750119E-5 0.13716553894068612 0.01609827322004352 0.0012302551800735574 0.06074545053823433 0.021958357290145506 
0.023835487964500073 0.07758154224803901 0.0721161083890478 1.247911030614438E-5 8.546638047336942E-4 0.1474335451431302 0.01733219144342106 2.3059050364694935E-5 0.06488939779028981 0.013085357759048117 
9.26642452812152E-5 0.13377139644795186 0.2719447974267255 0.004782700808252406 0.001345781629850546 0.05672405766140427 0.009839424548569285 0.0010570189650488673 0.08492690600923816 0.5165465082926992 
1.697202577181669E-6 0.05628660355347609 0.01862558000925701 3.963271083446607E-6 1.1214163443914378E-5 0.030183988985008514 0.0014364327426675313 9.447789129244702E-4 9.815757280744642E-4 172.45377331796007 
0.005744164857210884 0.10021050026436783 0.027978230588593604 0.004109173927123156 9.144021057233675E-4 0.2294264272017746 2.294013521478239E-4 0.003527345695212329 0.02491727862544035 0.8452333301272168 
2.7361421373040375E-4 0.16885804609578478 0.026926008469503365 2.9242948785310213E-4 2.815306841831557E-5 0.11891123542965311 9.366618611799125E-4 2.5273266802277977E-5 0.03944881247274155 1.1820311856692396 
1.292756476228815E-5 0.27978006414988815 0.02955677454229161 2.649370199058387E-5 1.6974773173680408E-5 0.138041713797201 2.111822428951716E-4 5.636907286461917E-12 0.004882868566260969 0.9452520569671385 
9.996299537178908E-4 0.16241594190882475 0.011506448068649538 0.0022990401907203835 8.941414742216967E-6 0.11479879881593232 0.03172973508727961 8.458042890990522E-4 0.010935587297060548 0.9895827661184202 
2.234388291155906E-4 0.1318680039079176 0.3126541050723254 1.2455100903948693E-6 2.152299947167127E-5 0.23342165402848883 2.925903198270812E-4 0.00401084141585095 0.0067183283065209405 0.9194068537666114 
0.054247003121722225 0.41998706410554537 0.15574475809315627 0.007377539628576159 2.5053946114668613E-5 0.12380428303569797 2.2355982373067643E-4 0.0013845384328116722 0.0584741073285137 1.4839713231034934 
2.5507608875697772E-12 0.28840093536471684 0.020233361269294148 6.768663426940331E-4 1.0054105165546572E-5 0.09149370679264167 2.2348443215139228E-4 0.0038746581611416317 0.006410223191490075 0.6997103662160086 
0.00340425763793163 0.1246416653115882 0.1535323345090216 0.011444378674535417 5.9301529132143605E-6 0.1251558739079412 2.186400159422741E-4 1.0960297467715988E-4 0.063748362917845 1.4538195444940634 
0.040144481636284535 0.10954547171345828 0.010536171780992351 8.067320848162173E-4 0.0 0.20737702417533166 0.004876775763099604 0.004048535431684948 0.020760364638761204 1.0845126101390135 
