6.603695986520398 7.302312225081629 6.024695129449947 3.089515432896679 4.1699983473924584 13.353889285621856 3.7551722890503667 7.691178022946348 
6.5738381180031755 7.053592751268445 6.085648015597713 3.083762486160627 4.476204540636308 13.432762796428875 3.834697204313131 7.654969570312871 
6.724955373154916 7.326722072005881 6.117250542388315 3.2276402470814927 4.763382148284528 13.10612877082775 3.752545186781214 7.825507887379781 
6.358667543737948 7.0866531212520165 6.067680644421844 3.08865060515238 4.295235944769313 13.306534543058133 3.54668821650002 7.821775240751569 
6.353691262727223 7.162574818905726 6.1101724106906685 3.252763944180957 4.327140712109823 13.115614986587396 3.798176803437089 7.482478680728429 
6.37525105059429 7.235744109393789 6.156002889466501 3.1125209243769287 4.350100449930716 13.274573467616866 3.8516790223564916 7.394401838923848 
6.26918609084555 7.030723816598028 6.100117596229641 3.0757954837849386 4.261472536995342 13.241387263417966 3.7266352631455546 7.619518367801961 
6.342225043340262 7.188776388751133 6.040592272930061 3.0980296373176763 4.366091544840773 13.270269637579151 3.7806618937660335 7.613219774235201 
6.391617860183469 7.236335597469996 6.138666174804226 3.167173604647435 4.489954981745566 13.183272674336424 3.8486760795772303 7.458133145441643 
6.291352628857203 7.141794716762109 6.107473582844523 3.1787978376857335 4.309399364035298 13.129373236193329 3.7211054499767195 7.637766175073894 
6.357263176473771 7.238895552513046 6.0450334839717295 3.2414981503186624 4.302602786641873 13.23815938832035 3.923187152910296 7.4195406110256155 
6.346012749345064 7.094895621515122 6.0822542991957285 3.420289875811959 4.225931804586219 13.314911874681943 3.7632920579042697 7.627971497575319 
6.213455409186432 7.633440947246963 6.18822617301912 3.147249945659412 4.313302999693079 13.201249156683012 3.7770623810211346 7.636723526656085 
6.138882373100395 7.330388451155949 6.215772137388797 3.0928304758186833 4.37757013402661 13.218261048365827 3.790840773376601 7.655849551570273 
6.0877157241643545 7.392873740477143 6.132573837607231 3.2833081963479414 4.241544172220428 13.1131406508521 3.721070410819949 7.6609618810146145 
6.2538713977201 7.473050414130185 6.122960815050641 3.387561946767821 4.204482253441257 13.350356652788584 3.6854417742486185 7.71685826498439 
6.248093080929602 7.384423266951886 6.008450198434062 3.267170338977958 4.2657397323557875 13.130029373449979 3.66428424531549 7.733076444871677 
6.242939214455119 7.426328072364384 6.087523189115483 3.0911612543283846 4.480596905983246 13.106179982336757 3.6296856812253937 7.774473746592363 
6.368410752436337 7.437717153269346 6.044720760498747 3.08644023598824 4.161011592930781 13.406726223373102 3.7972718574797057 7.694815858023497 
6.100298342766129 7.330068368497415 6.2330689688718435 3.079533235532578 4.347824093370997 13.225922099596108 3.799234872021932 7.522512029096915 
6.139644687733517 7.36065808848561 6.03204012947965 3.366000619840583 4.20792998022792 13.272582640416264 3.7445205887584785 7.7006602816398075 
6.115808532756786 7.2966931909960735 6.023225119205749 3.1368702531391683 4.310633839959611 13.289192001027441 3.748071306155736 7.640299213371299 
6.172142682884381 7.25946804912203 6.050862573687032 3.264716045097198 4.23345466848154 13.186112749002405 3.70101362180741 7.670200278826899 
6.164219804842509 7.21641937756687 6.191053208034658 3.096954654085353 4.154940362215814 13.207975395305493 3.719340706758969 7.625883296895002 
6.188854915040128 7.116290011168229 6.405481014329265 3.221437877926607 4.282569493621127 13.139141329155198 3.7540965144456244 7.668637216553288 
6.2106194818559795 7.104607160957807 6.341977666901375 3.071603335670683 4.251568514050044 13.16131728859325 3.739383064881114 7.619100396340707 
6.11560118807303 7.303966900387332 6.424451023571915 3.0740612694378404 4.339702240975498 13.163871272272848 3.899000489515855 7.402633935041554 
6.038004282625564 7.215335470272156 6.349202549343134 3.07391497392672 4.383933671652161 13.132339508654454 3.669445651627052 7.705791802181699 
6.196056805035342 7.201673756091338 6.3677904243556425 3.062553354592551 4.368804699056243 13.197177310698358 3.8135505609879776 7.616325851282529 
6.003838468890318 7.217610505329946 6.306134049301831 3.051011460692487 4.268968763481365 13.262326010752023 3.661988436193313 7.703674742151207 
6.120068790894924 7.214053143288604 6.363273089479299 3.189204061711308 4.37337135322875 13.201397201509062 3.846774833491201 7.541042538246347 
6.081532145824262 7.122081185800291 6.333286092983824 3.1212987419392526 4.35412297371829 13.189390498546059 3.8971652172599662 7.4051814122469795 
6.144474259464293 7.2895029796146895 6.349158170951585 3.092872850051556 4.378610538409666 13.362343353156906 3.831534496552692 7.539879035646534 
6.143833963580686 7.012296904516733 6.243076429726232 3.0563135899754044 4.235984848737794 13.115805291276757 3.526978503702566 7.83952275058117 
6.218310038787568 7.104304321396251 6.075820074622009 3.6893199966852706 4.2380175779125 13.13246652634107 3.699038415524486 7.699335918638711 
6.288927469292683 7.235225006409341 6.274847853160711 3.3061748668844095 4.342979446985688 13.160219049671186 3.8002429681721717 7.54293050119427 
6.254440243164662 7.111975451539975 6.127251094595726 3.51995845484829 4.321094432806387 13.182846687513324 3.875421272546897 7.403396652199106 
6.142547935500337 7.266708016483726 6.135170252760405 3.479309826747362 4.271520374011211 13.1444433837813 3.697816276068411 7.690179479449734 
6.277814140530872 7.0612093749233384 6.038103293269277 3.393128487786697 4.324611088607252 13.177692084735813 3.7856881097809767 7.624275445589657 
6.075868199639616 7.153852602731462 6.104107026264431 3.1836680836285107 4.269008261703403 13.216469091202095 3.7307838990933075 7.626247340521019 
6.183536781158541 7.212334508025752 6.048654943719252 3.1300515202705315 4.237408157651358 13.258990716712766 3.7571557622853478 7.614424971445246 
6.339871135730947 7.322207419787032 6.206725203568829 3.1104365276369297 4.441817072957823 13.260682612064086 3.889754610444697 7.417528713943176 
6.141137440524809 7.3071829649707425 6.3196202945502975 3.1025176457921226 4.3605105991880935 13.35666547824072 3.843095115474889 7.542014451098516 
6.198758064558435 7.206349161704454 6.256542285570521 3.0807822684618182 4.189354119802378 13.242687206645451 3.7291026148854285 7.622984753081509 
6.140641592579787 7.1776235112139375 6.1176009375346245 3.076173245904485 4.324206489038204 13.276632575664353 3.7113588274585307 7.6422607564710034 
6.235815506892376 7.066982851158645 6.115792707478226 3.15253426762535 4.3146436861480435 13.123298283722418 3.732780506850326 7.604097399569004 
6.191563642423217 7.1277229685236625 6.083206607414993 3.0729793262999365 5.297388124403167 13.137157924360867 3.7907825936115884 7.694908897859836 
6.091197946112875 7.072000954410413 6.079932128590453 3.106448375708607 4.973614348676623 13.151686522287068 3.743373401033809 7.830775614543775 
6.139405894536348 7.2583804666715395 6.0994071991716625 3.1762378892506473 4.794626094740049 13.275319145772063 3.830588550240705 7.574595307702598 
6.1527118982409235 7.399294816243138 6.054243163599065 3.1546702616856375 4.899675303248696 13.175622758013663 3.850061215416183 7.715088645792708 
6.15611806488765 7.2811169051586395 6.115797166711179 3.106392376531944 4.743055665579137 13.274981002036018 3.7573280730025185 7.692600841533711 
6.094282025774537 7.136399366297155 6.112338410343678 3.064398923976133 4.660762506338283 13.15725547508534 3.7131868645125667 7.794118832148911 
6.204017517427316 7.098018548576908 6.196711295664771 3.1223084222218302 4.471034258027448 13.106966080966624 3.728132988181817 7.609813388499114 
6.144182443599966 7.110597872456307 6.1580242202807645 3.0609901956042456 4.469492371219381 13.156666807679965 3.8027428139491684 7.526559842462219 
6.260163128849328 7.04980849631522 6.07099517286106 3.0993839702597223 4.4146691746359865 13.15020773308728 3.75902631528257 7.597631683499786 
6.171326111230536 7.223349457149429 6.0772999748700975 3.099646472583012 4.439890569176467 13.309959407557168 3.7278011160572304 7.63132120082088 
6.157135289469233 7.050370503333422 6.208725239515136 3.093617674887561 4.4036075824322625 13.215684951958824 3.742735573532431 7.637942135313978 
6.122904697742457 7.093180458869111 6.03517902528789 3.0541339925434072 4.267082865039642 13.612158994511452 3.7722154223998783 7.598872054480427 
6.224167189039028 7.2221490425557615 6.04580469938034 3.235495890758996 4.2176146279401605 13.353785601511168 3.7984938914009136 7.594212394395804 
6.122997914766294 7.065379983416476 6.0717446723908655 3.1153313351151315 4.126351729859175 13.362426845576492 3.82050678547255 7.472614287180366 
6.029959528342633 7.097288495506805 6.132039198049003 3.219387434872975 4.198670078963 13.419208815505263 3.848862913201597 7.623047521578709 
6.09280308035931 7.009661461841536 6.0798136020395335 3.0258339270465795 4.270140547743687 13.385530125750826 3.625446034014253 7.886340655198357 
6.13619424197541 7.195881044287109 6.080605582958709 3.0581680056812597 4.382090259330425 13.448078132696036 3.722115582219794 7.631582103700838 
6.166961815562245 7.02108221735677 6.0947260910590035 3.0471127971833756 4.313597297572413 13.339143059684947 3.787733363048289 7.614289345418348 
6.109281516911861 7.137686351814101 6.222518472983189 3.0630161309814445 4.176234266859479 13.340390098626191 3.8657034391669542 7.436273288504714 
6.069582197531103 7.206931551672359 6.097756305128739 3.3250524323762605 4.232851480116724 13.379212507595073 3.8562968680506016 7.442164919664315 
6.10332143173404 7.062566765447757 6.0172724267180975 3.0365908028649673 4.329087977465067 13.363060432960937 3.881671785311975 7.44701721880367 
6.160448849913358 7.3192892690742015 6.043271405275474 3.1090655250720864 4.261717069519076 13.349649902927164 3.8107994544561996 7.522576667743531 
6.104372921058916 7.003671850133076 6.075288667236586 3.1120720054056843 4.268977991151804 13.226018369831271 3.8725817833377647 7.421381782834752 
6.165998907248492 7.171283907170125 6.126467791133724 3.118919295531727 4.247597942451235 13.243242292699895 3.8473877930730183 7.421621876853113 
6.115461992186869 7.127081417624515 6.0873075657712 3.138383903573539 4.311250858914846 13.135895129957962 3.866426574108359 7.361166726189749 
6.240533328268648 7.0868828572813625 6.111960232559236 3.055307460005578 4.3997946033167175 13.220220493818235 3.8776777027798808 7.429832223165025 
6.221876445424939 7.1980218152009625 6.019198641575306 3.1713765799253775 4.17887310078204 13.273558940313661 3.8579438877580996 7.498725768739065 
6.1141714273395555 7.183158562517367 6.050165459016598 3.2639890201905146 4.2979128070967105 13.278982494036315 3.8776585385867732 7.377302781487073 
6.1780285293446715 7.033049451152634 6.235345651248613 3.092761242251561 4.248578529022175 13.154748720493592 3.759639689019732 7.624094899621346 
6.119698560333562 7.236576926573921 6.185148722878055 3.194390050767843 4.189881390173955 13.265581345319598 3.7975532375867376 7.560711430167828 
6.094744345348919 7.291749859727476 6.049705781688228 3.256719198090536 4.309289164575819 13.221654161424546 3.8341784273854342 7.506237063173776 
6.208384494078801 7.0692845130816 6.030132185568782 3.1217529335722123 4.220271135211344 13.236161334105995 3.7464244250656114 7.6415779191728 
6.256987228603476 7.124381119750925 6.045946741359058 3.071964183711973 4.301309230407038 13.275795903168781 3.7706735355050287 7.588201728344163 
6.3408245809503825 7.319433950760676 6.073558259884566 3.1556681227080965 4.177788234932835 13.24302733099878 3.8683592601184413 7.640738023943053 
6.062098901410201 7.016305888645054 6.045999336408511 3.090104709662892 4.160103788040697 13.096204434631941 3.4487503511437385 7.9075790304100195 
6.188760590763753 7.112262757968782 6.126913753304291 3.124317527712882 4.298031799806111 13.203512179250605 3.744502482524947 7.640916772123459 
6.2023984461822135 7.062727564165529 6.258536875717837 3.066101976346865 4.172896637403284 13.089506946545816 3.427061319424143 7.907065459165106 
6.15624518013577 7.169736315500733 6.002727745995578 3.064822552394954 4.19910809429537 13.26299512709092 3.471624996673218 7.930073365235287 
6.123033169698405 6.99102474725991 6.215188412765569 3.034942660208636 4.149142140283591 13.209705424795358 3.52611326715238 7.839849023613854 
6.108938409032616 7.056137548978248 6.01572783096376 3.0405998924461173 4.3919907681470995 13.224812077332018 3.5109043785112823 7.8842310813615155 
6.20535757373474 7.042703770248957 6.113192519963623 3.15844186495822 4.208492738392838 13.21550924740779 3.5658446543911357 7.8357540673428145 
6.092121357995013 7.0322686458047565 6.071105412484071 3.0705622312291365 4.3163393800234475 13.174501763423779 3.6713568065869913 7.715685101085699 
6.197422816368636 7.105392592644231 6.281482445818788 3.226882973357873 4.299931146932688 13.066592433903546 3.7084746534374067 7.735672275081635 
6.115926886810284 7.146274608813645 6.137613521292022 3.0980657423409372 4.152785204325769 13.230009422117115 3.663105000693393 7.730748865720222 
6.0193339634240735 7.23436344966948 6.2409595713236445 3.0928435835400356 4.301388151405786 13.249316729973424 3.6711539278701237 7.716581906273006 
6.246698228970977 7.1154360758623785 6.067123438130915 3.273090150132286 4.232201198738663 13.05702277545318 3.695874683161329 7.668761026555643 
