5.861983670611626 0.03475485263680719 0.025521086358919868 0.11024666579220624 1.4469071843021144 0.19853523342252635 8.560225761071321E-4 0.4554834886569994 1.4799255167941 1.341802413552571 
0.7834554310154156 0.2607857847328468 0.257350878969704 0.6201408772796922 5.25697656722235 1.1768743665838084 0.17148992697279844 0.5581567725535174 1.0605095535778013 0.10021720475632835 
0.6738916357391377 0.3346837959130703 0.0715413217296763 0.04959809891607882 1.0242880428745986 0.019093527510712072 0.004748447157819307 0.3217255837831134 2.6163588027009896 0.6930972669124327 
0.9161336936494413 1.1610920004535064 0.733264658213443 0.3072468228997133 1.1289744683314293 1.7517659313935654 4.5212854938790645 0.6321821728553875 1.649276438780627 0.09140361493679207 
0.6072625353541601 0.12909026639266558 0.028315876273006746 0.16157813506179514 1.8428017428567187 0.3704794978882782 0.09618284257462559 0.45180565159440805 0.9570938458872531 0.23075267612816297 
0.177681530888088 0.15512584398015422 0.03354674254425315 0.08670745221169723 2.5560261192204448 0.13263272642381677 1.131423437297899 0.45251580981505957 0.13869692404059794 0.028549920959884106 
0.3414677436901319 0.3759907899996418 0.16605218347092016 0.10275321173685267 12.959506111651242 0.23471501442002224 1.355774689397036 0.6189415181216111 1.0129584270729532 0.00973230913395301 
0.32250598173849543 0.11074282338933768 0.46719486039362645 0.00770495290154225 1.0886915896395948 1.4043468191920956 0.2965848933660152 0.5556263862906098 1.3925652703068094 0.852277431749394 
0.6356965333695319 0.03788184620957853 0.03739653001660957 0.033766298142885016 1.3423474313265746 0.3409000149324825 4.308314031221096 0.5990174401811202 0.1947187646330539 0.12432533831111346 
0.3188985435182037 0.7488227236658361 0.13894071732781252 0.1476145307315965 1.0595426387432012 0.43195146092612735 1.2324051493330448 0.5052588452089227 1.2458077852988871 1.136507158763666 
0.31603926621413525 2.046271781803723 0.06837415094797691 0.2282057525410547 1.4032589364032386 0.7471894166340575 0.2184980477280633 0.4746355685328752 0.7007881993988946 0.8242896310992158 
0.3000678787045556 1.226550019523491 0.21128327664704058 0.2047084985149659 12.531803410103887 0.056741327927315253 0.397555911842601 0.4502464605933974 0.8267330466053585 0.6977950487352753 
0.1672481176690945 0.4992087258657142 0.10151929714858443 0.2716727781860681 1.27148500220847 0.5130829371074168 0.40735053354693557 0.4967238564260412 0.48636080872342136 0.7872597325475327 
0.8145579737887784 1.9371587860289636 2.091121320384264 0.3132041414290159 0.8804359543166566 0.05974301774388823 6.417753587540582 0.8047510906532083 1.282697274007792 0.1561580040933779 
0.4221441533338745 1.2202055226821027 0.05389953130637609 1.49566561117054 1.4971094254773354 0.03875781236545561 1.1496229987885016 0.627050772280098 0.8818340589355825 2.8077263132171697 
0.14571502754182633 0.628351359348801 0.04876303412180499 0.6184196468598506 15.99016239400506 0.5521037306259164 0.16828251934049743 0.40597816561944944 1.3063307707718432 1.338149938960651 
0.3089131967977933 0.40438783894112135 0.07434890935254497 0.05653969162024646 1.0474541326532958 0.5983901852369147 0.8302748693238311 0.3294933974226116 1.9025960695981319 0.7198372874666906 
0.32918776270141065 0.5681317848895922 0.4875867113913892 0.3236026864787357 8.74445313433483 0.35729864278038564 0.38445272581480827 0.40026708994827304 2.4818337334727265 1.2624217814439773 
0.3154036715402851 0.4204380404991573 0.055260047869251976 0.12649339805918097 12.913086403436141 0.6664387671878399 2.501496925215546 0.32078785580786956 1.6423979858629552 0.819951393130065 
0.1770439804274681 0.44964640309710385 0.05986559470763167 0.1538950362163865 3.520614542215736 0.048279838110542914 2.3260709418695114 0.4834894486822841 1.0973744021822458 0.6835756272827547 
0.3296465811556045 0.10304818679294797 2.9478136297557214 0.08421655142100805 0.9265603259238033 0.6415781442038015 0.34858446369534335 0.6162003513267281 1.1985818875616474 0.8252957871218011 
0.3778604457654893 0.34328585484553586 0.8428353633193569 0.22069518825966825 8.786980196922135 0.8590424298419169 2.4520887196000323 0.36671827439951554 1.3464988288108912 0.016713766598535733 
0.5061338842728502 0.01937874716971949 1.168971918680386 1.0329929700541753 1.233128335991569 0.7842289292110233 6.433374641464624 0.4705531801516515 2.605027630004358 0.06783656673067441 
0.1909763068204651 0.04166777573389117 0.15782781120905387 0.0035811067237088755 3.6802384553708185 0.16071199925263085 0.12620001488106453 0.5173754257398332 1.4021685950753817 0.8557890072819208 
0.402470503964106 0.6243238659238812 0.4767958693068638 1.1418840689460577 1.9607124807066298 1.0494343310340901 7.69224561541107 0.6459152393421314 0.2954575675854093 0.23885202597689012 
0.2663006906387768 0.31580325952603205 0.1770093414695613 0.30585205835395485 1.0472405546752113 1.6265274144308863 3.852013705741074 0.6238651165229168 0.4661470927489759 0.6815038763885019 
0.12352695828389017 0.13956700307911174 0.09607396406430134 0.07252740007892951 18.841797281119213 0.2925520691298251 0.6822461144135195 0.39361589367903543 1.816523718409569 0.09652110309155607 
0.28135536306603154 0.2710216838466241 0.11919823825533865 0.032975493454408915 33.235332250850455 1.5045530043179385 0.0956561983324278 0.5309322155776381 1.716278909380622 0.24607773265876176 
0.24030435138451142 0.07473936515912143 0.11528771023991741 0.035390388337045386 1.452693522072721 0.4544089246980093 0.3112015871402871 0.3979447332524573 2.2233670382384183 0.06199262265865705 
0.04309946122591767 0.09284635666061772 0.059668299091931956 0.01106384062187227 2.3313819849965487 0.18845510303549018 1.1927626992377782 0.40173048798309946 0.6707450793549065 0.11342310640807583 
0.30796127312817156 0.0355569676445532 0.020013775539711908 0.5199050211931288 1.6560008119200547 0.022662397848207252 0.27130165220912367 0.5242245098507128 0.1259584237927827 0.9806360941972374 
0.08229384702901987 0.0018131782570818683 0.02155094265993887 0.2540468946089299 3.925716151141748 0.12798507310971538 1.8103760523984123 0.5104529578077104 0.06660688200745558 0.736311233836757 
0.4985794533474293 0.017625220130548052 0.09814495725260033 0.6950362484404834 1.2769527900521855 1.4206343792651177 2.483669559784169 0.5339823564706201 1.7716875455971255 0.10376328212288201 
0.16120605567133864 0.01138482632445186 0.006037630386274077 0.19585853279749924 10.480868465554375 0.04374402606824579 1.7387154579157933 0.37449901751682446 1.2046309136529474 0.10848564418768906 
0.15614830466172172 0.020363563106487032 0.019625544173497836 0.12254188358458133 4.7275141916165495 0.39522950761282954 0.5018623558329595 0.3819038071410567 1.1713678004065218 0.1723834462881598 
0.10331212982069819 0.01210240460890593 0.011594737106245544 0.13109524728693633 4.01246303799871 0.7005575558551177 0.3220486602975792 0.5933065395851302 1.1365397934660677 0.2570272888494261 
0.021831737381367993 0.04282968427151928 0.036255141018627285 0.12603199885640057 12.527798435534379 0.2914549890330069 0.09764159973414756 0.48944720257296254 0.7485751214789712 0.6614708083685035 
0.07237424292196287 0.023387439255272677 0.0230038755361047 0.09596434143828969 2.263915705195964 0.16882170476353459 1.4841466227485975 0.4456460272483574 0.6841525639873823 0.034917517046847334 
0.12336760165060937 0.012943919583811513 0.010535829325473839 0.10068716187990531 68.63037393309256 0.1378332741500286 0.36392840592346226 0.5951477657506458 0.9778337244393469 0.19460972781445698 
0.1560063669834418 0.031994021792875096 0.031025198229125025 0.0646623439285485 4.659883998435376 0.4662464208617397 0.34641358137397615 0.4466754082826278 0.7624721515710932 0.0010229155719839516 
0.030428485249035284 0.1457709337155216 0.051245859596728 0.1073756360796245 29.672824261241903 0.07127856960112129 0.349094274028918 0.4725360130205809 1.4917360041374124 0.6882285391661842 
0.09370132245621267 0.002955636720618336 0.016837552167931542 0.02972616405330829 14.344639932322044 0.5536165073409359 2.8033278492727143 0.5208736081056485 1.4912920811829902 0.1068616426613436 
0.02387156269779412 0.06502029110688202 0.007206700616657218 0.048971683121659136 11.920962747965989 0.4212805897372615 0.2761475831597862 0.4521763393572578 1.3787682720229315 0.9043593817874004 
0.16991702781140502 0.3892616379176302 0.02495936721321075 0.1417817683268173 14.111325621274277 0.050469647507026934 3.071369537586614 0.35646174743725506 1.0168033313680973 0.7169427957342441 
0.11839533322405107 0.20271565066056005 0.06367642522975885 0.1476944459478015 14.313382969437694 0.011641947470973 2.155949933989964 0.35528473767218055 1.8269124176268745 0.7185368300976658 
0.05442014251986092 0.0023721053274740134 0.010138418876305472 0.023819073034361784 1.3563735025336725 0.9798868637087308 0.34281284573685233 0.5204003455989324 1.4956661680253418 0.11841713067227884 
0.16742935827779962 0.062035796512404304 0.009011856304524469 0.05677875384597038 1.490197665619872 0.32312627842869424 2.14793973640461 0.5050465874936297 1.5341140359816945 0.06774308122929015 
0.22197989216606512 0.07741072134269324 0.13509451711981843 0.7977647928404916 1.703202456558494 10.95781383639182 0.05733144981048432 0.438696821238501 2.5306312933942445 0.19734244840661172 
0.030233687495428013 0.06142690505786506 0.012341965880332179 0.01502746662032444 1.2692673884318348 1.9193377678619645 0.4626832845516361 0.38921954444380513 0.3373476711741467 0.5025152159178279 
0.07830529242721483 0.003110563002489676 0.14278652678608833 0.053817166885239576 12.82464745832348 1.9269001331940383 0.5103420814458646 0.33422971618929004 1.2423608132983037 0.9230049901151411 
0.1511237828707986 0.05257081712937553 0.18143933464662784 0.011238127303758306 8.432926403711146 2.5310586000266 4.091752291878176 0.44831186850167626 0.09847680768605985 0.3702521034791601 
0.6047273324365068 0.19836982963762698 0.1440561469719054 0.033028232153956116 1.2637819845507783 1.2365739072478124 0.4558453175630109 0.596921450799071 0.10031245481384587 0.2518271649939303 
0.15282288471229222 0.1534632370493441 0.017589807948172626 0.08194544263754212 4.678218577741776 1.0427739167164054 0.26137473658786187 0.4512589423338466 0.7497933919260112 0.001224840638078784 
0.15132820499049388 0.027016430881598663 0.07657013048056592 0.10547613608019756 4.65301020358153 1.1296515172038477 0.3057335508226277 0.4493598051686321 0.30434065202070104 0.08281375127124385 
0.2740005261947439 0.1600330272781429 0.059401702817678904 0.17626142419742472 0.866040001200799 1.985980483484679 2.2522020542659154 0.5100379210434556 0.3497046082531828 0.9811033412096862 
0.5261263783038355 0.20091216204051984 0.06246825822137788 0.7233969183660878 1.2649917266354833 3.288733321984691 2.645386223748919 0.5723227118067894 1.4507012444740093 0.04169378312264726 
0.24118588605786329 0.019272553661248727 0.113539459556173 0.0315571140003852 16.385486593249258 1.506159194958397 0.11762202772234327 0.6378920111537449 0.29263635629191637 0.06040434613591728 
0.06835149371143487 0.06561698044073246 0.04461670070718566 0.10457890036641225 4.131604322897261 0.4285648846848663 5.945396435126013 0.3966026943308066 0.12141432178827305 0.5495076828417078 
0.17691544886902075 0.06152577721612557 0.37381284956092525 0.013592361983064481 1.252150608559335 2.5599845616434376 5.776945130643346 0.3925195135460924 0.4308768814155078 0.49681484406297016 
0.0672971473018372 0.0040841436842452665 0.020527594167378305 0.1823838697409832 1.6306802583566042 0.012493308067312723 3.930051768734769 0.546770576114375 0.8397136166914865 0.6475808039108234 
0.25725124619605955 0.10253074994042136 0.6183134966710353 0.25848408669487716 1.0693840552708787 0.19486543841656118 5.432308022422658 0.4851707018940874 1.0403737167850688 1.279862220091761 
0.2197962556894487 0.015365494263210716 0.031193026336651587 0.1675490743026998 20.433765296395453 0.1504878271063442 4.787513261719774 0.4435483873969171 0.5164293273895268 0.22390052502396882 
0.06924651117130388 0.05523541765609799 0.0503760726513228 0.10256390933213991 4.119744012074978 0.6122654881982925 1.9659800965283136 0.39661055431793435 0.09465179746427593 0.5220869117146054 
0.2378560364424324 0.0937016109151753 0.05059488250915428 0.1823593883178532 1.180916464054575 1.7609231745274836 3.920292860162373 0.4671276741999755 0.8488137220584078 0.7477265147424801 
0.07249829074076089 0.012012067368052291 0.0025172027991181237 0.26004818081954667 1.1418471410523605 0.2885081732974394 5.057889000810365 0.5277277664452438 1.8765729283191863 0.057975497140512984 
0.03641975987228198 0.012265284586491818 0.014635915361347463 0.08861312836529578 7.40996732164357 7.494209448953049E-4 4.332881720760879 0.3824791352574893 1.7474660302777336 0.16409238678185445 
0.031884176706773924 0.008362314161697361 0.0015192171070177345 0.052814456655535975 2.2753574564419914 0.19557730701188697 1.4404237588003 0.4443657675407109 0.183506614167523 0.05126495120034013 
4.464562983606203E-7 1.1159955562450858E-7 1.760790039928475E-7 1.8315229440942818E-7 8.576613258156382E-7 7.97029309630667E-6 3.972145912345322E-8 1.0984706555926467 2.6090268330125084E-4 8.798091931256677E-5 
0.008718602903497514 0.0037205904907958763 0.006736259531212284 0.009211460732636708 1.3455836759126347 0.5300397220515958 0.043376962750843184 0.5992700249523933 0.5196795692992552 0.05672206072780114 
0.05796055088589381 0.0033208759164187218 0.0032786415526679983 0.10489341932592958 1.6943000352239947 0.017622242132115124 0.2774470888916819 0.5269776431207286 0.1263576741752977 0.6698876587320732 
6.53639251326401E-4 0.0012886426747175696 2.482580903482357E-5 4.107606648144788E-4 1.4067683359896697 0.9064512552770798 1.4608303685011226 0.6298399791340932 0.3172318238211935 0.34067672552544165 
0.7233714211657698 0.03171277647319847 0.5368171264625725 0.11252085351844458 6.085051753391912 0.7693609674963209 0.08910956768424903 0.8179894169532801 0.023394918188600105 0.4365057401166403 
0.4422634852445537 0.5974079789940665 0.24906806129921044 0.034127332021038834 1.6458273804644878 0.765358158414315 1.5769393259357574 0.6923173146213855 0.12368042289405876 0.2904558838689325 
0.10228309382682442 0.016754056797151348 0.0029671201314002095 0.0845854567676735 3.945495335357224 0.7100267197564493 0.6497654252581254 0.6076868563410434 1.0259187543057622 0.19453330091767634 
0.027105099702608337 0.013056692338224544 0.008320014921067686 0.07933136136171694 2.011003957550659 0.10801315694897971 0.9839066730991172 0.4749105577171161 0.16943961010100111 0.7007715553237418 
0.1375253220022953 0.13000725183797687 0.04778130811209293 0.26371483564501114 1.6622104481113769 0.710276555328576 0.7313431305990729 0.5889500423535619 0.2097671203336735 0.7634494637709465 
0.2972677940864322 0.41827913194692373 0.5773822760579178 0.40224168543491007 2.7590824721880263 0.44605743872545384 0.7016808138192305 0.7939387145903665 0.011682216266784185 0.3433250496725005 
0.03828637325069884 0.07458339799977709 0.016079635598386193 0.10858267872558056 1.4675755150109224 0.217618227442304 0.7801896225700226 0.3564755709326905 3.6581752735255466 0.43965990617213757 
0.16808350807265351 0.13292956537794315 0.01824109364928586 0.07332910799905035 4.502926433524598 0.07986098386905155 0.6873289846294759 0.44235101078388805 1.337766828704796 0.02855387253021069 
0.200928883633138 0.4200862063570783 0.003102179212779023 0.06311917472506204 1.0934810163329909 1.0583625527558083 0.3735110165716669 0.5336499762830892 2.835686859981742 0.1494487859744197 
0.08946669608834086 0.04478327254580875 0.0018063970799243579 0.12289966908366676 4.550904186767119 1.4187527536486095 0.9753502614618256 0.3278771362406135 2.365669228684787 0.1627792666159627 
0.195498138944597 0.02549448061221094 0.037402997369764907 0.01102019358457079 9.579542504873347 0.06685036888499447 0.2863563453820886 0.6013256263895302 2.8681645474573223 0.02090509918879327 
0.19132830068603118 0.2879304092730497 0.007571606813637104 0.019402238747446163 7.3346740266148505 1.2746839661234588 2.733558976254131 0.5628968044634046 4.07334440001897 0.060224842633818394 
0.0660840343392909 0.01096902845695999 0.009216146641134008 0.11584270297456746 11.9045443144781 0.6305793064730704 0.3071393638334204 0.3094750695154668 2.0818409693076068 0.8469400845421622 
0.1552422557310632 0.011292596317501409 0.008343522022177233 0.13000131736452647 4.366156826566246 0.39249049096348676 0.3956665825686249 0.37500468372463674 1.3171519144602974 0.11101137644142728 
0.030144788708972872 0.02818933040391809 0.01684141638063674 0.03850671879593364 1.4724668537859986 0.3594109182423294 0.9302067847950434 0.5088713791699665 1.7721273431808882 0.5667384249810565 
0.09351525113204348 0.09795639424354721 0.007091824127004388 0.20754114940215537 1.430396806965659 0.15919418809949717 2.051794077766437 0.2480234674838143 2.5887107144352006 0.440559589801602 
0.0338610198485676 0.009960154859841223 0.01705331069118303 0.04449190610304438 1.306136884502859 0.22636339100171454 0.04194889020252163 0.526679202432756 0.9602252161695253 9.406319451349129 
0.3781326558234418 0.4499858935860375 0.36235302141695375 0.02618652002268112 1.7200796067413955 0.4563439261672002 0.2621144633831318 0.640456033629593 0.374680509455942 2.2626505944333313 
0.4616706474879388 0.044306223621346605 0.564403920947333 0.23895053530445734 11.374108771247936 0.2289667460889687 1.2604294995321472 0.6394659367031456 0.05115787492872806 2.597632729755213 
0.1959772483493052 1.1413253864559476 0.1657404978369754 0.03195229897457024 2.2480505070212526 0.2449576179631863 1.4001448804417533 0.46977538604513375 0.2646646329793854 2.250910681392886 
0.013612160806617403 0.021853858539910172 0.0026242961459989186 0.02862716272141202 2.1479505281580855 0.2884237481405594 4.425096767583997 0.5329370866451129 0.6132488234507978 2.763698636785203 
0.018694158567716286 0.036842282839019434 0.03627386315250405 0.10792313559048865 12.5832941882828 0.4422424704575266 0.44750568979741084 0.5631147784686221 0.256738806315755 1.2238957749429775 
0.1071623163338224 0.17761408458834843 0.019836642815279793 0.2169600353981089 1.86780449898763 0.7586543649862507 0.892260029548297 0.4207538727673542 0.09790324542193748 1.2877100728309356 
0.25674743684452783 1.0479592035497791 0.19914491736355006 0.036938761011765214 2.21172873531594 1.4117912550689018 4.7170284412447865 0.5637090863279755 0.1400952670155596 2.4214372031606923 
0.22831421834755472 0.3339958663917802 0.0253505097832586 0.09941135781440322 13.391533187580098 0.039236127031580845 4.968006027697322 0.26244946741879316 1.6112612855293005 2.2568677369032613 
0.05189601206061215 0.08715276632304286 0.010195255664686936 0.02967986446038093 3.6762351686231853 0.024419586128809557 0.14805799112565757 0.4157383237067828 1.0065819469801218 0.7950066577043006 
