286.778485335715 0.0 1.9114890767963922E-4 6.823861662282963E-6 0.0 1.8557704536250405E-9 0.0 1.0869520117962492E-8 1.1847681123898253E-6 1.180544209137309E-5 
0.5601240869680166 0.21678189610514598 0.04069763081987364 0.07585469753600473 0.019688576977203914 7.625461965335862E-4 6.734844764982097E-4 2.2476461783107463E-5 1.2095793174008408E-6 8.09912897907544E-6 
0.2334473788618598 0.215952048123466 0.07162308733064061 0.012571778734690764 0.019494473682121725 6.779366487608459E-7 3.097574056746552E-6 6.170616489922569E-13 8.34618509306428E-7 1.837667804556565E-5 
0.2761458836615029 0.1330181156334802 0.06501054326617213 0.017587843843812068 0.053685267457333395 2.586037621582124E-7 8.23212144295775E-4 1.3873395569726133E-16 5.75879082557918E-7 5.599943176036246E-5 
0.4925123073683196 0.27511136875625414 0.04392428448320487 0.012406962901320637 0.16675416250886504 9.040611518992165E-8 3.138037612491607E-5 3.8511383070074E-15 6.377347380404282E-8 0.0049394667458739685 
0.1115021854839404 0.18060961562413771 0.08798373754509084 7.868149254966918E-4 0.05300726689202487 8.855290580422919E-5 3.262625677325555E-5 3.531000766758999E-15 4.472640144005368E-8 3.947343434379049E-5 
0.2949525658423313 0.24274238827710903 0.03561413735682317 2.4218103578934574E-8 0.09301852894564094 0.0070102401471242755 2.843131635917897E-6 3.2499521288716862E-15 3.065250311780075E-8 0.003545026421251247 
0.2947282578877131 0.15022503869494402 0.027957482025354297 0.001736163834920896 0.14809720986849428 7.603726209944577E-4 0.0010283330908536924 3.08550378824764E-5 1.9479779938072444E-8 4.5696237000927765E-5 
0.16295563581611883 0.4250297606326343 0.0 0.09748693020679444 0.08754102690582988 0.0012912909863639905 0.0015048531526552014 1.4096355620401286E-25 4.9503058372469195E-8 0.0011174106459546638 
0.20473772448566577 0.3865483774152859 0.0012490853929990064 0.010306294759124233 0.051412958442785726 7.134437474220574E-7 8.941834047173497E-6 3.573919590599465E-13 1.1210567452659352E-6 1.4600438346392837E-5 
4.7086085563245287E-7 283.1022506416755 2.0307728769889083E-9 0.0 0.0 2.2289647224811523E-6 2.7877756835067783E-6 6.863641935602501E-7 0.0 6.660720820581908E-10 
1.0289247228553436E-8 5.1624030666776655 0.5051138140619361 0.011879437479887563 0.0 0.04044072092931038 0.0033435069837084207 0.0 0.0 1.2562871837838117E-4 
0.04275957005331638 0.47587620357916977 0.0018650915657591916 0.01169163278847985 0.02060369141595463 9.974269521666975E-7 8.867184167520233E-4 1.0619429393841378E-13 5.820632940631469E-7 9.659279555422451E-6 
2.1518699566966378E-13 1.2896759134218412 7.886784030124123E-9 0.15593523256689895 0.006536113513617342 0.005277185915569428 1.320581886222271E-5 2.0721619540832648E-5 8.921044218184435E-7 0.008561707777484768 
3.6023684000554156E-6 0.29667428698159304 0.03691640792965174 0.0016078572257902499 0.1256871691412216 0.0074895342271245 3.141513137750969E-5 4.1635702728825205E-15 3.3472384387378376E-8 0.0036270593554686577 
2.1942882278937532E-7 0.16262442423667892 0.07630280210680522 0.019329054501106262 0.04496300794687003 0.004621331548749732 7.348957118504427E-4 0.0 5.900069009286237E-8 4.5375001545472096E-5 
2.1513104443092827E-7 0.15945286537420553 0.07251574294617065 0.06509991572988925 0.04481072986118955 0.00315901919547554 9.510708761920677E-4 0.0 7.577747119238758E-8 4.7981353831351914E-5 
4.673764402795387E-13 0.17124339055497223 0.08636574459230172 0.006297078192258236 0.1344942351811661 0.0018652641855518145 0.0012290397384476792 1.6779389630126383E-12 1.3205053445114462E-7 8.673931696584627E-5 
0.007894438702237444 0.12987239074102974 0.027178448167623687 0.05103810090285318 0.3183369288230872 1.4909468993494712E-7 0.0036184698269388386 7.077256931856977E-12 1.6159486692965471E-7 0.008239892671689177 
0.007768688519248983 0.1090760723908157 0.2915337984433478 0.001755325153606862 0.2560080009823888 0.010159163256686917 2.3751023776336965E-5 0.0 1.6660245838816382E-6 0.010811784211013203 
1.0314422329645952E-9 1.6010594606744887E-8 138.1125816449118 1.0040330765504005E-6 2.709007517833035E-7 3.5319031699007508E-9 0.0 0.0 2.582686027886702E-8 0.0 
9.91594535992105E-5 0.21936681071012262 0.4036285100484947 0.10006505499381904 0.04872760399550119 1.168618280557243E-4 3.771261611433445E-6 0.0 2.3141907292523052E-6 4.8301858842825204E-5 
0.013397488386433183 0.020812665284464 0.35466343952583085 0.011808692489096094 0.032807856713365766 1.5982863477775207E-5 0.0011521226563843687 0.0 2.9339536218629386E-7 0.014373525155757136 
9.852603412613025E-15 0.03689042929531922 0.1899793334093905 0.02919816495572541 0.06947574416850777 8.610691594397966E-5 2.3400622160242107E-8 5.770955349962227E-7 1.1112430357687576E-7 0.0069126747211233665 
2.094951959544381E-7 0.14907381288126284 0.24403396246394554 0.035545621612098045 0.04872138143188359 0.010819035116640894 7.961274436864094E-4 2.7270931371826E-12 1.5288543399015393E-6 4.538246529328151E-5 
2.8908364277699513E-13 0.06531941373874738 0.3192593489467782 0.008732088108647534 0.00806542740480097 2.0275477693913256E-7 0.0035925187006911347 6.424078728782271E-12 2.665406574245952E-7 6.958146312705377E-5 
5.103549698807413E-9 0.0770626231764067 0.3756745906693498 0.0027404517097065905 0.05141100504936063 0.009545045364281156 0.00349872110883835 7.04552076504703E-5 1.3137470902655873E-6 0.010044722179256465 
0.011997369757790121 0.2169347031466989 0.0862165092602698 0.012319323160264059 0.018302001853865914 6.788745392032619E-7 3.180362633826409E-6 3.575511368095441E-13 5.618117922658811E-7 1.8406685630089134E-5 
0.3464908943497327 0.1056626820255566 0.3641987237980932 4.906356000425689E-5 0.024609726416294248 0.006104925943014022 5.132725580988666E-8 4.3024604327224564E-13 0.0 0.0024173833697198155 
0.0031827211597328093 0.22053673407676175 0.12184975922032375 2.716659961013102E-4 0.08420431639917701 1.1245658653863552E-6 3.0730049806745935E-6 5.384050554573509E-5 0.0 6.075604140233676E-5 
1.4927543307136628E-15 3.899212487967291E-15 3.1821093833068136E-14 65.27736783773157 5.038249967602394E-7 4.4250973217555267E-16 0.0 6.138307596038805E-8 0.0 0.0 
0.29464402955178204 0.15729576086697228 0.06093574064756145 0.09405704941448077 0.04872613973589182 1.168583163695204E-4 4.114480065192471E-6 0.0 1.768691861989418E-6 1.2726460211523283E-5 
0.008108971978605023 0.30917074340592904 0.08613355808430326 0.15320522260802782 0.00902801433059092 2.063444959844443E-7 0.0 2.3420115947967914E-12 1.6209069460358882E-7 6.958146312705377E-5 
0.19260139995546194 0.0019207262542256245 0.1307622526294145 0.18529401384878164 0.05237199435533239 6.04114934159375E-7 1.0057140510377459E-4 4.4629113819442786E-18 7.300964303195945E-7 0.0 
0.0013306952611138929 0.15489735207994906 0.20953037620013415 0.1535078794109698 0.014325835687322565 1.954512365832582E-7 2.525026312961796E-12 2.0604673376615636E-12 1.405962398443985E-7 6.958192961715619E-5 
2.4029153333955114E-14 0.0047141537156213395 0.2170566064114224 0.16001681010881458 0.059418836739399586 1.2545653863693916E-7 0.0012481444438854454 5.677676769503619E-9 5.742360855925836E-7 0.0 
0.006940498792115926 0.2988381039290682 0.08269422077513772 0.14834771463181223 0.008780917687061294 2.381697047347691E-7 3.896879774279044E-4 3.0035068192492996E-12 1.6066944379466292E-7 0.014486993246325177 
0.008247317215256206 0.43152024580976955 6.410914661812494E-5 0.09528012261337145 0.0168313380906059 0.0013307994434778015 3.75736499901257E-8 5.233973574520591E-5 1.1030192467922956E-7 0.0 
0.03384630710657041 0.36491757189186547 0.03840929145560533 0.16962220868505729 0.006849731411452815 0.016187955326435237 1.1814902158780501E-4 2.9689653618380847E-13 6.873555752826206E-7 0.009513870006918241 
0.004514918929943532 0.16265541096848252 0.0906614348639418 0.20426862292967868 0.029102338554679884 1.3333006225672756E-7 0.0038828852613062145 9.205575677090366E-14 8.955698313560409E-8 0.013611177457117922 
4.8695723461498565E-8 8.171235681233427E-8 1.7926562005153535E-8 3.3760401484302894E-12 76.31779766470268 0.0 8.495451470039056E-10 4.287088125494509E-13 0.0 0.0 
1.8076586034143903E-11 0.3113646965086359 4.50386399215337E-7 0.013690923465932262 0.9850141732188976 0.03274255343644389 9.746765143450767E-4 6.032299255966945E-4 5.661849984973787E-8 0.0022841404108013925 
2.44379107379208E-8 0.12403878336663904 0.057093048927409115 0.01500176990720705 0.12161407732879925 3.795145653644491E-7 0.0 4.608444491491062E-13 4.6582807400822895E-8 4.448118201026339E-5 
6.1762287666951335E-6 0.14151537836503983 0.03916937456331506 0.08414957125850621 0.17810201030941789 9.381181661850677E-5 3.770469892630557E-6 2.302989036596185E-7 2.3141995319264905E-6 5.088544081237235E-6 
0.021352106826707344 0.22675166019942672 0.08158134375554185 0.012230750824406908 0.16115777828930028 5.856707700268011E-6 0.0012019650601001412 8.851054193227927E-14 6.660094634305482E-7 2.2258335179717634E-4 
0.20212181556723138 0.16124774701634523 0.09510120067264495 0.05502581633229162 0.2153763558764506 0.006749813601910329 8.89913486714917E-4 0.0 3.762440621348038E-8 0.001900686736676513 
2.854142607167782E-4 0.028317378821690747 0.14009487498879708 0.022173713217671632 0.1947022136426062 1.1987914380661304E-4 5.408454744522115E-6 1.1914263591496855E-6 3.631698725587802E-8 0.00934853665240159 
2.9748810985658226E-9 0.024392211685155547 0.19907054981676336 0.0015319646858029132 0.36762459409620496 0.004456695210151773 0.003536899883666085 0.0 4.0490255704934434E-8 7.118010668270921E-5 
0.05645412792263123 0.507720406320463 0.08496838820959797 0.015117912533321044 0.3419737356312269 0.008448127820704757 0.0011858294107163698 0.0 1.6359417886181291E-6 0.009203145864124192 
0.29126213617434993 0.09272890776503061 0.10384610551457914 2.6131502810976495E-9 0.2785642756332775 0.015630500208632773 9.557470611630784E-7 3.9099821871256814E-13 7.429747463329841E-7 0.002123502090321858 
4.500234520973833E-65 3.306585382456112E-65 9.133658156122302E-66 7.152748687342596E-64 1.0294457772345681E-67 6.408060741940768 0.0 8.906657391698184E-10 1.3071164927170395E-20 0.0 
1.0221958255666999E-13 0.05295294845159575 0.4308544964449753 0.002488977051424218 0.006188647186176261 0.04209864676138023 0.0012514617851442807 0.0 1.9803383010990327E-7 7.144676098173057E-5 
0.0070077347522756765 0.23027405160300154 0.08398182160279662 0.040219147364599285 0.01857109799927907 0.01127104730990041 0.0 5.24731464120475E-6 8.174238361519013E-7 1.273013620263521E-6 
0.062351083692129924 0.466113237083768 0.001389122665024199 0.00687177129344741 0.027309703565524583 0.04573955316808796 0.00794502862825666 6.816608700102464E-5 3.562420608651602E-8 1.232392903845573E-10 
7.954891602019213E-64 0.5277375494152582 7.263049360714186E-9 0.2792968182276973 0.05865718428599232 0.030744225764008114 0.0 4.597663756224329E-13 2.084945620085569E-9 4.476412982388859E-5 
0.045121637405377855 0.1243597847147349 0.046033765164185274 0.026600809886285503 0.11592900400032419 0.011021487410430202 9.458333948678111E-4 8.150099342628533E-5 3.5577618296147265E-7 8.622434028857974E-4 
0.09451519567389849 0.30649262769464264 0.0804398862042805 1.4577258566275635E-8 0.06559287065754864 0.012081808767756046 7.826384026205656E-8 0.0 1.073970994092155E-6 0.003720605636199587 
0.40887302227690286 0.26286222262386955 5.530730733345545E-7 0.042027796467660423 0.0478742414478746 0.011479761531776145 8.024269138958293E-4 1.5010825960428557E-13 1.544104475124371E-8 0.0033302927692333752 
4.763229334992843E-65 0.17306060005966017 0.21769921496911787 0.033672009771205255 0.019476502198411353 0.01300271137009575 0.0 5.1241762046644425E-9 2.6059926924499755E-6 0.010770566490206144 
2.3256716362899502E-7 0.24442107832953958 0.023099472641235606 0.02107105045090669 0.04500999263774402 0.009904584460480814 9.176395146358048E-4 0.0 1.5570193228652182E-8 0.008746839764961508 
2.00731443881301E-131 5.56792740877819E-131 1.5464603070055186E-129 2.0459733662188746E-133 4.970894972842634E-130 2.268214551399895E-65 1.0753445167647178 0.0 0.0 0.0 
0.03245645171082602 0.28525122497259914 0.037403813154628235 0.010824009301621088 0.02373800093261609 2.507385428923839E-7 0.0037340405448307978 5.288029662268914E-13 0.0 0.007771182980292413 
0.44946406198708355 0.4166707695478618 0.0 0.012623402745487834 0.01726321424364889 4.3025855912218324E-7 0.0038229968667360496 4.421531432749966E-13 1.6346454603871408E-6 0.007710493522455638 
1.5644845015474386E-12 0.3012591311014353 0.08057652956081762 0.1457450743533928 0.007796805552024578 1.8000585138519768E-7 0.003566171248008463 4.345871466155904E-12 1.6209069460358882E-7 6.1103515939294E-5 
0.00631475882898596 0.01694366464241436 0.17536873775047962 0.02184710539785814 0.11655464390153793 0.010487550766190262 0.0037060799632659086 0.0 2.4883404926962402E-6 0.013922630681323206 
1.7408564166847615E-13 0.05806026618039785 0.2822574661019733 0.007704006133566371 0.019456059828817786 0.010065094359582692 0.0035925390722757297 6.108217437610772E-12 1.11362027552237E-7 6.56335792926469E-5 
0.007491816295467755 0.0201157536995437 0.21629370842588574 0.01459623905082557 0.20280828252851413 0.004974176361774937 0.003695747307452776 0.0 6.687389342218721E-7 0.013934671336854481 
0.0922464615862849 0.4633112607789988 0.0823009310390462 0.013833640119001305 0.19828435840745356 0.008122657357030216 0.0034790082423160036 0.0 6.344887347347551E-8 0.009182017467779215 
0.05271624664450438 0.8335182357789216 4.2481992365179937E-7 0.1455100197029263 0.008335378700684966 2.0203580637202858E-7 0.003551689148894176 4.9045446151038546E-12 1.6165174558538124E-7 0.0032044443921276657 
0.012665940006607288 0.2065601244188732 0.08244593631149381 0.011690658300028897 0.017269201758806182 9.97426986867112E-7 9.925903292342041E-4 1.0688790803005056E-13 5.904471693016639E-7 9.659279555422451E-6 
4.5579852964082636E-130 1.4297883916413624E-64 1.3221730883530625E-65 1.0524952616125063E-71 1.1043245027235507E-65 1.0889894844545807E-65 3.361557575197089E-66 1.256674325694159 0.0 0.0 
9.297648791820861E-4 0.05617001907701111 0.27876837142157734 0.027498423218914846 0.022850216988485196 8.949736628098688E-7 1.1031637358788703E-5 0.0018887534015007913 1.197291812910238E-7 7.89055265243377E-5 
4.3530444490139945E-7 0.20753341460015193 0.32957168834157846 0.024774378520556844 0.022710290792601413 0.017835241738316937 5.753912751299227E-10 0.0012479047635708075 1.306758489571709E-6 0.007837027776582968 
6.415468388140517E-13 0.08852716817995172 0.2090409465260638 0.027360408959916222 0.05178852742948533 1.8171156118890632E-7 0.0012338402999031927 5.656075868497194E-4 5.169563507594909E-7 7.926556098023567E-9 
2.5629221340854867E-11 0.4413555221579976 6.535544264942724E-7 0.01943019806118934 0.018377211852674036 0.03274917008726078 9.732628306993878E-4 6.032304611725541E-4 2.112789148495953E-8 0.002415079732050181 
0.028379354351131415 1.8836529522408123E-4 0.01381585675521323 0.40435009784369375 0.041001362326943985 0.054375422367795315 9.7473743123348E-5 7.842598021959166E-4 1.7558551462154067E-6 0.0 
0.05014962334438736 0.1454495550208215 0.050949875578108914 0.029984811288349594 0.04816297034911769 6.320328444308514E-6 9.408112829736944E-4 8.558896272658851E-5 5.269779467071662E-7 8.821681538215552E-4 
2.3175329088840134E-7 0.24247713438492374 0.02275473479768488 0.02036483305020148 0.04472745691409219 0.009860935175425736 0.004979511336476447 3.13409582525261E-4 5.9219265424580206E-8 0.008755736502770657 
0.004929126558946961 0.34304091286018884 0.03602989089323584 0.028365710780729678 0.01946254599327608 3.516558772307781E-7 2.7937934661822633E-6 6.87084957951812E-5 0.0 3.73622984919282E-5 
0.45420892252616896 0.10078864406859507 0.15775676790402288 1.8518646763137866E-4 0.08260269942548924 0.011752452634984468 2.9246496850533603E-7 2.0194907562933929E-4 1.1043104781387131E-6 0.0037869961048298713 
2.188806547314933E-141 6.299067212421368E-144 5.15361265687757E-130 3.1977191126284608E-65 1.3608135022261308E-65 5.769770525399184E-65 6.469039369851457E-72 3.1691260697957813E-66 2.171849057249058 0.0 
0.15820825174553033 0.35124473876347573 5.755980979712802E-7 0.03095790109875277 0.04066121971512499 0.008228791844819975 0.0011147102403603368 6.941033774455243E-18 3.957607094155662E-4 0.007235655676285797 
0.28220376362879096 0.2009552596008727 0.04240830475918862 0.009341249713058832 0.258517804953987 0.015140171231240332 1.9194165627645072E-5 2.1740065507844617E-15 0.0013142897606114872 0.008980355666722612 
0.00330467497075135 0.34747613426441626 8.384867888830897 0.0222645684996539 0.05852829332729143 0.012571358443217644 3.9123280957583416E-6 1.6732248607083714E-13 0.001203501993769405 0.008540668121162193 
0.005562477666915782 0.38839730005985634 0.08957071674312526 0.008512615464627775 6.751928366707589E-7 8.920823986177044E-8 0.004383562739320501 0.0 6.897934557249535E-5 4.202039632097488E-5 
3.7711441606155086E-7 0.06797156069153869 0.12437448335022684 0.027912238057626194 0.05507834869058924 0.0018840807098588143 0.0 1.0678215073301878E-6 4.540414848151476E-6 0.0 
0.005557035144511691 0.38716637299124984 0.08784745201288363 0.008485106275959971 7.024849309503534E-7 0.006442238262421942 1.4591873686770917E-8 0.0 7.488969159190018E-5 2.7531304530717044E-5 
1.2754268965995844E-7 0.26328641967041566 8.584776430207221E-4 0.015205205487937747 0.1481113286599021 0.001901327968479435 0.0010547344340515778 5.2890729946187964E-15 6.166939165904085E-6 7.034615994089174E-6 
0.15160149783257523 0.16801133970820115 0.10929148116616053 0.03141378385057208 0.009248973160969082 1.2605285873114905E-6 0.0 2.579268972622562E-12 1.2733565103369322E-4 0.0 
5.353666868419866E-89 6.048628699761708E-89 3.295814129763955E-87 1.470584911005626E-85 4.7169579832145515E-89 5.491936216452047E-68 2.7479772199763636E-68 4.527495888265581E-65 0.0 6.833234031080218 
0.020600357631371642 0.022174346627753586 0.5254086750384338 0.012481382905247626 0.034608342379189264 1.6887826058858367E-5 2.4378678160893583E-6 0.0 2.9339536218629386E-7 0.04648392797922382 
4.357946038628789E-64 0.1602849477107855 0.12774773343124354 7.850572874345417E-4 0.05287231953135912 9.443084448397143E-5 3.0939941048736315E-5 3.2270375803584037E-15 2.2402491959224996E-7 0.010156745875147094 
2.743766164226468E-14 0.14610657254648962 0.05019492953417336 0.022614028978558246 0.050137225958542454 0.0037504989119335037 3.3896292533165865E-5 0.0 9.035274830335697E-7 0.006754700259684558 
0.37292864622577465 0.17721215628968434 0.08764017576853862 7.890586177328215E-4 0.05283554893329742 8.814698896340687E-5 3.0251707565784618E-5 3.2286821692889644E-15 3.5462022051216E-8 0.010123014323818198 
0.007179824675195792 0.01115367921627051 0.19006706638208204 0.017007167871767277 0.1224395903168188 0.008156863592283256 0.001144156215009279 0.0 3.924407355763837E-7 0.015129310480925905 
1.194168992683085E-63 0.3661257927316089 0.019968032361147824 0.15420181386764215 0.006480699230748005 0.006040631546206556 0.0013499822769421593 0.0 9.490700469058717E-7 0.01677073873202771 
0.04408287546646836 0.3905359539545092 0.041422759811756305 0.011904845524884867 0.01844869899033288 2.482712358051746E-7 1.1788889070943116E-4 4.1643528649143065E-13 0.0 0.009648834455389926 
0.004515440009136962 0.16046995886595344 0.07694510439576792 0.20437159333668062 0.02910835721568263 5.8772157486587916E-8 0.003883550146147158 1.0023112874821028E-13 8.957358397896677E-8 0.02075969862167629 
0.005851646985084656 0.41280564759995625 0.0021127475317515446 0.07756974605006373 0.03695476944970929 1.328454950736207E-4 2.331197720502687E-6 2.368118732501322E-12 1.4549184126825727E-6 0.007171213703289671 
