0.2549260253712366 0.006786797775174721 0.0 0.0 0.0 0.0 0.0 0.0 0.0 21.09638194755734 
0.255377239046696 0.0024136224463742156 0.0 0.0 0.0 0.0 0.0 0.0 0.0 21.1011212180391 
0.25492900324179946 0.0030280604918715395 0.0 0.0 0.0 0.0 0.0 0.0 0.0 21.101089238201048 
0.2549259953970971 0.0 0.0 0.0 0.0 0.0 0.0 0.0 0.0 21.102251281283465 
0.25411633456443655 0.00683510720882906 0.0 0.0 0.0 0.0 0.0 0.0 0.0 21.096293072990566 
0.25499124101256965 0.012364771435335162 0.0 0.0 0.0 0.0 0.0 0.0 0.0 21.091562077467785 
0.2518952339299097 0.00457049430645726 0.0 0.0 0.0 0.0 0.0 0.0 0.0 21.098855019845374 
0.0 0.2663168754206434 0.0 0.0 0.0 0.0 0.0 0.0 0.0 21.111072307002736 
0.0 0.2658376048950184 0.05141990786801216 0.0 0.0 2.677802772210264E-4 0.0 0.0 0.0 21.065759486094954 
0.0 0.2663128413902589 0.0 0.0 0.0 0.0 0.0 0.0 0.0 21.11217568033301 
0.11794954187637734 0.3388252943839046 0.0 0.0 0.0 0.0 0.0 0.0 0.0 20.986299357717566 
0.12400067988397091 0.2650556890988072 0.0 0.0 0.0 0.0 0.0 0.0 0.0 20.87252620946917 
0.0 0.08044330361170775 0.0 0.0 0.0 0.0 0.0 0.0 0.0 21.396798344291653 
0.2523242023292969 0.2663168754206434 0.0 0.0 0.0 0.0 0.0 0.0 0.010628463813919022 20.674955085246197 
0.010806338971454915 0.0011663824333239393 0.10979090644731813 0.0 0.0 0.0 0.0 0.0 0.0 21.315917195513684 
0.12400067988397093 0.10343989120926762 0.0 0.0 0.0 0.0 0.0 0.0 0.0 21.106252710917488 
0.2549260253712366 0.0030280604918715395 0.07000542778003223 0.0 0.0 0.0 0.0 0.0 0.0 20.988863642798098 
0.11837882276326321 0.006872421365820981 0.0 0.0 0.0 0.0 0.0 0.0 0.0 21.299019556791897 
0.0 0.2663168754206434 0.0 0.1349531330425899 0.0 0.0 0.0 0.0 0.0 20.848018290388122 
0.2503317143573217 0.005043144321831385 0.0 0.1349531330425899 0.0 0.0 0.0 0.0 0.0 20.836182220994427 
0.12400067988397091 0.0030280604918715395 0.0 0.0 0.0 0.0 0.0 0.0 0.0 21.289505681611164 
0.2498641740865027 0.0 0.0 0.0 0.0 0.0 0.0 0.0 0.0 21.103080794376222 
0.2518952339299097 0.003049042704615449 0.0 0.0 0.0 0.0 0.0 0.0 0.0 21.101011291016896 
0.251833522340833 0.00683510720882906 0.0 0.0 0.0 0.0 0.0 0.0 0.0 21.100153973379715 
0.2560410397824387 0.008027914960256233 0.0 0.06747656652129495 0.0 0.0 0.0 0.0 0.0 20.987488103469904 
0.2541141264849804 0.2646148194840768 0.0 0.0 0.0 0.0 0.0 0.0 0.0 20.679359497055298 
0.255377239046696 0.0024136224463742156 0.0 0.04376759895763501 0.0 0.0 0.0 0.0 0.0 21.03980299238581 
0.25499124101256965 0.08083744013181136 0.0 0.0 0.0 0.0 0.0 0.0 0.0 20.967239433107167 
0.24994441290326622 0.008027914960256233 0.0 0.0 0.0 0.0 0.0 0.0 0.0 21.094883367193898 
0.12267155494257084 0.005043144321831385 0.05128061097359393 0.0 0.20646598569473124 0.0 0.0 0.0 0.0 20.82581099154724 
0.25564645800440955 0.0011663824333239393 0.0 0.0 0.14883221680803363 0.0 0.0 0.0 0.0 20.82635806744123 
0.0 0.1811925860176589 1.9671314053637109E-4 0.1349531330425899 0.14866611446709846 0.0 0.0 0.08803027581460196 0.1331412488695859 21.167254866847387 
0.01816366730486743 0.0 0.0 0.0 0.013027017254909068 0.0 0.0 0.0 0.0 21.49886429425219 
0.25499124101256965 0.13204550730584982 0.0 0.0 1.952179631428696E-7 0.14114256904004782 0.0 0.0 0.0 20.568956921051054 
0.1174137650894406 0.0 0.0 0.0 0.0 0.0 0.0 0.0 0.0 21.310586878173172 
0.0 0.004543297796705173 0.0 0.0 0.0 0.14180999314651951 0.0 0.0 0.0 21.250068264448345 
0.006600775264121566 0.00683510720882906 0.0 0.0 0.0 0.07231248526731522 0.0 0.0 0.0 21.399475545559977 
0.0 0.2685764755168535 0.0 0.0 0.0 0.14180999314651951 0.0 0.0 0.0 20.832210823726555 
0.25101233888762026 0.0 0.0 0.0 0.0 0.14180999314651951 0.0 0.0 0.0 20.824249581556366 
0.0 0.2663168754206434 0.0 0.0 0.0 0.1413899637768889 0.0 0.0 0.2662824977391718 20.410527888291174 
0.004037241801088087 0.004618497475470847 0.0 0.0 0.0 0.0021353263055304246 0.0 0.0 0.0 21.52070928952151 
0.2498641740865027 0.00683510720882906 0.0 0.0 0.0 0.0 0.0 0.0 4.0122495986263365E-4 21.097212674630953 
0.0 0.0015958577611890278 0.0 0.0 0.0 9.802939326169428E-4 0.18552043769350213 0.0 0.0 21.16533907463929 
0.004037241801088087 0.004618497475470847 0.0 0.0 0.0 0.07231248526731522 0.07529470861480612 0.0 0.0 21.348886089761894 
0.00933290969397147 0.09391266729293406 0.10979090644731815 0.0 0.14742460827187875 0.0 0.07756079577880265 0.0 0.0 20.732734887859806 
0.002804034723774396 0.1811925860176589 0.07013339503781198 0.0 0.0 0.0 0.07529470861480614 0.0 0.2662824977391718 20.505888927377338 
0.25499124101256965 0.1811925860176589 1.9701068926866774E-4 0.06747656652129495 0.14866611446709846 0.0 0.03764735430740307 0.04700287908654882 0.0 20.69939193912162 
0.12790329287855667 0.0030280604918715395 0.0 0.0 0.0 0.0 0.07762392609331925 0.0 0.0 21.154975581473323 
0.010508269186587321 0.09387133461456824 0.0 0.0 0.14742460827187875 0.0 0.0011421706225311547 0.0 0.0 21.060064455094547 
0.0 0.0023532211734008136 0.0 0.0 0.0 0.0 0.0 0.12975306750162327 0.0 21.27720144522687 
0.003133984192649139 0.1811925860176589 0.07013339503781198 0.0 0.0 0.0 0.07507523929504233 0.09400575817309764 0.1331412488695859 21.21698740252041 
0.01501651349305917 0.13204550730584982 0.0 0.0 1.952179631428696E-7 0.0 0.04033847027911508 0.07729423906914312 0.0 21.16740348228694 
0.12400067988397091 0.2663168754206434 0.0 0.0 0.0 0.0 0.0 0.09400575817309764 0.0 20.706754489449377 
0.0 0.1811925860176589 1.9671314053637106E-4 0.06747656652129495 0.0 0.0 0.07529470861480614 0.09400575817309764 0.2662824977391718 20.679418263911156 
0.0 0.1811925860176589 1.9671314053637109E-4 0.0021135923212109143 0.14866611446709846 0.0 0.0 0.0956735511387468 0.2662824977391718 20.95966563117474 
0.0 0.1811925860176589 1.9671314053637109E-4 0.1349531330425899 0.07433305723354923 0.0 0.0 0.09400575817309764 0.0 20.62190273923581 
0.0 0.1811925860176589 0.10979090644731815 0.0 0.14866131990744327 0.0 0.07529470861480614 0.09400575817309764 0.0 20.3845448904293 
0.255377239046696 0.0024136224463742156 0.0 0.1349531330425899 0.03023800276749733 0.0 0.0013065593559670689 0.09400575817309764 0.0 20.82843315368119 
0.003491172632996236 0.006868972643758258 0.0 0.0 0.0 0.0 0.0 0.0 0.2632123342044183 21.09576241532923 
0.2541141264849804 0.0 0.0 0.0 0.0 0.0 0.0 0.0 0.2632123342044183 21.017094843358066 
0.121405646959836 0.0 0.0 0.0 0.0 0.0 0.0 0.0 0.11670133019141804 21.07817686140563 
0.24993843888246456 0.005247984834126775 0.0 0.0 0.0 0.0 0.0 0.0 3.692365781724795E-4 21.096893860677636 
0.25446158032071425 0.0011663824333239393 0.0 0.0 0.0 0.0 0.0 0.0 0.0 21.102757271358158 
0.0 0.006872421365820981 0.05128061097359393 0.0 0.0 0.0 0.0 0.0 0.0 21.4485096642547 
0.12267155494257084 0.005043144321831385 0.05128061097359393 0.0 0.0 0.0 0.0 0.0 0.0 21.217755544400195 
0.11659219997560573 0.006868972643758258 0.0 0.0 0.0 0.0 0.0 0.0 0.0 21.303372680039157 
0.0 0.0 0.0 0.0 0.0 0.0 0.0 0.0 0.0 21.53085336192585 
0.0 0.0023532211734008136 0.0 0.0 0.0 0.0 0.0 0.0 0.0 21.529281014577755 
0.0021842881157353115 0.0 0.0 0.0 0.0 0.0 0.0 0.0 0.0 21.529047500832466 
0.003491172632996236 0.0024136224463742156 0.0 0.0 0.0 0.0 0.0 0.0 0.0 21.524080748132288 
0.022933037133174752 0.0030280604918715395 0.0 0.0 0.0 0.0 0.0 0.0 0.0 21.500556198452863 
0.010337840300717471 0.0 0.0 0.03473751515853784 0.0 0.0 0.0 0.0 0.0 21.477372973363604 
0.11513651511373135 0.006868972643758258 0.0 0.0 0.0 0.0 0.0 0.0 0.0 21.306524292152822 
0.0 0.006733675716178519 0.0 0.0 0.0 0.0 0.0 0.0 0.0 21.523015102199743 
