1.7976687621020728 1.7976687621020728 0.42804844165199163 1.3696203204500812 1.7976687621020728 
1.7978994137925728 1.7978762331060725 0.6545227952983841 1.1434516423837433 1.7979166948602576 
1.797621075428621 1.797621075428621 0.17660049644343978 1.6213116518681134 1.7973300025456889 
1.7976104653083218 1.7976104653083218 0.47853190372291593 1.4860755476455543 1.6306134792481735 
1.7968892973388333 1.7969220248715834 0.25023675208637847 1.6357381814367744 1.712884451848725 
1.7923498834171094 1.4762080851589279 0.5057463050595764 1.6216777489770335 1.7950862701294117 
1.797656556886937 1.5164496375111844 0.6801890416976898 1.4013185441538805 1.7950124472980562 
1.797817692384719 1.797817692384719 0.1635214173664292 1.7978176923847187 1.63429627501829 
1.7977111218962158 1.535113503005249 0.3699325392476012 1.690880996891063 1.7972063265447342 
1.798006165433476 1.798006165433476 0.2948743584438226 1.798006165433476 1.5031318069896535 
1.79150465790863 1.7821248800397385 0.024294162952523214 1.797639713009702 1.7949956914275866 
1.79779771388968 1.79779771388968 0.46673777756073115 1.713676025914033 1.4151816243045958 
1.7977863927376583 1.6548024641950319 0.7597012737667799 1.3480823771314103 1.6307730631197528 
1.791983216210372 1.783849974784978 0.389286017384417 1.7980465006418926 1.429020293545911 
1.7745746684061938 1.4992754256304686 0.592554785891972 1.6390532355813396 1.6859206859863127 
1.7977170654977015 1.6519741628760256 0.5723590213239131 1.5614122524136687 1.6074057598794973 
1.7974493035190926 1.6296840689767096 0.48953458253498544 1.7974493035190926 1.4756799555264901 
1.7976808055055709 1.7976808055055709 0.7249214580216489 1.455350556055741 1.415089596933752 
1.7978585075014135 1.3713489037115787 0.5605005636957451 1.7978585075014135 1.6638675475955034 
2.546389048730471 2.546389048730471 0.005800319425036 2.54430221857299 2.5426755594629156 
1.5902083011931725 1.7976357028677845 0.5524712111140857 1.4545681183465935 1.795659477949502 
1.486479890443426 1.7979947278461244 0.6313700058086846 1.6338187324873013 1.6423155547989612 
1.5602209910804177 1.7520554442427343 0.6799468430474711 1.400730632493612 1.7976513036214117 
1.797812969656426 1.797812969656426 0.7719510274170408 1.4072056331472527 1.4164692787485584 
1.7976118103053216 1.7957276608176125 0.6421059595646499 1.7362949466638287 1.2187068638698735 
1.797224616230752 1.797263501250121 0.8078516479560082 1.5577030497902062 1.2321626275838538 
1.7301259142663112 1.697106077354931 0.5429889758572982 1.6129422305315353 1.6080174446553663 
1.694491580230863 1.6390391503670008 0.7602125517659913 1.2986962797233228 1.7974798540290593 
1.7976787690427427 1.6693732491541327 0.7189284623089359 1.589646601784271 1.4150879938808887 
1.797921676381765 1.797921676381765 0.9148638600730775 1.797921676381765 0.8830578163086874 
1.666903238757949 1.57231896730556 0.5321158496958088 1.6211790401285098 1.797505698629276 
1.7056254244480373 1.581732414008472 0.6284698397827942 1.6338116621194962 1.6423084476610679 
1.3952300778220246 1.5970158312796598 0.7810052903742896 1.6233185288576875 1.794727045909388 
1.7824248808803798 1.5699238200855823 0.8332231194426113 1.5894914111096168 1.414949844646827 
1.79729386255903 1.4561688757991567 0.7779112392111401 1.6844176494246113 1.475519535971526 
1.6264700099530887 1.4581992867797273 0.8424616927128975 1.7977423483009043 1.4662870688916891 
1.726357230224359 1.330104651071918 0.7141496454369098 1.622937599987246 1.7971766595485696 
1.7978594051721313 1.3277820169423065 0.8527066072549295 1.7978594051721313 1.415230186147027 
1.7430456424362246 1.0985995766506904 0.8681074376581891 1.7969066926779504 1.6862689250068215 
1.5964499223121453 1.326132429483998 1.5625281120582328 1.2778102008547634 1.4289595329651663 
1.6769418344995537 1.7979753318153664 0.7803657818299099 1.1386614499708232 1.7979569291458126 
1.7667681743502797 1.75025484694496 1.5709355003729888 0.30435346192023816 1.7974373278628222 
1.7808240988470085 1.5399856242233745 1.25359248027148 0.8949744044666195 1.7222762652529462 
1.6899492365895763 1.7631389347243618 1.2427569614803604 1.0791755304361959 1.414939414978848 
0.9852661500200439 1.787838708226722 1.2475578941430716 1.3847772978082116 1.7868573642161731 
0.3827022580155449 1.797768106904105 1.4165413169983954 1.7962926387942697 1.797768106904105 
1.1959926277982884 1.3122401081363364 1.2669043059705785 1.6236717870610662 1.7933752082819254 
1.648131071136625 0.8174973852198621 1.3043568650803141 1.6236522725414184 1.7969324808845533 
1.3738521622145834 1.793054639381581 1.341464460728981 1.7980154449798174 0.8856750726143068 
1.267016496313932 1.4374200730438094 1.2176376049039357 1.797689090909878 1.4709930984679567 
1.6797672665810732 1.521573126956072 1.0534907744581798 1.1462013174909338 1.789767844563387 
1.7843069720210476 1.7976760080384122 1.0018922883904762 0.9199150894967947 1.6869136742069182 
1.224280248296637 1.2994567644383768 1.07484916448742 1.798039848930439 1.795533369568883 
1.4948232929309608 1.0314825267253014 1.0766356245927824 1.7914233628737968 1.797174757622159 
0.7208433123514046 1.7976722576398845 1.0809237921937613 1.7961990198083049 1.7950506485661826 
1.797927724775151 0.7280156858594125 1.0763762744321281 1.7914634892587615 1.797927724775151 
1.7976447248459433 1.2135984613932493 0.9900775428757398 1.7961935872597004 1.3930645830091404 
1.7978363156803043 1.6891635926735795 0.8841520612625859 1.2126809071971274 1.60751238590762 
1.389388862604048 1.792790586004098 0.8381725639087358 1.3846702742779897 1.786719265632795 
1.6602944375203217 1.6751352199662437 0.26390427823552537 1.7977066736773097 1.7939438312812774 
1.5883923772832909 1.7977902648580537 0.20991472214265644 1.7977507543016347 1.797312940846579 
1.6567276500118924 1.576435393881119 0.36188673686583367 1.7974324553936363 1.7974940787174938 
1.7213394989953714 1.7975161207936847 0.07669337755438345 1.7974766162622091 1.7970388695690902 
1.4760737739530274 1.789960458164491 0.4958188435575571 1.7975924505771061 1.6309242760562432 
1.482862413865837 1.516866729311976 0.599716712408655 1.7977625726549262 1.7939996132547986 
1.6184345020749575 1.7978497701386504 0.28938563216185376 1.6885543401683452 1.7971748360107949 
1.7609392179288488 1.2387251600120595 0.5990069285142319 1.7979322883570914 1.7953717608746556 
1.6632300509534534 1.5909276132355228 0.4450570794066807 1.6933235767977879 1.7975127734644816 
1.4629334602047581 1.7978189355142822 0.4448539533241396 1.6885253800518387 1.7971440129621103 
1.6361884177762387 1.3793526307439818 0.6559549909389654 1.7978412487809126 1.722263883739614 
1.5790038006175473 1.7276566686867136 0.6707282376969568 1.7974258768006974 1.4148889234008748 
1.7970620976237774 1.7970876692236881 0.5885878631085467 1.790494831962988 1.219011367011184 
1.797027986400341 1.4274282120935684 0.6925542534725346 1.7976064832661431 1.4758089978319855 
1.572949161231361 1.2285097148507917 0.7977165565136408 1.7981783103401612 1.7956057327681587 
1.0030143046028726 1.7978729457617912 0.7975537858576576 1.7978113997366905 1.7952393470881531 
1.7977890136292571 1.044060888822295 0.7556008586641222 1.795916279772097 1.7977890136292571 
1.3238114392379166 1.7104941950558654 0.6696669955236131 1.6890067535214204 1.7976597944462718 
1.5617070557750536 1.706335226477849 0.5056412528043971 1.6214216118840634 1.7948432352015748 
4.678881689605154 4.6791177976528235 0.003826694790633731 4.675527210909858 4.6791177976528235 
4.67888960491856 4.679125708966354 0.003913809598722095 4.6754480034154255 4.679125708966354 
