0.4628418007884912 0.6036424631071766 0.02003607005995159 0.2780896338918884 0.095390957870973 0.2957477715253802 0.8895787790511462 1.5801760888642833 
0.07539651591100925 0.27875841962923104 0.04634929492110375 0.46083941158910735 0.1437013156650065 0.49155881202867346 1.0488702098171059 2.791932923458367 
0.1710142609622713 0.23155819427799626 0.03752630703618162 0.2670831020118158 0.12446735753537994 0.3217234065989319 0.6355718502488624 2.8942828392584867 
0.27035613812442144 0.41740446781520474 0.01860533109303136 0.4615019708196576 0.1844808662341115 0.499735476900306 1.2563408943416068 2.9740404656915587 
0.305783476450824 0.9180706122442377 0.0381620119495927 0.20460333944862089 0.18212551255184278 0.5558791552434502 2.1806676893684944 3.722154393755913 
0.15575494928007078 0.23873335454852834 0.044079667981985586 0.23555966925612834 0.14068457487888741 0.6079082856156376 1.2278679796199294 2.6215791719833774 
0.1249236605307453 0.19569006624478602 0.040943481679448265 0.42241039097820127 0.13764879665119134 0.5090516867388565 1.3198901968479562 3.2304046045105954 
0.12046297148273072 0.1661698489419818 0.050110021090157414 0.4304316188500775 0.19318369754415396 0.49240564411828125 0.5413498397532511 3.7589577919543378 
0.09448798182498461 0.2982579355219555 0.06273321816023596 0.440227881576181 0.2227117929861028 0.6333535431553947 1.5667888996423194 4.932283397977994 
0.11869410934644732 0.40480890112960866 0.053454910237973885 0.2646712582092216 0.15426594212498632 0.6359446823956107 0.9875061443522075 3.3268268651929396 
0.05370060397554772 0.3949363452145164 0.033852143546121524 0.49049710741257124 0.14137878656615158 0.593098339460508 1.4661637141849793 3.887296484826387 
0.16697508802283978 1.3675532963352866 0.021365387634989706 0.2548644457744129 0.13305098525268771 0.3627234667797423 0.6402609728504556 1.9690402502136493 
0.12637296044456128 1.0001294834688097 0.0516322124668673 0.25092531447062977 0.18071747299038604 0.31208993811309094 1.4112006682100537 3.7068278856242385 
0.07011520200309557 0.5532886801795847 0.04271183515534541 0.2672006856533772 0.08634946332647095 0.29072269265776696 0.8134483550770076 2.2546421516829422 
0.07554097943652882 0.6794162588404411 0.03750569179816062 0.4529287400970477 0.15519954586959994 0.5451044641891315 1.1648998007698987 2.724906127300171 
0.0884728082187849 0.7485549231712963 0.030152660582249323 0.3941555580941133 0.17761471952975777 0.5569756823739627 1.1175833851123196 4.23360284133797 
0.06711337705509607 0.5382801922517827 0.01172322897203336 0.4794044385516693 0.19043442098102292 0.43030279704928354 1.0632465127129245 2.3087438772982387 
0.06840249322120447 0.5366566022328846 0.04980127334815634 0.2816907742146655 0.1375449325343483 0.40264621826615155 0.9129912728838329 4.070304131962156 
0.2509658498761386 0.8403455657434931 0.02414296808837062 0.4260527693174823 0.16732868632020975 0.26084324213200977 1.0553224487556803 3.0160361461844754 
0.0636076008602036 0.5499354958083045 0.0681782741578586 0.25260051620841967 0.13441015693123887 0.4099816962388022 0.808422597119581 2.9709834873304217 
0.12469093626621292 0.968130048952312 0.07209334985283863 0.2324870094509583 0.16378977141136933 0.9955758687626854 1.5830491430689386 7.2300649409985525 
0.061405323225838665 0.5384381742488902 0.011410949533608859 0.5191956825919289 0.1332884580953764 0.6299530377723636 1.1497954758369309 4.112174981978855 
0.06367792002543261 0.5427088664761895 0.012135850362527966 0.5044808426014508 0.17047017159219685 0.6016702983392213 1.502272842371454 2.4043066022717636 
0.10862767629445447 0.44005700674137777 0.17405397676856302 0.2565131169487475 0.3110558905409343 0.3810413849897483 1.298615958158982 4.286777703310173 
0.08851272534574507 0.30208326171847033 0.059761367315225376 0.4311297031025306 0.17690942624326925 0.42249733700885816 1.1406966079647096 2.315534796544056 
0.05674818025000158 0.40356067230319354 0.18996286321628172 0.405599414354254 0.4326284533193061 0.7403728837824842 2.7136302170285655 8.282228940421405 
0.11011194643472422 0.38057733687934536 0.07206314644169502 0.3144868996483646 0.107940006663347 0.3150360667770548 1.0328808939415834 2.6486821296755014 
0.08320007182920477 0.5504043281383589 0.1030785618040341 0.23445471011400612 0.24893266940896663 0.30725302473549304 1.452148468030111 4.690571430673716 
0.11702476252203442 0.40487707615861823 0.09286975749143345 0.25224741199404666 0.13068877992419037 0.7552369501185827 0.8714089085022493 3.536980437156218 
0.05117562193755743 0.3992915810660409 0.06370530743490345 0.4173171618554415 0.20477970964713804 0.3115000250757369 1.0107392025753383 3.1201322509720573 
0.14623229374920726 0.2351511063251781 0.07117938016413018 0.24482842379517117 0.1432819228107075 0.4489851676005613 1.144816444645312 3.5016665328164485 
0.06237852800117121 0.41979474526030497 0.1874707734229745 0.40872596633046765 0.4453665263954634 1.4524637826617546 3.93590031298075 8.198688978915087 
0.11282509931844978 0.1792671146336794 0.05383727335085054 0.40199668535364386 0.18827558734952918 0.36357926604862617 1.0071483198366016 3.3181393892659887 
0.05506180369608344 0.40061432925025614 0.060645208822639594 0.4556133616199546 0.11051495518273466 0.5214057544799572 0.7463801612439032 4.332953536187234 
0.12280251861781853 0.4268709797687458 0.050511283363292074 0.2585713798793616 0.11628690368262813 0.43479777201684683 0.7935908977070527 1.7040270275753604 
0.07289903469687982 0.5561024218838436 0.029385013483377073 1.729318603320159 0.08016725280018645 0.3564506905471262 0.9233620050634745 2.402565270864465 
0.029158238145441877 0.2330253815180864 0.019734792274387954 0.6210852890476504 0.13257382348714114 0.46336384401622177 0.7281195317843869 3.4885701611522624 
0.049975016064076644 0.17092731841329847 0.02841652379248747 0.4906623328027236 0.15040340180621578 0.24224764439958224 0.8554500588751325 2.7224162190518224 
0.12235071043184774 0.16560348244530845 0.03333129868846347 0.5223627517520121 0.09264475357293266 0.33166119330959976 0.6780860386640217 1.3756040382350405 
0.05016334002700371 0.40597991144223067 0.031839344255711256 0.5229373003789065 0.08181867220639068 0.2884106702175852 0.7555844724767536 2.4299603918675294 
0.07712479069804047 0.5673400959722469 0.0102232247967378 0.6431251057447137 0.12362846026824265 0.39682557860013673 0.6385114942928974 2.6213769128737097 
0.0635919330547697 0.09486577350587634 0.028870049282602832 0.5028434319740773 0.1118160198723114 0.5180845932203787 0.6754978880331929 2.248101471039185 
0.027765776005462022 0.2283831418325015 0.03245505108867659 0.4820869964524319 0.22033366658189227 0.2615715180279555 1.4334730933512003 2.021008127312392 
0.026674083998843693 0.2326426611726262 0.027821190212545796 0.5707022806728684 0.15989953373934956 0.41763241725720557 1.0368238704603603 2.2399614598970374 
0.06698763124972028 0.5449048893841113 0.010449764092023322 0.53345091978491 0.1558205793784465 0.57711506203213 0.9861398126228368 2.08304658062245 
0.026581410643937597 0.23032504474807936 0.034833164322755135 0.5033618462738475 0.1718982123544314 0.31395775641426105 1.613342534158076 2.9457153665573403 
0.05182729432105959 0.3980015999694085 0.037650233963213514 0.5173850271356134 0.10019895579644846 0.4478202223889859 1.682981404566222 2.307686977949627 
0.026263263962663805 0.22395019766583243 0.03104861916243244 0.5059145277783474 0.32768218283916933 0.6219812365242683 0.7872871789978666 4.183248322424945 
0.05280616969428098 0.39653047644129896 0.04283345550765954 0.4319312488823176 0.2456996982512851 0.5287299748472765 1.4164986153138268 2.186015270257714 
0.34510413204045565 0.5967536114384946 0.056234230885776025 0.22616100447359871 0.483342870603854 1.236474798631287 2.3116451140336496 3.8830493413653526 
0.16569334753862475 0.22975503078321105 0.05708586623431065 0.2725280639343828 0.25533071886956865 0.6509673912500926 0.865671643428175 2.797143292632557 
0.06291726047510504 0.43334766399254976 0.026978908569204797 0.4125755198017981 0.3937998734088029 0.743749299374192 1.5814838893898924 5.1459421848884395 
0.10109500899799971 0.15418180847241483 0.07067488976041876 0.4865783736276485 0.2889868144359312 0.7570588340770597 1.2163328816754044 3.139860250326683 
0.054340357769674365 0.5404851850789375 0.058007339307068154 0.24212955533490926 0.2957455738838453 0.41955700341722413 2.160576760898669 5.671288588389478 
0.12265747816237907 0.16672237216374344 0.0607971590214999 0.41153565388037205 0.21039459153185125 0.3539260118733882 0.8399383693954542 3.0391205190197854 
0.06429397116320301 0.40769989109477883 0.061220154968877116 0.4213166223495867 0.25047368338521886 0.5976933021942598 1.2722035442291 4.646570180438208 
0.03151327274672191 0.23466137330089168 0.04624804102108396 0.5892904838087861 0.12870220156454792 1.680019910474198 0.8961297143660524 2.8000973031055305 
0.02800844833285612 0.22508655415087012 0.027130942825693713 0.4910693133564995 0.18633652662326936 0.7796015943626687 1.27956829037934 2.132155523359091 
0.14852488773806363 0.31678299005285526 0.0600754189331094 0.2642789737680259 0.18396226276945374 1.1465105886360443 1.6465598568005384 5.068980458914746 
0.049545451438580954 0.41626368608063435 0.032925993310027386 0.5324194548451437 0.13601364645416095 0.9322097360162775 1.2829815258077757 5.041364848475604 
0.06398742084955225 0.5454056581525119 0.0099363044124194 0.5254583012780638 0.0889697803910806 0.7438313367411763 0.8641544589361285 3.100976895460406 
0.15645493455541687 0.23244659586190558 0.05384861600345022 0.2766536065807599 0.18302957616265622 0.7805916172700036 0.7039051589092507 2.3605143741039507 
0.12176377216190432 0.4032694786176796 0.052706171389557854 0.26769745936898653 0.12212325231517594 0.7187261350350964 0.6575625945044784 3.772825315168914 
0.026409410972631775 0.2296254960269941 0.047588632196004566 0.45984496228539146 0.1899603446256572 0.6479087179609581 1.2262820496165323 3.7912718416069864 
0.08025846282574868 0.27564569426679714 0.05235852347661975 0.452921121755153 0.12678353639804757 0.625535754597096 1.0667228880300348 2.5788690815409874 
0.12375682250458138 0.3915659072343509 0.021528418249547567 0.5149837004871385 0.18481081296935914 0.8168197520710238 2.1869314794655708 2.713356214508194 
0.23624720841661706 0.7688432864757516 0.041822138070465406 0.25005899454818253 0.21528853251843624 1.0417590386891697 1.9462082795765776 4.0413914031048925 
0.1074999628837708 0.15708422294800545 0.04322437639141165 0.4156010913704567 0.1740899175397064 0.5998714192630638 1.2109120137123386 3.2202368548305813 
0.027064938881822244 0.22828340518391352 0.03715751612375668 0.4757208118772838 0.15014825211419713 0.27134108157690284 2.4763531784894917 2.7564436521672255 
0.06416852488677718 0.5432360321562721 0.036855819837778366 0.21550091270271643 0.11787422896280103 0.3869647413990821 2.3840346456446997 2.8761583308279066 
0.04979009366545327 0.41759846850690796 0.018616030170972145 0.4872538703110034 0.14319238659139316 0.3895090453310341 2.551153121021402 2.741806543139601 
0.05954327195239549 0.4979722345262592 0.06601931441666926 0.29847293771443084 0.13979668361136616 0.2866542562396696 2.2063101889803978 4.098491408905647 
0.09626004861595942 0.1588408873176994 0.05437194960865367 0.43526911270141705 0.19743060634355747 0.711061842004499 2.162318897049623 4.6897144532559745 
0.16500161828632803 0.23555155048721022 0.07280245094762537 0.22609212119540412 0.1635577856328746 0.7051806453932089 2.433518222267361 4.708776073286744 
0.09692302750909118 0.208187543335623 0.029274412259888576 0.4609814879992984 0.12471460487534597 0.3129205978722743 2.081673412032649 2.3936375555550886 
0.10056154498245469 0.7083358031190917 0.0410494488998441 0.41347111971198214 0.14086000144352775 0.7734203935101087 2.3839668215797 3.44688514312132 
0.06158677262098376 0.5366169065761055 0.0752879664383062 0.2569768036489564 0.14224642275528865 0.6419507038493246 2.3722869176630215 3.3802155296148833 
0.0628215294695076 0.5446127678237199 0.01214923202926044 0.5033322501499596 0.16428805815380834 0.7410800630887459 1.953632802134127 2.0048981131710994 
0.12256887591758696 0.42383994612556386 0.06221057773458548 0.23175086590678945 0.1742114212211371 0.3776560443252365 1.8010337113887562 4.616568073260318 
0.05427904487945867 0.3908792501313447 0.03557277685230302 0.497616578627733 0.16800122850948962 0.5370628703774118 1.6619817749521777 2.68378056607471 
0.03116103561340926 0.24624832319049508 0.022656505447291107 0.5052511599973719 0.14681456486572386 0.4482701114365365 1.2627427144240853 7.281826235424394 
0.09132103836883695 0.31640984054128113 0.034737614431970903 0.4894595387570846 0.19350568323889625 0.33389347704276584 0.9776934469988399 3.970724871652223 
0.02607104364572293 0.253432508504212 0.0845713708203132 0.5150921668219902 0.5849002813857251 0.5393478307334442 2.0031077867934353 16.72831285508685 
0.05627297632358133 0.16103594387770778 0.05570584669529183 0.5122989953508102 0.24985042429179796 0.474028598342817 2.0775606354254506 5.663502020693315 
0.06519279667695567 0.5337086395923386 0.037415821355061746 0.2657344118717724 0.12167034825680227 0.5182310967945704 1.2090623191614303 6.285909815838761 
0.16403663153069792 0.23102218410154882 0.08242927445551516 0.22553084044017344 0.14604675094114491 0.5536025846136066 1.712775710280046 5.888064401726207 
0.026981795449196468 0.2326508224046379 0.022257729081885298 0.5887047322815893 0.14006753679636286 0.3166432159420758 1.2571411122610898 3.771163517786276 
0.055352151851854985 0.38907085458993057 0.0671951583295171 0.427969418487238 0.17015141720786414 0.5874376257504261 1.3885556739275018 5.147421107722693 
