1.0005396888097393 0.0036960568987853323 0.002496289788765711 0.001620740888255411 3.500740387363311E-4 8.48541264772531E-4 4.077816347931253E-4 9.441985408287668E-4 
0.6549614788055997 0.060659198856681744 0.6449998310106423 0.05275259901988778 0.4930562985342306 0.04537512610124541 0.019003077610730095 0.07819316925388481 
0.8637735036474781 0.0031267911185238503 0.0012716710095043943 0.5054045403592635 0.0015508383778867854 6.463046220857659E-4 0.001589164941072306 9.747748989183977E-4 
0.8824460319616888 0.001623464370111037 0.00102692138615013 0.00212558529854239 7.042170428197557E-4 0.0023443913581468094 0.47554031204597 7.838029109390596E-4 
0.924359046589601 0.002679989895592068 0.0013176361709549263 3.406787681732583E-4 0.2430141044265971 6.606675178245777E-4 0.30726238211121426 0.002150727143094681 
0.575675039445523 0.0021817548910119055 0.054930767178340605 0.6684093863505164 0.0013532006050405913 0.0011607446046001562 0.4769138248383364 0.0013295989955281107 
0.7897898655125535 0.6131961285499736 0.02128536420973522 0.010828244382537539 0.12504575268357923 0.00442400907265919 0.01054094478299177 0.018804923658051854 
0.39325397484050023 0.010699301321876596 0.5298810476445737 0.7584763527875299 0.007873953099649797 0.0030949467429835812 0.002892544532775796 0.004851672717938727 
0.6941824534930431 0.5400491649703467 0.0162525653748717 0.015011638444179382 0.4927563179339936 0.004914700550401365 0.011673925014621752 0.016335138757826134 
0.47157737734852856 0.006315091892480131 0.6548556902158849 0.376477341646439 0.5063698470955821 0.014967032722207329 0.011001332742234195 0.008629712120663113 
0.6315935395707474 0.648258643099707 8.421001611958555E-4 0.0039478637890298625 0.007994789124002104 0.002750384345859186 0.44499234900418594 0.0015697515725077978 
0.3324580709179288 0.006037525591085473 0.4750705514034106 0.6450266948289698 0.0023505691535793756 0.002133657417651018 0.5070989821404297 0.001999463856584068 
7.078220542748529E-4 1.0018567871480974 0.0011916777557208246 9.949538739188136E-4 0.0012527828695969025 8.016387155932594E-4 0.0011634077960226861 8.862511909242965E-4 
0.001079733367241607 0.8658923578419858 0.001478309436216383 0.5056684195455293 0.001616616482100273 1.8300531296226719E-4 0.0015246741777431977 8.571895125871611E-4 
5.632716256222749E-4 0.882984811791054 0.0021477732434104137 0.001364405060702637 0.0013370219653703402 4.489804874154358E-4 0.4741451637208443 0.0010323937603688336 
0.01174372417016455 0.9409059558481666 0.0034935654435426892 0.022454257311217248 0.37488967555363856 0.005177698545400215 0.010387533813967639 0.013772103903618523 
0.032941631311116916 0.7467352743518822 0.01162445453569615 0.36549908280769655 0.006033978553241979 0.6167995849885133 0.01711299665154979 0.011234837096539888 
0.041308318467378126 0.8250437434626545 0.04587942174408451 0.07088409914968731 0.5144351493996728 0.05046775718157553 0.48821423436832884 0.10692959250951979 
0.09250596465308131 0.8472359132092973 0.4576250288498478 0.1740040434925529 0.07934211693386202 0.7399863734329206 0.051532155126701625 0.06125474526239471 
0.10327315772383253 0.8530922904738791 0.0457346849988565 0.2723729963942054 0.2158157089208055 0.7702086532855897 0.15045524142821567 0.1528108819606164 
0.047034568479159655 0.7289350314699657 0.060221279740996475 0.7867537811551213 0.053397296443056984 0.4394288148798417 0.04960239270092172 0.15122129860460046 
0.003701561670676269 0.6514090090732894 0.6153558046065044 0.001811777242067017 0.004245853104146908 0.0074312121066524295 0.47968603826805517 0.0017510104656489542 
0.009101940580702338 0.6388197441895561 0.3155874533498548 0.008608250015641509 0.0025069742179168707 0.57604189309728 0.4615708402135738 0.012527781018306258 
0.0544385255613333 0.5600746627684909 0.06087322923761641 0.9225910391297112 0.03897691890090696 0.014781414595476453 0.05910644577118697 0.018022416270765916 
0.0020550019940022116 0.002373088903188928 1.0029582562607686 0.0011416724879828558 5.502216885765221E-4 2.621664644799122E-4 0.001414336336118882 9.39663235248427E-4 
0.016076953943280726 0.0034152709292758123 0.9265988466872624 0.0019670808078836007 0.0018066935837568118 0.3831453735597794 0.0010982576108146788 8.649748011602909E-4 
0.5673972472149722 0.0039017005559321655 0.8256957847184412 0.002179794288493791 3.978071678335606E-4 7.776977177753875E-4 5.80470724643136E-4 0.0011588956464592024 
0.002685238286433413 0.00550138516923247 0.8655412280562496 0.5082097494092636 4.946026410336955E-4 6.259917642535934E-4 9.904869088400887E-4 0.001225113676102499 
0.0013629007046830168 0.00534130559180831 0.8262382336662059 0.004112132849827572 7.230285516354641E-4 0.3516939677853595 0.4454166175518479 4.7690603623824166E-4 
0.01878233432479789 0.028162419146349513 0.8215732183122636 0.4785306154324356 0.020338206580922672 0.3732446939499712 0.0069024617444186755 0.025803705224295377 
0.007310398085786827 0.007841828223056067 0.744714270217294 0.5277229483732935 0.020274679282782433 0.020105898237321836 0.4630797804294594 0.007466300495927263 
0.02340724618103132 0.014366897058957958 0.8427082967345383 0.029680113939501516 0.4230766655583624 0.3872681214940302 0.008726573540183195 0.029941287683474274 
0.03916032153283424 0.02429855631605617 0.6968465567249127 0.8416480793084812 0.04299798015702306 0.06527220587894665 0.045116447851486885 0.01826422400370692 
0.31889777722513163 0.4397185631803279 0.8453039427010228 0.001474880695103494 0.025792083136217264 0.0027860224585213793 0.002171117692702552 0.0011464350077183127 
0.0019413643993045574 0.006996142005951093 0.7312520029568611 0.002452899708603199 0.0015261482693491046 0.6856033970826227 0.0036718151172275004 0.0028042488433544636 
0.015421133912121968 0.02743218982919721 0.8107012497916883 0.3802813535920996 0.5140919015488884 0.013258254530142113 0.010690020174173013 0.014324773961388648 
0.002075610298703713 0.002147590628491907 9.352205264288101E-4 1.008174904139315 4.2719696166540233E-4 0.0013387276353514436 0.0010001515663711459 9.193707606847543E-4 
0.0013791503572066974 0.0012039731391193238 0.0010624220511127752 0.9318623682321838 8.061230640435462E-4 0.38418065544277885 0.0012775071025322331 7.37674981727959E-4 
0.021588986885193444 0.04306853602317379 0.0253556148311847 0.9334281686536795 0.43068325475282976 0.018405030820471183 0.011546656091262012 0.017880312356598847 
0.02220291858988203 0.33758122704593124 0.46138566487401533 0.661284709276329 0.493310849431328 0.0023243739830916825 4.995381168244969E-4 0.00240437955668185 
0.03684697578797763 0.5737158315109678 0.01880685704145808 0.6613238047957867 0.49450289398342695 0.0014338772570537082 8.236315364613737E-4 0.002681445297803681 
0.04207030453463958 0.5490900383877051 0.04678985260860394 0.6630236763165702 0.5118483467408593 0.05110458304993606 0.4859603602340458 0.10861679542290342 
0.002210234644701136 0.34174813419606453 0.451365443158649 0.8326382842229787 0.0010674213550475608 0.0010246917101521598 6.30539758155762E-4 0.0012741907411176407 
0.006326242786371815 0.3543947159128796 0.3525243457433459 0.2875032429835535 0.5635564324851233 0.6146945655653344 0.003747332105211169 0.004602951231291037 
0.038080451585777456 0.25671503566065296 0.8769694716038583 0.1101122465133515 0.5953807012843108 0.06123266389350832 0.03717748864251422 0.1054161966225798 
0.0011190373790939511 0.6673962725588556 0.0071223305764150655 0.0025946440915066153 0.671213769181458 0.33489383114481364 0.002791179549363187 0.00540216757517957 
0.0021458939590910503 0.5382822871263908 0.7279044965656066 0.0023330089454553387 9.017721605066134E-4 0.4295743398656123 0.005260143999644486 4.425315871736148E-4 
0.0016798369191186044 0.5435169996698938 0.8420449889417971 7.725331555772905E-4 3.88847030820771E-4 0.0014219019057911035 0.0012323781412338832 7.397904960127577E-4 
0.002095200481459423 0.0023025072626639857 0.0018148364804794444 4.71052007416453E-4 1.0009805336449116 6.406315712709701E-4 0.001144402353327619 7.117099963480962E-4 
0.6258149885774742 0.0039518431833014765 0.0010685241713375895 0.0016060800387814982 0.6296232227931001 3.3104660501091456E-4 0.4648839305572918 5.736667911047176E-4 
0.002134695504050168 0.0016788880114628553 0.001081175226494055 0.0025205962915131695 0.7925224731837389 0.6122868601585687 8.369726485646058E-4 0.0011059602626866773 
0.025024031953435565 0.04904860549373822 0.2749249019413225 0.6112677096060152 0.6704849473919968 0.027950149957408337 0.470279826596674 0.021309968049916476 
0.002675386392589737 0.004067823850360914 0.6965581427237982 0.0781206877574206 0.7166792914395613 0.001054170704343514 0.001528061010067748 6.318465505719062E-4 
0.06827596659276772 0.15789797949326326 0.5025614677904253 0.5668044764346165 0.8699637663179791 0.5650870348878988 0.3158639066332284 0.17632108895093956 
0.540395459491901 0.019758009133543045 0.0021434545366131115 0.014332716153912057 0.5560001285465082 0.637274000634348 0.003714917881448699 0.002117491411404112 
0.002161861512204422 0.48259619058088277 0.0019220501704643237 0.5586048014273455 0.6791461401190789 0.0014746137991492804 4.7211760417984486E-4 0.001493756081950478 
0.6894997487581713 0.03959539160664441 0.010757864142449365 0.4169463360710423 0.42980542902961877 0.01919212439783771 0.48433376903051295 0.029521264070039115 
0.30241025759543955 0.42285581015145746 0.020007334683122144 0.3088948545174892 0.5958932046013247 0.32031306800944453 0.49074457414014416 0.01713526910872148 
0.02164363438732819 0.03812612551512287 0.02956397622338035 0.9334887748652344 0.4374881623596617 0.017481049494588115 0.012334849647048519 0.017146851938243664 
0.0027046510404933354 0.6210066129936562 0.323660897815773 0.00539684673159389 0.7166285824837527 0.001303950495279185 0.0013820629687041298 7.00129900424306E-4 
7.610312105039011E-4 0.0030638106707377597 0.001324971722048091 9.354652391410194E-4 0.0015601131428955451 1.000257184262103 7.971669231158583E-4 4.4972011648342265E-4 
0.2217455415634786 0.23905222080046504 0.1674149999146364 0.16503181156998922 0.35841387542849507 0.9721008223648119 0.5259684343155968 0.14677888779794904 
0.7356969168771388 0.0651000364361429 0.3459097229456012 0.0019913124449917425 6.66149846454686E-4 0.5833166791520571 6.679705487887626E-4 0.0013845874107386803 
0.0013237941384328792 0.002740820858256319 0.5051822436106075 0.586261010433204 0.003450124460782016 0.6378958691328567 0.001100949213064799 8.400121471169856E-4 
0.45966141658959475 0.005538065429927853 0.0016206731703823217 0.524149903359741 3.973055598201489E-4 0.49836376917561426 0.5189711688245825 3.692077977051614E-4 
0.18749598467127698 0.0026273501239644243 0.25541425126339634 0.6267738665505638 0.38934933798126264 0.6036675200638646 0.00938233530399167 0.00606580454314864 
0.0011374532017692988 0.3454067770616493 0.0011280425560349012 0.602892299808791 8.233693194181195E-4 0.570852785646743 0.4442406695984387 3.781748456329363E-4 
0.12004205059719815 0.08076036072791157 0.7109151572645065 0.00845246807013193 0.03489637156694363 0.5877754706162868 0.49589531920467284 0.012178708353496602 
0.002106554813409501 0.014367299465112952 0.7471269582964492 0.0019945997366517866 0.3278852336834411 0.5830655785428375 0.003785611327904998 0.0025707300114025666 
0.9458140719023342 0.048339874236311406 0.02767604243035553 0.00946242692772707 0.030678730920925622 0.36343301426706287 0.032031375083149925 0.010293432830604406 
0.8126581666664358 0.03856239068825272 0.025844314297970183 0.4788703041504941 0.026897069984307173 0.3601349559323582 0.006958065339064998 0.0037090613038158345 
0.0024455032748580243 0.5488292799973101 0.5453364413804327 0.0016658078492938373 0.0034116100782206026 0.6376370226729313 4.516042540648119E-4 5.2173750562474E-4 
0.0013239234691379115 0.0014373632231439797 9.972340719780271E-4 0.001343853032030039 7.950385696198729E-4 1.4622020307429834E-4 1.0011130944002307 8.148118233487051E-4 
0.04519787212750816 0.01283332231902147 0.021525234462158396 0.8171262194654035 0.02457778602163087 0.3863121256442495 0.5504766507947264 0.02404203797947842 
0.008003240293293402 0.012663420431307628 0.0069032984944374055 0.9258411568294524 0.0072103998412029425 0.011633817526622152 0.44950024484995144 0.003102972745089937 
0.20625936905253203 0.7907665055887478 0.17916041213812703 0.15532699754898413 0.08112612745236149 0.2211366056751912 0.9068613260805418 0.08157040793403336 
0.011339328354598397 0.046008010031611556 0.6191677333365181 0.7134515870501419 0.018442451826217652 0.03214450704245813 0.5217419345162043 0.06433823690379038 
0.042337570826660974 0.4867169987381185 0.04730318592439915 0.5857022969139117 0.45567378602146064 0.05051537896525315 0.65999942120986 0.10558101917790659 
0.001436512310787277 0.6281281898970149 9.362992015256106E-4 8.983457336738518E-4 0.002046371399058284 0.45692233692118644 0.633580804201137 9.033887298493187E-4 
0.065848713212336 0.03071727481714747 0.4927750678389058 0.006163153201929135 0.498001219762174 0.5430326574428157 0.46260779097898097 0.0016587600789015149 
0.45467519851344856 0.566097752375088 0.013600938696938946 0.225543777568898 0.08885312662777682 0.614514999245925 0.4995577958769012 0.04310474269904998 
0.5294580363008922 0.6513027926903977 0.41469912618518406 0.26437348280764966 0.08662139090311971 0.036702925602817044 0.4981906891937072 0.04069632103028095 
0.518064192344667 0.7152058445572502 0.0017299784539471317 0.001407988778203565 0.0011626446593837796 0.0010689573399539328 0.4741954267906758 0.0011971385358290148 
0.0016843548255454032 0.48873056752409694 0.7566655591052637 0.001256178230226063 0.001388998921669348 2.7816709739548036E-4 0.4411922176857314 3.9305776068873454E-4 
0.03720518637591479 0.03715899272234903 0.893720347081054 0.033935904045409894 0.019251156560696408 0.023588503940197153 0.4823149788802786 0.21356425042071223 
0.03806211979705594 0.6426661127585803 0.05626682257464354 0.02967517894273216 0.6395505548500849 0.025744286752602624 0.4838225048907426 0.2148484161619992 
0.02216751833710491 0.3406285735826337 0.41667609281091234 0.765847934621027 0.018002362748383217 0.39797393492806965 0.016284614013021382 0.13995550756582997 
0.7020227645643037 0.060261961978614755 0.6448210590305979 0.539483825807455 0.07645135400942564 0.07287039369071058 0.04283077810476236 0.11917128203614796 
0.14452419054401738 0.8950990757145725 0.09165720883867336 0.24483436741397221 0.21856391987772086 0.7654630679314525 0.09162574674376345 0.21980830061476467 
0.7028181238641084 0.16340437337330652 0.8094793860470797 0.1134946858704966 0.06845050949309255 0.3230928759678696 0.5317289844747584 0.156411470541589 
