895.4598176403105 0.018360056221723698 5.084068493901965 0.0350060842193376 4.994487068234368 
5.932758921118152 0.09053383964084047 8.170119784847182 0.06605001657203527 4.936375444384634 
9.015318470430701 0.018606592856423174 7.037387927409145 0.034493737023853 4.994849714472945 
25.70583734762699 0.026606827971365633 5.101183883231509 0.12099310262403161 4.892930789194641 
12.931513082796918 0.04444239399673389 4.567289367591337 0.04689701582663361 4.963511017348832 
12.91816691730367 0.10033728634381503 5.8961379867226515 0.05373908156716654 4.950697281558421 
3.9099095663721246 0.021195939395176604 4.583778105626101 0.036022638217909866 4.995039741640193 
16.35807395786013 0.024426827925757198 4.961164215830615 0.15432815586181936 4.844845689632243 
4.886801554869635 0.052513993637805866 4.570565441056352 0.03693001703363078 4.973016870522174 
4.075299718021969 0.03296278806292595 5.027239311876261 0.05079869151915044 4.951086254384866 
12.93669341297894 0.21209283477787688 4.647157945606293 0.06899594273637058 4.933203415284791 
6.030741102993187 0.02066204622693596 4.800227085607266 0.09511712136777271 4.905200735241223 
5.980775910861687 0.03641437561745476 4.812831588312996 0.18130927949853498 4.802342255401251 
8.19281819257964 0.2193632933640497 5.122101606665037 0.25036368188568503 4.730285150624985 
4.820187396188537 0.19691371466578927 4.664361905826512 0.15683286140305985 4.8240624111288115 
2.1753670528138898 0.02035537559262916 4.606623189864206 0.03432432482599175 5.002508533474 
2.1560506091642098 0.03193981664180379 5.074542667378813 0.024395051938274435 4.980037187291272 
2.1533828532739037 0.03762493861242363 4.528792215114858 0.02860463854033469 4.9772761908242 
6.1103403414859 0.039142062526621474 4.976411019527639 0.6208055708333893 4.641433546797962 
2.176965204392118 0.01979899863833366 4.948156990298676 0.05693186665593146 4.957946872153671 
2.1559098989932712 0.21278182971248483 4.695586939897748 0.041108836176420784 4.969606274261102 
6.0308692680113305 9.873319781819644 342.6472918388357 0.09419761589215458 4.906226346926864 
2.139198452572749 0.13245244792411606 5.400634466267566 0.030721329260061016 4.9929215385014745 
1.975955531281333 7.440500446691268 161.47839401913086 1.0315577289857227 4.785504058971319 
4.826569346662813 0.26592065521075736 4.544186715179822 0.03855007721747625 4.976189944271718 
16.578182026899338 1.5637473448839734 5.826583003199598 0.034531362779516905 4.971226535583153 
2.143999546449133 0.6386168947368942 5.0207309018948685 0.135390127867049 4.85884205746833 
2.151308243134923 0.2088637743306671 5.242673536171316 0.06279446609540648 4.960680339831537 
2.1097032676238783 0.10569348826697349 5.192298396696693 0.042588771940484285 4.965669706252818 
2.152096792501621 0.27745929767643873 6.750153830483216 0.09505197667356513 4.932470892727029 
5.7268703344778595 0.4305337782130826 9.637167232699735 0.14584092857247583 4.8437630500694056 
2.0416445977657616 2.5039675048394514 22.995318204432362 0.8348934514377849 4.7133210018354 
2.116007035697685 0.10958496233625602 4.983037160342968 0.05345845820308607 4.9709939242720695 
2.1436260307560655 0.1989287998512415 4.854133297389779 0.09444063220003529 4.942176507286211 
24.279537537142282 0.7825126238029896 7.081224530226434 0.2186795335484122 4.761916385189964 
4.836501505687178 0.11344014680404747 4.57377582858817 0.0434896826659459 4.967444314053397 
2.1440784511609747 0.19630041829931555 4.860569437949634 0.10937851195009099 4.899096859250675 
2.1548453989507275 0.02521953896287332 3013.7039359509986 0.034342955636042886 4.990812010393925 
4.882598756344003 0.0498254012361993 10.673121486540289 0.06272793505882207 4.943100811716866 
2.097277281327855 0.0686228126341103 57.43281720252581 0.07542527276957245 4.9521085869604855 
2.1650940528458387 0.027029460947192076 14.601619162052977 0.0284891360250047 4.978662522107802 
3.9084788863722673 0.026362685899750476 51.887659039325875 0.15807464796023152 4.854054807070506 
4.882802626632288 0.03723422217303336 27.184892582363567 0.07509990164984091 4.926668805295199 
5.9585064331975675 0.1391160100175577 46.985294144847714 0.11863610640418286 4.871460615793288 
2.1552573169751614 0.26595004031255187 61.88871842142248 0.055356771210635404 4.954335160303818 
2.1609090293288378 0.03185796946315609 9.14049992748692 0.02927304006825795 5.0054153870783695 
2.196482765871285 0.06799677647168789 13.173039913682619 0.050778588245195655 4.958520675629684 
2.1710024083158523 0.022303034129277 10.729172335492262 0.07009560342459764 4.957044897350185 
2.153077500169974 0.05621421431860241 14.64058024302167 0.09469347985392017 4.901611261396877 
2.145503298615276 0.031041034099936363 7.087396863240325 0.061057005736797454 4.9437660375089685 
2.1058143320673706 0.2357272833553074 16.43320616466374 0.15139016635161856 4.851439912520492 
2.158968503241864 0.21812181379547202 13.852421233601955 0.03628137331699588 4.974647116928814 
2.167384006390726 0.02268862157201226 4.849350035250213 7.418130014319456 4.76444942976052 
2.15374405696473 0.046151755890518426 7.180535333430641 0.18559524689448956 4.7905609113998056 
2.155339512950143 0.028685649177212124 4.632164865653344 0.25449415947954346 4.719525489534018 
2.1429958178870194 0.02322186243928489 4.571765717976329 0.2256110169251489 4.7868936220789156 
2.25247077749242 0.01948769335105003 4.991256687811287 0.7653595570691634 5.628309388218717 
4.82656070538497 0.2648999645466036 4.539479767349995 3.4218580765150284 4.976604655063369 
2.186456732379619 0.02442570481609637 4.550128926952911 0.17123622149745948 4.838582771477633 
2.1514821240836204 0.029541099010281877 5.049938416198231 0.18483588331895703 4.8270218278009 
2.141458754397177 0.029512091082647844 7.080989454634727 0.19017574248102698 4.816935182591347 
2.106582960190656 0.04107166387270554 7.8900648572451475 0.27602539204550575 4.735708003389798 
2.1549420853286683 0.021320088017423557 61.58344876148444 1.989307907887919 4.978420837907671 
2.1523943903096683 0.0382110513088802 4.6381626927070485 0.210552690343948 4.762116623714519 
1.9718096879704343 0.7103065646633024 16.36286150902732 5.8058406312468245 4.7877406150080635 
2.549069348893949 0.03294189358122248 4.5533741934602965 0.17550009650981546 4.830005420126744 
2.1610015101610376 0.021009436947532833 4.765084956407357 0.12139792102128692 4.879200613636816 
2.0584319964445497 0.6769478327543695 330.632977950182 10.815764845161942 8.735132896328762 
2.13968594533992 0.03284327119521918 4.933578964802276 0.15897298683128466 4.862513760616934 
2.190420374793908 0.0524216901881543 4.93452022959959 0.2342916272287439 4.736783823205572 
2.1580109279166693 0.035891604577908284 7.103397026850122 0.1523072151327657 4.831876591010634 
2.255247222151471 0.020208763333644686 4.5992641141212625 0.0966802224382056 4.932160311043008 
2.545967119343052 0.027874487436629593 4.539032103667707 0.03137239978025949 50.92229799842378 
2.098131986299656 0.03659397635135982 5.329300334669495 0.03798766260594047 4.9879667907679135 
2.1468226612639127 0.031040444898379597 5.831012361906612 0.06119193521303133 4.945267618321111 
2.0965996378268117 0.043775100333126 5.244121748871206 0.06264248960356045 4.957012472517346 
2.1317747918461714 0.06994581860575079 5.396282715393864 0.0534103556664835 4.972122174751261 
2.1391129158370976 0.06601639279434761 4.74356760597108 0.07545507983753186 4.963097571220347 
2.1458839856545784 0.09562276834023274 6.572015251689577 0.14297497542702114 4.8742215305432595 
2.1583019384995006 0.09144524891132468 6.8242398970475575 0.15939170071458025 4.83570570267617 
2.108223232808471 0.23651354813652908 16.416297804435 0.15856660639182352 4.845559041324036 
2.1085601945727848 0.2369320675998522 4.705934046674512 0.16429194334423855 4.830245839839961 
2.072712746920622 0.06443509319181329 10.945891871871462 0.21514374061502226 4.7616762015065115 
2.1127533702871686 0.2394390526713522 4.747125007905036 0.23846641405700636 4.742049018212878 
2.191372132091897 0.05296374848853028 4.934865479648737 0.1956614344042663 4.78259908039507 
2.142859890916261 0.19382340678973822 5.012637974393314 0.2543394869901335 4.7452316868146625 
1.9868845793931063 3.059875426215853 172.27040906605248 5.6648360666852655 4.761525498819096 
2.106160795000796 2.5383690005660244 7.894009194609721 4.6310344396493335 4.7357061877691145 
2.0286877727177695 2.042807579864709 25.183173947879553 5.2271488796047 4.777196853895445 
2.144187484450161 0.19736138508275183 4.924880156026581 0.16877789095691537 4.807646851453254 
