0.18079360944526365 0.06736102681806613 0.015894464659653766 0.03479755041949583 0.0820631874744599 0.2540445998866697 0.6499469830930863 1.7067781067118564 
0.1558185856898203 0.09112634648831429 0.04332115395793389 0.08409159487600733 0.3260908967125356 0.790676067471664 2.377568450989206 6.706150904591442 
0.16853297213541585 0.06565465161168162 0.031725364617729755 0.05887798001030765 0.15786435216091416 0.47460634021022624 2.924556468740953 3.72450185876967 
0.17014174626048323 0.06606531704355355 0.034697069504602614 0.13913517421457597 0.20751363109148332 0.5613728318184227 1.2121907548759565 2.495695414732282 
0.16279540574915538 0.09827073485821523 0.017582786717892214 0.04748975956790391 0.07787072958739161 0.252922353590705 0.7328412235167646 1.7262200604081408 
0.1516824584875647 0.09507706057176292 0.021212822861256583 0.04452450660777672 0.2733885147494554 0.3705525042753556 1.2465761022730715 4.145407523439881 
0.15851238946889443 0.06689940181906526 0.04381252604053844 0.08134138614954521 0.09849555150853657 0.7915503556243706 1.371683013805253 5.217487114014329 
0.1469960533484969 0.09516043368315091 0.05324604123139502 0.05436745990805956 0.14198678679453186 0.5598712344531271 1.9361154723815504 3.0935309330998852 
0.15437759588851838 0.10047554831018583 0.02775996807604129 0.0686428454282655 0.15276405375854826 0.8350794636955392 2.232482061693904 3.821766607230133 
0.14315335672746432 0.11962539649804858 0.016438940909955367 0.03667749811083299 0.08447922870391072 0.2627450041283034 0.6173136810523576 1.776517825564486 
0.15475203600303564 0.09511826231163842 0.046920694666271925 0.11882061523948058 0.2436824187218069 0.36450828941481783 2.338611251831844 6.67154160730254 
0.1729516755218111 0.0593510563834352 0.04457451081059686 0.13568234510631014 0.42536187889777555 0.8419530399305445 2.8173316492327283 7.967836043833445 
0.07584218410491528 0.162327253174686 0.019985130833128962 0.04855444552922132 0.08835722673769529 0.28761025508809734 0.5996378382666446 1.824644865791501 
0.07796380692501081 0.1477366727618269 0.022470639581991955 0.10045973047700593 0.38332993017539646 0.6393189051335729 1.9847214338980261 5.468384200206968 
0.08068123897888266 0.15639231830218697 0.021312154308632415 0.07310719887713046 0.1601940841740479 0.4506970284496452 0.9323165021731208 3.974549660920653 
0.10889534798510549 0.14493290721606206 0.013851016064353454 0.044198773829152285 0.06479221798878342 0.26512405253039784 0.5901411289995521 2.132978543217428 
0.07342915635676651 0.15158407023680673 0.02308911139740026 0.13707468607884207 0.1282811098856146 0.42738119677866604 0.8379273429173075 3.7621079108292337 
0.07990694317369061 0.14732310904227644 0.03363514541798514 0.05660295207416672 0.2298906808709197 0.7451297646036599 1.861084523811592 3.5034859806511585 
0.0763154143144821 0.1512884658400204 0.05567917114590665 0.056700796255148476 0.15941332696803764 0.7527834458595718 2.190543335029684 3.8850220887266773 
0.07174691314933908 0.1465328968386048 0.019417243457643743 0.0987930231641231 0.15837325079763345 0.6467081016899335 1.5798675912842333 3.420956855174501 
0.07298799329187833 0.14223362392395208 0.030648921343064642 0.12322813687700787 0.24948156864388626 0.5276118328825538 2.6870244176082774 2.6379454527126938 
0.1057186585599186 0.13548533129348647 0.029296422400973875 0.06603067060133748 0.24306031046762314 0.42014096766382913 1.2945299704480655 3.902234957069279 
0.1054317255223949 0.13552957582913985 0.031201848546437125 0.111595437612295 0.1361035269310731 0.32998598238645427 0.651656010297357 2.6790146483603876 
0.08032402528336079 0.1456997005331499 0.03553318236440734 0.06854685501156667 0.2191329530295188 0.44271043019764367 1.9570655434707678 3.8240554136012723 
0.1728455304212224 0.06338714625307273 0.13290251752909385 0.0829148009212231 0.24592216726941182 0.8152270379254184 2.6370899804895087 3.8192057818231353 
0.14156620038399362 0.07173748140196007 0.12545008290754148 0.13792040158893512 0.46037401442008286 1.0298354036706188 6.072556655112893 16.921906233620742 
0.15591198221590105 0.08004193752431911 0.10550737773692963 0.30250111943714614 0.3158454994835499 1.2629933713011583 6.92791608187734 11.631686400476301 
0.163849623880049 0.06981942500302582 0.06131731905109464 0.07318268077072812 0.1761575130360211 0.4034993632299097 1.1788422822851499 3.3706113708770995 
0.07963502501455393 0.14266920048689616 0.09592486421287949 0.0995408625455061 0.209699798975198 1.330812678911419 3.7809283865242262 7.03427612873541 
0.13137284198694377 0.12103072691085949 0.05957179347339076 0.05123910036053958 0.31985098571635684 0.6784302294221167 0.7931180835150898 2.9508239612989566 
0.11350689032369093 0.13424435304581067 0.06062658143738196 0.06119518708925291 0.14979305611528748 0.5749772500962703 2.0848504467814775 5.018854588585917 
0.11288109094054055 0.13010783828368142 0.030418394077804795 0.16336230251334852 0.27502796238688765 0.7595353353572245 2.556890806389376 3.9238076543582254 
0.1463942383302292 0.1004016166806319 0.024536728152030934 0.1703471673669666 0.3716858726342571 0.7304478280741595 1.765479812449139 5.405956919154245 
0.1318372275421489 0.11584987100071639 0.04321078249818579 0.159588828883898 0.22161014079589708 0.5581292259634865 0.8077565043821351 3.402950551399294 
0.11071225270233381 0.12629737603827687 0.04146163586368963 0.14518102387386642 0.3759872225791862 0.694265280299774 2.168276483742009 5.67992656394546 
0.16021974534005268 0.06622965345455972 0.04525214586650459 0.16205493229400378 0.47562642662082316 0.9157220723789211 3.425184269955369 4.1382912886637975 
0.10725658534001345 0.13895555925374403 0.03395100611850117 0.1277559616401967 0.1824475372340534 0.5436653671520235 1.5077488839991038 2.040342619528129 
0.10520314685472273 0.13073575800495926 0.020763458955823978 0.11872999055714069 0.33229349484728493 0.5421130875874325 1.0828615115262967 3.0951360120248803 
0.07793742082728937 0.13997017700682635 0.0416261564192253 0.12047802525920603 0.37465617545457897 0.6086048013064438 0.8521554553286189 5.863906799490666 
0.1673485043107114 0.0901537049883873 0.019898646701722204 0.11104722163200854 0.5489246439602139 0.5101372867545092 1.6865315682671396 5.004920162440187 
0.1398629033503503 0.12052034977528289 0.041831025280327706 0.13209079090228493 0.535917746662062 0.5009386439091136 1.5184785621621253 5.709108785741831 
0.1304212264925077 0.11261990379553842 0.07046194182848944 0.17366781689180955 0.6447515797853729 1.4429168518624498 2.8725172935026095 9.141985610966376 
0.10572080826490561 0.12468307796688732 0.08352062787956295 0.23054414238581616 0.798347921804335 1.4837795985153217 4.2638795107318375 21.420567855071607 
0.06792953908099572 0.1522961683316108 0.051177577738697626 0.2550672600184482 0.639184626412641 1.2685189442044773 3.990233943255863 7.88951050352166 
0.14626852302887172 0.0981525860905114 0.026836760299347423 0.10425389193870722 0.44505900736860243 0.7455553620876767 2.9613033631657366 6.272624208120432 
0.15820171855559598 0.05888187052379619 0.04268069221739424 0.185493220025481 0.5247247777780598 0.9258815701888052 3.9996907917013105 5.664886230059799 
0.08433924666789037 0.13889079313342348 0.059122500313845736 0.10403166316081944 0.4741235958670915 0.746679507004284 1.6685538506045223 12.183082843391531 
0.10726472776371128 0.12736634282759288 0.03687139520792333 0.14527755079961094 0.2431705902818665 1.3164256178583134 2.0107598299166893 2.5074553257071597 
0.1206755720597542 0.12342693626618008 0.05496337600201665 0.16072185383394952 0.29188686901120287 1.38320415096217 2.878796154423895 9.254507590091889 
0.11756386304073387 0.12997929732271496 0.03785630125732961 0.06520233041816252 0.23247797310126467 1.0341041338187806 1.7848507483334024 2.9595169833900066 
0.10430175353133254 0.13810732166434994 0.05352945747942413 0.18909092038431077 0.09465543436905358 1.2301952359559318 3.1047298725666264 7.260763631025197 
0.07399027859329667 0.14773278620896443 0.03279455457757402 0.09173657968451054 0.24071686208576454 0.9848629764624702 2.25791973877027 4.38994107717408 
0.12308617955318271 0.10565868139325031 0.07151012893426639 0.18403764300852052 0.47680092704595417 1.3321347197679083 3.142024123714207 9.741728660670265 
0.16115736365146263 0.07668798905542693 0.043022776553291196 0.11712305190171889 0.3307523554526 1.1161200751817537 2.5394997168327054 7.013241843567765 
0.07141549988694386 0.13109853196412416 0.07924441404888857 0.30791322473081173 0.6184613614915692 1.436286607941223 4.786567714227286 11.181132820872516 
0.14151151285184901 0.11232065270571186 0.038871479073075844 0.190119372093209 0.35385819249898365 1.1031556446922037 1.3819427853003516 4.367599045012626 
0.07310409206465679 0.14464459859886 0.0522817066080647 0.05547766786227236 0.35711911214095665 0.8709589907023917 3.4733635406485264 5.946115907020354 
0.10242717966037607 0.13866530771104552 0.02956935257922681 0.08738650201796334 0.16875202816932824 0.578949894311973 3.034152297820659 2.924349953307044 
0.12621295502739352 0.12017992665769105 0.058273124157988486 0.08152175789730157 0.1460904186202548 0.6637063468941778 2.753673513126431 6.073596619448838 
0.12042191899204291 0.1350095963436867 0.033495214876487406 0.0586872371963933 0.11615227145889878 0.3608322607314748 1.5938945377475329 3.4583201200357676 
0.13701863251715338 0.11034610185649907 0.05532173328664007 0.11025839823368287 0.39922468936607935 0.6380537837604608 1.6316636679439975 4.095424007937201 
0.13415854820427267 0.109452138307268 0.03319288155039167 0.10439085032492079 0.16331398838290284 0.6008120028760449 1.4294429754363194 4.79105783847952 
0.15594281111628827 0.06588912246717102 0.055404964597343835 0.10816884203520948 0.4098434513595143 0.8939922475451784 1.5978939302507476 4.013933298536228 
0.11115125993368452 0.13492504259933544 0.02339682501426875 0.07008665143874888 0.3614414198122805 0.6803483811125867 1.6442072716584883 3.099517743479244 
0.08067421226554887 0.14566052785136888 0.05283752828806395 0.09067147726471769 0.33663913489363373 0.8226600640218651 1.6849810148168223 7.160667356023375 
0.16188457917115961 0.11344509659365384 0.03092216917082267 0.1323660703429345 0.395040389494011 0.4173495495686389 1.044857463824597 3.691359302244893 
0.13594384325230846 0.11480875461973458 0.02266503872965274 0.05709165959935638 0.13594580107203125 0.5294971760030013 1.7790371892468 2.3981717989765414 
0.12023803077160376 0.11750163165487293 0.0528081781714465 0.2673139993853414 0.6582169324880228 1.5398005092785199 8.745368719441963 23.938878432605346 
0.10448111361193128 0.12082541659220741 0.09521454322811844 0.2614022505843329 0.48789013522703534 1.6799017693180986 3.934299129333676 19.916666314782663 
0.1644808917744177 0.08868341199007783 0.039910727033135904 0.0549107110258883 0.3567492561611082 0.8629898013914271 1.4128199715296226 8.972322143386055 
0.15285218043331264 0.0906769173961166 0.06565412302190643 0.14526847167177614 0.2590217079329818 1.2527246589095278 1.8341068039079778 9.612422106329692 
0.1366767066271344 0.11151707429100302 0.03786784186759546 0.08131021821964868 0.36070161029862596 0.4172805831744632 2.396576044234613 8.044116607368935 
0.07736112101059962 0.15380725002651932 0.019419281865016486 0.08157443260375782 0.3073637271019414 0.8199487826559295 3.4322440180576197 8.781683118716087 
0.0744639571794095 0.1460639489305048 0.05834231448322368 0.11691471314019555 0.29958471722142554 0.3963491739288923 2.2559137672968563 8.286583715749504 
0.12286682381759632 0.10244469618818802 0.06220963598957676 0.16143362510522616 0.4879775277222334 1.2528996510501278 3.336947631828425 9.619958874113186 
0.16418339132668458 0.06886132802214082 0.062498294910295626 0.13105806894022778 0.3531988408840841 0.4552326750040489 1.604601780845452 8.799909804631488 
