110.19486736561821 0.1447728845993528 4.432686566550388 0.08170348329154677 58.899500634295606 
58.86848927037241 4.3619220431720915 139.81728797241806 4.393605521197794 51.30341107908353 
31.697482116778204 0.6665078761697094 4.771832243661017 1.0053003078889275 58.30130556844608 
12.94690085019058 0.36331337101605465 9.159401971802541 0.3720255558684226 58.45824945779429 
141.09235172966498 3.356577497349272 18.627934604428056 8.275010911832963 55.33386929510687 
56.560210099363665 2.938435874460624 4.998001761296955 0.9168921590559622 58.03440837313514 
24.529183781429865 0.8353602974080857 13.285786844571385 1.7527064504209637 57.94649172405663 
17.244194898245738 1.0205156468773466 7.377724401959331 0.3968695103461043 58.41430706903143 
31.53644967296218 1.0517082162456726 4.577947914121773 3.7800986844683706 58.440996835095746 
20.887576445879205 1.950583139977967 21.50186325122172 0.9066717774039664 58.009899808365205 
40.5375505082869 3.837215233219618 8.220826841595967 3.531280232736202 55.58338383784931 
31.842203309758677 4.363652405988481 139.84209361244328 5.484770896022447 51.3346846281139 
24.747193434610068 4.724369665418444 32.9475926011656 3.1761352717775067 57.69029210467033 
6.819482495276108 0.7539964996822246 4.306082094268899 0.0751831116321518 58.8438077230787 
9.728476715729105 0.5089852019160312 6.666862209830681 1.2437885401192004 58.0691227132977 
4.143254797909464 17.77734218379534 7.218746441232989 0.07167937094518717 58.855784888404806 
4.9717649869880844 1.025574283835812 7.47492070996872 0.9345254353726481 57.85679741525176 
4.466963249048811 5.016910943512866 6.4123450741859065 0.981992631463708 58.219451572978 
5.166323696700193 1.6264723265928023 13.216145354235273 0.23509886548936884 58.695434040494824 
5.097113394926479 0.8476960516936708 4.372567114399445 0.05748868230718104 58.890617565233114 
6.43015534342649 1.8518767022885896 4.55882785579769 0.48945287203429955 58.416320308645325 
8.133070867321653 2.158672959666524 11.384362148724612 0.23233846694126314 58.540352340552644 
4.196107427150931 1.226915516590897 4.668976537524795 0.3830647795348577 58.587484009031186 
5.202224805291626 1.0016018293490898 8.089535259582213 0.24963935864819814 58.67941313887502 
6.241061957191581 0.9188294982267811 4.520028166246211 0.10081458657924322 58.75855008145577 
19.800024132300713 6.204985623165838 6.1585765514077355 1.1426772569799353 57.64818725692097 
4.230191994534413 2.267774790526907 4.405745487864175 0.7982983822750275 58.547325835599 
9.367583511583085 4.7049965379024705 32.954957689465466 2.12845272316303 57.79350261680137 
13.575079900623884 4.780440101742335 35.213438762958326 2.1347397512723076 57.689255975403476 
4.519903740874081 2.757267245384403 16.076881745111212 1.5153172022765273 58.16996741406535 
32.34942860352645 9.893160523315542 10.417552012580042 4.832839215098804 52.68711807459137 
4.524071646058967 0.6918205709661576 5.206880087066045 0.4029316940070885 58.41059190021717 
13.74611922739287 8.575615082725623 31.391536717502504 5.308996164587587 52.71060006739238 
4.860846988772998 1.5105919084585928 5.107989175474204 1.0772275494830599 57.87172373536877 
10.044649071536105 3.7185044101479274 8.768822896217218 3.5361923878677315 55.74853882250163 
6.221315061156534 0.9035918894094914 803.2227251095509 4.6810586918449175 57.75004949022159 
6.152522739852386 0.9188997340248597 50.454476908933344 1.0997144049686542 57.7470220099072 
5.014241094051505 1.2336524363822663 171.6010882548784 1.1398791657416085 57.78096471723707 
6.1361357565630605 2.1278059482974703 177.9728284578703 2.027833570398159 57.10998684924419 
4.249187731020181 5.188564650493592 137.39950383095047 3.1308031941216026 58.39438704126534 
9.33639555997674 1.7694302121221464 55.00034785931628 3.18290200886952 57.71182846554122 
5.2747481217842225 0.5149067219566386 13.544181334301188 0.9900336538151879 58.17322389979233 
4.32207718523475 0.18147559752185818 13.833999659992681 1.4694247251697234 58.626489483912295 
4.475399162316301 0.6225625747888026 9.477326778706313 0.5961102678467604 58.33579510078649 
4.971887923837475 0.9825739573760073 11.113809606691639 2.7106268451863063 57.96761497261564 
5.383128213256409 0.512229199346884 6.626222030772874 1.148130119106781 58.04947651201215 
4.240010215440588 5.109544183833918 19.46155042594947 5.796842570712205 58.485746813195576 
4.468215780133943 0.6192427799847651 6.019992961784299 1.0010986431914624 58.32251509887429 
14.12083892710498 3.4009171098885944 11.596831250360138 3.6966977474480913 55.674244980556864 
9.17605894359505 0.4451645208122586 7.722144181410238 2.7131543410314425 58.26817275568992 
8.182986836408086 3.3421185467611383 12.312634523850853 7.565588445638206 55.4104738501351 
4.153306496320876 0.32029948791954416 5.661463852884444 1.4683254656743756 58.60960528974017 
4.298360495100903 0.021753273814412156 4.876207602156596 23.614622839409183 58.62382117998143 
4.796089139890795 0.44103596094004843 4.6137879578599295 6.382750912890864 58.296705041362436 
9.321604166828065 0.4517606090982826 7.701850190870391 6.039361856138091 58.28608605053965 
4.591806073904278 0.03506437083985078 5.194180283636 1.2739175885247007 58.43198285800623 
4.546806934784397 0.3159429728714428 5.109105481637146 2.863629306455771 58.41289613959134 
4.153821081168798 0.19631459668542006 5.055779110467016 1.467595844680412 58.60932799818943 
4.900532074109165 1.0017052865391198 6.554809325888884 6.567966009278956 57.70226381125114 
5.984088714080968 1.1162030827551048 5.0106368892239255 5.080102789206317 58.03768489213834 
5.38045747543795 0.5078579426295492 4.695050508809436 2.0048275938559508 58.074042793816574 
6.153378624221027 0.9327811904508294 5.055725433973816 3.1366635600293944 57.86165563023112 
5.380805903526423 0.511058012929542 4.711968355363633 1.5115184662394179 58.04832170368307 
10.086665288246106 3.4889872182185924 8.347759024770163 9.484667306734453 55.658647984667056 
4.514995665061831 2.7604994525580566 10.750407886905135 6.093438379558202 58.314570780809724 
4.971468263256154 1.0268624931785688 5.577624182705667 2.2166216499449436 57.85836196154475 
18.008182103481293 4.103603970622084 8.754879411023708 7.208882743050748 55.25726667951926 
5.404906630607846 0.6816045318541288 4.708947780723786 0.9936097474059963 58.29696170904496 
10.0442387232737 3.5423953227838263 8.7712952967334 3.6839935880782484 55.58295213613345 
4.330129208851487 0.03555870096710298 4.544406565780403 0.040348380999859546 316.79364443514095 
8.211878857426987 0.19524920137543036 12.461820801306814 0.3684228920069296 58.53398440568629 
4.674852420500131 0.022919974135747062 5.4778140037757685 0.04074282551452344 58.7961314620003 
4.409134444376665 0.10956094621897026 4.483454543512935 0.04775750681864318 58.895651344406474 
4.123104545000934 0.027362484489470845 4.547936989431549 0.19715799272549708 58.74286120507704 
5.421085597512874 0.09288616983062745 4.396746934608968 0.11541881123663558 59.24190459679283 
4.649204336982803 0.11168756779617572 5.878094296866676 0.13424768878666335 58.69659673464748 
4.1437458771619395 0.10281918182917685 9.112276024338875 0.1321218029739283 58.80083464293272 
6.06087604274991 0.0277447271401288 4.338931729356106 0.16755422931860064 58.657993733528336 
4.137600559789176 0.17628799454722807 4.573941657720077 0.20900050534200582 58.73472153811936 
4.101204600567644 0.219938700852461 7.775036229798396 0.08276982339278821 58.87958672820362 
4.119401240916503 0.22822187987407605 4.386727467094541 0.06529659105543391 58.89747392087221 
4.604221856866516 0.19780282791640286 15.170151191440924 0.05121891807700674 58.77700422910284 
4.116712252350179 0.02446716934958382 20.491053683240942 0.21544904401469472 58.7197973523342 
4.116712639308682 0.17090778587806676 22.513101716065087 0.21506433546536313 58.85295843030913 
6.066473948244607 0.04114435082862507 4.793807505446027 0.07787342385335908 58.85030591857835 
9.504087210874948 0.21943397367365625 6.008595996830997 0.1393862578909026 58.640474453759595 
4.330866045219148 0.05576445711113371 4.308058720354619 0.801879140645892 58.54577991600086 
4.929128468047077 0.45882746901786126 5.194407086555013 0.5741989212647991 58.34181716895286 
4.20843263133928 0.6267330423117115 6.375695689168328 0.11624555534850502 58.730399286552775 
