479.17765159558326 0.7853957017870619 0.785396756762051 0.7853978117384571 0.0 
331.85812392821254 0.6676772192848762 0.6676785706239464 0.6676799219657518 205.56637464617856 
348.1355036092247 0.5247327340596796 0.5247333301164125 387.7118008571894 0.0 
384.1419675529678 0.5110626625175629 0.5110631147989952 0.5110635670808277 448.2681741194039 
298.3503328216517 4.911743715923434 360.4812518239658 0.7853977946702593 0.0 
280.47606081046496 0.48002795303270246 334.97807344968044 0.7477353958045966 140.4021481726043 
272.7663073035361 0.38741236517158656 0.38741275593039004 234.67641513560156 419.8919850564706 
358.9079627443749 226.0735457979239 0.7853963683100743 0.785397714625374 0.0 
158.17409027262974 28.244077842114397 0.3588916653731869 252.06560079559205 185.1628703661671 
180.07364232882446 86.6601041747787 316.5402710526624 0.7853975871989209 0.0 
208.33746985635491 157.00803344462247 0.5953299650669016 224.48359232457875 0.0 
261.6459118814825 197.15058227263677 0.6044578469219203 0.6044588757882764 271.7940734952687 
145.15005069554329 7.056327273738862 275.0958422822727 167.97458651990576 0.0 
206.514192427019 151.19399558996753 323.5469056375141 0.703283114488507 205.0921644737751 
186.1923702920984 0.2689255370678214 510.90510669486014 0.7853978903247325 0.0 
178.3474800562275 126.7689558288909 418.094394658266 0.7853978007924852 0.0 
90.4586236211893 0.20972669022854473 0.20972725390588845 326.4539513663299 0.7487519341226583 
0.7853951334213707 431.90292684530925 0.7853964319811741 0.785397730543165 0.0 
32.83821661064998 57.83638766190391 274.9020292206521 244.7143066655379 53.04933521613905 
0.5110621888087592 319.13590622464267 0.5110628441079917 0.511063499408033 372.4108599207423 
2.716059698528517 357.75283502232486 0.4858494426118037 311.48286574840847 330.85060284194253 
3.586279539835033 350.4262307167861 320.05206718787065 177.17672834351552 252.3273655713425 
123.79015582574264 318.61662156862053 0.5953566324997123 294.1049207302411 0.0 
0.46063142940070895 221.43499340445823 202.24296741020905 259.4656548228667 129.39884737029348 
89.2652845078328 229.72472199139864 0.4499568605245064 132.73446425898655 326.65797210477126 
249.94185710244312 366.4374875238352 0.7853965218007625 0.7853977529980838 0.0 
118.03521301782479 223.9724076055041 302.3481972234358 0.7853976441705374 0.0 
0.32270804388937896 198.06215677399376 375.1408475309026 228.91484879512868 0.0 
93.2204809728453 176.9382168666835 238.85712520988343 350.0114379344731 0.0 
0.46172844589048073 108.4784721777105 0.19218186215330527 429.85129019225116 0.0 
0.11194402279801695 72.64350569103644 0.11194415571449073 504.45122287619773 3.4389895710660316 
62.43250955574484 45.813183388540345 146.60054651623318 321.5932982578951 42.847411238087474 
0.10653203338145632 61.963230052847194 0.1065321908312886 429.84034307697476 141.70884636874678 
0.010197148494984645 4.298201750643549 259.55308040907437 224.60670737274188 112.01075911030563 
12.663019292334072 22.999133352355734 0.0556630299864542 369.5202232072731 0.0 
0.7767784211309892 0.11604031648667226 1575.1452408205198 0.7853981308529944 1.1588651487366602E-4 
83.32535887229706 61.137015840690076 400.17100437790265 0.7681028074287541 88.19878208789366 
2.5760015699762935 0.004230981697857897 473.4131147237932 0.7775740122798137 67.32710662108495 
0.7608757466564942 0.07078604580551096 417.7185566956557 0.7641626268979259 99.15869798222784 
44.41222244259751 31.847730736736672 434.7566643852261 0.785397728467549 0.08385534166291182 
0.7376910504966364 0.0014222073147888061 382.6369697722534 127.57565900578177 57.210975207024 
0.6411036429585475 0.3492439332444713 343.34385736144003 136.19100272457908 1.0298658278527915 
0.001464406436322824 0.7075066420879559 371.99034174083954 124.01959191115012 129.47643339584098 
47.53959123435407 0.07829678632482559 428.6258692840964 0.7102672597469878 203.53427313557802 
0.6601505049106613 0.001280574914342644 340.31551312464615 113.46785480606935 187.72144235794818 
7.7179822669977165 49.153459907671866 449.20512671443726 0.6676801295464487 279.95617734006765 
42.98374875413059 0.07363999384470964 387.34795862955974 0.6676800457989649 241.41072824025153 
0.5471311688726166 131.12446301486628 508.2855243429262 0.7853773992608464 3.7900818492745403 
95.63758303591297 70.01715233814971 459.3386764813765 0.7853385421215152 5.827955259689847 
117.81103294397272 2.4850188064392773 453.25242597865997 0.7853574024548508 4.749874042838459 
117.189783948529 0.1825496516796869 465.0713493941051 0.7470998041293302 155.52401662210886 
0.18896764979246067 98.26018803594964 375.60780693664776 0.746653030452346 126.68738355097402 
0.6018678328807369 0.05589924499922055 365.37745400649413 0.6044589430267748 303.1287117912375 
0.43650144701908855 0.7633198718380004 283.763572762332 245.52030418766685 53.224098583359655 
41.55064490194213 0.07114485416864513 352.29015573782925 290.8037914608294 0.0 
0.018903569267113753 0.0028231558210536395 0.785165535764188 1750.8261623734436 1.2881168467448009E-4 
0.780761333397802 0.010784700963666821 0.0011453187010105734 532.3454727868136 57.62395821332313 
0.03943526374039595 0.07162391362854878 25.96538007774023 365.4369000155202 51.96472796442006 
0.0010007885146287184 0.1189965204363322 54.518457039030935 355.6651278396822 0.0 
30.702426619112003 0.055438244939981354 0.05543833531588758 433.87932673186975 0.0 
26.301353811516535 0.05509329531759049 0.05509341618509909 370.2983006497688 52.655918756989244 
25.22590229527348 0.037810200076397446 0.2899231207820059 510.79114951056266 114.1391183544386 
0.1092260825232211 2.4916122793981776E-4 53.663185056297635 371.5807217602619 89.12123316466452 
0.2071982127459637 3.5036315098198903E-4 122.53332184597505 442.91616200537624 67.40477397304149 
0.16914853086460788 3.4547205473356695E-4 0.7117468008428292 358.1881973250354 139.90925530551388 
0.30072082633235947 4.783890996177608E-4 189.03676921205889 456.0868294406256 0.0 
0.046926152262170485 0.29769248244292235 134.79367347740185 324.9240757553749 30.42158969777743 
42.83803392123028 0.07591690109650454 164.2319923514245 409.3927025197263 0.0 
0.4179086049850488 8.129917624374802E-4 214.82128192100524 337.0672154611469 56.84343317955645 
0.4194556120644751 0.3071495806114619 241.90218083785206 273.91975234666046 0.0 
96.52682196987217 0.17809250867181625 0.1780928117890116 348.7746995330551 224.16533020940622 
70.42948858218908 0.15040124504334815 269.7404729167397 239.88605403668464 0.0 
40.379187841376506 0.06623496835694839 342.5383433489343 282.74672709235574 174.20522225167264 
75.03199948011074 0.14292133128745688 286.78093347058297 256.47390301053804 127.90652334784684 
4.809162617741271E-17 7.628265221498635E-20 7.628274817894587E-20 3.031895536239416E-14 495.1467398584066 
71.44582274398327 0.12435738880736305 193.34109221131084 323.45385377171743 237.69427700836584 
44.825266477123684 0.08630239571562869 40.683342416734085 117.444741712488 385.9441026544609 
1.939883608988184 0.05976483447027687 181.00532923515766 0.3460050326798656 368.8669180986161 
95.51072214330269 0.1883693991793549 86.68589636023898 0.2543857833503574 376.76121040209114 
0.0026249180571868078 0.21116110266573937 96.24888279299876 207.32721213283475 275.48037216768205 
0.3834010612949031 49.541793382130074 0.07461864192196642 334.6415698044446 396.84917949956355 
38.20138131057118 0.05608790076656226 344.9153424019427 0.5095069885475251 407.097057518321 
62.49546163487695 0.1131128970365195 239.5693836149553 135.76148558598794 329.5011052352111 
9.420941674128233E-4 0.4825025528594313 247.118775743507 133.5616476468881 287.9204558270618 
0.37372455457950565 91.94630628304202 356.59546156676515 0.5110635537951244 429.73291200802805 
23.69401907778365 0.04180127176584123 0.041801336817845786 335.0180445176216 292.2162128569266 
0.21108859752335998 119.97549534004533 0.2110889242457519 258.5680436468567 343.5341896881649 
61.33617550959706 0.11261764736313079 165.95635131276947 277.62912107564955 273.1252652174275 
0.436110730101439 0.23753352369385242 0.4096282693437387 332.7381826695727 232.56045755621972 
0.40694588759056016 50.14739790362178 0.09453972876931581 338.0132138095278 238.33434861906207 
0.20958299817777337 107.77697486851122 291.55699951029544 0.6044588377880681 257.88235856968623 
87.30796877196772 1.8550389297644443 335.7523027569437 0.6364720356997888 250.82424112721426 
0.0037239407518060525 0.451760546813414 224.2762000762461 253.9662299445664 192.92823340147777 
