76.93381294533809 0.0 2.0759393012495807E-4 0.0 5.320155861552034E-5 4.315800314150816E-12 2.0466167865064068E-8 1.0580981037044143E-7 8.492467848647233E-12 8.216014125157015E-5 
0.23859955088926443 0.004447764206604558 0.00915561577562167 0.08096760758600513 7.48708934533471E-8 0.0021674551493440354 0.008408758822006038 1.2109101186311774E-4 1.669980018803972E-10 0.0 
0.4588396852862468 0.1367903852394271 1.1970829973121866E-4 0.04797336032267925 7.31167205253235E-5 7.394891255147755E-7 0.0 4.2100985645995105E-4 0.0 7.364244004726142E-16 
0.438799075812401 0.0022138796577995897 0.014864552051390534 1.824229943690069E-14 0.004674911758051397 0.014466473693041533 0.0033754899730790437 6.228207021493271E-4 0.0 0.0 
1.8463966013154587 0.0019182120132241267 0.0018545252409667512 0.051803424805922836 0.005751904912210818 0.0 0.008980784456855677 0.0012071276300006945 0.0 1.3353338028634234 
0.2957292143824635 0.05907437342101151 0.00816542971341726 0.01838468578744718 0.0 0.008093891073747245 0.009759629025910054 1.3560425064565673E-4 9.099842993524074E-10 1.2864844219476066E-9 
0.34249298168956 0.11440685118959984 0.013886580529997295 4.027343242283107E-7 0.004772421714167666 0.013603358605912738 0.00360031631940621 6.249990399392432E-4 0.0 0.0 
0.2755166125921383 0.01682725262734845 3.458677285263128E-4 0.036436412956446576 0.014286294826667451 0.012714373592189892 8.368212309224209E-4 5.398627518400094E-4 2.047976042180577E-9 0.0 
0.550670849928101 0.052271784511847386 0.04802107734496754 0.06968960908147222 0.012608378618433882 9.831076129421518E-10 0.0 1.5256105212526952E-13 3.0981634511867914E-10 1.3310913411240568E-5 
2.1784880381549816 1.8866961226597262E-8 0.0029384838400689 0.021427804862104396 6.276637555721249E-7 0.002034573609592382 0.27565673650449335 1.5066037812170837E-4 5.852249491440306E-18 2.7687514178301837E-6 
1.0885056509950068E-63 98.11531598187605 2.1486618351793585E-4 0.0 2.5972473288027705E-4 4.138169548804458E-12 0.0 4.688098323882965E-8 1.1777707349858559E-8 7.320156189492475E-5 
0.145701462677534 0.4673430417057136 0.009120435941761455 0.0815401249174909 1.3599535024338807E-5 0.00812459008992787 0.005623047311445778 3.377448002431931E-4 9.841245906917152E-5 0.11256135599911382 
0.2512084100702701 0.22911369607368984 9.046170087312858E-9 0.10000619519027527 1.3182624383347959E-7 0.008273633089496395 0.021364092358658642 3.458472476018319E-4 0.0 0.0 
0.3312147858269695 0.30458262848286377 0.0 0.015254687094604535 0.004180319697773791 0.015618894685602172 0.053278202306941164 0.0 0.0 0.3754495244361075 
0.31926708622397526 0.33320057167082767 0.004158699588678953 6.394860402867297E-14 4.3406294669781046E-5 0.028775342836774152 0.03490339634134323 5.84800797783923E-4 1.5405467595066762E-9 0.9462164689197351 
0.17846410615939404 0.1218218202452638 0.021768613751243227 0.11138547956058165 6.054750868606279E-5 3.122532217959237E-7 0.019037118776106154 3.50095325598774E-4 0.0 9.32984043529683E-16 
0.6977840903915634 0.31396366215669935 0.003847432731113869 6.527530233976242E-14 4.476747744388602E-5 0.0286240991871107 0.03519042291069705 2.1093513928319805E-5 1.0355583446877735E-9 0.5957854535080881 
0.16862579670161398 0.11906490708959726 0.028416640851235714 0.15470145202203506 0.025559440851323365 0.0 3.609777615298099E-4 1.4202138599481008E-13 0.0 0.0 
0.12141425622696243 0.0741108211560547 0.020377331895665148 0.01789510476658869 0.04500603956232886 0.00947566946615844 0.04400277962474327 4.090250687773272E-4 1.5823503276106778E-5 0.3362961152049349 
0.20994747411781278 0.11385391678467814 0.005792072889740568 0.05920152531875957 0.0 0.008199522679077077 0.03562160082786441 1.2154576249640494E-4 1.6338275139588624E-9 1.2735484996794778E-9 
1.1137204727735178E-63 2.1506625582555277E-69 13.2696294650033 0.0 3.825368933195264E-15 0.0 0.0 2.0056105568578743E-9 1.9443643014652473E-10 0.0 
0.1113943516156954 0.2914672279944432 0.0702959623564805 0.04462822171021976 0.0 0.008639972258937317 0.0016782554071369262 0.0033286477557211308 2.164608471437784E-10 0.39444854233515847 
0.04568477946269548 0.007948622426222832 0.052755311092080724 0.08297115646210461 0.00613167790715467 0.013080161426464948 0.009010244238326625 1.2129734436102058E-4 9.984108725909878E-10 1.2307345947720073E-6 
0.14469390625165598 0.0025627272819144 0.054655188118599415 0.045863350946791226 0.019025733114132626 0.0021998573877735892 8.557851021954442E-4 5.021186828570634E-4 7.337415344329032E-5 0.0 
0.034942771116892514 0.008551880444765006 0.172643249068184 0.1969659546433499 0.032807786731071056 0.012731869885551384 0.117410520872397 4.3412841378103046E-10 0.00330031163764805 6.231047124213881E-11 
0.2711453864184299 0.16814399030263752 0.07514636862731806 0.047973313416553406 7.31711817337036E-5 6.053801321471034E-7 0.0 4.2921305836576454E-4 0.0 7.364244004726142E-16 
0.139152659044754 0.03256453681087378 0.07825049625336025 0.017952490020485073 0.005776316756516461 0.014824009732858743 0.0 0.0 0.005589749951187594 0.490745165350605 
0.06138350515114314 0.011645846193846081 0.0577806044729091 0.07127510045753498 1.9002971110969643E-7 0.03527260101078009 0.010007784665849244 6.335763020241905E-4 0.0 0.0 
0.22657733290736967 0.007244891087267088 0.050684744954136676 0.10015932895665795 6.121771825536365E-8 0.008905999489958466 0.0014957703160564592 2.5750422123468156E-12 6.700148250748921E-10 0.0 
0.24437260052917645 0.0627368857765184 0.04834939900967752 0.021912339568610772 6.201628997029854E-7 0.008559330440789657 0.0 1.601552819867139E-4 0.004065084669810715 0.0 
1.1451089589129996E-72 3.0465590354878325E-73 3.885317234922105E-9 58.696931266753865 2.008129889695887E-6 0.0 0.0 1.8030138846562933E-13 0.0 0.0 
0.22039320460850384 0.2670151336577791 0.001062973151984112 0.2708306906211817 0.021882697912999426 0.02756836255469504 0.020658017619193433 2.353390066188472E-14 1.9448324428003136E-9 0.5351726827451583 
0.07626049754877141 2.5900900874284634E-5 8.872837537900483E-5 0.19178472815847217 0.012989587499680065 0.01451825733039222 0.004176071517879093 5.268672437642505E-4 2.080523609847537E-9 0.0 
7.08419047566731E-5 0.004825170116460274 0.09662724356793427 0.558989380713783 1.2420980590551796E-7 0.0 2.0802240443030075E-7 4.809384258766105E-13 1.1022347859776433E-10 9.517598758424796E-7 
0.1074737168165628 0.3374433814403922 0.0059835381995876884 0.31295922811352034 4.622981609501979E-5 0.021269459455082497 0.01005163935878419 4.097374584584516E-13 8.79296044147484E-10 0.13190265535201703 
0.3180870124731786 0.10964606699384567 0.001401592412572589 0.44078305585669403 0.045714508550780984 0.030514705900663273 0.00988393707497424 2.026473161681668E-13 1.4980557600068545E-9 0.5278317516855561 
0.04901958653644491 4.510963020067916E-4 0.001487799299983043 0.1803710810304647 0.004905116700076824 0.03307968036477377 0.0092861482942526 5.905244957882071E-4 0.0 1.8774572297984465E-6 
0.19023377395631 0.0028004991635211082 0.00542056907071602 0.14652470735595494 0.0 0.013745250623653792 0.0038161141412428735 6.228207021493271E-4 0.0 0.0 
0.15015511856181923 0.03101249561317981 0.004013745213999994 0.10289029825446307 3.0970972790900686E-5 0.008228788280548684 0.016985504595455756 3.266708672386887E-4 9.983944985813876E-10 5.142757401785105E-8 
0.1502508938305337 0.11513826321235554 0.020449846414818056 0.13335629617213823 6.0658812673587666E-5 3.11170977152935E-7 0.027504787432818777 5.202087396471761E-4 6.169525287550704E-9 9.27438254333408E-16 
1.0480576635897005E-69 9.328318165174729E-68 2.5192775665622024E-66 7.430876697051344E-66 7.246434551658453 0.0 9.933673535457149E-8 4.866490582076242E-13 3.6217601352770305E-10 0.0 
0.11813278644719159 0.03948433230662282 0.002729576547777369 0.09190811471656572 0.3246355177883414 0.002156886335003154 0.057690589442517884 1.7606317574264487E-12 1.1934694726105803E-10 0.0 
0.08210925115955357 0.02655963705851794 0.01705503100334965 0.053011654958630104 0.2243810977759834 0.002031506212612054 0.10766586549642645 8.283489533855528E-13 6.315487740772029E-10 0.0 
0.08063061278193992 0.01602275443648805 0.015169755235844835 0.19578184549996477 0.09063581973765603 0.0021572357723769198 0.010793202465971917 8.213211411961035E-13 6.186398829419291E-10 0.0 
0.09967545768099328 0.014212551831112781 0.011093583948767268 0.03679659641744626 0.043059924458014244 0.00923191224094379 0.009245905377977405 2.8849976869054265E-4 0.0 1.3274723181442293E-8 
0.07945728351667672 0.026556241845130606 0.015105617553771796 0.05106901696262165 0.07957991998080449 0.002163617961416889 0.05610746667128369 8.657508122506886E-13 1.50786502184899E-9 0.0 
0.12187889326981169 0.015559421617342913 0.018896932736519958 0.03680770968823944 0.04300988237396201 0.00945019347462911 0.009395492655889402 3.2444670091273035E-4 1.2096639654161022E-9 0.0 
0.04353819804932476 7.991539399009592E-13 0.0015781849448075827 0.14473993506480584 0.04684996930167541 0.014991803670357573 0.021326337793624868 1.1477314451601548E-4 7.771038106470645E-10 0.0 
0.07335876627144618 0.024522185071019227 0.013944491217378589 0.04678911412270272 0.0427691603635099 0.008642963626679396 0.04697090759563545 8.927453083483853E-13 2.1073100521184116E-11 0.0 
0.11250146858641635 0.0056809370629581375 0.0435892158975448 0.06329995851597786 0.04572127082004762 0.0022005966566144156 8.358639093583409E-4 5.013330945100286E-4 6.655241672574612E-5 0.0 
4.7454561229700166E-65 1.7026457701374044E-72 7.627899691649627E-67 5.400788997198831E-65 1.3452153592684363E-70 10.830499481147202 6.523379398227917E-13 9.413604353490133E-12 2.1508713440045123E-10 3.773890076248964E-10 
0.05837982342794781 4.7631856561654003E-4 0.04354103369201166 0.0503613811838395 0.018582393781453817 0.03644760817731273 0.00343540670513082 5.962430223676377E-4 2.433758561426613E-10 1.2006470189976261E-8 
0.23012257774676131 0.0010040171026335731 0.0013577666642921723 0.035803455157481755 0.0037620055992414964 0.02844169232717312 0.009070596195702342 1.593499132840186E-5 2.2251547868454852E-13 1.2880279150547811E-6 
0.06047275923005359 0.007223487940859658 0.006982259342570241 0.08654784857891523 0.028867631124181857 0.02762065016365034 0.009128540220014227 3.219402930226374E-4 0.0 0.0 
0.15832045473514256 0.10581066987281039 0.003759286230959722 0.11496245307855173 2.886520991276796E-5 0.028702045138289056 0.009636857513677951 5.078403726167624E-4 4.550464197703622E-9 6.742091174645021E-7 
0.06900633184705122 0.0385738387688065 0.011991649208583597 0.07148981518635839 0.010088474800672586 0.04818389060317867 0.0351567926510866 6.655648757639231E-4 9.368924158473744E-6 0.5646210348602484 
0.10283922701339715 0.0 5.802145711366284E-5 0.12590746483944193 0.042434070019273545 0.030428343811286736 0.05515527289143643 1.2018993738983792E-4 2.4150599069537733E-9 0.0 
0.2181250592364845 0.004174342989764634 0.0037459633320979405 0.10927371777667862 4.862697042255615E-5 0.01642384309237407 0.027504799058441606 5.20208479104948E-4 6.501130166513921E-9 4.885194584787677E-7 
0.18531626385050956 0.0033030021749184445 0.005057255821745104 0.04463553415733045 0.017252352833786115 0.010742383550136106 0.004191149799795152 1.2075944422278678E-4 9.286245411752001E-10 0.0 
0.14666847391945478 0.022061063475180477 7.196615375543615E-4 0.028339443140325524 6.654595660527209E-10 0.024192495613720697 0.06271018494390446 3.0902608748745473E-4 4.873482984541734E-10 0.0 
2.1509582657449792E-194 1.1342051384329622E-129 1.0041372987995946E-66 5.683926564445827E-66 2.316248654748254E-66 7.983799026882553E-67 16.440345058938576 0.0 0.0 2.1017043178583395E-7 
0.1950279475910213 0.03750615118567142 0.026468823297926415 0.0327238829454288 0.016001062099455423 0.013890613943487244 0.04009698294526635 0.0 2.5342635261267273E-9 4.7036409825297645E-8 
0.11447852065590336 0.021315986400100812 0.02574589006785764 0.022394156711116827 0.034165994690504575 0.0013570892892271987 0.18424202465796624 0.0 8.123431447466218E-12 0.0 
0.1644687019919201 0.009643508822852288 0.002008795186897658 0.049593616896443427 1.1931673555592522E-4 0.005687794678908708 0.06446147907964649 3.14702337765381E-4 0.0 0.0 
0.1751729203020121 0.03798846317183201 0.025347612901372978 0.016218602401620673 0.005706147907189819 0.014078984824846529 0.07674110869803268 1.418739159883962E-4 5.233601952885244E-10 3.503122897600768E-8 
0.09727706072436376 0.0059210036031697106 0.031333963247424906 0.05343618842005119 5.1886983901272526E-6 0.005836337086439897 0.06508984220362982 1.34302405483315E-10 0.0 0.0 
0.09772195351401 0.0544525991011011 0.029097289971440815 0.020864291086238523 0.03410156623217504 0.0013570892892271987 0.07252533585325295 0.0 8.123431447466218E-12 0.0 
0.07941288239498663 0.02655236440407949 0.015103193785985193 0.05106135905578207 0.0880750365200983 0.0021984868315373376 0.13692605743373185 2.1070988781442355E-8 1.4885187983109003E-9 0.0 
0.1595300766663551 0.009591443850822189 0.0020094775837952972 0.15513934683326808 1.193167354717387E-4 0.0058663649059496024 0.06445963865554029 3.3779208674136903E-4 0.0 5.503349400578518E-8 
0.26364514861706023 0.004008691461218146 0.005791877043741182 0.05920226396574283 0.0 0.008196117781914198 0.03562160082786441 1.3027361733909117E-4 1.6315423208289902E-9 1.2735484996794778E-9 
8.03847199426592E-64 3.626263056637136E-70 1.6184031735864887E-68 3.709829850866193E-67 2.694991579588122E-69 4.864130000679959E-66 0.0 2.6660428214969842 0.0 0.0 
0.16707249008045344 0.0 0.018184395037368253 0.07069338939047788 0.004620841285226234 0.008284483851612758 0.009374282661447074 0.0038412224051962204 0.0029350776802863432 5.959954448028092E-11 
0.1821551483432164 0.0032543126279333786 0.005547873969987481 0.043953888304258205 0.01696950982384544 0.008728869802895785 0.00410150459395042 0.0010093591474855345 8.770295391137247E-10 0.0 
0.16407519876456897 0.018167268452228054 0.06131399204425232 0.04933971233840534 0.0 0.008488524916579365 0.0016799085418446606 0.0017285555563818628 5.819490289350888E-10 0.7198891771881204 
0.14142246085929325 0.13423337875353525 0.007983419802325491 0.030495019870911615 0.006938610260804254 0.022930453011881614 0.008620706369928257 7.4602502739389E-4 1.6412071368767048E-5 0.08276452439979605 
0.2441183989003794 0.43849809610349777 0.0 0.04921344914850161 5.6500405891198E-7 0.008795328347878766 0.0016677542677050656 0.0014784815485645588 5.457012556680273E-10 0.7111651361057498 
0.1517497737230872 0.11470967164320912 0.011957952922133138 0.07386384608898576 1.3770400165751928E-5 0.008124839088320115 0.005623219643800346 6.121178116452432E-4 1.4237724637430817E-4 0.17857091217158746 
0.16345571935986974 0.001767133913045102 0.004599517701869901 0.08896307952366031 0.0043752803956419095 0.014466473693041533 0.0033754899730790437 6.228207021493271E-4 0.0 0.0 
0.20515226247805748 0.00356099727452402 0.006778476065988158 0.07110398396869988 0.019898203331044972 0.0014242080377851825 0.004145678618524582 0.0010413942435628834 0.005478148289541751 0.0 
0.08050450039614664 0.017296391558409483 0.009498715882811329 0.07199233342715297 0.010528287464876898 0.00846654407608254 0.026133032426794642 4.7569863727674097E-4 1.2234088298335659E-5 2.7795840522711614E-9 
1.5169176448385626E-205 4.678579050449407E-206 1.1933275758772514E-141 5.0199863723467526E-133 2.612946132430055E-129 1.5987047174684323E-64 2.1476201499070798E-67 1.3289670509549576E-65 2.423197886413848 0.0 
0.23917970883354436 0.0217407627873314 0.006469146890120008 0.10189525885789148 5.147814027676644E-9 0.008069709631320445 0.0044908290034535924 1.680475484105783E-4 0.005409662008934277 0.0 
0.2077289267948216 0.00356099727452402 0.006672120551922747 0.07110398396869988 0.056031197024614406 0.0014244172331536451 0.004145678618524582 0.0010935582800475842 0.0062223181771095745 0.0 
0.0016457020727044707 0.04900793448726067 0.011569297125175638 0.3426270822546685 0.012564296637614748 0.0 0.013634344089636494 3.832706061357469E-13 0.005536702580620801 0.0 
0.22767402653061572 0.1517029641145925 0.022471025953936408 0.01783893078280779 0.0 0.00785899918724909 0.013076979719875339 1.4924944966325526E-4 0.0033839183381601246 1.3372694628483808E-7 
4.467410513728702E-5 0.0017005480046111462 0.13102200772224812 0.4033435494194806 0.0858010416790923 0.0 6.823724463965745E-5 7.03178932291125E-13 0.005545625161138248 0.0 
0.13411142226200612 0.012686720120005482 0.02453580642978193 0.0734710668449188 1.6105940156915152E-7 0.0 0.07657302663729354 3.939576113292526E-13 0.0011987777739951551 0.0 
0.04292823041195472 0.009942184596858986 0.04640805840617922 0.08299900634969208 0.0049921729432880575 0.012509045000563396 0.06469253708110902 4.814442995285185E-4 0.0021216464088565814 0.0 
2.5944567048481884E-4 4.414516231325404E-5 0.07172008559777096 0.47479356986275667 0.0 0.002613929891546444 3.492834999070847E-7 0.0011797932585020058 5.563080981720688E-4 0.5055942446821183 
0.18075763382803176 0.03925169971622663 0.00495153182800731 0.03490726001684271 0.008506270037855972 0.01268894390573749 0.009083562266097588 1.3566308394094039E-4 1.1616704641832731E-4 5.337385165810863E-14 
0.08954286177988605 0.0 0.004598038782180483 0.03273620955127998 0.0 0.003732562457411317 0.007100571799088661 8.831055609280988E-4 0.0 166.32627030878618 
0.20329449057387333 0.03404130659011553 0.0013391097422705116 0.03159610156017373 0.05677587088871572 0.006103072723368387 0.01886426889503082 0.0012310337591648862 1.543552625670333E-5 0.822993073196198 
0.2548935648591478 0.0032316196830065695 0.03725159718016949 0.03683036043417261 0.006134880239614257 0.0028574290503531156 0.0 1.6067162165178625E-13 2.6860421648211533E-10 0.5034352256277596 
0.3087545801507604 0.016221329392992707 0.01695087009266686 0.02424448470055749 0.019166300559187287 0.0 0.0 1.6457416235502398E-13 0.0 0.3207495878868218 
0.2705926894756772 3.4662567228307343E-7 0.03757242613507424 0.037182776279051914 0.006193905740131281 0.002713277897624713 6.925022809483054E-13 1.60860143780422E-13 4.02270125608185E-10 0.02156371703407573 
0.22422372037679705 0.04764959758682211 0.03767355596817914 0.06301599935723562 0.006908207814004619 0.0026515307937597203 0.0 1.5257833594665608E-13 6.5937558787521695E-9 7.606927730940041E-6 
0.30253859857712356 5.20241307950868E-4 0.0013801121675403338 0.14195151992578442 0.00598312561301843 0.003889576009718323 0.0 1.42322552387917E-4 6.592403842933541E-9 7.606927730940041E-6 
0.18022305453753507 0.003217226343129463 0.006898879098280887 0.061100626475874734 0.01853630851826329 0.0022847569599309756 0.0045689191913461605 1.2830944943714387E-4 5.876728141517536E-10 0.0 
0.1745808483262295 0.02266779357261758 0.0221142561961381 0.11573205355169457 0.01859524575363765 0.0 3.74649162664401E-4 1.4202138599481008E-13 0.0 0.0 
0.18413641280438606 0.03471889690522808 0.029105139936075154 0.1159455588579904 1.446352916689562E-7 0.0 0.00464427069580242 1.8612698705976504E-13 0.0 0.0 
