1.1426500639071346 0.0 0.0 0.0 0.0 0.0 0.0 0.0 0.0 0.0 
1.1261989778667378 0.0 0.0 0.0 0.0 0.0 1.5645106624848284E-8 0.0 0.0 0.0 
1.096697562772457 0.0 0.0 0.0 0.0 0.0 2.8565903532523256E-8 0.0 0.0 0.0 
1.1424011261140583 4.489208908531503E-5 0.0 0.0 0.0 0.0 0.0 0.0 0.0 0.0 
2.9290497332835427E-65 8.024754983244044 1.2618311298270023E-11 0.0 0.0 0.0 0.0 0.0 0.0 0.0 
1.6095965175904056E-65 40.1144211858199 0.0 0.0 0.0 0.0 0.0 0.0 0.0 0.0 
1.6400630463166994E-65 12.81281964901898 8.097897235220778E-13 0.0 0.0 0.0 0.0 0.0 1.0248267916993062E-18 0.0 
2.9290497332835427E-65 8.024754983244044 1.2618311298270023E-11 0.0 0.0 0.0 0.0 0.0 0.0 0.0 
1.580612893608669E-65 47.15767994836068 0.0 0.0 0.0 0.0 1.200867647518747E-8 0.0 0.0 0.0 
2.3003522644655148E-65 20.48166572068439 0.0 0.0 0.0 0.0 1.2047150267438218E-10 0.0 0.0 0.0 
2.9290546829521632E-65 8.024768543914412 0.0 0.0 0.0 0.0 0.0 0.0 0.0 0.0 
3.7535509645320375E-130 1.1476669228300101E-64 17.675168935741144 0.0 0.0 0.0 0.0 0.0 0.0 0.0 
0.25761346077776953 0.0 5.419802882628074 0.0 0.0 0.0 0.0 0.0 0.0 0.0 
5.331782746588058E-66 1.4786359683951316 5.769909311802936 0.0 0.0 0.0 0.0 0.0 0.0 0.0 
0.10261360850410202 0.9304822404948966 0.607389908473786 0.0 0.0 0.0 0.0 0.0 0.0 0.0 
0.3741416363345653 0.002130018482568315 0.6007115189775496 0.0 0.0 0.0 0.0 0.0 0.0 0.0 
4.112208023758145E-66 2.242542393000566 0.5937665924700471 0.0 0.0 0.0 0.0 0.0 3.780859476379552E-5 0.0 
1.2753095428162824E-7 0.7005131488036661 1.594637232957204 0.0 0.0 0.0 0.0 0.005102515997541397 1.924930037246753 0.0 
4.662151929398596E-66 0.6112299571931217 2.4742301713617983E-7 0.0 0.0 0.0 0.0 7.550698815249303 6.351248828194307E-11 0.0 
2.947846307001775E-65 7.995560507748465 6.378474155544436E-11 0.0 0.0 0.0 0.0 0.0 0.0 0.0 
2.546440715513305E-66 0.5732994318208811 0.10349891990302262 4.488367339633861 0.0010108861593424634 4.643712295013724E-35 0.0 0.0 0.0 0.0 
0.09696076543111566 2.0446597326760743 3.1866514840860095E-9 0.024780167396273565 5.930776212999896E-5 0.26265826987566593 0.0 0.13452627019619953 0.04244785912872306 0.0 
0.24501714012711245 0.07602347878171024 0.0 0.5578043454260154 0.0 0.4873752868137249 0.0 0.0 0.0 0.0 
1.2459466424715778E-9 3.0014921214861143 3.959746128567439E-7 0.5474419349704939 0.0 0.8829816658270658 0.0 4.071887351993203E-10 0.0 0.0 
8.638757711850764E-75 1.0636577363004798E-65 0.5605712973230562 0.5982571485112536 0.017880384511295845 1.4323801836090344 0.0 0.0 7.126285285986728E-13 0.0 
5.25591929932357E-66 0.28500275452507606 0.0 0.6278266832884464 0.0 2.1526472886917256 0.0 0.0 0.0 0.0 
2.2573439567181693E-8 1.266778926919319E-10 1.796619674833811 1.063011896990216E-4 0.0 0.0 0.0 0.0 0.0 0.0 
2.9478525427970677E-65 8.022935844151673 1.2599463993412084E-11 0.0 0.0 0.0 0.0 0.0 0.0 0.0 
1.059434901863382 0.0 0.0 0.0 0.1497736367442873 0.0 0.0 0.0 0.0 0.0 
1.8669370974815322E-66 3.486161919238456 0.2374148304541824 0.0 1.0792209082580325E-4 1.4141449120449656 0.0 0.0 0.0 0.0 
1.5576997629667783E-130 1.3483785202685645E-64 0.8570087359954827 0.0 4.0491773547774E-5 0.4800550713606983 0.23609534569948232 0.0 7.717154597433952E-19 0.0 
0.3035089252761787 4.3659788805879216E-10 5.142310075177752 0.0 0.0 0.0 6.746380758258365E-11 0.0 0.0 0.0 
1.114804740160721E-130 4.452826632000173E-65 6.611527800475373 0.0 0.0 1.4180335066571639E-19 0.5191529661979469 0.0 2.2101099244085183E-12 0.0 
0.25793332128904783 0.001856715794029617 0.6007115189775499 0.0 0.0 0.0 0.0 0.0 0.0 0.0 
0.44186847730924256 1.9296392348789166 0.0 0.0 0.0 0.0 0.0 0.0 0.0 0.0 
2.9248359763785925E-65 8.017531805645717 0.0 0.0 1.281948257017978E-8 0.0 0.0 0.0 0.0 0.0 
0.17147226685407482 0.0 4.963588031859358E-7 0.0 0.0 1.7294088063237447 0.0 0.0 0.034081431387320046 0.0 
4.596972774052837E-131 2.2347146912071292E-65 2.143567470339539 0.0 0.0 1.101769156290433 0.036479744322097975 0.0 1.0434801025104405E-11 0.0 
0.7488739310364556 2.9009318128704572E-5 0.0 0.0 0.0 0.45297212718812757 1.4284642190493478E-16 0.0 3.0594419476076705E-12 0.0 
1.6798164255815812E-131 1.0694412206700039E-65 0.8592191089778719 0.0 0.0 1.1339264273729486 0.5888430030475709 0.0 0.0 0.0 
1.684159357501902E-131 5.905394021834635E-66 0.8596242207411614 0.0 0.0 0.24217953136841228 0.5344382244359724 0.0 2.41709677087841E-12 0.0 
0.18888132977713337 1.9546839786200504E-6 6.262614412351759 0.0 0.0 9.952315367259166E-4 0.0 0.0 0.0 0.0 
2.281712881417347E-65 8.967478743104188 0.0 0.0 0.0 6.341277370472597E-4 1.2047150267438218E-10 0.0 0.0 0.0 
1.2516117701910886E-130 4.258817330699296E-65 6.543137205474607 0.0 0.0 8.056687686142446E-8 0.5940330001046353 0.0 1.8770332230271944E-10 0.0 
0.4031577602942031 0.0 0.0 0.0 0.0 0.0 0.5476178466366322 0.0 0.0 0.0 
7.45827552888425E-66 26.61986103397007 0.0 0.0 0.0 0.0 0.8072872164318629 0.0 0.47945523319500627 0.0 
0.5214225720566378 1.233010932851313E-7 0.0 0.0 0.0 0.0 0.45990033330151764 0.0 0.0 0.0 
9.082761706711132E-66 3.5815070999515135 2.406698824096908E-13 0.0 0.0 0.0 0.6927764065774715 0.0 0.0 0.0 
9.497041255898121E-66 3.0617316454803403 4.808179705857252E-12 0.0 0.0 0.0 0.22456304643971217 0.0021701451918790223 4.498315424141307E-19 0.0 
5.1573755367969486E-67 2.6674399903976374E-65 2.027884337467542E-72 0.0 0.0 0.0 1.393460562076286E-67 2.4450514917084767E-64 11.026981979396169 0.0 
0.9227892901719331 0.0 0.0 0.0 0.0 0.0 0.0 0.0 2.482982429051167 0.0 
0.4079631646540788 1.4592635326352004 0.0 0.0 0.0 0.0 0.0 0.0 1.674431205265648E-10 0.0 
1.1915012563787694E-66 0.32980459181371063 5.179633191416128E-13 0.0 0.0 0.0 0.0 8.2691498011335 0.0 0.0 
0.3976674269024933 1.6732248948404567 0.0 0.0 0.0 0.0 0.0 0.0 1.1329047947913985E-10 0.0 
6.802141273480699E-7 4.003078306540679 0.0 0.0 0.0 0.0 0.0 7.088604491460281E-4 0.4386006312706699 0.0 
0.3031530754422443 3.131446679936463 1.3793157972693617E-11 0.0 0.0 0.0 0.0 0.0 0.0 0.0 
0.3774746446000826 1.9287149994609654 0.0 0.0 0.0 0.0 0.0 0.0 1.727694750741453E-10 0.0 
2.503039143186867E-66 1.4542182112475348E-64 0.0 0.0 0.0 0.0 3.225524799287984E-75 0.0 3.744607301096962 0.0 
0.38521489356796745 3.2171900989004834 0.0 0.0 0.0 0.0 0.0 0.0 0.0 0.0 
2.4341569340643207E-65 14.052964329350079 0.0 0.0 0.0 0.0 0.0 0.0 1.7132198151988693E-10 0.0 
2.96842585195304E-65 4.563520868741071 0.0 0.0 0.0 0.0 0.0 0.0 0.0 0.0 
1.88642737738233E-65 21.56324724074118 0.0 0.0 0.0 0.0 0.0 0.0 1.804078858366275E-17 0.0 
2.5649877066928007E-65 8.029370169319629 0.0 0.0 0.0 0.0 0.0 0.0 0.0 0.0 
2.9290497332835427E-65 8.024754983244044 1.2618311298270023E-11 0.0 0.0 0.0 0.0 0.0 0.0 0.0 
5.508717532312081E-6 8.265177239335122E-9 1.1259598438482772 0.0 0.0 5.607984695729967E-35 0.0 0.0 0.0 2.979962458896926 
4.327873084646315E-7 2.6892462252510834 0.0 0.0 0.0 2.148417437836106E-19 0.0 0.0 2.541710264251551 0.368606543865757 
8.932398350031636E-71 3.8802265469447124E-5 14.918150493012787 0.0 0.0 0.0 0.0 0.0 0.0 1.645787956756039 
0.16788792518557874 0.0 6.720346951869102 0.0 0.0 0.0 0.0 0.0 0.0 0.14556108950018795 
1.1426470129713688E-67 3.1900201961197396E-65 0.0 0.0 0.0 0.0 3.424810284020939E-67 1.8504695754667712E-64 8.90842394616071 0.0011644046821878665 
1.1252246187810468 1.5166597677406852E-5 0.0 0.0 0.0 0.0 0.0 0.0 0.0 6.608056692592573E-14 
0.19132406511101305 0.0 0.0 0.0 0.0 2.2088566067322675 0.0 0.0 0.0 6.092801620824066E-14 
1.262896649670475E-66 0.9241823764686957 2.3820569891633885 0.0 0.0 0.0 1.8642076746751688 0.0 2.210236907074661E-12 0.0 
0.3152555084024607 2.8572883926611734 2.337669986099459E-20 0.0 0.0 0.0 0.0 0.0 0.0 7.459532224932176E-14 
