530.8944705181713 0.024372759722093428 38.08830896954136 0.2669575114960409 34.599367737833774 
21.855803186908037 0.010299598189326506 4.096759343782562 0.5150655342275279 34.01461810048574 
43.22147471951432 0.4803928809406535 3.820574565886208 0.5156291013084511 36.471534549012546 
128.12632709910196 1.4827949262053914 40.23056811090951 0.29193191750862646 40.51440445072171 
24.018430356259582 0.06194940619749816 13.207567976889798 0.5139361152663547 34.70529995218198 
23.97957977580572 0.020251753352812627 14.076838404594472 0.5137419050587803 45.22425213172045 
17.388106497378995 0.12858793544974317 3.862505027552773 0.5177831498684838 36.28100233744624 
14.445272624655548 0.040113664474688546 3.913706007139071 0.5173227651486977 34.0016885465539 
14.699260449640208 0.03585124011713735 8.354834954115935 0.5165282925016206 34.008252122512815 
126.7128482302103 2.7213664372090975 46.24236559303218 0.2695581287057904 34.905307382239805 
122.35147467681807 2.3628567739186987 38.96085066246002 0.31847347626308464 252.88781421193357 
10.70005270488692 0.02379208971356141 5.7465437159948465 0.5142827998900554 44.619943309012264 
34.43566322779824 1.3474756330753666 3.754255383805355 0.5174106220992813 37.123917744573035 
14.29019117596458 0.24691288279277895 4.5238789306478715 0.5150284718197305 34.01593059573938 
7.035793399519302 0.01792472825136611 3.746208804137386 0.5255408233018118 34.5341024254238 
8.717828409774576 0.02094505984590282 13.527453291133964 0.5160694803752895 34.45211715533941 
125.32645138725731 7.660891492765344 38.960606143229 0.3182835787075151 248.03232771017963 
3.2385501759004844 11.754896850622474 3.8222681738898556 0.5182435336537514 34.69576932862814 
3.2368080010635842 3.5023388754066342 6.664558145901386 0.5153000090666486 34.01111776896788 
3.3227953483654113 3.4060202991064483 9.07540805984969 0.5137906061727628 44.6308947226124 
3.8283761259154145 3.4476019974948615 17.78348689843754 0.5162355577512274 33.84834499240297 
3.2348410578803115 6.0387099111196845 5.6966142600057355 1.0782628710408115 34.125643291565886 
3.24458041835057 1.3363235354820018 4.120022729363647 0.5142864182041949 34.9448060657194 
39.80775854540164 3.430101028476298 6.74956580635238 0.5142882048344074 34.16145872994872 
13.077655073828096 1.487412039856694 3.7921433460470424 0.5145765510727481 34.16201694748657 
3.264064822876341 1.361842765330309 3.615839253510769 0.5153543933400662 45.995938947609716 
4.5108727487650775 4.984553985378943 62.52816933954678 0.2901891894448247 34.16125486716431 
3.2348404346388606 6.004527855407399 4.9634021073505785 2.465216313022349 34.12564328449949 
34.129283309702735 4.959198377191385 68.07962729997817 0.5121668614637163 34.03583841480461 
39.775674947726564 3.6463985742385985 50.04359169623724 0.514905423074945 33.96612730221622 
3.243105117230263 2.651160755466231 46.280741655816726 0.31517049089077837 41.15314749191828 
3.264879090142616 0.5029512504599393 3.681368952334701 0.517568998230087 35.72754240829839 
4.592984232174332 0.012306348234641329 68.12863249773743 0.3127667390710871 34.165991907376394 
4.470532588108981 0.06314004482314999 92.1700142896562 0.37191839973761076 91.53075651344398 
4.503480294195136 0.4444350111293998 62.64994674860263 0.28854717296554333 58.7666488998006 
3.233896244597636 0.15497211199926958 18.63926567457659 0.5158429077515089 34.961372436157895 
3.239382477890678 0.5557487154746502 45.70130812327617 0.3227581243963297 34.16053603402959 
3.2401774349110113 0.018206349339189198 13.500349401444593 0.5144402145162807 34.564653137803745 
3.1914134945672226 0.8472217059856763 43.379766373805 0.8286834290523247 34.23966280261772 
3.143663017258615 1.6514947846969852 71.66987866481342 1.4128559644200176 107.63943878073619 
4.487883253731975 1.0122403103213462 61.6980751037083 0.28980420228654896 146.933187003834 
3.299135943104192 0.010701985625701467 9.868316795025768 0.5219552129518427 34.15884458906797 
3.6758207915224244 1.1163655089658153 43.78931704579693 0.3247744985734992 34.26229813158403 
3.100939117130582 2.4486833423082635 68.45494424676264 2.9204761115193394 36.755390452607855 
3.2158657192031117 0.04698650256224602 7.983113040900949 0.5166056906114278 40.81217298968096 
3.136745297911819 2.136069756475471 72.32097889583453 3.9538921790966692 108.07885032574558 
3.171579120547288 1.4610401658219545 35.44587402373763 0.6605991772069052 107.32461707129704 
3.2607709460047505 0.08732261060001846 6.493809204892995 0.5251247994855784 34.00650238643498 
3.389798574420783 0.012807746859824646 7.605405508630406 0.5179716875191174 61.55252022896002 
3.3050000205959935 0.10657050790732123 4.604620988946972 0.5163924322785503 34.01372633957255 
3.261554175719981 0.21220021621691834 4.5551779344683 0.5157200612207954 35.661104008064044 
3.2381972630163327 0.039133861669927376 4.127393009910382 5.002455467030503 34.193146742432376 
3.243536012295194 0.38914660583990807 3.6435898585720903 5.570090247685793 34.02378098223524 
3.2424228087195157 0.022919918505895538 3.762121263197419 0.5194658941539663 34.972997682588186 
43.30737751553329 0.02267387421558814 81.90984940921162 18.89515852913106 34.00778209689019 
3.5666480287213504 0.02533780724014521 5.1303092645306085 0.5140607886961499 34.1731758446656 
14.909708259717911 0.03948249220310514 4.465776258147344 1.344131787069575 33.928193499487094 
3.3059224992109293 0.0430334346387632 4.663256872072416 0.5149378294464603 34.00904619849667 
3.3057360415010817 0.061724898895682084 3.8777539041915423 0.5180580846971408 34.05884189271707 
4.54329325274415 0.0517406810549192 4.783898897612486 0.5184311319361098 34.00401203935991 
43.30016149734682 1.0825678610134362 4.18633681023473 5.997255365649126 34.000034415662526 
3.237011217621525 0.05459534088645136 5.094502743669248 0.5149613179770547 34.1727768677292 
3.248962875511536 0.02245478290716913 63.55096526737755 5.8003475765250085 34.042337521549015 
9.110642315859055 0.04652804173493028 8.438318569650008 0.8137082177816322 33.922298708432166 
3.79303695759946 0.31955480897763255 3.7943680480544475 1.52331276305476 34.01487166831778 
3.570053516179531 1.2587798618844153 19.72702599095879 5.558754965031064 33.75325526706951 
9.110502148122443 0.04652038478825311 9.93741739588126 0.813874478760559 33.92099373507529 
3.241438078068093 0.023301032895299008 6.289086899569234 0.5168234982570515 37.758221812630104 
3.2425771144946354 0.03689017756657936 6.273554343895016 0.5175801381894805 38.140457202985715 
3.9694522555930773 0.02681375764831006 3.6815298696465923 0.5149510825238621 195.47559505966638 
3.3898117410533946 0.010879509351299959 3.8577083477749827 0.5186237082040913 61.552168218153774 
3.399855601758791 0.07901282359769561 3.7241223825558065 0.5127310660928585 61.552168218153774 
3.2475482133786184 3.6154904631662457 3.6208493579167396 5.016767803545189 332.12676185105494 
3.26118751444065 0.10056060741811619 3.7262412157115783 0.5162927972428181 45.47196538941319 
3.171580014923715 1.4598618157676424 5.62669098119171 0.7996575655081047 107.32442392120524 
3.2458986679484627 0.011338961608434728 3.8674665622914035 0.519527622409777 40.81541964336226 
3.2675445420478213 0.5725085907725922 3.684207490051824 0.5165674047493815 48.86230791060097 
3.267147499582495 0.5684825119702712 3.6974573409196054 0.5171671857496043 45.65643765393234 
3.2417338415936197 0.10083058520761785 3.8731695158560067 0.517124852485925 36.72853882361702 
3.2410407053034076 0.41409576466467884 3.8796277656023523 0.5167462712502654 36.72860552212285 
3.2394583768443197 0.2956865964122041 4.170393422407452 0.5387998263419106 34.939014342126576 
3.245167329553835 0.3889635016007955 3.6441608546652566 0.5176059577992224 34.02908130698591 
6.458328754695595 0.3853529301932645 4.239962392125495 0.5159999971568973 33.84796281324462 
3.305808964778884 0.14499217520419516 4.096201007318272 0.5152169514781915 34.014950141162565 
3.3093297174342804 0.31531096151455057 4.028700104000118 0.5212175084776391 34.014862224139044 
3.236694710206044 3.633604617247403 5.093056173106273 2.2967532237817654 34.17253160425243 
3.1743250348817864 4.157710037562756 18.311373878269013 6.1393028225341615 33.95883190663815 
4.738816939831199 0.38755462787587497 4.240856875112621 0.5168752888551204 33.629171207423596 
