51.00670180192382 0.0012336898563755133 3.5768717089531703E-4 0.0011595065761351338 7.201031350310371E-4 1.9035632349596713E-4 4.546862826297998E-5 2.180389694072973E-4 1.5658997866926572E-4 3.5855997769528486E-5 
1.0051813007517951 9.361027871114474E-4 1.6182581142809552E-4 0.00947251166584891 0.011734441400879465 0.0019150493362248189 1.8962071192885524E-4 0.0010440361326984496 0.003290557785770409 1.4495750124629913E-4 
1.4164316104252277 8.656517949653263E-4 0.0033397292985322957 0.005663518386317237 0.04821232371548675 6.095602835045586E-4 0.003316918119699493 1.451590131651142E-4 0.03180848448736122 0.0024331755787590477 
1.0040818836449057 2.9511593122931993E-4 3.679143639721E-4 5.803052047062862E-4 8.259096027159779E-6 2.0601786261156347E-4 0.003600666437460264 3.290700840363534E-4 5.614904883662592E-4 1.1046449732447599E-4 
1.034745934428983 0.006896735329281097 2.87432040553017E-4 0.007525413215892712 0.011433713257016337 0.0010554654545472256 2.2872247062223579E-4 7.305052962433578E-4 0.00108882515732368 0.0010480799059194687 
1.005643859103025 1.1660124617993034E-4 0.0013751640698318685 8.268476766475397E-4 2.780349894492846E-4 1.9333030078576338E-5 1.5404304572352734E-4 3.2133812510616946E-4 8.9681049676294E-4 0.0013202744600546623 
1.004825542314866 7.767338728322259E-4 0.0019527276263723746 5.503453535609683E-4 7.860261626555588E-4 1.9389931309609585E-4 8.880542611868025E-4 3.968229462577146E-4 0.005110850367562508 0.001658948760621687 
1.0041155424565185 0.008201964757861313 9.854432881335974E-4 0.002169613344813301 0.002961613253758323 1.6609662412297424E-4 2.7271876349024675E-4 5.2023876269921065E-5 1.567521483063864E-5 0.0021269402892011243 
1.0040906803367156 2.0132297946294124E-4 4.025989825918595E-4 4.997049759776661E-4 6.017261575492509E-4 0.0025149234031610628 0.00101057083208167 0.0025221635831981087 8.047817710895192E-5 2.7007141672073142E-5 
1.004528350427594 0.00449852818156514 8.684485381783476E-4 0.01686002128458155 9.526047404426753E-4 0.0031313175733350667 5.764159693494941E-5 3.8081535691426754E-5 3.427777976946332E-4 2.5556809355727873E-6 
0.947467305226523 9.216533894695711 4.313589103300492E-4 7.310268538375795E-4 1.5403546389986035E-4 6.645589708522178E-6 5.522429210737645E-5 5.772957420689783E-5 3.2669039239197187E-4 7.994935107049276E-5 
1.005247933691964 0.06272359627437751 0.028089039001484014 0.0036326657872837198 0.04068368351241094 7.425208612291149E-4 3.553740193417506E-4 6.027946841409596E-4 6.728312197346689E-4 3.389375619555119E-8 
1.0021580958906533 0.2489455162186942 0.020353508964405406 0.07255344210353572 0.002831753665446403 0.013567787770016718 0.07247084347271339 6.858812283884927E-4 2.5222807782077105E-4 3.975927577202768E-4 
1.004150584632659 0.028518581033522658 4.23059504458172E-4 0.004788961736726542 1.584100399464012E-4 4.8311809657072683E-4 5.002586507851411E-4 0.005578561375660136 4.4060035152183256E-4 2.9015180950586766E-4 
1.0035465417496254 0.04290278457245252 0.08532160796800525 0.0047007228487423065 1.647064577014856E-4 3.365512619256337E-4 4.6640805633284564E-4 7.412525875019519E-6 0.0015137170253905138 1.8258719266621627E-4 
1.0041141185585727 0.009705665661172765 5.06330452499206E-4 0.0012374716205222085 0.005047675225060038 0.004230168970604848 0.002675018867838692 8.473274476071416E-4 0.009156972595082389 0.0021060230383245252 
1.0053231613357199 0.18358836328169986 0.040728780307667196 2.5379055114422693E-4 0.013382490756310124 0.0012751981301275816 3.4897359810908844E-4 0.0022848447403638005 6.720275645464808E-4 0.07681775208048391 
1.004798696805253 0.007441160470069886 0.001602035635796722 0.018748994927002657 4.8257686629999736E-4 1.0393047023054903E-4 0.0012582811182330102 0.0034942704715683615 3.8576340994661025E-4 0.0025233988802678313 
1.0021386217764756 0.32799923507198714 1.8537205749993206E-4 1.421926628211886 0.8688409214996168 5.865723480566334E-6 0.0031482351092419866 1.8553515788961045E-5 9.225737509548255E-4 6.642303754639779E-4 
1.003591121219279 0.007849848062887146 0.0025320241056856446 0.02053019371468937 8.235487528233393E-4 2.45025126754595E-4 0.007370404554484436 7.410142882383975E-4 2.3574088636750206E-4 0.0039131143889665635 
0.9722639786420333 0.001027855012066898 16.533719292221317 7.587009560369585E-4 7.908308595362181E-4 4.7343434596814086E-4 7.397592431534228E-4 4.7606737445956186E-5 4.407127007625583E-4 3.75335166875939E-5 
1.004305905199109 0.003419860972345028 0.020056477320553167 0.0010475499118678248 0.003571657430439157 0.0027833575682784384 0.0024717021397200434 2.642529335096571E-4 0.005177794883882883 8.070450792800953E-6 
1.0037475528972364 0.0010623620458336128 0.014981191272100432 6.405001619092512E-5 3.760897907514943E-4 1.8645068679523487E-4 4.283184112328077E-4 1.9717701306011108E-4 5.087151813135507E-5 0.0027583005963870873 
1.0052074108906688 0.0016455574758587662 0.03840962184365561 0.06653147417486141 1.6888312450718913E-4 9.725116225324035E-6 1.4371657128457095E-4 7.78245582974021E-5 3.413135112417381E-4 0.009174293907836608 
0.9991342742270896 0.2713306162308019 0.3054754855098902 1.267825851072663 0.43142087205373914 0.19907440897491 0.14634790690734742 0.352672602379803 0.2804306361400283 0.15604178121364015 
1.0061817229185095 7.370837545682158E-4 0.041408022012471825 0.002330170430777116 2.125198997744318E-5 1.2777825901468768E-4 5.14241210753794E-4 8.269825680896106E-4 0.002908631130960996 0.012291591340976226 
1.005647815969922 7.161238262561784E-4 0.0014059093436331466 7.546407198087944E-4 4.269476353124614E-4 2.0305046741981745E-4 9.182608278438947E-4 7.357103636232979E-4 0.006550917875620761 0.0022656442052788285 
1.0053786687211204 1.8275806066532342E-4 0.0013984995767781264 7.426321853118427E-4 4.928148791777318E-4 1.3897904977599651E-5 0.001045532716692816 0.0034165985302111795 3.858699586051016E-4 0.0013238360837903374 
1.0031853046939962 5.288515413312482E-4 0.0019103035398259102 1.1074615547266161E-4 9.523636070469035E-5 0.005269439992968915 0.0024314558630754253 0.0032815641849970657 9.416941552339141E-5 0.006175612761044091 
0.9896669219974317 0.0019279958076597937 1.5318121010136047E-4 16.351134402827935 5.846282978707042E-4 1.6885270059649606E-4 3.665625189059667E-6 1.7554756264621458E-5 6.79958292653318E-4 2.304835043470504E-4 
1.0321198788934243 0.01166496265920264 0.014008821772258201 0.14812439432522648 0.011285244005818698 0.01705313461970358 5.237922326936701E-4 5.599621315152569E-4 2.3796105049049343E-4 7.878671972929884E-4 
1.0042580426955252 8.303891593083437E-4 0.0018498610720880794 0.9690846143954877 0.18838070803444007 0.01077438787759622 5.525746154344561E-4 2.8052369899433524E-5 7.612154632653284E-5 0.004531685651119128 
1.0044936356355139 6.538049079246011E-4 0.0013463954508508803 0.09772529921948107 0.01642366578034459 0.0031396510927118315 4.4591169067263335E-4 2.9385645344892685E-5 8.438075536673223E-5 0.0042187261724784255 
1.005892926562073 0.05406070104952663 4.2762315411377894E-4 0.1636974158990856 0.01872484519447746 2.108834625408311E-4 1.8667305069609619E-4 4.46180776909235E-4 0.004058212383546922 0.006401738264193621 
1.0045524692827419 0.0043876717512751915 4.339567581932064E-4 0.025680030729179865 7.614448440377929E-5 1.091911663837085E-4 4.88492716996282E-5 2.1334565897421607E-5 2.6186602088798766E-4 3.900483102294039E-6 
1.0028163035057873 7.279959387728813E-4 0.08507497372032485 0.18724840078256288 0.021451965943654495 0.006683797814909309 0.001851253745160901 1.1815263481902798E-4 0.0390416980604335 0.0035966649779855145 
1.003874710929742 0.00465919500173455 6.229207241289645E-5 0.04881364596939154 0.017166763685618345 0.004153029006519912 9.279522731470611E-4 0.0017907442308852353 0.005014327552367706 0.0038780400466760737 
1.0017417445974555 0.32291782605092767 3.746764301211362E-4 1.4167936361176998 0.5736312470001467 6.454489057465975E-6 0.005173456427686169 1.857741038099899E-5 0.001498653935938888 0.001115681616082738 
0.989622692116475 4.575776474774482E-4 9.702341464674606E-4 0.0011642381976563734 10.428828908687573 9.731404192474246E-5 1.8713300775424307E-4 3.9964553478316454E-5 2.263744121894389E-5 6.29309287189681E-5 
1.0038132383098812 0.0066545733567034415 7.392402089743397E-4 0.0035194878664113346 0.026213291431360867 0.0033498996618595255 0.0051532279308129396 6.98153404470713E-4 0.00852046750945777 1.038293259861025E-4 
1.0038473698449442 0.003708051802882794 2.68952644041595E-4 0.001490518649760832 0.027793695144067893 0.0021058236825777566 0.002282097992827578 1.4098246333105893E-4 0.0012061030551463615 2.1717250233202405E-4 
1.0055429393946398 0.003250136463037526 1.76664495264479E-5 6.411618111372313E-4 0.06228711667795289 0.004062684920375373 0.015853420248121197 0.00192848580147185 0.002900583140539475 0.0036881641910333565 
1.0336253600197929 0.001060485093574282 1.7081465279925734E-4 0.037798270443526835 0.04626411106575869 4.463931035917961E-4 1.7356109061949338E-4 0.0012729515229608426 2.605114440114612E-4 7.737578223282204E-5 
1.004084388205283 0.002919819465492052 1.3106710119665564E-4 1.6504995276540803E-4 0.02897716831042692 0.012514476027709855 0.002367232387734519 3.819732840098703E-4 2.300035418366007E-5 6.596740320707783E-6 
1.0058261125414494 0.0011187494874602658 6.909393643153751E-4 0.05849698618017013 0.054691890856395836 0.005592233147438433 5.510893685910318E-4 7.094742097806289E-4 0.01628610088446296 4.508536181745382E-5 
0.9557598476203077 7.007492788388778E-4 1.3082441725471435E-4 7.054756194416666E-4 1.0391071311312756E-4 5.898365889637997 1.498464873392623E-4 8.600468570122297E-5 6.442701304176799E-4 6.083886849572243E-5 
1.0039479786438337 0.002121607793138336 5.6165810979637294E-5 0.03874518557813916 0.05856077885094949 0.02324706872337399 6.684151012819606E-4 0.006971088003972278 0.041469474761797895 0.011644177424678909 
1.0326632778770006 0.0010768598875968963 1.0730483014481632E-4 0.042609551662251395 0.0849906194188335 0.18190814962637242 0.08144141319090485 0.003477012225463575 0.0017442513236285168 3.1432148895129373E-5 
1.0040702754478197 0.001089514676689998 3.2938130336768934E-5 7.609699502439006E-4 3.245525638221539E-4 0.011558324729174669 0.0018711728332811112 1.1569173238240261E-4 5.61164466203375E-4 6.626020982999146E-6 
1.0044943651878664 0.0011276954485681535 9.367190548321473E-4 0.011262772646275194 0.01583979769186976 0.010551543224651218 0.003790750383024505 2.1082227960828676E-5 1.243807111761942E-4 0.004173745592279221 
1.003673039144405 8.154916293775619E-4 3.08588990285057E-4 0.004200902010819216 6.031773518875053E-4 0.003424181706434457 7.739942728431024E-5 1.137071797034912E-4 6.53606568563423E-4 8.468959834825158E-5 
1.0035721924527008 0.004026676216149599 8.645640376515265E-4 3.755991622469842E-4 1.479889547701615E-4 0.008956522562254886 0.0015922098690866295 2.6457745703556437E-5 1.2619051803597342E-4 0.007743995032374839 
1.0476777302351823 0.0058369169453706205 9.275299439329038E-5 0.001971587900972745 0.0734507410769208 0.02915666815575041 0.0010149619875275654 0.019402573630469624 7.40808689314092E-4 0.0010208232707416389 
1.0037016056331793 0.0010778401947519973 3.8778638461674204E-4 0.005840573510509279 3.498892359955369E-4 0.0048559391136416994 9.311878456920668E-4 3.9179597173214273E-4 0.0012413971720787104 0.0024259079869195597 
0.9973550898328027 0.0015163624272219755 0.0011098645858026643 6.492098955587869E-4 3.596358496013749E-4 5.059318553664518E-4 4.0024840060181655 2.0638997476443252E-4 3.233187988941259E-4 2.6278520478167835E-4 
1.018898778474088 0.0027436402546714097 3.251647324316416E-4 8.145580228799344E-4 0.015237326673311033 0.005821529950505374 0.03082895940355537 0.004035992428323785 0.035313136499183606 4.959435014554818E-4 
1.0057421876048125 1.0139790097479155E-4 0.0011627278277331486 7.080229045664694E-4 0.005347818184966704 0.003669750806252529 0.007964860657448822 0.002816984238378086 7.102107961134508E-4 0.0022787340802086146 
1.0039756086793197 0.0021613621343434387 1.4103248382286087E-4 0.032500547216683516 0.05471322334834446 0.012945440292195937 0.02310589879349288 9.24267313681039E-4 0.005124744326431929 0.00910473586575027 
0.9981359407340762 0.4026483279174945 5.262532105866046E-5 0.019130909343437634 4.798310754290678E-4 1.0335406181698969E-4 0.42569616378212266 0.0033441186177017817 0.0025068888673419375 0.3119820017100805 
1.0041903011122528 0.0022279199205774603 1.892777738675789E-5 5.945267549302996E-4 2.6878132509092266E-4 0.00556563442546804 0.00911355092429344 0.0013477408521785715 0.014270139643220341 0.002182485544966255 
1.0044761327992022 0.0066684327293811945 0.1948534638517342 5.105320018662722E-4 6.587194713414575E-5 0.012913726603410256 0.041596608999964486 0.0010677239560025285 0.04179354866423967 8.487764553558012E-5 
1.003617317758807 3.8172187917876116E-4 0.001158784359544679 5.961407257109106E-4 1.7022458016619155E-4 4.3674361501788515E-5 0.007280219585225459 0.00692283272069593 4.7208107425574246E-4 0.0013973723689485998 
1.0011865870637662 0.0021744288381450377 9.757604947478142E-5 0.001072486103265375 1.3251817283689617E-5 6.472305999714658E-5 2.326929179823164E-4 2.0070712013657803 2.7801713084104273E-4 2.7042615857779094E-5 
1.0035513248761752 0.0036791131840481395 3.437332988338886E-4 4.8327855314590334E-4 1.0245306742875902E-5 0.0073673923531031365 0.025085876451133332 0.035746217751854166 7.992381510661058E-4 0.0028503568328375204 
1.0043831462331945 0.0064540188566782 0.0013749065080976542 3.713806392573882E-4 4.556458988717493E-4 0.0014121042774411779 0.0012203338257062006 0.006523968188379169 0.004718043479414869 0.002081318354670746 
1.0042504099780367 0.00231950051690195 2.802082232054798E-4 0.001032401058177073 0.01317456540201325 7.001295826652502E-4 9.294732380822902E-4 0.00628700407878816 1.1923804838758264E-4 0.0021300060454486187 
1.0040355933940641 0.002161989908666446 9.725757867332654E-5 0.05125539285989978 3.026059980158989E-4 1.901112762227445E-5 1.455134827567466E-4 0.012759413337913238 3.5085257688385256E-4 0.005101068014118427 
1.0031840816469006 0.0018309252734185284 0.0018678083900718198 0.013531718192585494 1.936506131492141E-4 0.0052429883535008905 0.0038542452987887386 0.00880250503061061 9.697775178205587E-5 0.006010354763004482 
1.0051087183324856 7.178385210325891E-4 2.2538645376661218E-4 0.009137489915515443 0.014415033212826606 0.003316233610413216 1.965432486243678E-4 0.011345837976727651 0.015044091026958063 6.105223888253087E-4 
1.0050419310609808 0.003103220384016036 1.8821163900000348E-5 6.530806043958934E-4 4.2353949344123504E-4 2.323075801445061E-4 0.005035501978495266 0.007134443842235662 0.014274145924667072 0.0014671242146496663 
1.000440783835048 3.5932403289215694E-4 0.0011029387035942292 0.001206638663683661 8.76935635127561E-5 2.9106196191719817E-5 2.6676694647842E-6 7.781114595156975E-5 5.4300061344507045 1.157372316430593E-4 
1.0031881863529473 0.0031720333009279617 0.09640746097927022 0.02774031438206277 8.282912435275191E-4 0.004817450411719347 0.004983710210916617 1.28614245555794E-4 0.07949460269817683 1.6694098740010116E-4 
1.0043871215503506 9.618372858000403E-4 8.900605173273828E-4 0.09686275235143729 0.019855660990852533 0.004410051696117294 0.006101736716864083 2.1103149617171627E-4 0.07959997534462727 1.972236386665449E-5 
1.00399009651672 0.0022819871118109117 6.341184722506013E-5 0.04472858477569286 0.01288484909143546 0.0014377951421890207 9.335786292609479E-4 0.012970060119596562 0.06355939631291653 4.3932369416443284E-4 
1.0038200976767893 0.0032790240287819115 2.1894533310154517E-4 3.3857952562880105E-4 6.560282387795384E-4 2.4988335426574045E-4 0.00381779226106615 2.6604368739329633E-5 0.014252850005344814 0.0013950808031104635 
1.0034344682108711 0.001577069468847585 2.1329532184563422E-4 0.0016947062047278066 3.3074365605726685E-5 3.365362599304557E-4 2.0828627252170102E-4 7.412032922667492E-6 0.007594866812884826 2.2965057161768816E-4 
1.0028936968957325 0.0010832659765788986 0.004666539351617596 0.008248614647325783 0.048204860417133524 6.285544792420043E-4 0.003352138800198754 1.4264279246331362E-4 0.031802211110541524 0.0021246930725946026 
1.0040226498440352 0.0015814926865177449 3.236873944555945E-4 5.3884605687963E-6 0.0017985250082655317 7.137122662785568E-4 3.9295766969780463E-4 4.446980055656606E-4 0.016980559303461876 0.004838885468003992 
1.0043600710507024 0.0013677149569259505 0.06638909947266239 0.03719467691388937 0.13414441123347554 4.575233561507592E-4 0.0031850180872610746 0.025668975804338814 0.09383190364900869 2.206820747996344E-5 
1.0044753862751348 0.006247529174428423 9.719666106293645E-4 6.578556614746196E-4 1.826921434389718E-4 0.012502224742105364 0.03814636702989485 0.002526776540467361 0.049290157493032144 6.189909927393288E-5 
1.0021076762108394 2.1688860955508483E-4 4.728096305333332E-4 5.457499323774151E-4 7.875734662177614E-5 1.5501380854601404E-4 5.843148645935829E-4 7.109255717705166E-5 3.124398108607644E-4 2.228953628531442 
1.003579653069493 1.8196227047320563E-4 3.972721230733103E-4 0.004719844784036634 6.685188116333491E-4 0.0019477901506109168 4.199070455452556E-4 7.811256642455849E-4 6.596802367868026E-4 0.004403975357021647 
1.0045561009324666 0.0014261369637453918 1.3931500913540293E-4 0.09355509328441704 8.266572299448143E-5 3.3343608084192526E-5 1.8571641115170366E-4 0.0010086032222644862 3.508602872526375E-4 0.014378898237642731 
0.9990602553795898 0.24413134137396675 0.11738867821424141 1.8065642345051958 1.037356351789736 0.17145255490645533 0.33263766817925594 0.18563868298964886 0.18406826994368286 0.3591195298774708 
1.004495966561316 0.0010310975091471165 9.714809420320497E-4 0.01059873867451194 0.01638628257953298 0.003590179744595621 4.4891634906656737E-4 2.0912212774668485E-5 8.279699254210153E-5 0.003654699227706138 
1.003589207018372 0.0031533008349292754 1.6987746427583734E-4 8.048983851781073E-4 1.7085558299925518E-4 1.0579721374097624E-4 2.454964286380277E-4 2.59611503109794E-4 0.00592780311755658 0.0029727653350321145 
1.0037779075853484 0.0023859142257067582 8.520205517391899E-4 0.024192387628429776 5.064603717244506E-7 1.291845653834955E-5 0.0030637828476699548 7.489270630047665E-4 0.0010651863934261255 0.002920768507300436 
1.0039536567457779 0.003299269539409494 6.474728158378276E-5 0.04758933856735628 0.017181593872104304 0.004159790971691481 9.448409300628263E-4 0.007405658758292629 0.00486901337515581 3.687301401363293E-4 
1.0050052222056718 0.0027914573960127493 0.002079474849296688 0.11376284257156243 0.0755445144821699 9.200539381623606E-4 0.006854609018731361 0.007443295520215522 1.0619634351766513E-4 1.3819048212073968E-4 
1.0051039487449138 0.003641133264601426 3.4401749263112915E-4 6.902592043395833E-4 0.021925743104331947 3.729636292431631E-4 0.0030249607193357517 0.004127745627429548 3.202934363460001E-4 0.0018654713796770954 
