0.23306715334012462 0.1213307305477762 0.04512171571040055 0.06042322458413067 0.1100346769763659 0.42293140201680146 0.8967258950283706 2.9016879583317965 
0.11487982117055062 0.05965754867899715 0.05376937059926142 0.05140360695727636 0.07848654082292733 0.4472356732363937 0.8748756296062616 1.7394292497879693 
0.11171821598007683 0.06055099010583232 0.07353989787736351 0.03676845650584533 0.16247025588544364 0.3519384431493466 1.0021384889207192 2.4458439778670584 
0.11360778308999217 0.06122699638815975 0.06580435299490182 0.03874545071780695 0.14915016869124734 0.5651150707186955 0.6503486710311533 2.013106281340396 
0.11071957364021277 0.059354698373111726 0.05520128784382089 0.05127359024502055 0.11977353161607295 0.5898731202134472 1.0078412607681768 2.6924036991364764 
0.11998783315038594 0.10161508860315213 0.06275871453825904 0.03761095010758664 0.12524360624400063 0.6139287115057275 1.2962016036207948 2.3023354257826494 
0.10045369647632178 0.09554546926578132 0.06749008468759424 0.044206731147910544 0.14934481510661793 0.366703713409716 0.7702355469958487 3.203757969997754 
0.10753377148745108 0.058985941890933966 0.07223215370609593 0.07860601624399108 0.16035705699119915 0.32487474621207857 1.2062473196547447 2.712637332705057 
0.10849213955633437 0.06271360026704258 0.054744715697818365 0.09340572421491194 0.17795712514844786 0.4429460680791656 0.7371233810548872 2.2188377842563978 
0.09907693127785624 0.08964476544136832 0.06389016778625214 0.05207050256193448 0.20924161420850854 0.43948398022873914 0.680273090354424 1.5378710215493534 
0.10440822986094773 0.08749497371265397 0.05909241701260834 0.04815758540168465 0.12463747508849274 0.41891753576728796 1.5228890566182551 2.4224953807441176 
0.09574206184393008 0.10445625734851884 0.07031704077263308 0.07206482226050061 0.12311559962632543 0.33896158948436145 1.0910755375251933 1.591577543042052 
0.09154977151498592 0.29062875924747983 0.04140307132170597 0.05837019003797324 0.08859057284023436 0.44607013302743354 0.952821374259152 2.5178255993043757 
0.08925665070672387 0.11954593266563046 0.06794251540543567 0.06258713518035373 0.17106161117562077 0.46453118331016163 1.0916878735211955 3.3730767374479074 
0.04710469966985974 0.1437565652141362 0.06457619739043123 0.044845600741008865 0.13513806958356991 0.5695134490552253 0.6407730122836913 2.325201391235948 
0.07415543983975964 0.13639525268984054 0.06559189214375528 0.03658493878612988 0.14801199202458099 0.37988934681313974 0.905018172763023 2.9477571309832746 
0.04831035722974418 0.14722630624518557 0.06894825170629726 0.06793308053235064 0.22515618255245187 0.5107879004458047 0.6697271742813902 2.0062064278772618 
0.08601789645372573 0.11763665146054135 0.06333187043235397 0.05118510572929952 0.1549404942166381 0.3227117209026172 0.8062228076159257 3.5241802218480998 
0.17050755202632198 0.18395107924232185 0.051807048388485814 0.03667847785598787 0.1587117930394309 0.6470175113332995 1.0868931043213463 2.0805292721434836 
0.051897103634435664 0.13429935367831516 0.06857123696133777 0.08849127526511481 0.2377681516938619 0.4586143484416871 0.8729306654133706 2.8690927206669796 
0.07549939904527353 0.12556354095312294 0.057833475338349656 0.07932746850447424 0.21278122928065177 0.30354850279595774 0.8170167822815468 3.839832216994448 
0.08390158088505616 0.11547872882844852 0.056149208681730615 0.07172611058733584 0.12510182388758573 0.3879367843908709 1.5744221776626124 1.8598650410173083 
0.05181051884181928 0.13640549743182206 0.06687262206719169 0.09890058772296478 0.1860563806828123 0.36986361924849326 1.2591287502973614 1.6134835801741532 
0.046092031495902734 0.14882116035104911 0.06038500847187692 0.05660530021764522 0.1545673959530747 0.38064158882457744 1.0133947784378752 2.475441582265981 
0.16693864908088052 0.08199722252395471 0.4623269522538378 0.04993025604104165 0.10977969561867414 0.24091337984207353 0.7338016897711598 1.869048097363011 
0.08810221146128701 0.09974320404524847 0.07085979057740283 0.08583805435882458 0.15132416915247318 0.22444306784908385 0.9629268585964341 2.2865002152589566 
0.0971250249480015 0.0894572697033778 0.0653772195923021 0.05994962986880162 0.1945569226840758 0.5404126423184238 0.8401838041446071 3.230983235831786 
0.08769767873620192 0.10157488360239698 0.07295084595246877 0.11100463507737743 0.18927791783022924 0.6252198422882305 1.4118597586562334 4.109633138647146 
0.08671807694313717 0.11448590300669359 0.06111734705681194 0.04705469122189109 0.13609323657537942 0.5594810649603036 1.3866588446405979 2.7396120164630227 
0.081648037390643 0.1083799411905521 0.07700044622639238 0.1063683168527644 0.12718300452874393 0.6388569064336774 1.191430005332265 3.0233308790937183 
0.09247937971588877 0.10743796866125094 0.06112913433961953 0.07099829374432744 0.19911306569278425 0.3664877038753525 0.9199196610614021 2.2570183271087436 
0.10999539931102485 0.06005890295912538 0.07128336815658613 0.07583592966127739 0.2756926561386285 0.7437699608350831 1.115763327058117 4.949338843572543 
0.10029474245322986 0.06133674931667299 0.06698057655833732 0.1067373138775872 0.2255838350764103 0.4504208665717748 1.2213806765594875 3.5093669717759743 
0.08850211430439392 0.09785748518252392 0.0638022193074957 0.09013617606310441 0.21510571856641006 0.4365293579479471 1.5394717359800538 2.0819903518166076 
0.10358227747590103 0.05762279580201791 0.06853430441594831 0.1309999974846623 0.18841248525975846 0.3363316441941209 1.706611238614196 2.833190617486378 
0.05145081054341805 0.1392148549726026 0.0598391636384876 0.12908552366437656 0.16081797468416467 0.42896512085747435 0.9602177158584769 2.5096018629782266 
0.08505718726638409 0.09816638243807654 0.056838456067464904 0.11800061622522684 0.14330767029999963 0.5384515963087343 1.3204470730786446 1.9263280640285387 
0.08490412784358871 0.10036092202167722 0.06091668846691986 0.1085082869727318 0.18297132754060327 0.625085154232694 0.9472428288858539 4.463941203690271 
0.09484323923114785 0.09330522046084745 0.05186510260364305 0.09694273283594007 0.21129980560804065 0.4396493458398472 0.9035229842122801 2.457261934696192 
0.07721719658119164 0.12469696731696635 0.056294843534315284 0.10404007733964028 0.24110450503308736 0.35720591284762226 0.9179303545620563 4.2956386657053605 
0.09733275742683413 0.07544755622927277 0.06822563694908773 0.13331582755600535 0.334689970185241 0.7582173676314974 2.2609892533126623 4.416088409484251 
0.10673632766278345 0.06061463854494446 0.0539109034064632 0.09441697710333521 0.14978978070841287 0.5773350957133219 1.5524844075572353 4.136346546341379 
0.0983810884231096 0.08989740829851255 0.058214975106833385 0.077499227454033 0.1867999363439299 0.3973556703803312 1.052407877147063 3.9245249525594663 
0.08098946262862386 0.11451610026130908 0.060155541184488244 0.07981070917974907 0.23062612107694422 0.5681275322948597 0.7759180335724383 2.5863446294807813 
0.11370636945376231 0.0560575352437576 0.06244014401524688 0.09139076466803804 0.28164339750151274 0.7543633002939789 1.959467083365535 4.606854448709879 
0.0839271717487611 0.11699723889747239 0.0526768573686794 0.06991466169047586 0.20861487324970748 0.4907940611640382 1.3238461883748693 4.051945214990013 
0.09879668518055919 0.0861140676841277 0.05229087371068227 0.06934240205382075 0.23657657067597124 0.5154863440258565 1.2747928402212805 1.7196023626428674 
0.10437181300772345 0.06060331913232191 0.06941423162531168 0.06648504329273121 0.28808981944536016 0.26815697288382734 0.8369451119094676 3.745425901618148 
0.10475955095095874 0.06157218345929245 0.050157915186230514 0.08310183963068277 0.30382020370077206 0.5021659560446333 1.1548292238849946 2.4309909153597906 
0.07398353946599252 0.12021256138288212 0.05386178044095588 0.0962861873462909 0.37510371311453833 0.734065327070809 1.7321295410682978 3.5209468294616717 
0.05191436915172226 0.13342932130717744 0.0628205733310051 0.06915933760899297 0.26053331384694395 0.5065579264240462 1.0942026025368237 2.4954657999188394 
0.08072944176475118 0.11771907248391233 0.06066017916551484 0.07250342217482084 0.2552605313752582 0.36795387525946244 1.3381531391852644 1.8876870948590208 
0.09929558527959131 0.08598399793082756 0.05523946547170701 0.045513414125222286 0.23553151843203246 0.4774731291807228 0.8974598050004251 3.492079668547764 
0.06693149256937057 0.1251854821234478 0.08064638315431541 0.11396794619728817 0.2921988686675374 0.4331166034427119 0.749377028106399 2.7237920151353223 
0.09309061120320024 0.10388752704529595 0.0648767078365838 0.035637322376776547 0.22947958659959228 0.4206622316337387 1.292531909961751 2.1930127426429555 
0.04858446888836306 0.14758051693197421 0.061777841770201694 0.041911868952603404 0.23582387017224776 0.3064802960738977 1.1483778982333266 2.7786543000870996 
0.08741823164715005 0.10217343252383461 0.09253873949778128 0.08458874190376092 0.39684479959204244 0.9863605568475282 0.6997293344613648 5.3691591955715205 
0.04636483102861467 0.14026297081246294 0.061477347650438434 0.07040438718534212 0.24568494180871686 1.0084536156561075 1.8240055658948848 3.527905527093068 
0.04899046704920877 0.14230444450809315 0.06551624987205937 0.0436006047929954 0.11360666545418967 0.7012384789496081 1.2607621422343493 2.3615854411461377 
0.10747316724131067 0.058271883727815985 0.07126215119057865 0.12526926818691314 0.3119247443631024 1.2799841680688702 1.5926524257956367 7.782235483556542 
0.10402860881956864 0.0843665575617307 0.05288528718002171 0.04727892357828271 0.17271871780070994 0.7561334765728466 1.1573881158977015 3.331779273873309 
0.10497910750455702 0.08884361775787597 0.05432587086024176 0.032872968156830516 0.10345046937350103 0.6146717509541076 1.2318789168428619 2.3574257392989986 
0.0921056235311855 0.09796278506498209 0.06902001234376069 0.05190177745920111 0.16331634207247173 0.643445948903231 1.4262912097942406 1.8487648996314372 
0.08782160657908851 0.09971554832134806 0.07126056051081013 0.06857753747685327 0.2287167181398773 0.71121335022529 1.1815804716953215 2.6330507954000235 
0.04455759111219714 0.14250426654037157 0.05884386218337232 0.10330758631428162 0.2184631828527362 0.8537677230880878 1.4585682695882831 3.701929967614486 
0.08095364959923167 0.10224319608363121 0.07424793034672456 0.10976595489848834 0.3425440356807772 0.9837590072986266 1.2852181870794823 4.693877036502921 
0.09010588501536228 0.10289097178703421 0.08044955449862312 0.059978042338385856 0.15904437229116833 0.6522364503276309 0.9901633756290638 3.9288988213702782 
0.08528875497792668 0.11262559507075338 0.0654728762833834 0.03920460069819837 0.15148599118320033 0.5677354117993361 0.6143434080638762 1.929012928705997 
0.10145737313360673 0.07666397316508465 0.07573963490875472 0.057504223717299636 0.23566501032593967 0.5140769027485842 3.3757149543590708 3.956032566038812 
0.10102269256971431 0.12378406016281389 0.06766294065678392 0.09818033249382463 0.2284584531047448 0.3203715806042177 2.9913500787814673 4.20061492833457 
0.044205489619681106 0.14601057555752667 0.08416873124092399 0.07070049892398217 0.25630265853085926 0.4890850068595699 2.8799166173224156 4.8224804664219905 
0.07859378490110443 0.11762348811699896 0.04088565715577387 0.07997516245584382 0.2957538149288387 0.8182399635055128 2.2200115593986327 3.416525590215351 
0.04504070331717168 0.13851469900152 0.06982456472615821 0.11861268655940947 0.1759247809709411 0.44181321445500576 1.9669281854488145 3.2721206807620073 
0.09301350682087109 0.09889890380366609 0.068996249004863 0.05438693785956436 0.16388540283021344 0.569869770459224 1.5421463066321346 1.7050368103968268 
0.05328625301055887 0.13326124299548023 0.11497534166595087 0.1939707792233541 0.3604366580267829 1.5248009583984632 3.71926605061968 8.962524391864076 
0.04541812461917366 0.13563730512883787 0.0659651866724368 0.09259752140421622 0.16002323854838135 0.6762684972964019 1.8809466737249336 4.6875655435245625 
0.10847030493435232 0.057541824227049995 0.05962060715013567 0.09392846418164591 0.18510641971482014 0.5130538749525805 1.8480453352874837 3.2015326191228284 
0.08028069172005987 0.1169684129337179 0.06397128756871524 0.12663145184594968 0.20026693233129553 0.6873994726423999 2.3013051898121977 3.3950483559582048 
0.08016295498056276 0.11071896190062336 0.08270766809333213 0.15185374502710208 0.40690235911775824 0.5025052303869209 2.0935278955065337 13.856033211921307 
0.08774424624056452 0.11420405418523774 0.06169799250381157 0.05643143918536629 0.1110209805690997 0.482761514835673 1.110583481845295 4.447659478385805 
0.047631535501528446 0.13983710372595537 0.060558394977655416 0.16697703997477428 0.3208415336646752 0.9387765760130712 2.754027014685379 9.172059530206534 
0.0874758363593308 0.11396957453902992 0.059519700388093906 0.07261463873786733 0.12052283339080508 0.5628530374463111 0.5729980528652768 4.521461578114268 
0.0992021796864742 0.08987451279596534 0.06278218421354205 0.07375779220777848 0.22700768437497437 0.4809344490692926 0.9843706918333093 4.582741724278984 
0.04756203953654178 0.13589800901946242 0.07599099541434153 0.12314099359373816 0.2167119947249886 0.29479513935380697 2.486639057033209 7.249194259059522 
0.07410069424429556 0.12585061072012105 0.051377167794314886 0.06986424669697319 0.16734339425925238 0.46969202676698135 1.6938387991578991 4.3511226748355485 
0.1043019500184844 0.06025615657732028 0.0692147548347191 0.10106652549948025 0.16307589320542262 0.3308368063653441 1.1417925749018365 4.437855191987385 
0.08599535550625001 0.11543295794216561 0.05788026464764548 0.0818094458443776 0.24483744776723645 0.6491814900575825 1.038601434954266 4.843625846333274 
0.07157591686595724 0.13639441324206286 0.06427314345118149 0.10027312035476421 0.20023601558705934 0.5023669300596293 1.162498714675186 4.769506376839896 
0.09071968711768724 0.10079855197133221 0.051155905776011555 0.07991284060472423 0.3037351225849062 0.6179420454880373 2.4205677592649404 5.53173051081708 
