1.0000000020315831 0.0 0.0 0.0 0.0 
1.0000000009205188 1.152938095353148E-8 0.0 0.0 0.0 
0.9999998854204581 1.2031650049086574E-6 0.0 0.0 0.0 
0.9999871419076632 1.3537849309406302E-4 0.0 0.0 0.0 
0.9999870706354681 1.3540363638328098E-4 0.0 0.0 0.0 
0.0 1.0275906309445841 0.0 0.0 0.0 
0.9104120727406593 0.8193893916484274 0.22454382559302932 9.743150298049737E-7 0.0 
0.9008596503298026 1.0267064472645637 0.0 0.0 0.0 
0.9009188253466863 1.025674102029487 0.0 0.0 0.0 
0.9014535889756845 1.019628697980003 0.0 0.0 0.0 
0.9014989361007991 1.0134358933610124 0.0 0.0 0.0 
0.9022820635229359 1.002908058255588 0.0 0.0 0.0 
0.904299779666305 0.9959695579341697 0.0 0.0 0.0 
0.9044863374655572 0.9890505316469009 0.0 0.0 0.0 
0.9079405715085217 0.9595333047140412 0.0 0.0 0.0 
0.898237055900246 1.0236463118580195 0.0 0.14305270096297606 0.0 
0.920038803120392 0.8279550978447828 0.0 0.0 0.0 
0.9298407713847643 0.7263101582910308 0.0 0.0 0.0 
0.9303706798722245 0.7210248294234739 0.0 0.0 0.0 
0.9502606006681676 0.5149282318933632 0.0 0.0 0.0 
0.9504585021426676 0.512989313047201 0.0 0.0 0.0 
0.9504586611924151 0.5129404783851548 0.0 0.0 0.0 
0.9504601413008863 0.5128525816051143 0.0 0.0 0.0 
0.78528463007843 0.0 4.8231509797194745 0.0 0.0 
0.8681945611059904 0.46846345229619996 1.8565018979923007 0.0 0.0 
0.9809110836796054 0.0 0.42623731669818626 0.0 0.0 
0.9436713555566912 0.3131882125959814 0.42952183311663306 0.33119115210285843 0.0 
0.9317891530898674 0.5074558504767511 0.4120244432944942 0.0 0.0 
0.988027767867932 0.028908178287951638 0.23652403174490125 0.0 0.0 
0.9534292637629532 0.40318162161170046 0.23739730784753083 0.0 0.0 
0.8833702167407064 1.0079414745958282 0.4162992372329604 0.0 0.0 
0.9938855189372603 1.196278117697327E-6 0.13525194235619128 0.0 0.0 
0.861951933400688 1.0003791469417178E-6 1.8257102786835069 3.7367527546386485 0.0 
0.987086122788644 1.1948520811658456E-6 0.13478471567016068 0.3328900255935747 0.0 
0.9043367981494912 0.8112196131568654 0.22441221736812406 0.35730024147261535 0.0 
0.9882387727870452 0.15381209786236227 2.342896284515798E-15 0.0 0.0 
0.8761820100591026 1.4056754023739151E-6 0.0 6.083555365659887 0.0 
0.8907660026292931 1.0132617503785448 0.0 0.9233380405137623 0.0 
0.9932582062932991 0.0 0.0 0.33123386497513124 0.0 
0.9140533458405098 0.8289880179372088 0.0 0.3360926453762304 0.0 
0.9967444299139366 1.1992497580940263E-6 0.0 0.1599436206442285 0.0 
0.9688647646161003 0.3224124697439534 0.0 0.0 0.0 
0.999936581075975 6.743929154587013E-4 0.0 0.0 0.0 
0.9855654845155837 0.0 0.0 5.16629154366227 0.0 
0.999264170591241 0.007863638208781075 0.0 0.0 0.0 
0.9994474732389091 0.005724946278410421 0.0 0.0 0.0 
0.9989858623817002 0.010516639298279166 0.0 0.0 0.0 
0.9971143996168829 0.02989404615256832 0.0 0.0 0.0 
0.961053934705839 0.4129672906961185 0.0 0.0 0.0 
0.9994759587820305 0.005426558741739949 0.0 0.0 0.0 
0.9996383654318388 0.003746035780261072 0.0 0.0 0.0 
0.9988170071934647 0.012265628182597483 0.0 0.0 0.0 
0.9993066826231042 0.00719546985251195 0.0 0.0 0.0 
0.044952226546049925 0.0 0.0 0.0 23.773344090945347 
0.11655012467856063 0.0 0.0 0.0 15.712164278404016 
0.0 0.14603038044407524 0.0 0.0 23.061509753972352 
0.6069984441161778 5.978117868708565E-17 0.0 0.0 1.0751850169527721 
0.9688558079728433 0.340718295559312 0.0 0.0 8.832952108862755E-15 
0.9879250709365546 0.12625940285299556 0.0 0.0 2.97099724578575E-15 
0.998815213541479 0.012268775092934362 0.0 0.0 2.9573472810760535E-15 
0.9115900628524805 0.9153165864019711 0.0 0.0 5.903399920422302E-15 
0.8992864804966008 1.000514577412733 0.0 0.16010727615345302 5.912193280579348E-15 
0.9555337988114574 0.4985142992126645 0.0 0.0 2.9509844009788416E-15 
1.0000000005121168 0.0 0.0 0.0 8.871894146356822E-15 
0.9009490901955841 1.0221495616917842 0.0 0.0 0.0 
0.929840770664745 0.7263101731215921 0.0 0.0 0.0 
0.9466403046367986 0.6861269204075363 0.0 0.0 0.0 
