1.7227343724926947 1.7227343724926947 0.5990194039440786 1.123714968548616 1.7227343724926947 
1.7213844165393168 1.7213844165393168 0.9033835094908234 0.8768795623941535 1.6625057611936567 
1.7202818605383314 1.7202818605383314 0.2687766409825746 1.451505219555757 1.7202818605383314 
1.7202807177231092 1.7202807177231092 3.819790523269771E-16 1.7202807177231092 1.7202807177231088 
1.489719917364866 1.7230131325834128 0.7563926744410321 1.2001241912837182 1.723083305224343 
1.4767339781844733 1.7198281939018398 0.5219603974930649 1.4411960079642228 1.7199061925145336 
1.7029732285663841 1.7241607076632504 1.3768316205182942 1.3436616523386162 0.7490961650524501 
1.513290420788445 1.7227263387082428 0.8553669950670248 1.523337993786271 1.2762095842630983 
1.690503084683022 1.7196675973999804 1.7020699038444085 0.272692387866009 1.4937374158065018 
1.4674036385859188 1.723194798193411 0.6633569985516983 1.6278223155575275 1.4113092012201287 
1.6893407438437205 1.7206987137501901 1.698263819369798 0.05386813005525141 1.7207238023396534 
1.6465952239576764 1.7214840239791347 1.593984388885655 0.984360850223751 0.9395469896532838 
4.062239255366679 4.062239255366679 0.0 4.062239255366679 4.062239255366679 
1.4434600461081963 1.6804023386296763 1.481258108747075 1.0164914060685308 1.268427981057138 
1.4149003051936635 1.723404085612334 1.514681075064074 0.672767574557227 1.5690510866078808 
1.4637797138760482 1.7205750334448329 1.2787388730656075 1.670790928916294 0.7492355870579844 
1.24058525802634 1.7198640994379086 1.1279218433277918 1.0716530730998568 1.720008091297299 
1.2269783225824527 1.722090468785868 0.8792930424599611 1.3379095725293222 1.722090468785868 
1.4296711122006234 1.7233255517335733 1.5607856383647232 1.2523501015360068 0.9271698030993664 
1.2407003160504217 1.723094170613856 0.9015973818808468 1.5314630657189272 1.4961021482807875 
0.15747708342647476 1.7207655937562858 1.7220163349160293 1.5657899926492982 1.7220163349160293 
0.41044310880342827 1.72249883512097 1.3131243672037813 1.7227789167477836 1.7227766963464284 
5.860141704862797E-4 1.8999501748633694 1.9005334643974183 1.900530739760981 1.9005334643974183 
0.34880684508796855 1.719328625775433 1.7045831869380916 1.6198208307370443 1.4897663173022384 
0.4230621943680506 1.7214654369985916 1.616844474838043 1.4402272947979875 1.6858581716308823 
0.5296490166082042 1.7208761551273528 1.707350394996456 1.205827832023217 1.7212344662517434 
0.5460569856218547 1.7206850215712688 1.7057400043837192 1.646665484260633 1.2678719272622738 
0.6729549252530639 1.7227494649289163 1.6411120378431259 1.1679538887396341 1.6868858775030422 
0.8032256506213598 1.7211918078775679 1.710499099079733 1.6538290433432317 0.9960216305883791 
0.5646047839913214 1.7229225559840415 1.3777483769020449 1.5045371878642344 1.723270968247214 
0.9060792303299132 1.7227458705528589 1.7134730486657646 0.8266764015214629 1.7229915170233332 
0.9305403142366202 1.7206066360406038 1.7206066360406038 1.3129332493430395 1.197739708501548 
0.7321732290952219 1.720976836884765 1.4262604760673572 1.2839906459997714 1.7211337293490385 
1.00005799361747 1.72289083286507 1.7146834446330053 0.9602782883730738 1.4945224601746991 
0.6470643242603753 1.7203805398752805 1.400406139841094 1.6193144637297177 1.494356691794654 
0.8419427955928309 1.7221609500293527 1.4598593725028308 1.1433140186605844 1.7224257122618662 
0.5378477417037067 1.7212612686278805 1.1844402436644283 1.7217746269980079 1.7217746269980079 
0.700631297120588 1.7211297261941205 1.2612941090243508 1.4808198105914392 1.7212916476434996 
0.8678590809039965 1.7236660822425833 1.4688633904099841 1.7244794125933887 1.113049684223602 
0.9239231279445687 1.7209854042742951 1.4814835886314777 1.2641549860903187 1.4943535087259985 
0.6141665774056205 1.7003492996982175 1.1249351553241267 1.7197255162139824 1.7197255162139824 
0.8501075155495962 1.7219420992463368 1.0984281392029722 1.7131934872706989 1.5040971557157432 
0.7860805285571949 1.7200976857085664 1.0518607408662766 1.6044909899593052 1.7208433150304476 
0.9137567759290253 1.720146407930779 0.8070892469001032 1.7204962153799537 1.7204962153799535 
0.7293200620256245 1.7217359455526493 1.271519694554032 1.4427668895027177 1.7217808638783412 
0.9869445438698132 1.7209952075085935 1.1807267639161674 1.721127082050721 1.2750894301705598 
0.9980515104236776 1.7191480777701118 0.8280051826349529 1.6139902629248657 1.7197316779178693 
0.8469320126519728 1.7200840009273182 1.1318428263315456 1.4634889125486055 1.7207825841531474 
1.103339996963303 1.7203443482200242 0.6170043512567215 1.7203443482200242 1.720344348220024 
1.124715673950551 1.7215308952280224 1.0436600813922678 1.7216759669707815 1.2754960691498938 
1.16929743462499 1.7206904756331913 1.3556938851028808 1.7191410410239667 0.9181737253249397 
1.1355566447516579 1.7206573200581243 1.6111886620400608 1.670691661136589 0.7466658701674723 
1.2141741163850674 1.7226312709073768 0.5323828999732632 1.6991644812671702 1.7227842561776259 
0.8686527171645012 1.704608733350722 1.2617542246978124 1.3235479279523714 1.7195212010551357 
1.27756057743647 1.725101215336691 0.9623442477214369 1.7254910920367237 1.2114672356155733 
1.0416136053992686 1.7220387198936993 0.9495217424657221 1.4530053902842006 1.72205981934763 
1.1388368720375084 1.7256114840745167 1.292259950059734 1.5347804665543816 1.211678348911576 
1.1310491274247396 1.7226897472072358 1.0916539263203386 1.4962937096907374 1.4491458634489267 
1.016669918648311 1.7187010899309088 1.2450551292110352 1.376003686820602 1.5344158957452225 
1.3937785733990127 1.7225168672116948 0.3293627672593683 1.7228291039350379 1.7228291039350379 
0.8912576933091196 1.7219518956811797 1.3451024233162612 1.2076769360664805 1.721996316124347 
1.034189207321017 1.720950958654492 1.209559776779503 1.1987859903867237 1.721161977713912 
1.057989238858779 1.7222962877654364 1.5336044667263462 0.8538654855226719 1.7225851596244108 
1.1748943454801835 1.7214072799617561 1.3305955848977948 0.937324629545534 1.7214072799617561 
1.3112976656816968 1.721115387813076 1.689005516708263 0.4422081174389618 1.7212088958806657 
1.130277795858119 1.749142210226545 1.3065460928568806 1.2827465936681373 1.5278561482964983 
1.1804381365378207 1.7218075022031385 1.3345794419963337 1.1468208090114347 1.504090072974481 
1.3248781441462267 1.825591394935291 1.5483941049638466 1.0215197830227574 1.5838057000659815 
1.1848966850255964 1.7226753662706686 1.569891942133026 1.019768003096292 1.394116505810422 
1.0437046693114715 1.7218974641228117 1.5181136312444887 1.3365629105728294 1.2681271600400092 
1.1099868439093914 1.648544757825659 1.515986317408804 1.3457451457958522 1.2681236378195582 
1.2184019207887615 1.7226383618147576 1.1501562428678807 1.5232682830949813 1.2761511826130953 
1.2005104532910102 1.7008892582320725 1.7208136969393353 1.1350775653445777 1.1259638139503456 
1.4267916943641348 1.7227532738507594 1.6512267387245905 1.3427683375426958 0.7485981388665841 
1.3602710822115127 1.7215756994878375 1.4540718499269758 1.60394690140597 0.7468813325180651 
