446.32689761637755 0.7853953260946055 0.7853965420803547 0.7853977580679865 0.0 
88.77720989731945 184.2999249001277 201.1311110407361 232.98372878390083 86.03630708633017 
247.22615420725538 0.4262454982710885 239.215808550082 194.19644472771566 226.8430059064792 
143.10504768556055 0.25862070502210915 0.25862112734985865 410.35505183123684 0.0018007222519104463 
391.66183904473286 0.6457075268388788 3.1839250897575555 0.6457297397770327 271.1837946105196 
291.7513885573057 277.8462718468869 0.785367181374027 3.549821799552805 0.0 
246.55412141535865 156.17261481561596 286.94839904776074 0.6443427576356081 285.2578360049903 
247.65004916870762 160.17997488642268 7.330127926300711 0.4972814366531393 360.66628156688955 
161.97116620592197 152.06777172022376 0.4068264167875877 299.6108948088913 211.74785965594518 
204.74626623276296 326.2388843306177 1.2647914252243464 312.75906002250076 116.4727770151118 
108.8085085479734 0.2151570435516088 279.8315970603782 169.52197756242998 197.17180650485008 
50.62560594038226 0.7814881024608759 0.1242602727629621 315.99173962644073 0.0 
138.60273212583476 298.06224367553955 107.60030088937201 229.66478657620053 0.0 
129.46928309373547 123.29789673434507 58.51874984777788 151.04932456109358 349.5880914035725 
89.72696759107367 144.7587154026861 419.5460602390984 0.7504819095142835 139.71848622735948 
101.13873683201093 215.0771823864335 233.6773066558366 0.644342622450264 232.29982078456248 
79.5948965191421 0.11942894317973021 444.90165133450523 43.30191317348293 260.4614955432047 
149.79202029652916 318.5850492563263 48.48003928770536 0.6442319222168902 247.80488225160354 
0.7853961642389735 531.7199648364917 0.7853970210205338 0.7853978778031262 0.0 
0.4937715727141493 297.7523630745134 363.1501341826034 61.40195641195528 0.0 
0.6844272764825317 371.6132651878031 0.6844284373139341 3.714724366644599 209.13357212395016 
0.5345086749126141 334.1423037297243 342.0816085656672 0.7649429091064341 111.32423647322985 
0.44348144089702823 256.0923887185509 256.0184206468653 239.8408126116824 130.54551401807618 
0.5284987545610916 262.76524516321456 6.613677899995272 216.04152534326235 191.63003033026865 
0.330204130981304 178.27682468961046 350.2238463508014 262.84718556634704 0.0 
0.46235852721857323 262.2605354460182 268.4906712103483 0.6616863389292085 239.9973927625653 
0.5309033797464436 331.4666063504901 0.5309040607299774 6.773473481462126 361.2974262349056 
10.40859603077876 188.71507551792814 185.82592574885334 272.0136518134247 213.90808003045936 
0.4238803403114035 306.58095103295267 100.25248768019678 7.834018943464406 467.53070857137567 
0.31536642135363335 163.88405528497822 321.92631661604804 240.76434509373797 129.79230832289673 
37.166019870605865 153.84233455181536 389.9502556106085 0.6443427720498522 293.31080740265935 
79.7184971470905 169.56939746217014 184.22449479555135 0.4491012664751203 376.99608978318344 
0.1840676093560867 94.51244554093122 243.0766115589176 233.5275909265942 200.1931154539149 
0.13062335979546405 76.7248822560001 381.00955801496787 0.6616863620445548 248.5236949887374 
3.672124569333396E-4 0.7853979630924584 1679.817817194177 0.7853981347824429 0.0 
0.10376320324875833 65.99060388812264 354.4510206407794 318.18329873000266 135.13641059133764 
24.409601852422753 9.96107562357921 526.3391715792769 0.7853978726621567 0.0 
42.562152489512044 40.53320085201345 434.8683774557075 3.7970039479853153 0.0 
0.6296886105407031 0.2225281531531239 354.19015193145157 219.19472906528446 0.0 
0.14798746841186308 86.71951236235041 451.993170814477 0.7853977821965177 0.0 
72.47064650837952 0.14087950942500008 397.46815489374933 0.7853976687351114 0.0 
0.042543299569371265 0.7508966439673502 363.7440523149943 0.7521024668041077 109.42554528951622 
58.40493763044195 55.620463072125254 420.37053073923556 169.85760281199487 0.0 
56.98602952698167 0.5507956159692499 312.39488170582376 210.36145429891587 0.0 
0.11454190825990199 69.6105953918258 362.91028874294483 302.1192111811705 0.0 
0.655661057873324 0.0060668393973612785 388.2520181210089 218.4246283125475 133.52335162818576 
66.9137275173634 0.64199097201779 363.8813324016042 0.7523300651875527 110.89580595787139 
4.599282633758333 0.009081431003208169 236.88684446325937 319.4999829284 0.0 
75.31641105617733 122.75734802311086 360.1193582540997 0.7853974324011315 0.2727656920510208 
0.4597901045027724 120.83780698454493 310.73616557875215 188.2572256076705 25.335510736769294 
5.460942615793839 0.008858435530748167 286.3499769238616 386.2640745233913 56.54846362213395 
0.4939996082996131 0.47047272177107075 267.8015451584599 13.166227500019597 152.21358427336358 
0.5100839935431648 135.77459159317146 349.16604684290405 3.0476360370600117 110.5743964855729 
143.08300069540584 0.2955643705721891 352.2614668404487 0.7853976048431686 0.0 
1.2908228492563892E-7 3.184037846327694E-4 0.7853980773426179 1937.3203764048349 0.0 
3.4072549470833953 8.232972017000577 9.003520264613595 418.08726793634634 0.48315493758261185 
0.03430701421149079 10.510023092197162 27.049075064891607 516.9507393172768 0.9997659266439677 
0.08425403901069839 15.975230497420641 0.023475966333006543 534.2265936908941 0.6173619240674965 
1.1792643255791532E-4 0.0011821745036489327 0.7848102533551796 518.4395576261838 20.05045611547005 
11.336453613487976 0.023963386425797144 0.023963439963491234 371.37872285654254 0.429180028432002 
1.0868555515210032E-4 0.061497419847485926 34.797067088406074 443.03696060891315 0.0 
0.001523403124232255 2.9590483857580844E-6 0.7842931761676978 403.7774220091701 21.422065447317145 
0.11010762759043333 0.04292030575831012 57.92623506750427 380.5917465264862 0.0 
0.042608791483084385 26.570014416519008 26.486418148539137 488.32041124994913 0.0 
16.63515338164239 15.842156937508214 0.04126932770755794 436.573175873738 0.0 
0.06943389498847313 12.840175132426467 0.020591554624513255 488.5170660618692 32.33648279767166 
10.955726322870945 0.0208163971989388 0.02081643477436894 412.3101669117345 27.292315238626976 
28.014908731267287 0.04121899269120045 0.04121903730646457 533.0686124937469 0.0 
0.061316174704432826 40.58769263721177 0.0613162446735195 518.3009032037077 0.0 
0.09929645313682388 0.09880324667528684 0.7679175001284229 381.4147595895959 42.40147517414292 
0.28843126487836135 0.4701579548560669 0.5481097286533336 414.505856606876 58.83991473283101 
9.652661014475614E-4 0.25868949239826167 130.31712632780668 373.56238735836695 2.5881174994781575 
0.12426273721466803 50.53838157163543 0.12426311283529191 315.4032927595465 0.0 
0.7645655585804838 0.007826581608697371 0.0031469284106416325 321.9539606337697 75.5787155575351 
3.877412459528595E-17 2.843704419860177E-17 8.477702684275784E-19 3.9361190640028666E-14 642.8175053710216 
5.30726535857724E-4 0.34488482786630187 0.07362903286366262 229.16905394338454 456.0361838089845 
0.05039575023722994 0.019645801283128567 25.941926537589133 170.40416223817812 334.93466911593214 
3.153959470417966 0.004965072951713589 164.14942855221125 213.00905595724484 535.1746889326058 
46.40346859282567 0.09316082742332833 114.34018331850802 160.07419464725953 402.20054293670546 
0.2531418149745839 0.23493020907946524 198.80211564937255 162.54187941831543 372.0988886360564 
0.00860972906522592 5.475452170947664 283.64750951689075 0.9643954316963516 411.0918195517632 
40.999032229784426 0.07604757889110397 220.00321846789623 0.4151013099187364 359.4550692770893 
0.29495284282870915 87.67375828335179 225.61010385967813 136.6229517999376 402.7474416369672 
0.07153087544080258 0.07117553873247619 0.5534154128754263 287.97847664333324 280.5796398869301 
45.2186322146534 96.17109627712144 106.73580774685612 123.1500603348631 381.9988259606875 
0.21329411411985078 130.16903714183582 17.90655710434883 170.45486288607339 428.277129313613 
0.519927607334889 0.21303450487409448 303.48330224903367 14.721356801345575 296.0337254759453 
0.35825114837817945 107.13570071216517 275.70012365497894 166.95256977730887 360.95285859278323 
101.26207407382769 0.18127712504524204 0.1812774155177498 271.3897874078976 329.5067677494754 
0.38106229240955986 105.03540071449096 259.27429810917926 2.239094304398005 310.62868726904946 
5.926896658111674 0.009604640910798053 303.69069040750327 248.33880852005512 284.5333677706759 
23.02289529580664 175.66372059372614 0.35644303008537676 0.3564437514903271 347.855886380922 
0.7967664258226267 247.43889402487457 0.3643894638879873 1.880824686038515 472.4497094062477 
0.0026982883276676 0.0025696990640211143 1.8327157901674924 335.937770081225 190.7128651801272 
