1.0000000035077241 0.0 0.0 0.0 0.0 
0.0 1.000999806021364 0.0 0.0 0.0 
0.9824390466719578 1.0003540624628822 0.0 0.0 0.0 
0.982438194858388 1.0004055966998613 0.0 0.0 0.0 
0.9824381949218914 1.0004054353489573 0.0 0.0 0.0 
0.9824381959769085 1.0004046432620326 0.0 0.0 0.0 
0.9824382383758301 1.0004000709869727 0.0 0.0 0.0 
0.9824386895450552 1.0003917237557878 0.0 0.0 0.0 
0.9824389474735482 1.0003630471789633 0.0 0.0 0.0 
0.9824389475325112 1.0003626927937255 0.0 0.0 0.0 
0.9824389475476248 1.000362596647919 0.0 0.0 0.0 
0.9824389475773295 1.000362545062125 0.0 0.0 0.0 
0.9824389477228023 1.000362362059479 0.0 0.0 0.0 
0.9824389503978121 1.000361668206928 0.0 0.0 0.0 
0.9824389546321127 1.00036022587437 0.0 0.0 0.0 
0.9824389545323269 1.0003600097747987 2.5661247689605116E-15 0.0 0.0 
0.9824389549926476 1.0003591620897443 0.0 0.0 0.0 
0.9824389660487128 1.0003571067155124 0.0 0.0 0.0 
0.9824390001462229 1.0003555206235777 0.0 0.0 0.0 
0.9824390279199907 1.0003544696096869 0.0 0.0 0.0 
0.9824390466476723 1.0003540679261194 0.0 0.0 0.0 
0.9908258977020528 0.4026613253679276 0.0 0.016565390845330513 0.0 
0.981367190816582 0.9992719129551877 0.02521507268430695 0.0 0.0 
0.98338256306131 0.9466094882363336 0.0 0.0 0.0 
0.9978810175647007 0.0 0.0 0.01655916224496153 0.0 
0.9869288827121311 0.7638599906261216 0.0 0.0 0.0 
0.9946138101744819 0.30682384181175365 0.0 0.0 0.0 
0.9991894615442048 0.04617293990413284 0.0 0.0 0.0 
0.989055802751621 0.6234350002326379 0.0 0.0 0.0 
0.991263561838263 0.4976690233768582 0.0 0.0 0.0 
0.9994101701319796 0.033631441970525824 0.0 0.0 0.0 
0.988976930239133 0.6279283458699452 0.0 0.0 0.0 
0.9978872546518646 0.12035249812473993 0.0 0.0 0.0 
0.9824394347160866 1.0003488928232391 0.0 0.0 0.0 
0.9824833277297438 0.9978349645126884 0.0 0.0 0.0 
0.9826345211066215 0.9891840501964576 0.0 0.0 0.0 
0.9803964108044665 0.9960053891582455 0.0 0.016559225811385535 0.0 
0.987770457335438 0.6966545366517274 0.0 0.0 0.0 
0.999998661916473 7.643337855041526E-5 0.0 0.0 0.0 
0.9836856917683348 0.9293425799185526 0.0 0.0 0.0 
0.9630842139194585 0.3886203216796072 0.0 0.23773785053941232 0.0 
0.9803964113601172 0.9960046907810475 0.0 0.016559261163483604 0.0 
0.9803964107886906 0.9960054063836377 0.0 0.01655922598366957 0.0 
0.9803569188861109 0.9982551682261382 0.0 0.016559290052558767 0.0 
0.9825143332307241 0.9888778462865364 0.0 0.016391500808904665 0.0 
0.9996659530507006 0.019029149161590667 0.0 0.0 0.0 
0.9999986650897166 7.643325668277221E-5 0.0 0.0 0.0 
0.724705593402736 5.197761737746897E-6 0.0 0.0 19.713334474814324 
0.9870709456446375 0.485424517616151 0.10270593520703301 0.0 0.0 
0.6617756630423621 0.6049286454247397 1.0133450319410957 0.0 20.117322590578127 
0.9978421615906594 0.12292576393367487 0.0 0.0 6.7726211955428244E-15 
0.9783548069435485 0.9817114847728117 0.1019694536592928 0.0 0.0 
0.9773076754043928 0.9654300730457572 0.34582686304954946 0.0 6.699804585388288E-15 
0.987587516519571 0.0 0.48878437008411957 0.0 0.0 
0.9846533760175225 0.3991950526030609 0.2128212239920128 0.0 0.0 
0.996588233700917 1.7527949235064527E-6 0.10248774193334914 0.0 0.0 
0.9986955056068935 7.643181712246754E-5 0.05097991465567276 8.573576115618237E-16 0.0 
0.9804206146410225 0.0 0.33632225533762605 0.1624563946303227 0.0 
0.9900475149747812 0.2023189640257828 2.549770386046595E-15 0.05002015336887878 0.0 
0.9994100938093672 0.03363206918392794 0.0 0.0 0.0 
0.9929213453361863 0.4032395016056468 2.5662437930281765E-15 0.0 0.0 
0.8883763831128301 0.0 0.0 0.8889597334353697 0.0 
0.9827205630884416 0.792508748248643 0.0 0.0642673965412943 0.0 
0.9951714345397337 0.0 0.0 0.037733303655044854 0.0 
0.9778399634736906 0.9934092788579485 0.0 0.03689311906403263 0.0 
