0.9997175292598742 0.026355135108463393 0.0 0.0 0.0 0.0 0.0 0.0 
0.9999875711315385 0.00775965316436447 0.0 0.0 0.0 0.0 0.0 0.0 
0.9999873634458085 0.007759887792101294 0.0 0.0 0.0 0.0 0.0 0.0 
0.999977114004894 0.007762406095704163 0.0 0.0 0.0 0.0 0.0 0.0 
0.9998062735229432 0.020470937292397223 0.0 0.0 0.0 0.0 0.0 0.0 
6.125062012464655E-17 1.0022197306766436 0.0 0.0 0.0 0.0 0.0 0.0 
6.12329342547598E-17 1.0023304043266998 0.633094933392437 0.0 0.0 0.0 0.0 0.0 
6.122910447367686E-17 1.0017419488870054 0.6332883219830826 0.0 0.0 0.0 0.0 0.0 
6.13101045767589E-17 1.000580894532947 0.6368209509532624 0.0 0.0 0.0 0.0 0.0 
0.11122007486262399 0.9965331133932059 0.6333751840015398 0.0 0.0 0.0 0.0 0.0 
0.11122132086816959 0.9960059489282174 0.647721719233182 0.0 0.0 0.0 0.0 0.0 
0.7183390928488823 0.6981331393275604 0.0 0.0 0.0 0.0 0.0 0.0 
1.7806361634517813E-32 6.49496540038014E-17 37.269539436072215 0.0 0.0 0.0 0.0 0.0 
2.3081145241971126E-33 2.9789930381120286E-17 13.901396764819049 20.8176898974869 8.238689230014213 2.4294906712256563 0.0 0.0 
3.1513896787282285E-33 4.8088730045054247E-17 20.313068797583878 2.7736110459051533 0.0 1.8617701512973388 0.0 0.0 
0.7398113534133789 0.005679229481597532 26.060296944283813 0.0 0.0 0.0 0.0 0.0 
5.655721437801274E-17 0.9229063609802604 14.822270483987046 0.0 0.0 0.0 0.0 0.0 
5.857089882007194E-18 4.849421825915605E-17 25.616792576666832 52.153526557225874 0.0 0.0 0.0 0.0 
1.995102029160488E-33 3.323245583353019E-17 14.727296707073824 22.472974331241716 0.0 2.480752302680555 0.0 0.0 
2.5033164308053384E-33 4.476199297731266E-17 20.878606567340572 0.0 8.686545886220477 2.4159008221736813 0.0 0.0 
0.034674527533449864 6.792885268108682E-4 19.4117476549163 0.0 0.0 3.967984109682263 0.0 0.0 
0.7051827697550869 0.0 24.80971419244246 0.0 12.138900722781052 0.0 0.0 0.0 
4.569482396853499E-17 5.17819313703961E-19 27.21770969597773 0.004703644422584906 0.0 0.0 0.0 47.57784989242255 
1.3035329786918266E-33 2.431162168895641E-17 11.573061898873648 23.0396671157135 7.845492965114906 4.423470161914228 0.0 0.0 
3.6304640419149895E-49 5.270983517776452E-33 2.5688310743646145E-15 63.39542344472366 0.0 0.0 0.0 0.0 
0.00927402851167391 0.7078180254547983 0.0 52.145322742785616 0.0 0.0 0.0 0.0 
2.1319354528991902E-49 3.0383485763573747E-33 1.2887083199190425E-15 36.46046119390853 0.0 2.0277295403298083 0.0 0.0 
6.520216962184405E-33 0.0 2.5140667378405233E-15 67.64447404337456 8.265904258000194 0.0 0.0 0.0 
1.8844865840183447E-49 2.9034838977687284E-33 1.196227532887779E-15 30.96978059714961 8.242736976719849 1.8172634855529115 0.0 0.0 
2.1341796856916634E-49 2.8253762520911803E-33 1.2954120974505709E-15 32.258877629403905 8.59068744044154 2.5525101536040515 0.0 0.0 
2.213356952908161E-34 4.790898802722494E-18 1.2540846785839728E-15 29.19801764489378 8.66149727496862 2.1499808300609757 0.0 0.0 
1.2266238883819202E-49 2.3042418841859916E-33 9.227701539543355E-16 27.355180832016934 6.372302585051228 2.7842015025819986 0.0 28.86811669863963 
6.122166447949986E-17 1.003103606474831 0.0 1.4007216988664062 0.0 0.0 0.0 0.0 
1.000000077828167 0.0 0.0 0.0 0.0 0.0 0.0 0.0 
6.120857941514673E-17 1.0016168019894887 0.0 0.0 0.0 0.17178381594493267 0.0 0.0 
0.012522786703219988 0.9540270169557027 0.0 0.0 12.140118993284943 0.0 0.0 0.0 
0.9564274809619133 0.019418120422908674 0.0 0.0 15.60264581165652 0.0 0.0 0.0 
0.9893991923031219 0.0 0.0 0.0 6.243132090464728 0.0 0.0 0.0 
6.131864079182908E-17 1.000717063505737 0.0 0.0 0.0 0.0 0.0 0.0 
6.123287672596387E-17 1.002346360984101 0.6330683076390654 0.0 0.0 0.0 0.0 0.0 
0.9998676334297801 0.0 0.6342364823077508 0.0 0.0 0.0 0.0 0.0 
0.3521912600653646 0.9434314720379638 0.6411066449616533 0.0 0.0 0.0 0.0 0.0 
0.16166852163327652 0.9953163683714435 0.6403071104311819 0.0 0.0 0.06037479818351 0.0 0.0 
0.1112171512109838 0.9963696764092641 0.633819927307946 0.0 0.0 0.0 0.0 0.0 
0.11121722589262524 0.9968650398796916 0.6335332279646453 0.0 0.0 0.05748120015260175 0.0 0.0 
0.9218028399659834 0.3907462773434074 0.0 0.0 0.0 0.0 0.0 0.0 
6.255681187758873E-17 1.6279391358370154E-18 0.0 0.0 0.0 4.9703585573350235 0.0 0.0 
3.241681975981669E-17 0.5722340405045266 6.69784112866299E-4 0.0 0.0 3.7899025538328703 0.0 0.0 
0.5066838953617554 0.034573560087179905 0.0 0.0 0.0 4.280427934716115 0.0 0.0 
6.33026544935167E-21 1.0250312695739472E-4 0.20661593221847246 32.45191590819121 0.0 3.2100022543782303 0.0 0.0 
5.1027492535506483E-17 0.9000770548203227 0.0 0.0 0.0 2.430473324566786 0.0 0.0 
0.5652413486796323 0.0 0.0 0.0 8.006442733733547 3.8094574124626823 0.0 0.0 
3.538673606417327E-33 6.380448287484467E-35 2.1712593783158232E-15 0.0 0.0 3.6267540797865654 0.0 28.741196006681264 
5.508741160071025E-17 0.6868027967199302 0.0 25.28215139353672 0.0 2.6537465411941237 0.0 0.0 
3.4731352783207397E-17 0.5082626305128412 0.3245020659815839 19.75565053724601 8.532404135277778 3.5322274336442874 0.0 0.0 
4.8649432948348106E-17 0.6755967122327307 0.32912712789318194 0.5733528923314737 8.11786118829877 2.9054110389128542 0.0 0.0 
0.7750616560155472 0.01653759526649774 0.0 0.0 0.0 2.680234177437144 0.0 0.0035626965574187346 
1.7218522875382115E-49 2.860114908572399E-33 1.3470846838768943E-15 30.338357669454115 4.5756162238058025 3.155446875402044 0.0 0.0 
3.2236400367407106E-17 2.848124305171393E-16 0.0 0.0 0.0 7.645539928145673E-16 16.314296622408968 0.0 
0.9202028817409583 0.03531865345248941 0.0 0.0 0.0 0.0 0.3510361462121964 27.44867347711275 
0.35223013036738293 0.9435208109827827 0.0 0.0 0.0 0.0 0.0 0.0 
0.9994133446985394 0.038426023527540584 0.0 0.0 0.0 0.0 0.0 0.0 
0.7577460525331582 0.0 0.0 0.0 0.0 0.0 0.0 47.66537263160401 
0.0824014584474173 0.7748876024863723 0.4682398486579651 0.0 0.0 0.0 0.0 46.86661143636217 
5.506451251286777E-17 0.9011801831708278 0.0 0.0 0.0 0.0 0.0 30.68039669886799 
6.093029509445894E-17 0.9942611921272828 0.0 0.0 0.0 0.0 0.0 7.9699196086434085 
0.6999621483786571 0.715708980568271 0.0 0.0 0.0 0.0 0.0 0.0 
0.11122023325787106 0.9964722919326547 0.6335234421894432 0.0 0.0 0.0 0.0 0.0 
0.9358999028766875 0.35341587700574 0.0 0.0 0.0 0.0 0.0 0.0 
6.116525770894882E-17 1.0012588867996717 0.6324055853166038 0.0 0.0 0.0 0.0 3.2024942497091673 
0.9206374505615357 0.39138832350396385 0.633007614985252 0.0 0.0 0.0 0.0 0.0 
0.11144544720953255 0.9976127400833048 0.627992423618777 0.0 0.0 0.0 0.0 0.0 
0.9983394027518188 0.06455308185794449 0.6299722489936701 0.0 0.0 0.0 0.0 0.0 
0.11195849145200261 0.9963239812210366 0.0 0.0 0.0 0.0 0.0 0.0 
