0.028958483692679948 0.0 0.0 0.0 35.56629169741374 
0.014141888909588118 1.2524092625199046E-6 0.0 0.0 35.566239243358844 
0.029176352074713918 0.0 4.536537777433125E-4 0.05560228316591065 35.56258145713901 
0.029176352074713918 1.2514997109747128E-6 0.025030456762944908 0.23138204755386838 35.55033855658304 
0.0 0.02012227999331273 0.0 0.0 35.56472166646359 
2.0180170567840605E-4 0.01950218170033935 4.470204418822732E-4 0.0 35.558091242108745 
2.0180170567840605E-4 0.01895554206922867 4.536537777433125E-4 0.0 35.55761498374232 
2.0180170567840605E-4 0.01950218170033935 1.7551659610148818E-6 0.05113461516748785 35.56392167320627 
1.572209159590443E-4 0.020967195703185837 0.0 0.11095191357818379 35.560555806497234 
0.030593525989363712 0.01950218170033935 1.7551659610148818E-6 0.05113461516748785 35.55866462940378 
0.029176352074713918 0.0030597155164961976 0.0 0.21884747905274082 35.551660811925025 
1.5486144384624367E-6 8.213945079660334E-10 0.11191390062913698 0.0 35.56530736271306 
2.0180170567840605E-4 1.2524092625199046E-6 0.11191390062913698 0.0 35.55997784655069 
0.02911838009862322 0.0 0.11723546516639871 0.0 35.55705979234388 
0.02911838009862322 0.0 0.11191390062913698 0.0 35.55760235878857 
2.0180170567840605E-4 1.2524092625199046E-6 0.11191390062913698 0.11375457374448317 35.55311720247889 
2.0180170567840605E-4 1.2524092625199046E-6 0.08879951668812325 0.11375457374448317 35.5543431849584 
1.5486144384624367E-6 0.0 0.05595695031456671 0.0 35.56576166250398 
0.029176352074713918 0.0 0.025030456762944908 0.0 35.55840734977891 
1.5486144384624367E-6 0.0 0.0 0.2121172105638287 35.56264421263043 
0.029176352074713918 0.0 0.0 0.23138204755386838 35.55461412234592 
2.0180170567840605E-4 1.2524092625199046E-6 0.0 0.11375457374448317 35.55978195685272 
0.014873134398214916 2.5164158046209195E-7 2.6125227137185902E-6 0.22564366814406966 35.55144096102424 
0.0 0.0 0.025030456762944908 0.23138204755386838 35.55100067646991 
0.02868977156334296 0.0 0.0 0.23138204755386838 35.557995689668026 
0.028958483692679948 7.749433926562688E-6 0.0 0.21884747905274082 35.55424578284079 
0.0 0.0 0.0 0.0 35.56696722774993 
