7.198739669263966 1.0695673042574283 12.018904827095822 9.01878316166135 6.084583113233021 6.165734862961045 7.347734086661928 5.905420417205172 
7.170634678420376 1.0665024076150669 11.986123177202854 9.06288991106276 6.076672769392701 6.118243763135425 7.384970278311756 5.902872463788865 
7.15521863407125 1.0332715460910606 12.065074534162541 9.022545476970137 6.104381883400379 6.152404408764054 7.387931965679399 5.9195807997340815 
7.097793589599954 1.0538537734418476 11.986830744839217 8.996247602150637 6.087013680725395 6.130428861931675 7.374747404331354 5.921715319842999 
7.152137775977785 1.0875037588481267 11.966618822005147 8.997174619040415 6.1550634025713356 6.162396337750247 7.349561274678166 5.929806741514664 
7.147715045028722 1.0977232433999529 11.968150741441114 9.010843887724477 6.080087802806402 6.153029858988749 7.349526375823927 5.914932616093546 
7.1022771500082476 1.0851031020324315 11.998475184514813 9.034901573943783 6.093170784558308 6.159146825133051 7.3508774340820935 5.905910502217278 
7.095587264483926 1.031335646510939 11.974314537572482 9.041991273596292 6.053760444927507 6.1926423574125185 7.4125307947424925 5.919818021103818 
7.099260093578677 1.0391945451460074 12.038084403801218 8.990676572124913 6.089297939558399 6.1723889254024495 7.371698488484536 5.940341601796952 
7.113429793832188 1.0685792525451776 11.978439410164126 9.093152020701202 6.067826763244054 6.141139371263226 7.3591731655283485 5.897630021450437 
7.144359520466583 1.1456384363741798 12.056732771480172 9.110249113317435 6.0664662545163335 6.119893861993916 7.375322648154247 5.916496971370645 
7.079385806373435 1.0466577471385028 11.99873396491397 9.00968583654521 6.1219539805026555 6.168752941961 7.4028940921303015 5.881534162478439 
7.026879251530124 1.3402537424368623 12.002632671948856 9.145604077567981 6.070595271001763 6.208224904512116 7.496423071617508 5.925730133222714 
7.080279221830882 1.0922655551463056 12.013282874706144 9.03959041193181 6.1167803814649 6.169683780873569 7.416292435153368 5.896158187771384 
7.089907324991002 1.1572048280872584 11.983640207732432 9.015707225441112 6.079928111500622 6.17541987006169 7.391186133164135 5.894194626268175 
7.106209566284644 1.1733723705393022 12.105032292344658 9.072420584023073 6.057110817539561 6.1318482952946445 7.409638802841283 5.910921400801479 
7.102901967229327 1.187579544711088 12.080507256929268 9.117144734256273 6.0482663144528255 6.184358176942986 7.355540420594531 5.944037845517567 
7.05311848854806 1.1374107318156128 12.058004676183526 9.093990820248253 6.071708074677127 6.112838975680592 7.367635647435277 5.926790273320503 
7.048109153657784 1.0968786330744003 12.00252519875916 9.047035752576631 6.0935603053731215 6.120557678884909 7.382831826048447 5.926103735265202 
7.0771889518892355 1.1036689377867754 11.96018726531821 9.042823078117264 6.121004182342639 6.143436502053725 7.380576258115682 5.9152637246977955 
7.051458215713939 1.095524966567524 12.028000325940775 9.060969567108755 6.080569081417494 6.161417936925574 7.3580823015105645 5.903839700080997 
7.081064769735399 1.0925906700791441 12.021946610729195 9.005002715704022 6.086685715076604 6.169360959229462 7.364662396185056 5.92084639439576 
7.0621792475817635 1.1297110488147717 12.141711686560074 9.083516649072967 6.059065705920908 6.138185720317435 7.4059633378079015 5.913272313788924 
7.057673799892622 1.082583802839471 11.984705490204233 9.02407521788961 6.075674807734439 6.143731543875729 7.347088660218437 5.910333383282353 
7.050676720482466 1.0328541504438238 12.1678099819661 9.025800892799985 6.121029837429276 6.142726111866662 7.364285428294154 5.907573468544967 
7.052297651698813 1.0855924024703452 12.035961341582835 9.065546364349453 6.110349876204467 6.161515208696454 7.406459126447794 5.892216493215923 
7.037097409595021 1.0329279810379706 12.12435422306733 9.054163959854211 6.144078632512518 6.1584320470834495 7.351012269393924 5.918810355468977 
7.016701805913488 1.0355565173231547 12.082692850860242 9.06848816040384 6.073089563255111 6.145714463014009 7.403076206295873 5.923073775984725 
7.133092175413539 1.1064285204298465 12.111057621665347 9.081857422791032 6.04095566022636 6.1551474516578 7.394483971097881 5.9220244145096155 
7.083238252180759 1.0502178871581278 12.062666288369698 9.020540745472076 6.076886645824379 6.141838642238295 7.418294515789905 5.911727874860713 
7.013532899931581 1.0601304688503888 12.072790733129223 9.07324597337547 6.116567912372768 6.187898442309428 7.402907564294646 5.9448053311277596 
7.041085153613441 1.056639888724509 12.04398946663038 9.090137345861438 6.040644877714999 6.146941327845132 7.388281044540198 5.922036403839377 
7.088503065776231 1.0524603947122306 12.055444437923294 9.0839754104254 6.084612251256927 6.180056760916384 7.407441471430675 5.877617056889137 
7.071243308600596 1.0544599750601222 12.027754924794243 9.049535074403943 6.103565324844429 6.133340143235131 7.346371683505679 5.904183341054568 
7.018806169687032 1.0693987046100617 12.02494300500366 9.010023224780593 6.103467303175202 6.1828666080217385 7.369393411801267 5.9196327507207025 
7.058064219096315 1.049862231705013 11.973873765773437 9.099536191250266 6.110751988550335 6.159005450360461 7.340097188307047 5.918128174277905 
7.031617409036875 1.0736927112456562 12.014230736438114 9.07736886381676 6.089347746562111 6.132772498606884 7.336275908094607 5.914891957180465 
7.065118125295979 1.078887705660289 12.022146393082545 9.093183425712384 6.081695559405351 6.145732419504746 7.38221019289905 5.904577304767852 
7.045650167916567 1.0891427721860287 12.011294572942129 9.073925665937804 6.080508719425186 6.1988090419893505 7.388830258554322 5.917648570916518 
7.072911533452708 1.0736999393714792 12.000805591407438 9.06047610950841 6.1060641049022015 6.110483776674791 7.402980044490052 5.914173643109003 
7.011778725963536 1.0753607165360448 12.021550200795916 9.055137682240584 6.118477123382115 6.16688384907156 7.342898997641911 5.9123618593146645 
7.066354326511891 1.045948920282581 12.028475788218195 9.053840608364158 6.108514568378932 6.171892917664594 7.404665118032245 5.900593876096374 
7.095943123063236 1.023386873523094 12.022463779818551 9.058659664895222 6.146556817893449 6.139597707811281 7.433017217679586 5.914308504801727 
7.0769537572788295 1.0996733533299088 12.050403053723882 9.042903131382502 6.121483076275456 6.214749486155639 7.403612311656362 5.901237435602283 
7.061166893729519 1.0390462594261065 11.993322441658563 9.020386198922182 6.123491876899518 6.185194565694439 7.380305072287935 5.9104417371682985 
7.074501316640981 1.0816273692368983 12.02838272020048 8.992447860098316 6.1209116147625675 6.160506916650376 7.339598097095838 5.918816271239138 
7.027927068282085 1.0259618249302191 11.99825775273464 9.046809310379738 6.197232228533655 6.17936496653174 7.344232356928015 5.942031569611424 
7.049077569965031 1.0875423213135524 12.003349216287985 9.020470590988294 6.122864101418924 6.14752705975055 7.405463326822419 5.889309692933453 
7.046805394688635 1.1385421797537323 11.96087237786294 9.015847661623445 6.192030740980001 6.19189770133789 7.354832519765723 5.912787592598364 
7.027091610715593 1.0569079873592102 11.99817517583608 9.066719189848254 6.156477827174471 6.129019758736894 7.347453586071156 5.909756232368836 
7.089467647030617 1.012972021973418 12.054294484657603 9.026321122999311 6.158650031549408 6.145289216770597 7.420987465926894 5.915803434792575 
7.142459933596834 1.094648901503499 11.968268737690813 9.007008182474076 6.164097776693313 6.149388375261001 7.378824861674571 5.906125504851769 
7.095259665709829 1.071942147640448 11.957945152884854 9.068107036280848 6.146436558226093 6.142383957466884 7.374740885293321 5.909553884942832 
7.068935393010001 1.0427479993468876 12.027414387316707 9.040162544571276 6.141894308502732 6.188769209924632 7.351671418312055 5.911013629581416 
7.005758031802105 1.0378024357639808 12.039385545778826 9.011586619859177 6.14501778307394 6.230194432480387 7.349623369194637 5.918155794173047 
7.03750415379324 1.0693218794580857 11.98889334184944 9.044979891330806 6.134698186465739 6.194917549853093 7.399234124117456 5.896142664597172 
7.02797949901509 1.0217893535524336 12.055325331198224 9.085246635618539 6.147910541791516 6.136369738802681 7.348518195525076 5.946160838355056 
7.041879874866397 1.0999305068856575 11.974103832962744 9.009649018491967 6.141465012878925 6.204130585414468 7.353975162195435 5.945175970942267 
7.0318605171832855 1.0519423325310004 11.971172696270088 9.028520525031496 6.131864435092983 6.352775156583715 7.391961532053279 5.931003303516808 
7.070489335410472 1.0307899569084877 11.9682099692812 9.031855014160643 6.132860582755919 6.249404701236342 7.425968343904437 5.898331457039394 
7.041900501465004 1.104249206892606 11.970083163589614 9.008343562598517 6.11575331852969 6.240822391273242 7.3436685461929665 5.9395755193166275 
7.02238628188528 1.0359624338243858 11.962245238417534 9.04963442394868 6.117067926042429 6.205900697242988 7.369645519709104 5.934545037837103 
7.071218668176042 1.0370026044019394 12.038545004005051 9.058272500246607 6.1246152020529046 6.24338152754766 7.34795439166491 5.908375732533412 
7.097139704492653 1.0760044692813628 12.013312004439769 9.029615345977332 6.066993569084128 6.207926979438941 7.3519426263583 5.918953173051438 
7.045455912400022 1.0357769358202047 12.042032316792666 9.142919863660106 6.11462609701961 6.249489221250235 7.367917390543192 5.942502373725456 
7.08740496526921 1.0589827556175042 12.025072890663866 9.066513606390593 6.061530683454203 6.276283328560929 7.432522809746608 5.88818409636766 
7.0367566565223125 1.0766399398059832 11.999642678832622 9.053629821507071 6.077032975184269 6.194012226543384 7.392724866667158 5.909077130824413 
7.06737922220878 1.0388545081503318 11.971994678952642 9.019325094128028 6.073320918387197 6.198373813649784 7.376982483638476 5.912916418162916 
7.102165004315633 1.0516755303736436 12.114565185862174 9.027868541148909 6.079960779875643 6.231905626846419 7.369701158223676 5.910709534865378 
7.092193266294075 1.0643230620498385 11.99043799561539 9.018636120166434 6.120852156183244 6.193188787503644 7.553114710609565 5.831060309878838 
7.0603302480822245 1.052562113059325 11.974737836623135 9.034721921810194 6.098161317019396 6.156287175160218 7.407235789326116 5.8977132034004605 
7.091913234415289 1.1749276014508492 12.10812449305587 9.088491161914328 6.082475231920946 6.206007751385002 7.55628005791125 5.834667053288325 
7.053972434537767 1.0374038539999066 12.022715733790573 9.030770896020638 6.063843415503169 6.145602723706262 7.443853051223169 5.929589104029582 
7.08024364304192 1.0617158427091011 11.997967621912197 9.034240269866324 6.079039900710882 6.117154416968361 7.4305045044678995 5.916103297498418 
7.005072993809589 1.0359581569236174 11.985995244554823 9.037530885100551 6.1260060032998105 6.186153564198882 7.42951251737641 5.8919755249899275 
7.147916399963584 1.0791223174998272 11.977333916821884 9.032018592577387 6.082969570927128 6.191722890622905 7.451079198923994 5.86631788034679 
7.0570671746608316 1.072725774624292 12.039893292012428 9.078103219180216 6.098507160583959 6.231730229250951 7.485085275443922 5.844399383284214 
7.035759203612932 1.0425330438777158 12.050238757023225 9.13084802004723 6.14256133928524 6.212292910701057 7.477875975917717 5.832614087191795 
7.123368275994528 1.1177277000026482 11.977529897467198 9.00786618549789 6.15760105741157 6.158754707306262 7.451724252838686 5.87258590859834 
7.096536614308728 1.030713453932884 12.040359231819671 9.015737800749205 6.136937643307045 6.155241961552276 7.427278137695202 5.890302516122262 
7.095072688289816 1.045015538766459 12.010210589896298 9.0902989269066 6.068614743373059 6.209595245827984 7.435233704651061 5.878270818671489 
7.0644461422685465 1.0377562507735125 12.017689082933073 9.07632685508629 6.146992801882187 6.153999742242522 7.356324111391894 6.059221137349945 
7.038390489329233 1.0450879121600436 12.007929611570376 9.048120249496453 6.055337812737399 6.156698999950891 7.398281278818322 5.923289042843726 
7.082945709789474 1.0512880379158847 11.983046140279143 9.025062959096655 6.093880729236528 6.192121466118594 7.353528571088111 5.98045384048696 
7.046090228941947 1.0387759386313054 12.02944027884823 9.023778335932231 6.065193274621795 6.153456786448992 7.444642573316234 5.956185432690696 
7.023315871395631 1.0399693014851847 11.96795200136857 9.046860867160555 6.131664233183521 6.205222831948553 7.351264935110739 5.962284423279585 
6.9861698785103385 1.0270286689831758 12.015290758650004 9.079130545825004 6.1331429395419335 6.2021091410556215 7.339401409685846 5.9646901228772515 
7.065997561499522 1.0362772617506415 11.985275007233124 9.050478923137764 6.083674671917908 6.2380834191177 7.408040058168192 5.970465274631914 
7.040593533285971 1.02912613413014 11.96556468418411 9.053702663403017 6.109464577945881 6.1352456836682485 7.444343851712562 5.941213669552234 
7.041663393143613 1.0901717079550595 11.967039245500505 9.003020757563815 6.132862989302627 6.204321620764787 7.352175025358555 5.950821461614411 
7.014034592189052 1.0700338015094046 11.988418767157759 9.034442806807412 6.093642261973235 6.159798936167086 7.349375239535496 5.91495569243859 
7.042913176110765 1.0145626932551275 12.072765522966925 9.083790923385338 6.148763497609387 6.159257687228251 7.340078438201241 5.974364921562029 
7.111209543762854 1.0382052597966474 12.039311039163774 8.990441346504706 6.091595943501306 6.169781142111586 7.37291240030669 5.949216890690822 
