0.23306221251066006 0.0 0.0 0.013434324689740151 0.0 0.0 0.0 21.78924683826746 
0.21320595968880163 0.0 0.0 0.0 0.0 0.0 0.0 21.79209312144005 
0.2296557354868991 0.0 0.0 0.0 0.0 0.0 0.0 21.79027516447814 
0.0 0.250814670779393 0.0 0.0 0.0 0.0 0.0 21.790314391434492 
0.05914906302174927 0.250814670779393 0.0 0.029663217239866313 0.0 0.0 0.0 21.781250339914397 
0.0039286103543823 0.24958421079648652 0.0 0.0 0.0 0.0 0.0 21.815926995865393 
0.23309926515780965 0.0 4.1077641768083595E-6 0.0 0.0 0.0 0.0 21.790051237469125 
0.22957095782981973 0.0 0.0 0.0 0.0 0.0 0.0 21.790362097726423 
0.23309926515780965 0.0 0.0 0.0 0.0 0.0 0.0 21.79026288170075 
0.0 0.0 0.12782412448586555 0.0 0.0 0.0 0.0 21.8044134293519 
0.21772446155524428 0.0 0.12314160567711774 0.12406066911053593 0.0 0.0 0.0 21.759783869271203 
0.11103542675294165 0.0 0.12451513019815508 0.0 0.0 0.16645348206832722 0.0 21.770236573683082 
0.11136570589030015 0.047887058042906716 0.12388504139352285 9.40223851445765E-4 0.0 0.0 0.1477282334653811 21.769819528700438 
0.0 0.2512793282720711 0.08413119649720002 0.0 0.0 0.0 0.0 21.781584643503045 
0.21770466926861687 0.0 0.06157080283855798 0.0 0.0 0.006261450679232894 0.0 21.784904183579343 
0.23309926515780965 0.0 0.061572856720646385 0.0 0.0 0.0 0.0 21.78447937859696 
0.23082166560165263 0.0 0.022485360808062183 0.0 0.0 0.0 0.0 21.78916723017729 
0.0 0.25127999593764194 0.022485360808062183 0.0 0.0 0.0 0.0 21.788969106594564 
0.21036698756769567 0.0 0.015192681479579306 0.0 0.0 0.0 0.0 21.79123115548591 
0.0 0.0 4.1077641768083595E-6 0.0 0.0 0.0 0.0 21.81885436081649 
0.20548850005132735 0.0 4.1077641768083595E-6 0.0 0.0 0.0 0.0 21.792017698091605 
0.0 0.0 0.0 0.24707923282068833 0.0 0.0 0.0 21.790417681869283 
0.21104637768593904 0.13180950164038485 0.0 0.25230607365079827 0.05900844878544831 0.1663072480292609 0.0 21.71809613087286 
0.0 0.0 0.0 0.09541472196466927 0.0 0.0 0.05004984188552264 21.81017391256937 
3.2097613689074933E-4 0.2636190032807715 0.0 0.25142022262503083 8.059399034188175E-5 0.006261450679232894 0.0 21.767248538321528 
0.0 0.0 0.12314160567711774 0.24812133822107185 0.0 0.006261450679232894 0.0 21.774392297342843 
0.0 0.250814670779393 0.0 0.24707923282068833 0.05813535322316987 0.0 0.0 21.75580593035075 
0.15944199767108813 0.0 0.0 0.1257101113125163 0.0 0.0 0.0 21.781809169108385 
0.21079522684609664 0.2636190032807715 0.0 0.25142022262503083 0.05900844878544831 0.0 0.0 21.74158698593517 
0.21079522684609664 0.001112834400629481 0.0 0.25142022262503083 0.05900844878544831 0.16743984825655644 0.0 21.734823987184505 
0.0 0.2636190032807715 0.0 0.25142022262503083 0.0 0.16743984825655644 0.0 21.753022746942783 
0.0 0.25127999593764194 0.022640529616039018 0.25142022262503083 0.05900844878544831 0.1663072480292609 0.0 21.74371066395932 
0.21079522684609664 0.2636190032807715 0.0 0.24811064368928726 0.05900844878544831 0.08941507469386423 0.0 21.73085545532674 
0.0 0.0 0.0 0.0 0.044253671384714366 0.0 0.0 21.81771260659555 
0.23309926515780965 0.2636190032807715 0.0 0.25142022262503083 0.05900844878544831 0.1663072480292609 0.0 21.717364327969953 
0.21320595968880163 0.0 6.925848413938951E-4 0.0 0.12655495803727668 0.0 0.0 21.77560596218182 
0.05413406086625017 0.03651127235321994 0.0 0.0 0.034386321586909574 0.0 0.0 21.81046774809295 
0.11103542675294165 0.038465732870479385 0.0686183954533206 0.0 0.13163505820326726 0.16645348206832722 0.0 21.760358608389076 
0.11103542675294165 0.0 0.0 0.0 0.04236164929475983 0.0 0.0 21.801161390188625 
0.09483545945150773 0.2636190032807715 0.0 0.0 0.05808617522746573 0.006261450679232894 0.0 21.785443777736894 
0.10355969228384865 0.17651074911746711 0.0 0.0 4.928389429181834E-5 0.006261450679232894 0.0 21.787411574527475 
0.0 0.0 0.0 0.0 0.0 0.16742831307743522 0.0 21.800240978072043 
0.0 0.25127999593764194 0.0 0.0 0.0 0.15924009468039202 0.1463569142618688 21.75040361693726 
0.10711137882527311 0.0 0.0 0.0 0.0 0.05689135118520028 0.0 21.800538838905187 
0.2296557354868991 0.13180950164038485 0.0 0.0 0.0 0.006261450679232894 0.0 21.77454081206903 
0.0 0.007666949421208713 0.0 0.0 0.0 0.0 0.0 21.81906470390935 
0.11103542675294165 0.24937189885560151 0.0 0.0 0.0 0.0 0.0 21.776196359684352 
0.2172230598482905 0.250814670779393 0.0 0.0 0.0 0.0 0.0 21.76278460297937 
0.11103542675294165 0.0 0.0 0.0 0.0 0.0 0.0 21.80492232902025 
0.01232008663096984 0.0 0.0 0.0 0.0 0.0 0.014991515109151976 21.819027061493998 
0.0 0.2529630854297231 0.0 0.0 0.0 0.0 0.14587278052466424 21.776001255730506 
0.2296557354868991 0.0 0.0 0.0 0.0 0.0 0.049129851996367435 21.78726205716749 
0.14537667225173223 4.944412302236856E-4 0.0 0.0 0.0 0.0 0.0 21.799540104023045 
0.11266030209822553 0.0 0.0 0.0 0.0 0.0 0.0 21.804528872265628 
0.189490693741174 0.09710678802269435 0.0 0.0 0.0 0.0 0.0 21.781948258879034 
0.0 0.0 0.0 0.0 0.0 0.0 0.0 21.819540973546744 
0.2173254125582602 0.0 0.0 0.0 0.0 0.0 0.0 21.791107616377534 
