4.5890231476653724 0.1774148492835196 0.10067132573386744 0.2316974874955401 0.07755896643285083 0.2521270915922145 0.26040106356009196 0.12649481395112205 0.1251244416971154 0.17496842798814455 
0.9830422048885722 0.16819742675379765 0.22141916288743724 0.23096092007023167 0.0689828416319358 0.6259918754784043 0.18150947341942367 0.3562435397984444 0.13370561968616118 0.12395979089956975 
1.0631917394178574 0.799844858692173 0.5120109738841851 0.2080381004226147 0.12231441946923179 0.13375995256305634 0.18335720252101106 0.09229386468949453 0.12954915655618254 0.14574257391116438 
0.836612637675366 0.6635466595860027 0.05652008228263833 0.11142214817080325 0.11705501724372977 0.7059514672628686 0.26094211606923834 0.20976499876424826 0.6218983390527517 0.1663849673229683 
0.8412602856738611 0.2968252159425426 0.0922563066798573 0.1924864428710972 1.17273651359118 0.17717386146889263 0.2956105287623407 0.11536343880507374 0.11084263470019481 0.6781366457064303 
0.8713895436335932 0.6653590233028853 0.06107649727897324 0.1238971765047717 0.11700131133735092 1.2623493284932439 0.20248273267080774 0.21356193313856614 0.06483242504891204 0.632238349801561 
0.91883025201312 0.33073408524719305 0.5551662820048775 0.3094063479295145 0.06374498606140984 0.40604570690393843 0.3266551775016796 0.44123585496987516 0.428315254311014 0.6538218991683877 
0.8498032189971239 0.216491011753022 0.09695877782872603 0.20182902360108546 0.06553038515628283 0.33542759488961016 0.22258649656518495 0.3868554699656385 0.07381213659398216 0.6360660363712284 
0.8496213079849866 0.6707432374647072 0.07316388317558853 0.13198153556255598 0.9149776945172541 1.2929870887962231 0.20585123011937395 0.24546781630823855 0.6447331754317005 0.07851119085166561 
0.8884522578955294 0.2817724752768773 0.5986945517372969 0.3697978439420045 0.9416022829858639 0.11199654452289885 0.32253624848262774 0.4818077453137709 0.36330297130075484 0.7099911502491215 
0.20408638380152094 9.96622736173614 0.07077347671418227 0.4738214982249226 0.08005717332870886 0.13597875429055026 0.1102001932901518 0.2898900956335238 0.9163484247296072 0.5834309700881244 
0.5174855155149384 0.422601075985649 0.07488592096690727 0.18316238139936494 1.5829157758020433 0.5822037020159759 0.999720692549156 0.5113773445808651 0.531443132679728 0.8329448212945004 
0.7754221642253123 1.1959158679986688 0.10690757514948629 0.5019910912271617 0.16897170889415228 0.08786907684385797 0.771576632060704 0.26151821467625214 0.602032466350725 0.13184386537635479 
0.1121332708017579 1.139128863827129 0.44219425771431126 0.19467917759773812 0.09396237218767815 0.7085129847397148 0.8893099326485231 0.45002743621335095 1.0172555069408873 0.8172100093436341 
1.2505771457464492 0.5595666355704411 0.7158233922577575 0.2526850514409432 1.6574692929612127 0.13511892831475814 1.139216119818538 0.4603534518796738 0.10704852690693371 0.7592568107693082 
0.14922442022752763 0.30161418258667616 0.6972660500771545 0.1988889644780027 0.06992450780471145 0.1256591230617 0.8903354843035779 0.7891060637504455 0.6969312533495273 0.2367549019495981 
0.9450681366705144 0.291259904641118 0.0681433376853865 0.2259492516742375 1.387770566811378 0.27249167514753214 1.0811503105093405 0.1529280568057081 1.3665234421759735 0.540550371942664 
0.6617168815432303 0.2378127570303702 0.578760250267665 0.3583515077415986 0.9579537672051235 0.1462737580026899 0.30676906464784853 0.5987365216808817 0.6062603272581801 0.7132764242048806 
0.14206370510893446 0.19183669347010582 0.6948635832321346 1.171861745147514 0.05154595399759214 0.09780868446623112 0.24205480192688372 0.58127368899613 0.5903384769667942 0.7408157056395508 
0.6573217083017769 0.15137136194376927 0.10516671073652725 0.16093421218433185 0.9255359204522772 0.10311554192910874 0.6258570278584925 0.5900265890386972 0.63752827834758 0.12444841131457988 
0.11493821178171104 0.7744636936117775 5.91380407185727 0.19608666708082437 0.05766227784677922 0.19125396828168015 0.10970197894315316 0.36867901020819493 1.0765922355713187 0.13094070205162908 
0.8192528278256341 0.8122865096648648 1.6261928834752295 0.9457934958211458 1.1454802470170478 2.0470051441042196 0.8989712427784302 0.4861839634700081 0.5254163750307477 0.19092243796374853 
0.15717107335923475 0.18558287326289583 1.5622816217373323 1.6721205790082467 0.07600418778802867 0.26503400893759727 0.207127431599828 0.46945038285583696 1.0063204751508747 0.32642397087478114 
0.8496967947778733 0.43153333756228035 1.6740316884514295 0.2154095091225881 1.1413079535295945 0.11740985990440593 0.9776683096436906 0.1441601516261179 0.7295667354035549 0.17524453052821926 
0.16569746608655203 0.23468235082515665 1.4424052884541139 0.17032120348896637 0.9583741372321593 0.12868636619775572 0.36804734933595906 0.5851489543211346 0.901912000754821 0.1657577771364494 
0.8507308773572673 0.21251007103374547 1.403440257397432 1.812102891395817 1.3839394085139254 0.1455103031213365 0.18135943779860927 0.2170508702700984 0.15331708444799835 0.7982451553501684 
0.8480945395612034 0.27811099230077546 0.9349563043945522 0.2011806201460467 0.07334905151089775 0.127923836932598 0.23024636538790974 0.3818587069128143 0.07775005650895976 0.6358557082919568 
0.7598917321821416 0.22767009617878717 0.6871965804091089 0.18643668277721995 0.18275083994070174 0.18870737409877933 0.15071775157740822 0.2132024831561118 0.7924386211230883 0.11963610189964632 
0.3647454957873816 0.24749185655670758 0.7518592867619937 0.34432147492225534 0.061630472293986556 0.7076480706782518 0.1481509643806448 0.6671706681396592 0.36335705132346346 0.7236421309880001 
0.786056472816259 2.2348741638950216 0.9439512306862919 0.23302281332323913 0.07391569223486175 0.24422547363602676 0.10485614604469105 0.16767062172213382 0.13474517211323908 0.7911797539654886 
0.5374359945112231 0.2361222086454459 0.07383713765266392 9.575213965543664 0.06952284486631896 0.08566155510891854 0.18503190067354058 0.5344145326341075 0.6510219211598178 0.45583718008790863 
0.666720413600563 0.07786748912460276 0.06306869351854592 1.514327322891524 1.7017017931433736 1.297263023643932 0.39127421494201886 0.2751460081478249 0.4268696901809531 0.7269140531086218 
0.27819549591769 0.8848295908410474 0.1831173268068027 2.145149867850697 0.15820208052540166 0.2946829524073103 0.21303617046753154 0.25689047797602305 1.0014712028284336 0.2180953407200289 
0.5051436012393733 0.6667514546668654 0.09289217812854539 1.6356779286602638 0.05293355663934784 1.1812062515382613 0.08923264338772366 0.6190086472736797 0.5640525746489942 0.5807635315377377 
0.109774136140839 0.614530419293161 0.057024353312528836 1.6102311041763904 0.05512017984196941 1.8052640510828082 0.4809725021991259 0.26931700161751804 1.0606658913006677 0.26849856733488975 
0.3989437870502159 0.17840466779337139 0.7308421613432602 1.6656097887159187 0.09770072370308408 0.1281583037918839 0.8332728805026335 0.5777273814959982 0.6142223341058223 0.6347005953047198 
0.6999157681802364 0.09198210025146517 0.06922831631837756 1.4893804408274673 0.06211428686926829 0.19802242381645963 0.39298720389059755 0.2692643338879646 0.2892501075125713 0.7362928772511783 
0.095029081264591 0.46186179849934517 0.06434311898206437 1.4884484414300345 1.6122437070959823 0.09586525892138242 0.21809853896302484 0.2646874469409826 1.464518441623216 0.43525849326214916 
0.25940538950449477 0.48027162832026427 0.05904652663931731 1.494566624559145 1.5998222590195321 0.11457961971758857 0.23938387217777876 0.7321241916924545 0.6832326993355542 0.43467938099219144 
0.859529893532531 0.19930545391407184 1.417956481244011 1.8199531740122035 0.11996377472948369 0.14669483596540564 0.17484847689270183 0.16636084596547787 0.15526154613859158 0.7956160443475112 
0.1903071149449817 0.1535625533970542 0.05982871077053413 0.37558989894052813 12.761596840064488 0.11280254401506323 0.10953813204299578 0.3402614255752135 1.021551940898794 0.3320575551538861 
0.17297267144636938 0.14195947244084273 0.05234588198591228 0.15058585508342376 1.5556055019279555 0.14714649182186837 0.2129923326383956 0.45667668697109626 0.9704779600489021 0.10408432407311076 
0.7235750981094738 0.2524485980587299 0.09309919905206929 0.40745731406545416 1.7315665511417897 0.20232899206244986 0.31991373951086877 0.13298992287807346 0.5385795239299209 1.1166035538791927 
0.8447669068182863 0.21679120775118274 0.08574913499376177 0.24217928406949288 1.6048572794946165 0.11712158105963828 0.2444173664547345 0.24530935408494992 0.5866680782006422 0.11063883851363762 
0.7115467366451657 1.2871493638719376 0.08277175865041675 0.23349472360284854 1.769466694053805 1.364628684588918 0.11168036571494187 0.16091998063409824 0.12260516469479488 0.7901734327633957 
0.7330865056458361 0.39783800138231623 0.06579580422824503 1.7319029581935887 1.8935490824578245 0.15995309270110225 0.7207041958988653 0.18452392032932396 0.781768545225176 0.11126749964452723 
0.0955816942001698 0.22960518697390514 0.05180273876999774 0.8888600571365134 1.395530218953661 0.1352270313414235 0.16147862975968238 0.39566639516116675 1.097415629613117 0.6442123082242339 
0.5196436788356442 0.16666005349377078 0.4745987340630512 0.2236091995331826 1.527859906055036 0.11852169325715672 0.17995051816911273 0.5831155315962052 0.27728426629016883 0.9302277346116887 
0.2002284935054053 0.6271498539459548 0.6892890076840964 0.9037223844771858 1.8766234136616646 0.1775831951641543 0.910133126953665 0.7317406883662639 0.08716271222646232 0.8022190537924355 
0.08586619171053983 0.21670476131649802 0.03672530636138634 0.09238958392570426 0.028817017315354104 10.996258335357917 0.5270906724492338 0.3843543414370428 0.9794100517996391 0.3171594455345206 
0.17453627664732813 0.15561652300401804 0.04718742940351755 0.14928111266729382 2.636988197117582 3.863029111580425 0.12912836387449014 0.8421122051800445 0.13975270690396988 0.643623867704245 
0.27207245093364596 0.7912087488576334 0.9551042109377968 1.8049901709500284 0.07280031795547696 2.9857439537719057 0.31488523606702823 0.3225364197959741 1.0518136741268562 0.12626387802492867 
0.2651342463132725 0.169902062343796 0.4254771944461661 0.19151679570238866 0.06882895553926989 1.5889467166819775 0.9221407172959765 0.4152690594295649 1.0394728135834972 0.7290324999649399 
0.12087022114284501 0.2196287100541933 0.05826310923115859 1.5966018672486504 0.08318373759912456 1.8431762985703246 1.1015135960206843 0.3517516527871336 1.0244439977277848 0.32328263771515164 
0.7324610861484094 0.8453758961023502 0.7678439802713394 0.1772738342570645 1.1639385962234785 1.708039202463708 0.5357719440291618 0.4143794358395201 0.3111617888044508 0.6742501449475496 
0.847046629168354 0.6637582769040601 0.08578781685887285 0.16676161536707185 0.08061372021128864 1.3021240037023099 0.8750892753923879 0.2323019771349672 0.08850528876751296 0.6141796377986146 
0.21567942046807628 1.1181805323146095 0.5713160867157593 0.42868601080975244 0.9412864660304657 1.0136249095156487 0.7839299243727332 0.2669320256924258 0.9502841834379445 0.5027507832500753 
0.859793964901057 0.25396550994268097 0.7392338724096469 0.22952962469878907 0.06569127178738475 0.8734651052587048 0.2904058402841797 0.2900885656623254 1.160994558239728 0.624607968993819 
0.7344640097146511 0.16056667783160974 0.1933394140440456 0.5151902210571428 0.5150961828295059 0.6335643547802581 0.28368886838558316 0.6903317228955663 0.2682626682098912 0.10563940848589068 
0.20672179333943824 0.12752953178054224 0.06734647374511052 0.13338911918780852 0.06820932456385718 0.11279837140594934 6.361771554207031 0.24409336018405464 1.0636106380178618 0.23219356982483944 
0.5342347277997945 0.5781605145940529 0.11805852074954629 0.3447151282186309 0.08657978322304988 0.7154757355599993 1.0205491786246097 0.43840680221581424 0.22579164116580566 0.8149072769493138 
0.1564165733285339 0.773740338923158 0.2683183792365308 0.17215360497211832 0.1835721609499578 2.144570709397116 1.662257978355082 0.20866815423240415 1.1258148094610283 0.06467280128842101 
0.884815215420752 0.21386583356951777 0.15255622446822217 0.24169744465562937 1.3782494160238934 0.25506518210385754 1.6050399773662734 0.04801294629275581 1.4773987902987131 0.4303981446163826 
0.24687102256540414 0.810787999643146 0.0754274426943808 0.1756221334756133 0.05776419551644415 0.14211912330335766 1.3759976912627296 0.9876768355298602 0.08677086790628971 0.2977017897595198 
0.13957064309985662 0.23257054268929836 0.6795251497134065 0.17536922508997255 1.356574665506381 0.15323906616589614 1.1138976896151442 0.35717472726758903 1.1094701075665645 0.17562952953413763 
0.7058124353387357 0.3774322358260409 0.08702140263682524 0.17396995720808361 1.5449093114832082 0.17626135973279417 1.0159669925394588 0.09346323956145225 0.10339159102258356 0.8328771929340631 
0.28633288808257346 0.8030725412906975 0.07472978772411515 0.9417867041102818 2.2225870447124003 0.12211351816255601 1.4180708419443273 0.9855212575590783 0.082318801766399 0.303362714781104 
0.1991958453058008 0.1569828543657129 0.07734962671818177 0.1547232019614722 0.08621447066395288 0.12178141110373755 0.8294587917505742 0.26364848008049946 1.0402163918842928 0.24115955128991964 
1.003025318568865 0.1463288125700842 0.07286434258612053 0.13933172586668127 0.1208295310260064 0.15459443114424604 0.9609939292807673 0.28224594969475125 0.7176325915777345 0.1746747358323783 
0.24174518531617809 0.13012158992767284 0.07747771605909254 0.2099474807392592 0.07014891199088437 0.12053267941935361 0.10947326242155124 4.133575493027306 0.6930492832801668 0.10351068702469107 
0.15440468574461733 0.2760670036105922 0.691361118679582 0.20565852801983048 0.05052614615854273 0.15682237681523267 0.862730433233702 0.7892597027939418 0.7002533155306707 0.1254355318274144 
0.2024216287113222 2.06497319579052 0.15584675041275853 0.8161548197694245 3.768659564065348 0.11001845452378375 0.3974169500977338 2.9942888352004497 0.9894361035965484 0.2125583063286928 
0.16938528609257675 0.15841565862271703 0.6972770812777075 0.17528111333499033 0.0661580032603696 0.125658931231049 0.129240820511796 0.7891392567166415 0.6969581958457242 0.2793266532859337 
0.17954506765843847 0.916328267204431 0.22652772541713473 0.20832100932294265 0.0741586785972491 0.28041430299988535 0.14000527434434318 0.7616131118127112 0.7236948425742308 0.28336025180023505 
0.24592915243121155 0.16093904405959167 0.08232896489685047 0.3875840066316511 0.08761947193973567 0.12108485445421073 0.10972537625210063 0.7594440728928016 0.7113091831494135 0.29102357092088293 
0.46492405333187237 0.22254492500988113 0.09730034754927092 0.372898183736712 0.0665489960050366 0.16896744971861064 0.5993526344829185 0.7624892403361522 0.41427369159816085 0.5432609841079468 
0.2368393228982113 0.15833564850716397 0.07170853857465068 1.5665900031133486 1.5782407019510092 0.2784447969785568 0.12394740073640584 0.9871704598517564 0.4955688153858723 0.12857398824043056 
0.19768220909119483 0.1415771166719681 1.0776937262068267 0.17904029255904394 1.54234687943109 0.13230928058196736 0.1357418030385907 0.9798212785477995 0.17101336277760334 0.5560731907138572 
0.7840916902095483 0.1783151262757472 0.10127232952805304 0.18021267131147004 0.07726551415284401 0.13652510405623772 0.127772364652427 0.7261768681235473 0.11692952302001819 0.12479312252899115 
0.10382388316894786 0.16504588990965532 0.08716949763967745 0.15426161266110716 0.04759537066511032 0.253192252226252 0.0960498820990108 0.3254885908971709 7.960242576574271 0.27714922906091627 
0.20744203914630707 0.1735958485229083 0.5743646337643845 0.46851672078687046 0.9338402175791256 0.12665934868943046 0.7877220418172908 0.2248293747347772 0.9345471871437953 0.5697198061258288 
0.11991583126308608 0.21678284174383508 0.0630818796988232 0.24319032726525255 0.03821685136008779 1.0178764282304567 0.1426699396052486 0.4053164856150895 1.0564303849234618 0.11771431492184528 
0.5011101442894416 0.1750308275539569 0.08258779778389405 0.191063816297944 0.1747580954645822 0.1461477692632569 0.14832032711421944 0.3347554887874341 0.9122798606737101 0.15293445891045288 
0.1890518346055485 0.239030846834002 0.6988517056837444 0.16020476700177944 0.16022970920118046 0.07601289832221772 0.13597399693694628 0.24079097389074047 1.043554289075557 0.1260211513632283 
0.12522122960136028 0.13807455274252933 0.06592532147585767 0.1762552207975555 0.045027756771730786 0.10671005006259636 0.1531637986991359 0.43574880564977203 1.0067878610950438 0.15441785066625396 
0.12844563601587444 0.37694077222536493 0.6487449173622585 0.3709142852213045 0.04459969951716563 0.6625245297623551 0.15769596820833517 0.40588168911458744 0.9697208077795926 0.36867931078685046 
0.29114693784803714 0.6251891590525559 0.06384015066191989 0.17343939233506322 0.8961821268551048 1.2732714802428637 0.16261883833600735 0.35498849067977284 1.018027870938698 0.08429756216033286 
0.09415426575178551 1.4359426952744958 0.06982637526756892 1.4880467495125798 1.6268613901578775 0.10733787003331675 0.2427458332996274 0.2581634998362004 1.4388238534625994 0.49696626489453655 
0.11948729928166342 0.9928136287702377 0.49745194219038597 0.1646790871506204 0.058570551206618915 1.7000747971835282 0.3955220721017873 0.394339142734663 1.0659990814194138 0.1534169253808816 
0.10035544246868179 0.13505938032303416 0.06688817106018054 0.1531889562508523 0.052435955677352916 0.3622221715842112 0.1182939389072227 0.3868165156212677 0.4118882342197356 6.8160530476176735 
0.2683978211004819 0.8247514216269943 0.8135395984406362 0.16675854245352 0.1481342374566647 0.11289547794263559 0.5101624810755852 0.2862160915392794 0.7939859956681476 0.8954418858199452 
0.11298293006348059 0.28450601093499217 0.06269347795147293 0.17535293784358694 0.03676736722276182 1.1774543052530793 0.8661416745997659 0.3108154736333458 0.8105414785446389 1.6574062923592146 
0.14405376208126852 0.366467590763851 0.06494682052395848 0.4869494042053781 0.9212899577823642 0.12391769472555779 0.29072967135045275 0.20583945611207638 0.7541745626042009 0.8207292673734035 
0.11286310265614488 0.1785090205131333 0.7242291878270818 0.17897574969389735 0.04650064787804955 0.6863165918898809 0.14227133082167237 0.3095050091253764 0.8064521184391745 0.7266576918964239 
0.5335765336932444 0.16363810765046705 0.07637410438294497 0.17583558370905583 0.0843762683921187 0.23659877877989582 0.1880390674432732 0.4847479306529881 0.5361532369541748 0.674851342591646 
0.7625304678287834 0.262127916688049 0.10235610692843117 0.23636423565542747 0.12710317449281758 0.22524132588789994 0.19047907242768222 0.07012139672141111 1.0712812823297733 0.7999627870487456 
0.2192592154890689 0.21807018331840425 0.6914845061379021 0.49936093514382085 0.08572395044801105 0.10632322376728114 0.15309029504819538 0.5744820218635731 0.5642997117866623 0.7364511771529845 
0.670837189170715 0.7184054046148898 0.09569422587334157 0.19982549181881415 0.11703546788710262 1.4125699655518624 0.11613092567002026 0.5444051130871053 0.23541479022361728 0.8581453158644224 
0.7564043100536832 0.14069677501629835 0.07189600284754903 0.23353077290497193 0.09812367703592523 0.21626278673557003 0.19001077322493642 0.10131518107741666 0.15644075985704778 0.8258428644805091 
