52.46662388853474 52.46662388853474 0.0 52.46662388853474 52.46662388853474 
9.275781861560334 9.269671601238752 0.029620439384439638 9.287536951091763 9.287536951091763 
1.8958626208712817 1.8958626208712817 1.8958626208712817 1.5746122681598986 0.3212503527113831 
1.8958222875941908 1.8950990611901017 1.4492069304804758 1.4244022776692797 0.9201199167757044 
1.893016470545532 1.8930156131954383 1.8614517310524743 1.3652440081797448 0.5593396330064178 
1.8951525756202692 1.895215672136661 1.8726137098824687 1.2063636955817223 0.7118432860828033 
1.8896796614365985 1.891024976313692 1.8790352933207075 1.069568120969537 0.8536430383796322 
1.8951766902588236 1.8951766902588236 1.8951766902588236 1.8951766902588236 0.0 
1.861094810779519 1.875459981444859 1.752166657156156 1.766456210916036 0.3209397070286598 
1.8927478664185777 1.8927485468545837 1.8383504728373312 0.9477845102570904 0.9993670975548373 
1.8939943363805165 1.8936019985046804 1.6641373736477263 1.648929570488791 0.47601425832627253 
1.8958124300846382 1.8958124300846382 1.6966022693126488 1.2413459345164097 0.853676656340218 
1.896061011916729 1.896061011916729 1.716042178580004 1.0796609534420056 0.9964188918114484 
1.8953178444095347 1.8953880438402928 1.856647495741928 0.7258353442979868 1.2084732975643213 
1.8936488379174805 1.8936488379174805 1.5550122596102 1.7674215159801925 0.4648639002445686 
1.8926452783323033 1.8926373737751663 1.5799820032327065 1.8854910704945393 0.31984215249405357 
1.896494148416761 1.8964867107271097 1.599172551476143 1.2171403473822415 0.9777079260261189 
1.893366099653749 1.8928963855650407 1.5272115439895928 1.4193167773702051 0.8413081604203946 
1.8942153086567137 1.8942153086567137 1.81501349250438 0.5211815733762434 1.4522355514328038 
1.840231224585624 1.7194113634952615 1.5986897171547294 1.337208125098848 1.0810074918216503 
1.8936856983588195 1.8927371529184411 1.3926476802831542 1.8419497691842577 0.555003946582894 
1.8931053700432374 1.8931029868217821 1.8053631921879052 0.4260283086206144 1.5548259972676035 
1.8935374205544757 1.8894402741206522 1.0500778681380567 1.8957055530269034 0.8540610962675255 
1.8941636496518643 1.8917710398293797 0.7908307474909928 1.8953538116803115 1.1092959980686978 
1.8934955092183356 1.8924270457380308 1.3406864838312644 1.893856374029688 0.5549600833014334 
1.8958119141309635 1.8958119141309635 0.589065390980886 1.8958119141309635 1.3067465231500777 
1.8954733833386284 1.8954855901205498 0.9196033313024631 1.870635433845434 1.0008218790392922 
1.8962150636740307 1.8962150636740307 0.20514167991605267 1.8962150636740307 1.691073383757978 
1.8964838110970832 1.8964838110970832 1.3793982299483007 1.7037393401747174 0.7098300520711485 
1.7333672111325202 1.7694267947169013 1.4480574384441014 1.7784920545021674 0.8536475349601926 
1.8080036159665318 1.6421644782214295 1.366419184220799 1.7578614361902372 1.0086015011516396 
1.8959127089272036 1.8945918863474425 1.103756005519836 1.5803722261648658 1.1114240934859163 
1.8940148606035963 1.8940148606035963 0.49472317036303015 1.8065650921829912 1.4867414586611711 
3.0489719345553086 3.049112438657811 0.15143154172225445 3.0496981198694635 2.8995784446730166 
1.771416435658301 1.6197170336148956 0.4738361741178255 1.8299739775225856 1.888218676680378 
1.892575083456721 1.8889690914729957 0.8749132406143645 1.5128373763142249 1.4058771192978252 
1.8938592784672168 1.8915291255652404 0.303842928294274 1.6281577848000686 1.8628165910756767 
1.5479851817266024 1.7982064706523935 1.2044835749551317 1.5860925717573462 1.4476129953410701 
1.8953357232841386 1.8937023114866474 0.7614152239566523 1.4719539849871905 1.5623931320539854 
1.830381276740229 1.583159811074934 0.819314143281484 1.6816737955461267 1.6712073569881956 
1.8931991636350332 1.8931991636350332 1.387699370739066 1.533194905670224 0.8655040508607764 
1.8939079306979811 1.892685421466658 1.2440329661077856 1.3829213383618135 1.165333586378275 
1.8938978940731372 1.8938978940731372 0.7877621200488052 1.106135774024332 1.8938978940731372 
1.8387934297383426 1.6748501078333664 0.9034292524783513 1.2797359823041772 1.8888370873301517 
1.8974749749754503 1.8974749749754503 1.0672047620321676 0.8302849248494103 1.8974602630693225 
1.8958532853688124 1.8958532853688124 1.2727728985235018 0.6230803868453105 1.8958532853688124 
1.8928532839629684 1.8928313604213582 1.0266513937959423 1.199478442390501 1.5596450514749591 
1.8919849680235377 1.892738243735444 0.9722528960134399 1.2839997685465023 1.5338720326937705 
1.6259817735670004 1.8262362619315347 1.1905946455403837 1.2452659666382968 1.7033465931427183 
1.808580969542114 1.6405447783774356 1.1895281830527444 1.2441505328964033 1.7018208385529094 
1.8422232104257845 1.7762883136160184 1.2788817565150694 0.9873568717607429 1.7003754732508651 
1.8494705266767257 1.7157442993982834 1.0717458516181582 1.3862997821488012 1.5626144819168506 
1.8936173429344088 1.8936173429344088 1.775387432184993 0.11822991074941573 1.8936173429344088 
1.8924405564429807 1.8924405564429807 1.550551835199318 0.5665998298375543 1.6677294478490892 
1.8927321327249975 1.8930788441791544 1.1868346410496642 1.1694779586895538 1.433857216286294 
1.8958161188517613 1.8958161188517613 1.3403275638296712 0.9631492847462376 1.4881553891276138 
1.658641773083934 1.8344952012701965 1.2763066769922184 1.3243162837533853 1.4957933789142819 
1.6194611684029523 1.8236848600169955 1.3535086592393502 1.3417892084508503 1.4484540023561148 
1.8150970637620822 1.832943477838025 1.6738930941877879 0.698128013632325 1.5617846145180794 
1.8967251896751796 1.8967251896751796 1.8967251896751796 0.19439378945856178 1.7023314002166177 
1.895975118461276 1.895975118461276 1.4033660528369298 1.0924825163768541 1.296101667708768 
1.8931006107857165 1.8930926806643724 1.36997041213735 1.3371621291016746 1.0790932218331648 
