0.09156828369500289 0.22243209530414876 0.08901433752889304 0.06172884497970107 0.12036145742123017 0.3778921615897186 1.2005028970211817 2.285544616722928 
0.054758459223637077 0.2161355885832667 0.07240326354372062 0.043703890171161316 0.15102692050065838 0.5880374406550859 1.293653229513149 2.24333107477802 
0.05776831559477346 0.2192527946796384 0.07202575456817265 0.08596038453627163 0.24201514537565666 0.41453755365897543 1.0308466079380652 3.681964406442752 
0.051362272829094495 0.20492718870337726 0.09775871638292154 0.027735106540950155 0.18606547873487073 0.38303237182049876 1.4826491641172042 2.6755230063831026 
0.06628501232519027 0.17193802893882462 0.15346794024352955 0.09328924701446889 0.14530259058887698 0.39762281900475316 1.2212077695181793 2.2227512463155916 
0.04702858142777281 0.17690891726237334 0.12337987907428026 0.03359729654045172 0.1278481673929746 0.21695220910294674 1.0409176140992498 3.0510089441069304 
0.04944980060203403 0.313524435546819 0.08351631232133354 0.04165369816373083 0.15181614627895343 0.4201796144675279 1.0671335473851848 3.2908272357420567 
0.0515884395443927 0.35180172952551475 0.09140863882666696 0.04549789098006669 0.11475520120436256 0.34413261423482583 0.7291032932124819 1.3948077451938756 
0.052763209832393965 0.23527103277804642 0.07171643547573028 0.14632118568660252 0.2146884822022834 0.5100525743430149 1.185304899363447 3.3675626322859884 
0.055510867119948945 0.36827521394308727 0.06505178147623347 0.06572654105572569 0.28632041267937364 0.5294858135818001 2.2764824341698318 3.5877882813951096 
0.043107390348468506 0.28664700409746385 0.13307147909362912 0.03816653947859721 0.09402416625741214 0.3654300303124646 0.824250298535807 1.8744496365756695 
0.021073934964531547 0.5309565935498028 0.07370687341223842 0.04984295401589709 0.15447216449535414 0.26003237131398516 1.0932112083958132 3.1408333471685417 
0.02612047363660307 0.5225881949262234 0.07773322791275296 0.0645999095242889 0.1281948941431642 0.6608981926743386 2.412461734548956 3.2419964224800504 
0.039871453656138645 0.39428320634352426 0.08056850604998061 0.033398249049057124 0.13934102427835945 0.3916721534356589 0.7005562715571297 2.2031671936176207 
0.026434410870033294 0.5110399979293077 0.07440077224517426 0.052308686527313804 0.19043500847535053 0.28607205683413217 2.5215499415833427 5.528027866682707 
0.027913978761911554 0.5238133638981042 0.07212820997695417 0.06581511166446276 0.2870881663681541 0.7011430028130934 2.3981457512485576 4.634779075840629 
0.03861289507251038 0.3831987564848068 0.07759975007894462 0.07079934569832123 0.18134816249494504 0.4684414528776342 1.800554517619188 2.6922592123893647 
0.03558909769754079 0.3299524736445306 0.12759152461067902 0.038059815671299936 0.1656376684188318 0.29002907778340486 0.9130015998244291 2.3894748289792513 
0.037137920187666304 0.35904379840143374 0.10321780572052652 0.05053353410660255 0.15984624955925997 0.43969236957758884 1.6728804892978304 2.5506287747629144 
0.019690037306865586 0.42203008241270545 0.13197341325887396 0.052825265588658785 0.0777614977425742 0.360606033606217 0.7955479591494596 2.1825306902776243 
0.03720122991757464 0.287600757722276 0.1338635759124184 0.05874116661819182 0.16059994513692705 0.4338054275785019 1.0652203775799833 3.419173580956853 
0.037831023834281816 0.29582688192854023 0.1373064524526406 0.047165295368497985 0.2708251799443791 0.696867354973641 0.9750678295259352 3.696782161576661 
0.03675248891595865 0.17186431116645773 0.1297225312545778 0.056028974461919755 0.15373549528461022 0.5150350592629315 0.8776650227667571 3.740841513597559 
0.02396077692759006 0.09297094948298615 0.17354671320278683 0.05756619237258796 0.11696240809315761 0.45182256770114637 0.8004266113223615 3.0186994646013954 
0.038459255348012276 0.18062244467841754 0.13504602951766778 0.05787482155459882 0.17219277517237253 0.5157199720158805 1.026269649258547 2.6091628863434773 
0.026022782059892103 0.10514672321317163 0.18467174213096393 0.066246265248251 0.2529282673355444 0.4458585021637573 1.6060336215431876 2.632154330248027 
0.03011895388161098 0.16632990343906048 0.16356087241272704 0.03849859762925339 0.10703326225368964 0.28418144326648764 0.6966061442463407 4.63786566124109 
0.03561566970468274 0.1355812378804187 0.15592187927892476 0.05113190620557586 0.11665423570267751 0.2985239151240636 1.1099531191269776 2.0636025987878197 
0.03366881753588712 0.10585866302407677 0.18081976744039055 0.12193992888647272 0.3274841625521527 0.3230812350084221 1.2140149733721 3.443214108520762 
0.015928527466511147 0.3272240967057857 0.1549970074217586 0.042336390051337096 0.16847643339274548 0.34211255585721345 1.0914895648010066 1.8584391720302211 
0.013384014869476536 0.23662032136538205 0.1624894261405391 0.07284266251665049 0.20647557656826296 0.459719523563205 2.5551846074027944 3.5398318002521254 
0.009886658349744408 0.22545488213252815 0.17995979089196934 0.054733012541153474 0.11573867139195596 0.29525468688031187 0.8198591438010159 3.5289752568480663 
0.014899985679594163 0.21066489024848833 0.18358460642929555 0.1084317095753264 0.21458941953271202 0.6229612617919422 1.7118540027847111 5.277459759871441 
0.01849470466377305 0.32086187219471474 0.16871309949585175 0.09581814614182259 0.2715509112125913 0.29122690432389114 1.1940430247652998 4.139377504259175 
0.032138360209280986 0.09413220679120868 0.16220530700846467 0.09504057187312218 0.28858581290986185 0.6359754229846258 1.3977589772798504 5.50415856851806 
0.03707084478600238 0.17407080130245073 0.13466121683260282 0.09656640168010804 0.26562956999977044 0.4846152066751611 1.7510010770145987 3.1041021703394205 
0.034656234811713836 0.14294390034942978 0.14874751323846855 0.14943714916242548 0.20502308081310214 0.6510243582557551 1.1492588175834335 3.801311459610017 
0.039376732444440156 0.17953834334894353 0.14074250632777185 0.11428216476624256 0.08775441497936752 0.30725491770575475 1.0890808380680985 4.084263515210607 
0.02932476537187722 0.4005153839227952 0.13780840003002864 0.1645082890160078 0.34023683098288265 0.8815584980495552 1.5376902008467572 3.7073666271144683 
0.04751575305550436 0.3619867380586268 0.07347582025875271 0.1369457562810758 0.27201288658289796 0.6343572361071506 1.1526236248754256 3.538381924588862 
0.02448429867675102 0.447244739215199 0.15210699931090857 0.1583043812296287 0.16502516143379575 0.7901644298357027 0.7448031488986132 2.8493752879625176 
0.03814725535140638 0.2868484616542795 0.1469976859739423 0.12073335641131286 0.23021506136077372 0.4090975880349179 1.1432553464102826 2.3974871799760846 
0.04429829681262142 0.3245008330141316 0.08944684856161308 0.09681834363015386 0.17216831564970414 0.6963283421267117 1.4681440875119494 4.6186585338046795 
0.03464052310352201 0.4497810731810638 0.07218822091156223 0.10518559950746328 0.3248236521512152 0.5811947459220553 1.5684788394514302 4.096547006230705 
0.021560715093833293 0.4038362120029183 0.14556484104860756 0.08981642878682979 0.23358426618516498 0.5174202739880785 1.2587609454530835 4.792498074708179 
0.026802731967448364 0.46926485479566576 0.1007655513437193 0.08414309231503396 0.12203983493323106 0.47701300093256843 1.3009711223105618 3.7005250262061335 
0.026514030333543576 0.39952031397758414 0.14217722000595576 0.06665434928321995 0.4425913181377004 0.6016112127643062 1.5169940267905093 4.162152820793705 
0.02673181513859412 0.45318665418436443 0.09992989521282593 0.1644929388816297 0.456127896728597 0.3055703391586475 1.103848957757526 3.7421963306948154 
0.022954995901548387 0.23674891405235074 0.15382697821962618 0.13019725310326336 0.3605942147216537 0.4667400808266204 2.147868742426958 3.254832673206016 
0.05243103395378536 0.2262280087051632 0.06651932299517262 0.061667963853009 0.35638878673000096 1.0321359858722396 3.291735481226541 4.9287671856773985 
0.04887178138941198 0.17342802599000426 0.14450584024705643 0.05993394939551356 0.2965909815214853 0.37542460101901654 1.9527713143799683 3.654330590039369 
0.05231211957422798 0.19637399665044 0.0974070813932449 0.15059305085388833 0.37813775913803077 0.38780479074265284 1.057558270940402 3.224633565561246 
0.04824085127338409 0.2073711629005062 0.08442931691992286 0.12715142344981575 0.4564414259326686 0.6995802073120531 3.6323334238590523 6.673310374358931 
0.03072768238289649 0.09086781650603429 0.16844904515796844 0.05028027210647384 0.3396234453869393 0.8809866831111899 2.345844440075664 5.300096900047228 
0.04387850746862795 0.0882156005977324 0.1794460102133657 0.25731115999899457 0.3922217018909123 1.9861059197664825 1.6625680057919685 3.73651212410773 
0.05078272781273326 0.219818564804994 0.07035925408513988 0.04002925172292206 0.12459300001160063 0.7086133771883948 0.9696425920519367 1.8974140884251964 
0.05346563589419199 0.21447721758612864 0.07384387362591341 0.06607027996685291 0.22531695142187172 0.8585882323503762 1.4753857828155195 4.710750824132148 
0.02225131066374931 0.18084241799215178 0.17450230302264527 0.11363011012998127 0.3335621619428317 1.0978618020357613 2.7438162602972738 3.629630411850266 
0.021369578749697176 0.31417277494230084 0.17150301026365544 0.09129940669029057 0.30388621996985166 1.0625765693893465 2.149560314996284 5.7693300707841795 
0.053403038673330946 0.2028775841646195 0.08983117930890527 0.2730629321785127 0.22661649039958331 1.3254422919750204 5.715703492925054 4.982211091581697 
0.020242570930650777 0.39562519134094415 0.1376017498151392 0.13563375276535986 0.17507003485959305 0.9586068648912915 1.1792299013069072 2.88682087553171 
0.0499073608617876 0.20036775758880662 0.09257556010496946 0.04857648284146624 0.19885296031765354 0.6777993333343968 2.540153839377402 2.64118064790188 
0.015860139253071445 0.3817068688613272 0.13398877544839688 0.19364289478773575 0.37635564323252746 1.1801887367470052 5.179330890410104 4.542628489850529 
0.04329476681467558 0.37593221626440937 0.0653418924573408 0.07840190251493795 0.27727897690667513 0.9398168528563614 3.5242634022025094 5.077869536865866 
0.03522771263953807 0.3660706901977197 0.09838131323659945 0.194901387911576 0.45063905483250555 0.9075179541433799 6.000171978144772 6.321884321932387 
0.05526781368070151 0.21052995205093405 0.07429801837644244 0.0585235522485326 0.16031614883276699 0.6267673386353585 2.9072272263864987 5.145931058105627 
0.016320624838691584 0.31879782291324843 0.15133877506794216 0.047569745514647155 0.19883574718731292 0.7045362735912964 2.944239178753488 2.8855881574263753 
0.022921446133476013 0.5330461341639872 0.06594136777810002 0.08204820399483585 0.40142032432066965 0.8874537568054089 4.058978656706442 7.062044869044377 
0.06937745750922154 0.22476533017848607 0.06406395053200588 0.1529107583907551 0.2961960431513002 0.4594865467715917 2.9461344542156334 4.2935525497239055 
0.050330404463238394 0.20139009822925677 0.0967107080107197 0.057829816921811925 0.22546322040751843 0.6165942641695646 2.2269090359716883 3.340389802479217 
0.020351726813204837 0.4167805086053953 0.13539575007283194 0.14871135483688844 0.26256403316552407 0.538178434778799 3.080662716360986 3.30990777911064 
0.02573277983202313 0.505123116065512 0.07109731997033036 0.0691598736482961 0.19625565200882852 0.4941889371899568 2.959363694044383 2.6287027320760865 
0.0530919731541751 0.22118359713462196 0.06901681594128896 0.04644081783098862 0.1501012280778224 0.36836919660374057 2.0234818137888206 3.241577354684464 
0.050827503644846284 0.20168856872977617 0.10408563078779713 0.11404577412512172 0.1799534504138307 0.6140699092365989 1.164866496670526 6.634062208669842 
0.04981625070559504 0.23559061262797482 0.07446038838060462 0.09682186850927046 0.09243294642976815 0.3573356223247732 0.9890190308092738 5.1147388779480805 
0.012109265789184798 0.2061219201373098 0.1710386860533431 0.12678715497882373 0.2852000971288065 0.4707599031549421 2.2336726449565947 7.033581674111188 
0.01854938320330186 0.4094411310948668 0.146211106615984 0.04172395290927729 0.24202184759679668 0.7558035618722975 2.0997547346569854 6.8798114563528685 
0.016910774673102796 0.31744680174486467 0.16375348476643325 0.09838813391514345 0.15255681923825126 0.48418632629394553 1.8711959410597583 5.813920602636001 
0.046997101155495345 0.27278989732417114 0.10561957709828025 0.03895209961792252 0.11504248755579237 0.25272763552824146 0.9744484405042128 4.592557723254665 
0.02151765573314895 0.4103196347625413 0.1326431582313356 0.12718491858532124 0.34627501781258546 0.6038685253261987 1.9644785889538257 6.2959748090560765 
0.03748926427561154 0.1806686473422458 0.14080497902504183 0.11107664229811147 0.1447811193891709 0.37943687219517497 1.201191085929015 4.58846188770286 
0.048512865478973585 0.21878915236363616 0.07329972232150027 0.0672746945908608 0.23907564289777672 0.35358555844554057 1.8855900268341443 4.368815704839297 
0.049025151848450924 0.27656175953108497 0.10106177707578101 0.06642221637825096 0.12226722121566837 0.6340645613590342 0.8403009841411545 4.353548578718997 
