0.2573858917355327 0.0 0.0 0.0 0.0 0.0 0.0 22.126292017991616 
0.2477007020719899 0.0 0.0 0.0 0.0 0.0 0.0 22.12644400790232 
0.2573858917355327 6.783462565458365E-4 0.0 0.0 0.0 0.0 0.0 22.125898518487148 
0.23223662933078693 0.0 0.0 0.0 0.0 0.0 0.0 22.126615343213377 
0.23938743491184944 6.783462565458365E-4 0.0 0.0 0.0 0.0 0.0 22.126475519731905 
0.2383641716817042 6.783462565458365E-4 0.0 0.0 0.0 0.0 0.0 22.126499829713374 
0.22672465826830823 0.0 0.0 0.0 0.0 0.0 0.0 22.126680149250056 
0.0 0.2799090194949443 0.0 0.0 0.0 0.0 0.0 22.12733061581124 
0.1484287042999135 0.2799090194949443 0.0 0.0 0.0 0.0 0.0 22.10805191336149 
0.21548192922009513 0.250213115627302 0.0 0.0 0.0 0.0 0.0 22.09929314569868 
0.20792809689360858 0.14648168360577785 0.0 0.0 0.0 0.0 0.0 22.10964194377758 
0.22672465826830823 0.14622522440810393 0.0 0.0 0.0 0.0 0.0 22.110573270824034 
0.23223662933078693 6.696822467819885E-4 0.0 0.0 0.0 0.0 0.0 22.126570321518603 
0.0 0.01484795193382027 0.028780935014829367 0.0 0.0 0.0 0.0 22.151556691300392 
0.22672465826830823 0.0 0.20747010322183534 0.0 0.0 0.0 0.0 22.100801814431946 
0.23223662933078693 0.0 0.20747010322183534 0.0 0.0 0.0 0.0 22.100341289204387 
0.23223662933078693 0.0 0.020640954535895872 0.0 0.0 0.0 0.0 22.12500249679217 
0.010223718591001685 0.0 0.0 0.0 0.0 0.0 0.0 22.15388995718412 
0.0 0.0 0.0 0.28149467164421615 0.0 0.0 0.0 22.12889044425978 
0.1010229037905983 6.783462565458365E-4 0.0 0.27095417080532513 0.0 0.0 0.0 22.11567858680389 
0.0 0.12510655781365188 0.0 0.2806031473350181 0.0 0.0 0.0 22.11620983145212 
0.23223662933078693 0.24629821437848953 0.0 0.26827157032116666 0.0 0.0 0.0 22.076210916324776 
0.0904621484837218 0.005066291622471297 0.0 0.27095417080532513 0.1542895307014156 0.0012707025902756186 0.0 22.09769766999896 
0.21823791475133447 5.480195418279266E-4 0.0 0.2786300654667997 0.101818692902226 0.06165389360446483 0.0 22.0838334095276 
0.14931094351911156 0.0 0.24778919853558357 0.27867957396426846 0.0 0.0 0.0 22.083368690837695 
0.0 0.12510655781365188 0.0 0.2786300654667997 0.101818692902226 0.0 0.0 22.101625327948867 
0.11782814218601168 0.250213115627302 0.0 0.26827157032116666 0.0 0.12330778720892965 0.0 22.070776558630705 
0.006984482590000951 0.0 0.0 0.2006413093198649 0.0 0.12330778720892965 0.0 22.121567816888753 
0.21823791475133447 0.0 0.0 0.13931503273339985 0.1542895307014156 0.06165389360446483 0.0 22.083806150850414 
0.0 0.0 0.0 0.0 0.03800653408383248 0.0 0.0 22.153203175588903 
0.2573546211476412 6.783462565458365E-4 0.0 0.0 0.10472038287650776 0.0 0.0 22.113356425426815 
0.0 1.1032541626931902E-5 0.20747010322183534 0.0 0.10425545129292324 0.0 0.0 22.1226755428751 
0.2573858917355327 6.783462565458365E-4 0.0 0.0 0.05485127475419915 0.0 0.0 22.120604881429095 
0.0 0.0 0.24778919853558357 0.0 0.0 0.0 0.0 22.129034176106714 
0.1484287042999135 0.0 0.24778919853558357 0.0 0.0 0.0 0.0 22.108626318032755 
0.02673937941788118 0.0 0.0 0.0 0.0 0.0 0.0 22.15310097645318 
0.008926814835389152 0.0 0.0 0.0 0.0 0.0 0.0 22.154106123671937 
0.10057876579545422 0.04760993298676475 0.0 0.0 0.0 0.0 0.0 22.140371467135463 
0.09808383378851637 0.0 0.0 0.0 0.0 0.0 0.0 22.14280442620208 
0.0 0.0 0.0 0.0 0.0 0.12166799795694949 0.0 22.148777975741638 
0.23223662933078693 0.0 0.0 0.00981520985034301 0.0 0.12038528190115905 0.0 22.124578328442745 
0.21823791475133447 0.250213115627302 0.0 0.0 0.1542895307014156 0.09248084040669724 0.0 22.06959186662653 
0.0 0.250213115627302 0.0 0.0010939598896779756 0.1542895307014156 0.06165389360446483 0.0 22.101369201351243 
0.21823791475133447 0.250213115627302 0.0 0.13931503273339985 0.1542895307014156 0.06165389360446483 0.0 22.055539378293982 
0.21000328295382076 0.0 0.1985927031283392 0.0 0.0 0.0017216830173634179 0.0 22.10288959571862 
0.21000328295382076 0.2465737885358017 0.1985927031283392 0.0 0.10338018425030171 0.0017000585017559189 0.0 22.064071509174923 
0.2180190811171201 0.24020720833309106 0.0 0.0 0.1542895307014156 0.0012707025902756186 0.0 22.081104758915714 
0.10232562505640175 0.0 0.0 0.0 0.10338018425030171 0.0 0.0 22.132349462274465 
0.1010229037905983 6.783462565458365E-4 0.0 0.0 0.0 0.0 0.0 22.142405410372334 
0.13067934105576384 0.0 0.0 0.0 0.0 0.0 0.0 22.138521612606212 
3.8752485860449326E-4 0.0 0.0 0.0 2.945453216742777E-4 0.0 0.09740552770550259 22.14999633432029 
0.09820644019720604 0.14622522440810393 0.0 0.0361713804916306 0.09672217916041248 0.0 0.044431192485248516 22.111765984476815 
0.0 0.08792283785384924 0.0 0.0 0.0 0.0 0.03497549160988278 22.147113240140015 
0.22672465826830823 0.0 0.2096639080372622 0.0 0.0 0.0 0.044453899815071196 22.09795675598789 
0.009094795204413586 0.25222715311786104 0.20747010322183534 0.0 0.0 0.0 0.0 22.101116306199383 
0.0 0.250213115627302 0.0 0.0 0.0 0.11853769063848318 0.0 22.112104223392603 
0.21823791475133447 0.250213115627302 0.0 0.0 0.05090934645111389 0.06165389360446483 0.0 22.09120417064198 
0.0 0.2799090194949443 0.0 0.27826160720368165 0.0 0.0 0.0 22.10132796002975 
0.0 0.04760993298676475 0.20809429955170522 0.2790337915043981 0.0 0.0 0.044676456240477336 22.09702778837963 
0.0 0.0 0.0 0.0 0.0 0.0 0.0 22.15440221201697 
0.1014969307946636 0.0 0.0 0.0 0.0 0.0 0.0 22.1424714769937 
0.11898369365825978 0.0 0.0 0.0 0.0 0.0 0.0 22.139796359774763 
0.1484287042999135 0.0 0.0 0.0 0.0 0.0 0.0 22.13520590958915 
0.21548192922009513 0.0 0.0 0.0 0.0 0.0 0.0 22.127737178241787 
0.2162366363664674 0.0 0.0 0.0 0.0 0.0 0.0 22.127291208531105 
