0.7873001404416226 0.13277602825650106 0.056492103426013664 0.05279307717005675 0.12569407345798836 0.2505115302634993 0.5981518470585392 2.400303752241107 
0.27405409889294313 0.08115637919236747 0.11881887764633058 0.0443406200395367 0.19026484561978335 0.7037512214297286 1.3251168568603904 4.591060159916233 
0.7816063257641422 0.11493830438139721 0.052444574749398835 0.08648014098627055 0.3583249330732795 0.8713072353955561 2.564575740188375 2.77854624257841 
0.6505371389319282 0.22274162222528782 0.05571492184455324 0.05631180317698033 0.12157267400741702 0.30689137974312014 0.6449860026889218 2.414887704517729 
0.6671651089930518 0.19585282533590975 0.05640045762509459 0.10297922274842469 0.2320895333393716 0.4941357409008041 2.8828315773268587 4.028354666090143 
0.7814446660383777 0.13541221309722692 0.06111472781982687 0.2587391797513022 0.4907942316371088 1.3238898136447086 3.43862055765085 5.2827321075598555 
0.3769197515475782 0.11480249003684331 0.10459831159517063 0.052628915024280506 0.16099497439409452 0.5500390017815214 1.3255378467771886 4.942269278764698 
0.32594561021176993 0.14223376326881235 0.12137374866837992 0.04205522687334171 0.12987308529163175 0.5055717627927208 0.617137888239734 2.2691823509512323 
0.5599201883470611 0.24011307218422168 0.051040323116261097 0.170967386099494 0.3578881477323405 1.2419066118503927 1.8717282136823168 6.228040328153843 
0.32210671831447135 0.05195231134001766 0.11532401851214528 0.08573818186285717 0.18862252355759868 0.44411852089932374 0.9342968063056363 3.409667919635154 
0.23750161179760418 0.10203797177994194 0.10769326095937445 0.07474941698835799 0.20614872931449485 0.44922472767861765 0.7232408875187 2.275177434137391 
0.32660604090995715 0.3206914073073582 0.05696466577503806 0.04958111388123466 0.12988499164567308 0.2764029814042883 0.5900532284088593 2.151122762242362 
0.38686140446322775 0.29714343368436674 0.0523722026508301 0.04148057445654761 0.18385251652125376 0.4590814467002233 1.2280574049568882 2.859498155445577 
0.24995910640194777 0.22125580821843066 0.08986736525343844 0.08482355520111053 0.2964943033798025 0.5005599625085609 1.4685221875843208 3.525678964421889 
0.25050855798419513 0.21622939761791987 0.08780596307755889 0.12360270629718956 0.25281707045609736 0.610174504659516 1.4288406349049139 1.5750562439454103 
0.222210382494937 0.17207556673882934 0.11378723195049988 0.045957345346011425 0.14094647804693475 0.38202103368936763 1.1671388409209364 2.611790386687547 
0.18587478207562663 0.1747917752155093 0.12111756334530473 0.07386725609949124 0.2513997336477527 0.2745282004433425 2.1212237661486673 2.5272587999798724 
0.47107014429822613 0.25426190931975634 0.05150864936310003 0.07769776928216507 0.19369618028526878 0.8330591609469966 1.3934185090080131 5.125786619454074 
0.36211447091035703 0.194068824242542 0.08470033859356915 0.06870297336816933 0.29678275194473563 0.46354995098655327 1.4200271625984937 3.949785352642843 
0.2214584710986728 0.16724575111974915 0.11424072350797083 0.0868119027457026 0.2058426805619622 0.4240824689475758 0.8874518136379463 4.711682571390692 
0.46137032374088094 0.2795500442898863 0.057415129248190803 0.09473753891905755 0.5551179897436942 0.6060570794945473 3.325094127177765 4.373004856462583 
0.48731052784096207 0.2928717361258759 0.07105186350863761 0.12556992615226925 0.23456864304967937 1.1509797018611483 4.289785435179128 4.058247966800126 
0.13866812863822903 0.12206385849427376 0.10939719736588123 0.05518705378141196 0.16788250407698296 0.48205175232519076 1.3196715187868422 3.0195836436272865 
0.2536387573447299 0.11751344683225759 0.3504291787080878 0.06357290971549336 0.1256512134939909 0.3275688748235739 1.0495340238985575 1.9250172330027457 
0.1924446108936898 0.11457256926149638 0.12982420739463527 0.07700363763266516 0.21370905968571496 0.3771020221860971 1.7573221651915374 4.630768024160915 
0.24021536774513363 0.10186976135577114 0.14023422915184613 0.04234022542048319 0.07152893307605772 0.27230327698648754 0.8870788039314527 2.8696433410622775 
0.1405782075836684 0.13436126835091416 0.13229083603451797 0.06528222217139353 0.1271707233187004 0.3600718168889705 0.49064593798467615 1.7578420202217675 
0.3240712893143685 0.053902009483831975 0.12243442792947157 0.0482299248942943 0.11687941230782141 0.32711902388097797 0.8699717608864297 1.998448297153854 
0.13372997551163093 0.13750100764117426 0.14496785722430086 0.10568589208302737 0.10624168955421513 0.6235610324738233 0.9995334699397067 3.45798082786674 
0.13821318009588854 0.13322122890787133 0.12885137513010428 0.07557876641980099 0.16722172707614985 0.30404025342100266 1.4713956949369078 2.334534991822827 
0.2818277034869742 0.08291084101236997 0.13487545744098284 0.06160914931892984 0.1528147817601562 0.378057968759831 0.8401277769314791 2.4759755006153754 
0.1416307108573733 0.1224411946515223 0.12432378885077444 0.06280203697448641 0.21735565925139172 0.7286445000714962 0.8196729067947762 2.7066925074996826 
0.3268762489608669 0.05222015604805045 0.12180550069190109 0.07519649795046576 0.2164917926688317 0.2073817410114503 1.4391593950274753 2.491160970094789 
0.1889461973177803 0.1123043826416751 0.1385627318241255 0.04238805111198711 0.34671934976313595 0.4331716736239385 1.0359180179255278 4.231639735163553 
0.3174963583823059 0.046677749534135775 0.1743883481529705 0.31406428073433884 0.4214464531746986 1.2370946100962594 1.8601320985549321 9.070181778770653 
0.19173662232841612 0.10986607136663636 0.14552671070890258 0.15801801676847918 0.3083022733213614 0.4525715251029672 0.8216331305708207 4.959752788545215 
0.3023613406899086 0.2681595305934372 0.07400283898412471 0.3004317556398661 0.45276213969595436 0.8890094138879804 3.483158042739193 11.372728976289494 
0.13466998175856348 0.12570850157833371 0.1293319698460564 0.17441702450667126 0.15182296786735056 0.9790268805709754 2.5143701082189605 5.645431754688851 
0.27667547415149424 0.08776630205849656 0.13566936061589965 0.12366338536832261 0.17847551803104722 0.3899792845606415 1.160010420746558 1.940574604556037 
0.12839608588206278 0.11353559899905119 0.18248851065336932 0.25522710827789136 0.5304500988031449 0.9023939769718552 4.3610349545678435 14.034160390831113 
0.2640393841039161 0.07645562972280845 0.14429710603862989 0.1717018708634523 0.3384410021599703 0.7785875599157871 3.188266551965968 6.1686946702284 
0.7684707030471584 0.11944490178254394 0.07516922577494732 0.277051551884155 0.5048652665517023 1.4141604266548042 2.851375955406595 7.323999455740356 
0.1382298524770342 0.12726820226839694 0.12009787881380907 0.13881172968742206 0.23759926513029508 0.9372434804239526 1.2239752949642333 4.019932243417358 
0.26881847235941725 0.08584274630603768 0.11978951299607897 0.15194621674446718 0.4942538071937862 0.6002791988576874 1.2274257679163711 5.897696226595338 
0.13299203806501847 0.12195551266296913 0.12254632294799526 0.11227609848781403 0.23655354564520542 0.39628182101142273 1.0243762599025854 2.405698469811059 
0.25949555340245845 0.0902716565706757 0.140371420807687 0.06224861644016668 1.0885171093632187 0.5296635964095349 1.7478824697150757 4.893139138138681 
0.23726046126447878 0.09962712303411118 0.1091638425965891 0.11634667778551205 0.32445714313170276 0.890678413541375 1.0023795592957234 3.179823103799546 
0.31020940640684813 0.053411573781920185 0.14958450576660806 0.11740449098157735 0.6974733479576071 0.442604225264934 2.9489973747809413 5.421672320085614 
0.19169730581418815 0.11710327267492 0.12152782252770333 0.08225224956398397 0.6193129000359752 0.4797778184909784 3.270716371063025 3.9083817507850367 
0.12912302819444224 0.11804255654396766 0.15936183736375453 0.06340902609055375 0.5430873746192061 0.7605723408405504 1.8410237828957015 7.370242921721391 
0.2385025528433848 0.10178431033599455 0.11375284964776405 0.07952774228303999 0.3220413439204478 0.40333046020044805 0.7828161054201014 2.6563022395823364 
0.1345102903715531 0.11488528638506228 0.11300176040090716 0.06425999899445195 0.30148653046028234 0.525175321123049 1.6582637987035853 1.5999711701332364 
0.1312546619028423 0.12408191676369647 0.11988564080153045 0.10080962393487403 0.4338460518706957 0.867677894844445 2.4108762700086723 5.379104512473371 
0.27883461690186423 0.07657085239808736 0.14217512497587448 0.07945195822819162 0.40943826785336723 0.643631739762187 2.760975633531579 8.116671148966887 
0.3300304742187795 0.04940235125901795 0.12684738687337346 0.10041241791024655 0.5480139778193289 1.5905981956933586 2.7700474299577524 11.200607802381473 
0.1307986527839911 0.12745178701876742 0.11922715919261563 0.13561985177640418 0.3451775734971639 1.8154058666400539 2.0985177095859857 6.234965713488566 
0.3136165386413532 0.055238666892521784 0.12152406210224913 0.07623197576820627 0.36351655727237336 1.2414832366676678 2.169523124953326 3.1977173869518776 
0.27671100732272946 0.08466084726232971 0.13012013608032588 0.1112248204128996 0.26201774271304484 1.1653154767190845 1.3974662505987734 4.512403475767309 
0.2824023307029956 0.08685064495693745 0.12342676233737213 0.05838553332959149 0.20802724489115468 0.8725776653934072 1.8633144075740262 4.430720161450697 
0.23790182246077024 0.09650449440695828 0.11605056357921446 0.07723557631236451 0.2059108190887562 0.6863011557551068 0.7234835718896736 2.356257757283689 
0.24841887867931556 0.20729113250684383 0.1060860025870078 0.15579147110962105 0.3814020640822355 1.0953467496452929 1.43818052897118 3.438351554527354 
0.48506556303844656 0.29094280405975576 0.06502823298955118 0.16788894092274168 0.28712952545429266 1.513505111920238 3.916947378971946 4.001077327445149 
0.13437623892830872 0.13004968326359337 0.12196068045719471 0.08224996712136758 0.1891254550232025 0.7946165283334686 1.3874788974280305 3.5837870595128165 
0.31535468331154587 0.054873147450297 0.14043626907283352 0.12471601866635902 0.22362757439879521 0.7636301817769858 2.249731944093072 5.18488508278 
0.23768605710366641 0.10186791714821243 0.11028705477968531 0.06966642421964685 0.22133044503629254 0.4101741914833125 0.6117001765741374 2.4335522903363622 
0.2204632546543499 0.17044222385201943 0.11879735921885079 0.0982398220471125 0.2453087085088873 0.7661754456104202 1.1262128902486734 5.656699959021885 
0.2311466464284853 0.0966423103585443 0.13212141559670396 0.06755351487656698 0.2613013313302238 0.47491431830105424 3.792776424471425 3.42909133086851 
0.13443621526482225 0.11883627467918328 0.11014360168938127 0.07932354745429046 0.20936030385632753 0.508321464108233 1.934485898527136 1.9892698876105253 
0.6349876872907304 0.1755055893453319 0.07152692492075151 0.26030459533542005 0.3567153754571239 1.1563181833287284 6.180542669101639 19.971889769668472 
0.30405914639713294 0.06495129481744656 0.12415763139157174 0.06661781852748726 0.1535219883679191 0.6273487042432794 2.1198130364262546 5.360381084900786 
0.1356821535466444 0.12330326521393659 0.12259913694760415 0.11888445563007216 0.14471679469639284 0.8971992200788969 2.4137880069149107 2.6145088695293657 
0.3580953758305211 0.21895740073410086 0.10111695686834327 0.09258490714184836 0.3939289647112814 0.4415573476002915 3.204654596798751 5.12656740029291 
0.2530113423276346 0.21329509700438937 0.103158681771836 0.11053429786099918 0.42746554226260647 0.9959665286227001 3.75637967536828 6.634726800348612 
0.24078065018696057 0.0921485483798061 0.14717161448614585 0.1316367942737656 0.21999699527637512 0.6003598699972903 2.46621865788029 8.494914641002408 
0.24005933284242317 0.09771982104558921 0.12248514925097306 0.07942558118227501 0.26902369613233074 0.5240513855625725 2.0545949782319517 3.535911169802472 
0.28336585688891797 0.07591514708976486 0.14066432168050022 0.09871632093971477 0.27666061818961635 0.6318808950465503 2.1143397505880053 10.84422044004755 
0.6792316664175204 0.20018331068183806 0.05679861027578568 0.12349486282706089 0.40215338941731776 0.6635136486757673 2.845422904288719 13.419950822605836 
0.13139136685702615 0.12475969969512998 0.13329242847012165 0.05324223623408114 0.24383132928268686 0.6317857834072692 1.9664295396584994 6.7895077972064435 
0.2343034081778059 0.10217253196033851 0.11331777943347504 0.04587230659218325 0.18598422487079483 0.43748519020467613 1.4158184303824353 5.054206843083199 
0.4572607157988575 0.27394629513214863 0.05648331348103547 0.12462395697723003 0.31787011816945215 0.7930574923344228 2.666496369049991 11.090391430733508 
0.38290291384858 0.11435290136955942 0.1098955449131311 0.07672536015300234 0.23764100135527375 0.22497466495355684 1.244939544363318 5.982850625969021 
0.31739185822320204 0.053216041093510885 0.11755029046520198 0.08313813080712174 0.24802810850785323 0.3764205172884443 1.5546768162893543 5.207218020716961 
0.3027918270666483 0.0628691562877508 0.11917044631245266 0.10047522914698498 0.251124444393392 0.8269604746567448 1.6592171735777062 5.536761063826985 
0.13235287261478546 0.12316836344592454 0.11215850710166352 0.08480924454259568 0.22687873721485 0.7672293646702564 1.03664975457324 4.934092889277567 
0.5509732347395595 0.2126153151102888 0.06685530720879831 0.19665845674445334 0.3783973131215287 1.6084706301889165 2.4348492150576426 12.78038800266965 
