71.76692849375422 3.4690167651621535E-9 0.0036113179868043814 0.0 0.004336730324535111 0.0 8.881389814311469E-9 2.1082062984448535E-7 7.664664997288574E-11 0.0 
0.06048041839647673 1.8022484853552584E-13 0.009322760950834088 0.05405519928737742 3.1428132359406915E-11 0.0033820218422013935 0.10976959990509484 0.012079329324991164 1.742659576198184E-4 3.167191824690138E-5 
0.17781128930662574 1.4948011805674868E-6 0.007830477689432158 0.10212703698891636 0.0027505786800810024 1.4625722819515047E-4 0.03701765347661232 0.003189735556063175 4.377445402434095E-5 0.0 
0.4629221992345373 3.57268508462284E-7 0.0010249124189961253 0.09432678438609285 6.201819639780306E-4 0.009412034502329268 0.11744964356109056 8.45358380048387E-6 2.2410197287804742E-4 0.03591871296689935 
0.10817460460423545 3.869252892574761E-4 0.00142527275318667 0.1337393964234374 0.001684918982077191 2.816586335975983E-4 0.03029862009443814 0.014792425807507965 7.121759114272444E-5 0.048790855196513244 
0.12901671354317235 0.0 0.010780488596756574 0.009443191404494032 0.004093706253932693 0.011317012626981588 0.1301697052189529 0.0065267682826624426 1.0028349340928767E-4 0.0 
0.10016210106451938 0.0 0.008403141860792154 0.16141620104580603 6.316912176821479E-5 0.006636920387002007 0.05316360999103992 0.0 8.748238973379422E-4 0.0 
0.06212102537479039 2.2974638673471068E-4 7.343340095242331E-4 0.07927288141180104 0.001571115731779573 5.4468359714842956E-5 0.12671929542638438 0.015843793095172257 7.17021294595768E-5 0.0 
0.04312212327632885 1.4362885721627819E-4 0.007096130876649362 0.08555339037452997 2.3090812418687138E-5 5.550048890795519E-5 0.11771828131583131 0.01220561622171074 6.848849202816947E-5 0.03696227478321574 
0.03838435346997037 0.0 5.134602996767679E-4 0.07999455545581398 0.0013881602770825258 0.006815262447107584 0.12551531322036857 0.001000872207853481 8.708586700284817E-4 0.0 
0.22402279061168545 9.391271107179223 0.01624472018635919 0.010119357789204971 0.008977683188193494 1.3384302250247045E-4 0.02240173922983254 0.002394214172341295 3.640811467455519E-8 0.0 
0.013519962977895856 1.2357034773040278E-5 0.012158157334055833 0.07435411463707751 0.0050019607539083305 0.007602446938435444 0.1382319522821361 2.065966451334453E-13 0.0010780225824141589 6.005793425678732E-7 
0.06016492642343791 0.05109090909469549 3.1672593605244946E-5 0.05716502331257378 0.0023480185858984885 0.035872644517402776 0.10283250061650324 0.06696016338358837 0.003065998734695045 7.385440001376811E-8 
0.044595776413540685 0.038672647914122456 0.049954811521651855 0.04459602020290767 0.0031740937657461178 0.024861592554967196 0.1279350169037692 0.0 9.283656553142661E-4 0.10522548205949858 
0.04782899007648062 1.2555324360457012E-4 0.02852652384533939 0.408639475624841 0.0036633575643212884 3.434133628172643E-5 0.00859759063495598 0.01886246112127755 0.0025978251554770447 0.0 
0.021617702719191702 6.833831835812942E-5 0.01950567422415335 0.12207686265913734 0.008510139723576999 0.011947642979419557 0.03919911722797126 2.158313146327196E-13 0.0010710509829592288 0.0 
0.02165880759119649 3.6276105327419044E-5 9.575871300190323E-4 0.040100631378816205 7.605867709044811E-4 0.009328350642477045 0.17655649983891433 0.019923646600129137 0.0011315860407960403 0.0 
0.016352165073447326 7.581222233759988E-5 2.1416402934297388E-4 0.18356272903845577 0.0042011201774853485 8.130543717984229E-5 0.13282005800746705 0.0024472284705946545 0.001047968821463169 0.0 
0.019998981914136967 1.4833326578374348E-7 0.01776075649619353 0.11672227416412703 5.018338343260424E-7 3.3483382094718354E-4 0.16242670149791194 6.256471597083418E-4 4.628026298130173E-4 3.179881984712494E-8 
0.013653529041244445 1.6320722886316116E-7 0.02023563459360343 0.07545518929990543 0.008263906576866424 3.0104779602230334E-4 0.11005685141210768 0.030646661774399113 0.0025533165143205743 1.784503043258036E-7 
1.5910986775776583E-65 5.714902009187433E-67 7.283015883929053 0.0 0.0 0.0 9.48628764192433E-9 0.0 0.0 7.801910541894483E-8 
0.019893288617295432 0.0 0.024402880078324404 0.12484539201370891 0.01304952417456433 9.77287901296195E-5 0.1146022610610606 0.0047068360666133345 0.0038109667755059046 0.0 
0.053643253537712064 2.431167362990935E-4 0.04615733583285426 0.13407617382803955 0.021589143793108334 7.069010606515896E-5 0.05775027734481003 0.0010523046186292023 4.348136495960901E-8 1.0596558389828834E-5 
0.14326979431387668 1.2196068640749598E-11 0.0633791954158666 0.0 0.002083486311781938 0.024861592554967196 0.14398355965900225 0.0 8.477969566524367E-4 0.10522548205949864 
0.07932512460513529 2.526593313875528E-4 0.0334407057349935 0.09501377398053529 0.002105860700339048 0.0035955841262363454 0.0555913255887944 0.0038791396415626235 0.006742190540752218 0.1157684311380494 
0.025806162905129448 0.0 0.024737687423345818 0.1670143953273975 1.6740633452827475E-4 1.1448163185849301E-4 0.07624101171852045 0.002872020612649934 2.8784258762048505E-4 0.0 
0.1114136772102868 1.6360296547287555E-6 0.02827154418105423 0.0031078035212653795 0.003912775361134999 0.006969784010406029 0.1597449013536994 0.0 0.00328566220729852 5.02410777268853E-7 
0.03697279954920715 1.931477273445652E-4 0.0335536105071262 0.086619295274964 0.008252438266820839 1.0187920915976659E-10 0.027505674113404908 0.03727568122293786 1.3866042625291267E-5 0.0 
0.006773201330239568 1.808752318877683E-5 0.03570221728308749 0.19178398765233665 0.008888677800104888 0.013007002486155937 0.04871140552167894 0.020242223536368804 8.840671524175649E-4 0.005420637521580391 
0.2141321739181747 4.71047352390377E-19 0.034355824743238235 0.021827304826933153 0.0 0.0015937403196034747 0.060181789910335785 0.04324987910969529 1.814016178328575E-15 1.660934063595177E-4 
0.0018196807689022164 2.9836100377022653E-5 4.944694440246448E-5 94.16073046454231 4.796694322665499E-5 2.6150830912621194E-6 2.2803404539372102E-7 1.0970978153018684E-6 0.0 5.748939845994972E-4 
0.04119096098124527 0.0 4.758550986766074E-4 0.42471992202443104 0.001272252723892637 1.7730560457862333E-4 0.09695797024764226 0.035699030176574845 5.897855797036701E-4 0.0 
0.007553061298526416 3.6199738688136406E-5 0.007264426776181447 0.27852914768356224 0.003177099807163637 0.005505113388656299 0.03169576681124936 7.555171136343487E-4 0.0027541857876323596 0.0 
0.03750389905135809 4.130194323794574E-7 0.009378495648288836 0.23899902954999117 0.0012163136922194546 3.55216440186667E-4 0.03416128459076706 0.002426037612487188 5.740121362780091E-5 0.08549662720400106 
0.031037383128897342 0.053960092831165 5.681239467504574E-6 1.40937811006953 0.002437257962833587 0.009074196810754415 0.15851127967880563 0.13949778673609625 0.003412493850514631 3.99083071276996E-8 
0.08898343389083443 1.021118847267559E-6 0.0011327876407876602 0.18161786111704378 0.0010144962814226538 3.8458114015513934E-4 0.03185130036208328 0.0023827650777139657 7.687537962638739E-5 0.0 
0.026148520418845456 9.20682893191409E-15 8.878515841531583E-5 0.27571678351611173 0.0014475135234052019 0.011139952300938508 0.033472959952839346 0.002261674946738994 0.00196472588455548 6.318710777615689E-6 
0.0288661463359596 3.14909470003782E-5 0.005182706030428271 0.3363586730476177 0.004996315173194492 0.004920508701761473 0.031663011514661644 0.03880927726484349 0.0 0.0 
0.03827875675274389 4.530182874476085E-7 4.8392862432129784E-4 0.43932528717165303 4.6433030184455607E-4 0.002266374119014444 0.13586884301935445 0.0027976781786220534 9.279586923435705E-5 0.25145185863644737 
0.022189203568700525 1.1210827623531094E-4 0.022494285612566115 0.7701688019786667 2.0977870339400297E-5 0.008292673977123766 0.526451599272273 5.202864511183853E-7 0.0027109702274799655 3.899152468495303E-10 
1.799550596920174E-15 1.851453832154896E-18 2.8085465174846773E-15 2.3667087582774698E-12 6.8336450395205395 0.0 0.0 8.427415081744027E-27 2.28042796461921E-24 0.0 
0.0600520199550955 7.715019893098372E-7 0.01756387597195214 0.124551734834062 0.04405918681476246 0.002239137398413267 0.0 0.03996354724199826 0.011671466480374898 0.3024307201418882 
0.20002531280306882 0.0 0.01679022054474632 7.054342907860504E-4 0.02968903781481694 9.696100914383132E-4 0.1303036874218185 0.015829646368058455 1.0380422913121129E-4 0.0 
0.03318759188814098 0.0 0.0013119538373690235 0.07089606319101585 0.014206116642006193 0.009033405319390892 0.10805069750465775 0.0051936570357781365 1.9143616225531952E-4 6.88562336560394E-6 
0.03873044524950331 1.2910556396218E-4 0.0013753769146509903 0.05232288874673158 0.00851266488455245 0.0025048912086379953 0.11771828131583131 0.020480363494453282 6.923670981585252E-5 0.08332180101914172 
0.07213025290357676 3.384673123127426E-4 9.549159585759897E-4 0.1518753386869701 0.007862170775655621 2.7320271547460025E-4 0.05127494210585419 5.234370134229316E-4 9.585681539589798E-4 0.0 
0.04820076149875038 0.0 0.0029794491327105816 0.12189755252707989 0.006061900778694588 0.003380228963446262 0.053137278114660395 0.004068796849065581 0.001515569980546672 0.09757890275856465 
0.05678736623956895 0.016086328313302006 0.009348354025934693 0.1487722690404372 0.008153278066806085 3.706404830000048E-8 0.0342597908217692 0.0034670966195310174 0.0024325294353546643 0.0 
0.013952515065923436 9.283164051355143E-8 0.01760190465641402 0.07569006176682837 0.009061597257839282 2.9753254450068167E-4 0.10730761013708418 0.03067782342310408 0.0025708965930807044 4.898279450001656E-8 
0.0049543764273083934 5.289885865490055E-6 0.0053665748458594465 0.18224939787399777 0.011270007103713814 0.007681623924568696 0.15778017927859722 0.0 6.57855596293534E-6 4.961014510636398E-7 
1.518690870059445E-66 7.439388365421301E-72 1.1518807535794178E-67 1.0594767510932706E-65 8.869557662308677E-68 5.595038595507341 6.250474734683346E-11 0.0 0.0 1.1925343064071678E-7 
0.03215349711920071 1.960794463594091E-13 0.005895414214368796 0.10603006832272065 0.0018828910481654866 0.010978672034110461 0.0548571210278839 0.0034124381626136732 0.00293602076571983 7.777202647967054E-7 
0.01292188060872477 6.722952530250617E-5 0.011726884473210943 0.15808469222913993 0.00824707156652181 0.03464757605660953 0.03050722667815897 0.04430329249044186 6.764532947394025E-6 0.0 
0.0072902325263368185 8.600754221983685E-6 0.006708091045203664 0.04463170307377326 8.310084966635615E-4 0.022066431658070634 0.2494440139857092 0.0010012593726098453 0.0013363548394736083 0.0 
0.033009039558006284 2.702164227188285E-12 3.09170108870741E-4 0.05563728077882677 0.001165478293399539 0.01359619741857876 0.10638779142116453 0.015493719148508781 0.002343237627309086 0.0 
0.021874652029767495 7.309279058264796E-5 0.024043914234740196 0.05282214743464728 0.00472552905211634 0.02489318681869918 0.042290342056739566 0.02093572315223888 0.0021812016525030492 1.769718360464325E-4 
0.041667210801508696 1.8862154200359683E-4 0.013684598202689566 0.03267902200735488 0.0023474599848581847 0.017549807237896356 0.1714369051526506 0.004340652430475472 2.0373428671665217E-4 0.0 
0.056744532812628624 5.962960610046836E-7 7.383221800471579E-4 0.12150141490604718 8.81059358698757E-4 0.009981232761666825 0.06174629887704355 0.003461595610522692 8.508725004004489E-4 0.03080315718383076 
0.07296693844497659 8.568511668769959E-7 9.13344982056377E-4 0.14813600062514373 0.005591440696612543 0.013366196989465225 0.03136665431279033 0.006039453221452888 8.572257879184337E-5 0.11927681760366393 
0.024667466080214126 0.021836942895879903 0.02753556960000943 0.08301992115386446 0.003173078739811593 0.025790405982326126 0.12856898940876318 0.0 8.00171737213552E-4 0.05338785785838201 
0.002979684686838794 1.1192924652172906E-5 4.1340664738518903E-4 0.006124438770617584 7.833821651529116E-4 1.4804101840593547E-5 90.30952045081176 4.2218794076571904E-27 1.3516351163824037E-4 0.0 
0.012447003203062915 4.889928034843755E-5 0.011112734951499266 0.07808872851178489 0.0034560599179098606 0.0028702815612449265 0.4905852793111189 0.014221310167386233 7.164271733427634E-6 0.0 
0.07543614171489282 0.0 0.009002561140008514 0.09041909588296902 1.4341315067894075E-6 4.4680459416541346E-4 0.2840265363051699 0.0014827945375751037 0.0027400782553895133 1.9729318116679425E-7 
0.0452770376184124 2.6217525794093767E-4 0.006849956114359378 0.039243316235901715 5.303799908163829E-12 0.0021343486147548485 0.23005225967630868 0.0221459986209702 1.288219611242527E-4 1.287654754168515E-5 
0.05209422937614183 1.8523546913134866E-4 6.075062040700082E-4 0.06443270215129282 4.683478185786222E-4 3.7921369338520676E-5 0.16843681022589996 0.012948748939607374 1.9350667796526222E-4 0.034319685470305075 
0.05783544935765035 1.8442025217246553E-13 0.010157505432854163 0.049365515785993894 0.0017445843180468477 0.003791672072857363 0.19852566469108474 7.373058028643641E-4 1.1477485482443216E-4 0.0304150510028825 
0.022595272130445453 1.4345969710720286E-13 0.0017487533351234308 0.0655329092510077 0.0010978627058113824 0.005395566222003654 0.16425752887701317 0.004581554767948989 0.003027410678904268 1.1094346625774557E-6 
0.04892775044044776 0.0 6.555495088961125E-4 0.10209597103265462 0.0017693443073943176 2.2245004487018974E-4 0.12548710950778308 9.26535247533483E-4 9.924251281554011E-4 0.0 
0.04223757334483086 4.78257663279214E-7 6.340830318905086E-4 0.08609784724171927 3.794404360382125E-4 0.007530175142191098 0.16878714204999257 0.006077482174115226 9.176359321689836E-5 0.01754329942008621 
0.12072073384051611 0.020484600477689983 0.0027463114122892006 0.10964890251178736 1.4527550016148517E-6 0.0 0.283799431594542 0.0014821375430636445 0.0023233544202851983 1.8377897038820546E-7 
0.018509598827666247 2.886780940694187E-5 5.24226157789237E-4 0.13084403134273004 0.00326832568843672 0.0024716453708362508 0.025498452935207715 16.915063180885003 9.031164379883497E-6 1.592136043685677E-5 
0.10449080511671109 0.03512527390390569 0.027622049333349642 0.03855095310646184 0.0017214986258097646 0.00659845321367376 0.14335086653508583 0.09053868909906801 0.0024324174980139748 1.3803777214062824E-4 
0.04152511003923333 6.36042250741732E-10 0.04342404024580892 0.006170494023308701 0.004986638524714597 3.271432664518016E-4 0.0876163543888239 0.19306386338302126 0.002482312270480565 0.0 
0.11489773475399957 1.8738220684402446E-9 0.0047529379289105765 0.007568929372085743 0.00462191284741386 3.694755754536746E-4 0.09240351783919867 0.071937300526883 4.51539217393794E-4 0.22153388669539428 
0.13606622050350264 1.4959816309552935E-4 0.010050868988579003 0.05432655983498649 0.004748777396046243 0.024494937910437883 0.04010914137070334 0.07646037900554153 0.00224177173119679 1.7425887059590724E-4 
0.07689962282660452 0.0 0.0026177168538540057 0.1454050280949092 8.520813585955565E-5 0.002143474339146503 0.04724847925529791 0.039377020158737654 7.190949111808647E-6 0.01977841470274319 
0.09136382512478547 2.5286858736312014E-13 0.001072082591776244 0.060157941957419615 5.8143608475715054E-11 0.0032110754908603154 0.10306633856100351 0.022100842693446598 0.0014118800121599234 9.23169729856348E-5 
0.05823757201982642 1.7873628571712317E-13 0.009009719791186024 0.049341592632027455 3.026264673559533E-11 0.0028916551784008066 0.10264853449214441 0.02702317544397602 1.742659576198184E-4 2.9872445643472558E-5 
0.018857863547082482 0.0 0.014251352573902275 0.09526739202106156 4.3243490762420735E-7 0.003351485076429545 0.09481034108648433 0.04034058858009549 0.0025058459413019765 0.2991115942780891 
0.036609871524244414 0.05439712390749435 7.950546332028191E-6 0.058037542635304355 0.0023094524543445173 0.005869521221002945 0.15859153810247262 0.06344778212248882 0.0032351346542517628 7.666288451683274E-8 
2.7378124149580417E-83 5.177555505909903E-86 6.451121376253201E-78 2.189454572976874E-78 1.2162592174673312E-66 7.852928822072935E-66 3.94520456766249E-66 6.742184076158222E-68 2.2403298559099643 0.0 
0.10236887603426385 3.306348953318653E-8 2.3838028894561353E-4 0.20657676652554668 5.0300366955563486E-5 1.1514591220504944E-4 0.013745812366585862 0.02089361143408308 0.010113383935846782 5.993934561367027E-9 
0.021701504567288435 9.952713457175912E-5 0.004945716432430118 0.1337375106783853 4.1631719810278136E-5 0.011853471847429187 0.05908447459266859 0.03589469433244838 0.0075395504560735425 4.035972409885226E-12 
0.07008447868538122 0.0 9.539362584832389E-6 0.11449357468679468 0.0013179245401057091 3.8853253071851707E-4 0.10420436012387667 0.004575784864769015 0.002567823351105049 7.94101466136531E-6 
0.012401011158424513 7.878888795545745E-14 0.011227595343895325 0.05105335631796784 0.0010843520810822078 0.0052717248531822195 0.16703484204353805 0.003588940797714811 0.0038300259919657373 1.1094346625774557E-6 
0.20213755659540222 3.184243045150329E-4 0.037005313069384545 0.014661544088399881 0.01463222263452807 7.027227600310378E-4 0.00951791462566328 0.04574158950794584 0.0061700849031321725 0.10687674753769791 
0.05210656493836046 5.507766554600662E-7 0.009727891854068011 0.09048999051375431 0.0039058536683071045 0.0035986982890097176 0.05580715386472424 0.003986927844738746 0.0023031801979113945 0.03970290543005645 
0.030243177906260188 0.0 0.004794654540830956 0.04803888646053792 3.5091158387781E-5 2.0774835639363512E-4 0.26606901922908316 0.045982559905103845 0.003087302450068601 0.04928387804825804 
0.10267548932738946 3.1893697137189907E-13 2.614422828146643E-4 0.23206956047892224 1.0182077025644482E-4 0.00583619189445037 0.011635105259285577 0.0032229176256308918 0.002301977364581727 0.09040585900681337 
0.20011589827137122 3.292637667281751E-4 4.934783952874682E-5 0.008505115336005155 9.696740715406436E-4 3.363528234253833E-4 0.088529680826798 0.044101930235027634 0.002667181831792562 1.3441970519926803E-5 
0.03450032408757124 3.499131767745245E-4 0.0026561378065036415 0.04733388309930774 4.6989034170164216E-5 2.840910722156005E-4 0.019372856529220456 1.0513815637181167E-4 3.1967861350778105E-5 102.43664088302297 
0.030862258624561607 0.02672183183222285 0.019317975387686176 0.10590986872990915 0.006755603650146306 0.02050989366230091 0.05288613843978269 0.0032760118377788824 7.946284662782145E-4 0.25585874345520937 
0.014026516324887455 2.166885133271991E-10 0.014139601239924748 0.08195821569144936 3.53562136599234E-7 0.01337539839904199 0.13200082837030674 0.045616084252699675 8.031322746863708E-5 0.608824794474975 
0.11408006390355589 0.0 2.711542496193343E-4 0.22217822154422892 1.1960925104352772E-4 1.1972499453483454E-4 0.007833515128875616 0.036053091979554204 1.7466032409582845E-5 0.24617019335671114 
0.05197396165912856 1.848088643199656E-4 6.017534356312605E-4 0.06428431102038762 0.0031284329393689693 5.796226168636181E-12 0.13567441459088006 0.012536046898030302 9.032026127691036E-5 0.14856798591350304 
0.0191564489643274 0.0 0.014270752656385546 0.09051549661984061 4.3243490762420735E-7 0.02224730619211132 0.09481034108648433 0.04035317164273264 0.003668640558741321 0.2991115942780891 
0.08962309618950533 9.832367845628138E-7 0.0011184521377838317 0.18084806796030264 8.010925707483987E-4 9.745767846731538E-5 0.03373468865248023 0.0035717707589567405 5.177089192078108E-5 0.1165398657034827 
0.05376120713560575 0.0 5.440413954224368E-4 0.1081735679102449 0.001822417285925597 2.3592983191765928E-4 0.13424748541285958 9.58332351256579E-4 9.577371627410319E-5 0.08252821311367203 
0.18395045549708922 8.820628259554814E-7 0.0010292468425714273 0.1694145642039866 0.0034629617906148783 9.276573994914995E-5 0.033669851910279755 0.003571467955220658 5.177089192078108E-5 0.12243671534534127 
0.609135751868781 0.0 2.6513187188199465E-4 0.22247931413422573 1.195220151661551E-4 1.1754698464471932E-4 0.009091363900615752 0.033382133840773875 1.607279035200519E-5 0.24617019335671114 
