0.9999938188171126 0.009253474335796414 0.0 0.0 0.0 0.0 0.0 0.0 
0.7068055773389778 0.7077773619017126 0.0 0.0 0.0 0.0 0.0 0.0 
0.41041300873844744 0.9123355706030218 0.0 0.0 0.0 0.0 0.0 0.0 
0.27078485336178865 0.9629505803712797 0.0 0.0 0.0 0.0 0.0 0.0 
0.062055041299041686 0.9986656047683937 0.0 0.0 0.0 0.0 0.0 0.0 
0.021304370323591715 0.9998894935396168 0.0 0.0 0.0 0.0 0.0 0.0 
6.125421968596835E-17 0.9999274959704478 0.3962242948292534 0.0 0.0 0.0 0.0 0.0 
2.5004128658754855E-17 5.597253175766171E-17 18.120514850613446 0.0 0.0 0.0 0.0 0.0 
8.999137197630539E-19 6.442510344371605E-17 15.226718184905996 0.0 9.794845220826238 0.0 0.0 13.557588883637417 
6.119195915806126E-17 5.78170672811572E-19 18.22291952953769 0.0 0.0 0.0 4.199397783421719 0.0 
4.6954216051307285E-33 8.300824600302505E-17 17.102878011437284 0.0 0.0 7.926206846495542 0.0 0.0 
2.6563885453627682E-17 5.761544657403341E-17 17.81769754822551 0.0 2.1149440544724945 0.0 0.0 0.0 
4.335023216358658E-17 0.7088307663514926 12.794341098894508 3.6407878469063664 0.0 0.0 0.0 0.0 
2.559752374235905E-17 5.726889785797695E-17 17.612024861484915 0.0 4.5125770307127695 0.0 0.0 0.0 
7.106337129481419E-17 6.627762742590262E-19 11.879107509498168 0.0 0.0 39.35230091654202 0.0 0.0 
4.392891041769103E-33 6.643558705190379E-17 16.61458635976266 0.0 10.492526437494876 0.0 0.0 5.212693580274115 
8.52469117389947E-18 1.311382624003612E-16 13.10058226595321 0.0 0.0 0.0 0.0 11.480258233616686 
2.2608469157547664E-19 3.8876582856585204E-17 10.59398060549855 0.0 0.004778554653618376 90.72183931213144 0.0 0.0 
6.123239902450546E-17 0.0 8.091905907602831E-18 87.34730732453825 0.0 0.0 0.0 0.0 
1.0680787973039961E-20 8.334126412946381E-17 10.400212623419197 52.507769961868334 9.852918421531482 46.092140781262394 0.0 0.0 
6.921154961747181E-32 4.4394033802859697E-16 0.0 44.00437140942541 0.0 29.397563187844924 0.0 0.0 
6.58603758397433E-32 6.510254323406209E-16 0.0 36.07287226245935 0.0 0.0 0.0 4.385608008738993 
3.3690161251781374E-33 1.5002447046350092E-32 7.957414300894459E-16 44.734721052181875 0.0 0.0 27.08412807016207 0.0 
3.3580131523335315E-33 4.8709512314643056E-17 11.698320609651105 57.65488687765564 0.0 0.0 4.326593211412457 0.0 
0.257133538303501 0.9146686717788893 0.0 27.38099710899109 0.0420807450867995 0.0 0.0 0.0 
3.4601917508254334E-49 4.349364228289289E-33 7.513207530314255E-16 78.23097898774344 8.00313028168549 44.142665175427304 0.0 0.0 
6.556575287857123E-32 3.6892284466453836E-36 1.3164157156364472E-15 42.68396414363991 3.111772913826965 25.88953492214345 0.0 4.707040196618484 
1.942207665716149E-49 3.326852837785934E-33 6.621751511750757E-16 49.07753895586297 0.0 82.86582770616529 0.0 4.91527285755295 
7.850813227541805E-17 4.1372701374510674E-18 0.0 55.39874371705384 0.0 0.0 45.38203967182371 11.316882948113543 
4.855467294757993E-36 1.158115378425656E-19 0.017391730664228337 49.1520322528053 6.5429959720811715 82.59217631380213 0.0 0.0 
0.4091049495366303 0.9115277127475307 0.0 0.0 4.351244338835484 0.0 0.0 0.0 
2.342280682242551E-33 4.2311929629560263E-17 10.486933404921082 0.0 6.802924407870777 86.34415756478788 0.0 5.012076202522968 
1.6236633799041105E-49 3.548502977613679E-33 5.816830632783368E-16 48.86529182238574 6.2292870588622735 83.98372195637685 0.0 4.912268821196814 
3.454932996397552E-33 1.0383831062756219E-16 4.2238194481318565E-18 42.76339981339345 7.041754297365623 84.94622900443672 0.0 0.0 
0.9972712343806655 0.009221578615573435 0.0 0.0 4.290817104976846 0.0 0.0 0.0 
5.686826704969768E-19 8.244386543868218E-17 10.04985742596633 1.921195043105093 6.161415274918008 76.7563229145884 0.0 11.147286536662596 
2.206433579280766E-33 4.505607255912548E-17 8.030319986096812 41.070623506419594 3.0641338822792084 74.32085549806976 0.0 11.919099526794465 
2.970415021991875E-48 1.6073961945796758E-32 6.368794819347675E-16 27.88132425454592 1.8656021085579941 104.42966780613699 0.0 0.0 
0.27077169550331853 0.9631929921592376 0.0 0.0 0.04208089405176847 0.0 0.0 0.0 
4.592300534251916E-17 0.7592230242318135 0.0 0.0 0.0 79.10545699554189 0.0 0.0 
2.927357907992592E-33 4.5504152528137076E-17 12.677657936738804 0.0 0.0 72.56245099904295 0.0 12.636393013974052 
3.0811641679827025E-48 2.202543007943507E-32 8.816228373807871E-16 33.37841437989768 0.0 95.83562508773483 0.0 0.0 
5.746793119155093E-17 0.0 7.247402861700838 0.0 0.0 69.31988733445466 0.0 0.0 
0.6468818306939224 0.0 6.3790997628781385 0.0 0.0 70.75917339601959 0.0 0.0 
2.3267458779360704E-33 3.5213762523087244E-17 9.80201868594644 43.93866901203247 0.0 79.20231731976843 0.0 0.0 
0.7092685431272485 0.012018056634485961 0.0 0.0 0.0 76.75188398113592 0.0 0.0 
3.291733311516171E-49 9.97400946703613E-33 5.355712107075699E-16 37.205074107367174 0.0 62.719153541870256 40.62080883809687 0.0 
6.002173325755514E-17 0.9799715765336168 0.0 0.0 0.0 22.075456952419575 0.0 0.0 
0.6644031509856253 0.024987467176597094 0.0 0.0 0.0 72.81805349277431 0.0 13.224053924854696 
0.9939631860080506 0.06047166439771443 0.0 0.0 0.0 10.126221324589865 0.0 0.0 
2.7224233098993454E-16 2.032302282816886E-16 0.0 0.0 0.0 0.0 58.301022315507375 0.0 
3.4562134150837956E-18 9.213515584910058E-17 10.89901415035884 55.20379422185253 0.0706370752668993 0.0 3.4938703714132515 13.87882363300215 
9.829017677038094E-18 0.1737523626500075 0.0 0.0 0.0 0.0 63.683071101628435 0.0 
6.123932846912942E-17 1.0003162282469202 0.0 0.0 0.0 0.0 0.0 0.0 
0.02130468749811082 0.9998819256243107 0.0 0.0 0.0 0.0 0.0 0.0 
6.123471323299298E-17 1.0005716003176657 0.0 0.0 0.0 0.0 0.0 0.0 
6.123635073987304E-17 1.000559060312187 0.0 0.0 0.0 0.0 0.0 0.0 
0.9985346009657527 0.01688855496651671 0.9728376094242233 0.0 0.0 0.0 0.0 0.0 
0.9432099788337726 0.016052848877749284 0.9210490660735349 0.0 0.0 0.0 0.0 12.631586311173518 
6.075310612516272E-17 0.9917347824600735 0.0 0.0 0.0 0.0 0.0 4.954210576712982 
0.9997042162726112 0.016909735605588866 0.0 0.0 0.0 0.0 0.0 0.7792397493110302 
0.9987449217355762 0.016893931481905686 0.8864041335273174 0.0 0.0 0.0 0.0 0.0 
0.8782740017653736 0.5101063011316156 0.0 0.0 0.0 0.0 0.0 0.0 
6.123476515614311E-17 1.0005577469336582 0.1324185980398922 0.0 0.0 0.0 0.0 0.0 
0.9389874276029191 0.36422335163712455 0.0 0.0 0.0 0.0 0.0 0.0 
0.9988000656147493 0.05026804363141594 0.011268352764972074 0.0 0.0 0.0 0.0 0.0 
0.7067629426113748 0.7078344701166054 0.0 0.0 0.0 0.0 0.0 0.0 
0.40849418539609483 0.9135089693120345 0.0 0.0 0.0 0.0 0.0 0.0 
6.126955569093862E-17 1.0000976501093053 0.0 0.0 0.0 0.0 0.0 0.0 
1.0000219356741706 0.0 0.0 0.0 0.0 0.0 0.0 0.0 
