0.058799024620806536 0.005506745310794603 0.016985458484007888 0.024980916351630036 0.10537620791457794 0.3368605750746001 0.7914580391931468 2.199717264902722 
0.0434468646796484 0.0065135711684911266 0.01587765573375434 0.03989796556091799 0.16742336386856915 0.3225054130285244 1.0066717844740127 2.036115014870622 
0.043751571419411196 0.00945421715084634 0.019675602915021267 0.02822996408672145 0.15493905785772144 0.40398456872255817 1.2070979684543786 3.3570673102918067 
0.0424570357046291 0.012798376271701776 0.015810115135917294 0.07004774375572707 0.15550458247714732 0.3217803522646023 0.7914407002665657 2.118573377121947 
0.04200036348448544 0.009452522136933789 0.018544793475406475 0.04833767646352836 0.09109171289134912 0.26895559090512405 1.1826031187270492 2.775501809693917 
0.044214617061961045 0.006681919539429364 0.018999848044899504 0.0553224685116607 0.2469894060613708 0.4633048041241382 0.9421685082326277 2.4823589999143794 
0.04154458032840389 0.010328984336497824 0.030084768580026358 0.05934012775152763 0.13669079034835305 0.2681758485314215 1.015089578033051 3.67641943484027 
0.041327933051438025 0.008489181697034873 0.03364713940589579 0.049301066221593214 0.19728127607919108 0.31703390031643064 0.6608175118584845 2.1093725375674692 
0.04149142628601663 0.0130432978577846 0.03238202937730983 0.0457496526126243 0.20055424240069608 0.3477838366021461 1.5217523251109866 2.4448501352632324 
0.041129130714712595 0.007957861206552511 0.024994661858942304 0.07459643770503907 0.14713906765962265 0.4418922141392825 1.0688739794286106 4.1177778719798015 
0.04249132068821258 0.01158393791994601 0.01852978079770176 0.07877321019481211 0.2634977088037981 0.4500527321479467 1.2146957095175628 2.53686172413506 
0.04316644342201785 0.006338982518338161 0.025039402030731697 0.06237493634133354 0.17896390443693608 0.3359782293042515 1.1856989683424024 3.5986359074798417 
0.03852506773620348 0.02934881130493973 0.03050680597672412 0.05614012128813574 0.1934412759667907 0.564917776730808 0.7757372026543373 4.918093322358493 
0.038516146759541264 0.022538613335443897 0.039594508881672104 0.05909602005660799 0.25684644685503394 0.5312469218172065 1.3407534528498475 2.989868692352052 
0.0348722830888553 0.02405866068020625 0.05078794801300023 0.13909061108366938 0.20918761834240485 0.37854963834628536 1.4355976521716018 3.371804690454152 
0.03630023713341928 0.020978656231308002 0.03919231798840873 0.10008660187853986 0.19487951535088466 0.6851631544800734 1.6232448596065607 2.665850456592103 
0.03557792253750924 0.018219039950549673 0.02668611288242395 0.05431019374575916 0.21722365931078028 0.5463811801988707 1.8473871088841183 4.23013188313846 
0.03826136548324204 0.016499826667475605 0.021293703757347963 0.09016003433535533 0.14362721529411193 0.3613007728347078 1.4037754052286608 3.529263635767386 
0.03801971898662203 0.012589099406902277 0.022234997522886678 0.055869864891055804 0.13161812592325287 0.5776918116119338 0.688498048517233 2.8607324934739773 
0.033017720696713874 0.01802496117760389 0.039008126417789876 0.11910377599085492 0.17867922146944126 0.5771864878300986 1.3798346662615362 4.715623543159026 
0.039480086564396215 0.01612234333464914 0.01105508761774984 0.08117042274400428 0.257254074650689 0.7027697303990419 1.3835704211289506 2.966947179888631 
0.03582478175798235 0.014093353095060018 0.04845038231351492 0.08486316680609017 0.2917692629857924 0.6849104510702886 2.0079827642653516 3.5444216939928017 
0.03908869217833513 0.016352168473816195 0.04116212881543302 0.051745984311479615 0.18549785554922638 0.38578814187397964 1.1183870395674258 1.9087239293553269 
0.038590326534025665 0.013166636908834567 0.054591285921233385 0.09096321370853852 0.13550914523723767 0.46981763799835463 1.4707382501155408 3.3647908648660794 
0.04046898969027315 0.004888449371975634 0.04140152813331893 0.07698475479425937 0.14130028228257732 0.5211946692476763 0.9966560794306232 2.971007399809558 
0.04069980826880604 0.020201843419702232 0.08444657755009959 0.11280552539334003 0.3292953911177233 0.7636510253389351 4.627794825747254 1.8737084648546194 
0.035328329865696645 0.021688448341529182 0.05304227010528936 0.12120598088140822 0.2058570365525944 0.3731223824972048 1.478941583837079 3.152991972952858 
0.04148213727596917 0.011937429390490903 0.04422430335468798 0.05853315218251992 0.14494723496016307 0.7222990475682047 1.7169852467091697 2.8477954920664543 
0.03363068559198418 0.012225468321120272 0.060706712169931086 0.13762046284831336 0.3100328499248205 0.5998326854171494 1.656326719822945 4.600024125153476 
0.03336228290967169 0.021922801712453983 0.062161493841121476 0.1374712443089298 0.16871113832344586 0.8551714241472446 1.5674537019302233 6.012444929455358 
0.03795252227439382 0.009133561644574217 0.042265725349767296 0.04197002926784005 0.24980519739476859 0.7492139477600214 1.94276421565641 3.907158552498936 
0.03851754290283396 0.015217880910845902 0.03786614927355753 0.0417525782288489 0.22904197887898103 0.5353177629883933 1.0520805139251141 3.8319181562184004 
0.03723250234205431 0.012404680411994273 0.05266090225682412 0.18954404894253774 0.18809388503256744 0.5471068085416105 1.9022442862514855 4.546628328397444 
0.03820649691932945 0.009621922215394374 0.03392065498556544 0.10449474243900451 0.21286660518122746 0.40025247303234823 1.5679032924054408 3.904056034709457 
0.03875037599508829 0.010000598078248634 0.03230778675085153 0.19602018791120263 0.37781774017444175 0.7574830784274182 0.9491591244541937 5.519739795890234 
0.03734601489298005 0.01748586557802819 0.03188723733963387 0.14901586309240497 0.28514522968147515 0.43604845494310013 1.8811383634663368 4.213302586143342 
0.03369588049353604 0.006118887496600023 0.046611017053978486 0.13447102552404816 0.27030793044306817 0.7518629344017363 1.54533348176977 3.581404395441399 
0.03887536276223026 0.006821245738570946 0.031908490812154626 0.10217226524955828 0.1672041361105339 0.5344150047993929 1.4769496861965983 3.010373082350735 
0.0408972433816085 0.010701081591986593 0.017075062941353383 0.09063892779934755 0.1701753335772629 0.36953456938160245 0.8332580320702273 3.2254975494118487 
0.03858135187823776 0.007783640804154027 0.015908563824834746 0.12774657819552998 0.22455517620634682 0.9482639940437448 1.866080096234673 3.702987668612909 
0.0362385393768089 0.0071187319672916735 0.027956633440813807 0.10164821495249884 0.28902816073779136 0.6504909413044737 1.501139597300182 3.665525062294756 
0.039528985151637754 0.012636293964570083 0.019076629097386066 0.0887421968778964 0.12459785685522845 0.5643136080139741 0.8091793920733977 4.30373977180093 
0.03919303739377617 0.009529931817315008 0.024433623798726118 0.08487106573923335 0.23807902640989828 0.3994919713708925 1.3173392057858584 2.764533247058334 
0.03974144783286479 0.009893253730796317 0.0329193123764734 0.055063745122580256 0.3923869302085385 0.5013134937665229 1.2808281517776126 3.1346263327105692 
0.038383193874118295 0.011827130813673193 0.031861270884438325 0.092686170089091 0.24254779854042047 0.49846783740197353 1.569081989164983 4.221848169043458 
0.03809095427517152 0.011483898172350035 0.03573978636375094 0.11741186226782895 0.41271211541765096 0.6090562880271001 1.4468602151311059 2.4193596868196057 
0.040900816560137825 0.009914561547070913 0.028869834313524065 0.06381694165616865 0.27662990604508014 0.30915092633935465 0.9241873325680707 3.266466947336812 
0.040685918182681614 0.012955944075446138 0.02498440355550106 0.055457103061925195 0.20707026620251107 0.45063131100559506 1.295317302719513 2.370406317406819 
0.03867483050320358 0.011695207541806743 0.035666986724000566 0.07765434858830414 0.2200960334062878 0.5707896655430915 0.5920347925348017 4.137782585788788 
0.04130186039585769 0.007236137835281058 0.037281924628943766 0.07730427409700547 0.21911774925006577 0.5783979175697289 1.4730669569796575 3.049167389347452 
0.031708228386358714 0.02646182824752344 0.06762759747378635 0.16952140678277478 0.3291517448553354 0.9979621363103421 2.3169052208467744 6.999268941178065 
0.04026281585882678 0.011496255213539499 0.0279708967522114 0.0710235419682913 0.16230982176969241 0.348094676542184 0.8183538807095083 3.2459582432168816 
0.039408068243542954 0.01243997203283354 0.01793278423334476 0.07609231785170732 0.18388466706686718 0.3967987429382379 1.4914658290579825 2.3824002794587273 
0.041357888796941564 0.008691970879260881 0.03386162947509662 0.07415181494198694 0.1320765441917262 0.5476081544133851 1.1671320240640681 4.224761889896834 
0.03850211440899237 0.01288224797810996 0.016674177312238223 0.07774819120566519 0.09792587356674796 0.48672534520156985 1.4463675732211947 2.9039268551432733 
0.03583551557060356 0.01419210999854366 0.027961989762276682 0.07150102835160788 0.29544524913614584 1.4742940753787697 1.5641289281353175 4.712375591447222 
0.04235895960474724 0.008123152651800287 0.03076238971599686 0.04598229589768936 0.18265061201004873 0.8353443720352429 1.0109120055044345 2.754513404413003 
0.039482110753712614 0.011570278439392704 0.020880356346091988 0.083387584847991 0.1351003702764132 0.782234737198957 0.8277667580930694 4.493621594206988 
0.04182256155259345 0.009192839734005186 0.03156518892058962 0.046796476299967485 0.19455727890046096 0.8128556556089759 1.7029260887854971 4.429941286424225 
0.041512550358895214 0.009506245070875207 0.03172336374645423 0.0659283511659446 0.17417161870304687 0.7099824778604616 1.0219164329249437 3.48236025209855 
0.04144383142615235 0.010446397177146053 0.031491734066131954 0.0420088248838464 0.2568210527040795 0.6927144961406451 1.5350336156070692 2.9637473268828325 
0.04001563196119709 0.006494785891921209 0.019813073425633567 0.08769055450118471 0.1951702459735248 0.6589397661405739 1.1574811579027007 2.430432046670606 
0.04293231726366471 0.006279850212770206 0.03348454938934713 0.07972375463864706 0.16041070555940076 0.7186874979819537 1.8328239697766144 3.1243915485612583 
0.03959635283329805 0.008094012370604628 0.03714112150856365 0.0796565992140058 0.25944735436882427 0.7168452048590578 1.4780100678091828 4.250209361356723 
0.03902504542784148 0.013977221908903558 0.017916199555432815 0.10041910158736989 0.3009171461203863 0.6641380245008899 1.1522163411186674 3.5092680234612215 
0.034988971218294536 0.014488722510687179 0.036601757079127085 0.1099631015931769 0.3039212821156653 0.521014060177149 3.9207028363466807 5.108283923793318 
0.038678534931126815 0.008420127764220511 0.04210813016255637 0.08448322009968566 0.2579636539404236 0.658535867859355 2.8004645434469073 4.0168944939794216 
0.04130784642699668 0.016625524773243996 0.02099483761899561 0.06794269417396862 0.2673994692919217 0.5572996316313038 2.6246638260280353 3.1348299944136824 
0.04050888673726523 0.009142598531393166 0.018795260228760477 0.04171398460434358 0.18710962206986084 0.6755545130802609 1.7817003255301758 3.9422711427666237 
0.038003616307258035 0.012247806123481681 0.033695330321365013 0.09827885626407962 0.20891754445386823 0.4047409022624829 1.9416549134350007 4.749805322724352 
0.03434810092095107 0.01429735159302126 0.05949005164423103 0.15482176471683426 0.35802972498806473 0.6709528455355235 2.982559740746591 7.184133067152274 
0.03982430740094252 0.010256298289179979 0.0221816085538624 0.06248377904148951 0.22947997589836105 0.463674423996047 1.6413913470822423 3.1702369134759296 
0.038739814742265836 0.010643112456276476 0.030907092048774582 0.09845916185407053 0.22354166460256766 0.617466787676055 1.069931410558802 9.257896481172446 
0.04012320111661621 0.007636337973057765 0.043495246418807074 0.06964400181622854 0.14509009137556741 0.311460837225972 0.931368304741499 5.148278253275368 
0.03652570774476078 0.025728012296877146 0.04045397564129646 0.16214715371269764 0.24873508679686585 0.3699568280714461 3.6316439967850496 9.238157871138224 
0.03687222237412117 0.009287864814373954 0.05668314342205332 0.1286946998343722 0.2674610537814124 0.7710724105805505 2.5323105881452643 7.532864890575962 
0.04241797078614667 0.008431996542400738 0.029537269084331828 0.045182794438156634 0.16926484714519843 0.5196068536459653 0.8354102024680017 4.610482810252568 
0.03965156372217292 0.011192771494973728 0.021364364242070426 0.06991045713173845 0.4955905923157731 0.5748826695081489 1.1617865611936777 6.157516528111919 
0.03673970285929638 0.015048640521812564 0.029650970691910337 0.09622995643995011 0.21064037091776497 0.33741409994471394 0.7672131392987092 5.350156739006192 
0.03226323932908416 0.02188226349622881 0.042827803555823704 0.12338157723060945 0.5177226073459585 0.9162658254783149 3.169720255239482 8.47152616414687 
0.03855801329322516 0.011105126789886033 0.03530926636849319 0.07633195095682481 0.2253538846169893 0.3685754709957596 1.396194755174922 4.692833681028134 
0.04287885209399467 0.005759436941178416 0.015495578716945685 0.04849066222879431 0.13169194948217164 0.4068142539439112 1.1198824150051323 4.037021580326066 
0.037930836918791774 0.017550583047986498 0.02815486924818349 0.09751295304580754 0.2992134570135485 0.5523137328222905 1.8811226136247516 5.337054159441753 
