0.2967007226323304 2.068972856399398E-4 0.07317899479055612 0.060890910696532075 34.900393169358644 
0.4450510839484956 2.090855642578049E-4 0.041295143250955846 0.17074030145881025 34.89603225499446 
0.2196991661171097 0.0 0.041295143250955846 0.08698670424322685 34.89745805527624 
6.064392779947525E-4 0.07878336227339844 0.0 4.146369425939156E-4 34.88292032387723 
0.0 0.08996322471486451 0.0 0.0593321680936576 34.890577820234896 
0.1027376079909601 0.07878336227339844 0.1508992764107724 0.10724768830512232 34.87031745208297 
0.051854256605558646 0.05023482863392914 0.0 0.0 34.88895216960627 
0.2967007226323304 2.068972856399398E-4 0.1002967611594805 0.17074030145881025 34.89050129733391 
0.21709337026074849 4.52066278811003E-6 0.041295143250955846 0.09271561135843243 34.90345663440098 
0.10391444265177796 2.068972856399398E-4 0.041295143250955846 0.18022916217251606 34.903452454793026 
0.2131103336686806 2.068972856399398E-4 0.06538569095046398 0.1507291713699601 34.89920067569228 
0.2196991661171097 1.9890527372368183E-4 0.11350982960329858 0.17389904987783567 34.889922724960336 
0.0 0.0 0.0 0.0 34.90354901687727 
0.0 0.0021453742849182333 0.0 0.0 34.90324051714573 
0.0037268137868160522 0.002170212336377375 0.0 4.146369425939156E-4 34.894238678887376 
6.064392779947525E-4 0.002170212336377375 0.0 4.146369425939156E-4 34.89432763479777 
