0.11077361881266756 0.05189428549870291 0.02106091805535666 0.05075154926991574 0.16710039828715462 0.2850442115670058 1.119541401814544 2.2209651913761888 
0.041683071609983254 0.029014316983772888 0.03045318397180642 0.05812968119173742 0.16256814457412233 0.2903298605275832 0.8241359331936163 2.358502865026025 
0.11555232461048882 0.11651767348651779 0.24474504530056398 0.04035060821065877 0.2055215745503231 0.5182238865967462 1.4757754710714956 1.9774520953369927 
0.03310428256043243 0.02774583107966805 0.03174992827369278 0.04671217093094988 0.12892841401014135 0.5024089203920357 0.6938593147685784 3.4570345102823428 
0.030679524563154915 0.038773414834053416 0.02778810053538781 0.05167845238692057 0.1756863023661022 0.28523614284415044 0.8012415264851619 3.399850517155038 
0.03181791663765513 0.027555439139223193 0.024316399764279323 0.037136167978580686 0.21936644270070932 0.37734362896990903 0.9165460910696425 3.266152036688065 
0.03193183345094633 0.02732090018869589 0.03558842304492495 0.06877824841627718 0.2378841894619162 0.35047881731417374 0.7647625286401805 2.1821147404351917 
0.035343266705196184 0.028905699551681666 0.040634173507535704 0.06609654559660265 0.17167826496863442 0.27746973235164746 1.8648789672246469 3.6782991252416033 
0.030262204253886225 0.03770648128775515 0.031018280867122036 0.06519257731018543 0.1913130257279151 0.35892427347595984 1.1293772005286136 1.9526578543381066 
0.031275352347703865 0.044808067663640656 0.02766942139436863 0.0847673825211822 0.15185643053319917 0.25694622375451404 1.0951430448251693 1.9744944921850538 
0.036241278623014975 0.026292449249665575 0.029010654751526706 0.06854637782568491 0.1090111898148907 0.34532700629509633 1.2182275294872063 1.9073830843277588 
0.03216014238134996 0.05128647923270955 0.02694888584612309 0.0540922515477737 0.15937929262874334 0.39605219203902653 1.015304442889605 1.443334364904005 
0.012843533006476322 0.07258686681376245 0.03609436435492025 0.047854024506134046 0.15796042612517366 0.3300575908957461 1.0119372672175446 3.7580684745426036 
0.02192058596625943 0.060205456418747756 0.021799248694565593 0.06462560821396206 0.16267004390312642 0.3563015270833275 1.0683120487014082 1.6479906869081835 
0.016071582506731363 0.07018014665808048 0.03829805284711314 0.06578181755054172 0.141136112377011 0.385534980039743 1.714148160139078 2.390288877346516 
0.013569881007175535 0.06691285485701536 0.028176685251610194 0.10716328723418933 0.12293712579999637 0.3784959249566858 0.8728634197447104 2.3617303505101193 
0.02014593729964613 0.0557456652361459 0.031083029182884605 0.055458683525801335 0.21152518121198766 0.3789364229755326 0.9194226263885618 2.5562718004090517 
0.03022232378934681 0.049754181093203335 0.039325272069220776 0.05040791945166795 0.08086491340912656 0.3862147879330138 1.3002149939618763 2.5498446990532235 
0.01951732355745001 0.05564462245112073 0.027879105848666617 0.04259343708154898 0.11971887057957147 0.5403201529175345 0.879981430886078 3.769644132506629 
0.018210937652067574 0.06557879803037889 0.041846643068014285 0.1617851880196103 0.11393044500992607 0.5519894896911642 1.5026213505300363 2.371785024460725 
0.02521940002005846 0.05302546242773149 0.022565943139921826 0.06208567532667624 0.12003562283094192 0.4003155988103442 2.0997817107398853 3.863888920454685 
0.02019708700043544 0.05176811660539196 0.022591020623667874 0.060158752353674974 0.14659867920313915 0.3869285206513423 1.2442094168382922 3.850431463895699 
0.02719377955934814 0.04545535459125086 0.03732964660310463 0.04593649459894276 0.1606746032345116 0.5083183658875047 1.4175187962066895 1.9711996370134424 
0.031451337394987955 0.04951742650283485 0.01804017606440814 0.05052846570979816 0.21763906164948904 0.40577351319758836 1.3488127141789343 2.446682036513829 
0.015638888298207698 0.058900620071707585 0.08085174861880393 0.16591870761253016 0.27089984857162347 0.4195741522633403 1.6592245586222758 2.4202305023040025 
0.020185580279187015 0.024696917857392493 0.07694944339579879 0.10971314582149305 0.29937843905465195 0.7257269826524024 1.5852065720848163 5.748696302487026 
0.019139040173072497 0.04681687339911532 0.0603027139766834 0.07554012277882373 0.17243898764437965 0.7321073375445173 1.884429827335504 3.2384811056407394 
0.032145850113296244 0.04654965685429075 0.04271139050435915 0.039899110023557324 0.24285723196992373 0.29317049082589325 1.0209693187971631 2.69260669842897 
0.02568892011825836 0.03649579293297781 0.0369520199094871 0.07943279079158773 0.19036047547808288 0.42911601145083067 0.98057457486926 2.994121113965591 
0.030629781807021726 0.046087197421328274 0.04016804578685309 0.08980450256131381 0.16040392193892286 0.317549639309426 1.6194468876916033 2.9049345250086476 
0.02970104882707304 0.028515010276851424 0.0365102892950851 0.05812811918178944 0.17366927071343932 0.5314938496944825 0.8607073682698536 3.292435439827921 
0.029167731432059387 0.046264563703306685 0.03893957975049779 0.0739897692296124 0.15060512309662782 0.4553835800621501 1.523843371211402 3.1749839829605913 
0.030206142821072094 0.032308218612266404 0.03778959945617532 0.04862564806395584 0.16770225296345842 0.44307626198194994 1.3738007780589738 3.262485374294485 
0.02673007876826375 0.04566179719154818 0.03887517119419552 0.04856934264217089 0.1906878552625352 0.6078068827169513 1.3265320420786375 2.26938563211218 
0.02302599034019827 0.046245922030705044 0.0455322374255366 0.07311252830729267 0.22206277464711113 0.3417284095302122 1.9678146787482031 6.066111429712807 
0.035704965490677636 0.03631801562172633 0.025796362833998516 0.1423275705678102 0.1313963942942962 0.3275126580462106 0.6269831548293383 2.61990524619062 
0.024518147061797117 0.04367958468332346 0.03999217302307594 0.09952489830782801 0.18809952241992983 0.5308827436885473 1.6116141472999836 4.124043053038685 
0.0349831127753598 0.0376993423353649 0.02947632771112837 0.12168396243655155 0.19035842586975898 0.4092298389226348 0.7522042428344364 2.7494253561485102 
0.030557484961643764 0.0269501110193339 0.02305993198326213 0.1037451445767472 0.2346637939059596 0.36221490719068095 0.9698701068361105 2.2636694804948516 
0.029553064255573594 0.025467836532876643 0.03070392837233084 0.1163536236002651 0.24354290440940352 0.5577042217382915 0.7301295246888306 3.2244641089651562 
0.03219647030235887 0.03642380057155478 0.029985665636989817 0.10548141370075305 0.1441032765147839 0.6007803569596071 1.0868553746964682 2.649639786248068 
0.026101113045535147 0.03710743424749739 0.030642511046361953 0.08186167955510508 0.1913448751899771 0.3688528726794493 0.933225790360451 2.3110045739799316 
0.027508120430402017 0.027571764415238776 0.027807230228930013 0.0850708744111073 0.1096814062958013 0.45582167349545716 0.9001723396815902 4.025247456861673 
0.024357655293899723 0.0466777678825948 0.05577490783894746 0.1528049449925289 0.4073383100660007 0.6221025169885301 1.6197207199419232 6.3179955116985 
0.029433776562248687 0.03748442094519833 0.025211100881213425 0.09182747489545184 0.13494369174116055 0.3802089843323414 1.0867508045002305 3.2286319269282453 
0.03341414878815096 0.02538199044680631 0.03232713517255429 0.1108066598999908 0.30360247453270583 0.4980128271900792 1.8571575275488388 3.14765114094716 
0.027375798181023182 0.028084109250301966 0.029850549989933035 0.08823989053052521 0.13597586400590034 0.4076999473276613 1.2745718674243562 3.1176556203706745 
0.03065468233601584 0.04818868002601219 0.02593173839175347 0.09178413885272058 0.16034080650501237 0.5355678529974172 1.5210691625468309 3.199387570421684 
0.027932359317851353 0.02634603539388845 0.02691956467821 0.06444691052834094 0.25133385419765447 0.4137838995608321 1.2017424575601041 2.8817244658970615 
0.030933069706092192 0.026514603137561776 0.027352862638942765 0.08004692865887605 0.24466533503137783 0.21035434125359137 1.3962209045176153 2.564931006362143 
0.029350704892281466 0.03597959478041574 0.022970448540623318 0.05415442029904743 0.26844261066546654 0.539338203328065 1.333594652899038 3.1339405456524014 
0.03168780498209463 0.026273903855224646 0.03494479079679723 0.06225066766205808 0.23695569755836876 0.5712741744499981 1.1159934977991344 2.698607895819954 
0.032325248827304504 0.025752038368323304 0.02160169542273206 0.10009256776250847 0.29334354620767916 0.7205854408778863 0.9674950922809606 4.066955250940971 
0.02761893030655363 0.03633162291997611 0.03601608006347291 0.0697071169557689 0.2075838200468839 0.5335255468739623 1.3739218422875574 2.518247926186364 
0.03446978076510267 0.026645165381911817 0.03577162914721926 0.07577176225018033 0.19402012564969232 0.5452415578352825 1.4558520686521694 3.249255138133166 
0.01775236019808175 0.05358281764436658 0.043534070433459734 0.08110123069489951 0.19026084257429146 0.7463480419126158 1.6794734428751834 4.209671191951544 
0.026775894357692225 0.044827939185266945 0.020637611343922356 0.07490997234986276 0.1770501258807619 0.6053422015079933 0.92238253359921 3.01775674285514 
0.03301219633247746 0.03142727759194925 0.03717633434497829 0.0772836541359758 0.18555571715319194 0.9806598756987767 1.4559109317502081 2.676238317193489 
0.028713479358435715 0.03642653548577625 0.04265999036538633 0.04290151683472668 0.12808416766259892 0.5468813273331209 1.370766027590217 2.1520156469511216 
0.025314272354174272 0.04585655132695023 0.038271195709943646 0.07642845948161013 0.14049922834593004 0.8311876221319682 1.0825637399054855 2.1507459216526232 
0.02009639489093824 0.04022863019156231 0.038246999531597915 0.07139591564110816 0.21594417230745186 0.799941175728578 1.316825902068993 3.5295226498347376 
0.034205011380483305 0.037103159682529904 0.02499002326967268 0.07014283176613231 0.1340318959363224 0.6563434516278065 1.092620144053589 3.170277667260189 
0.03392184242229417 0.025958333826528648 0.03774010630630323 0.07858690923038744 0.2822011149834156 0.918964549804702 2.283049543825554 2.718324126443515 
0.027331123826528685 0.0436916844509669 0.026042936829780556 0.06709839391116638 0.19635150417429129 0.6301020382902206 0.7311985877316688 2.8100917367637703 
0.026548197759908417 0.030286931273729868 0.05098997984739362 0.07424517861612621 0.22544260718425765 1.0063231656312244 2.436548875796554 5.760396135126897 
0.03008665462461289 0.026164932093864043 0.02909071403406616 0.040838401008290885 0.11643934825760736 0.5739017173063033 1.1435765671616016 3.9208588083185116 
0.03168048542315049 0.026266867487645954 0.029925458973335674 0.0927903260243368 0.13977949934777045 0.5858262814601399 0.7417562863557776 2.9142302256235544 
0.028337493368517534 0.02732690372863944 0.01618838458111815 0.06998069886085147 0.2602700865405481 0.6482907841307338 1.194505136779898 2.824995497496425 
0.027247268874851988 0.05052368513407491 0.039608917387858156 0.0755230739564343 0.11168692320779006 0.3975558132876541 4.022590836922016 4.610349998129233 
0.03229589384251599 0.029121337088093616 0.04373437737187136 0.06974058447769614 0.1775529276377399 0.4271726710216894 1.7611675764322214 3.4148011205662314 
0.03076331647432311 0.027757441105943737 0.03476218769597337 0.07949212032144119 0.1858228220815222 0.5597289822130295 2.346311404554484 3.1610971437294744 
0.03294491439263839 0.038987304753865526 0.03678919287555191 0.06804024081968 0.09711087747436473 0.3639401730972132 2.112267600431936 4.094184346132563 
0.03146754159187732 0.026277329087569804 0.04108166471517566 0.0664377516849784 0.216238260993745 0.4742462005957941 2.1087960682900837 2.241717611026498 
0.023530537409515204 0.04808312630568841 0.03609910499774109 0.05897171852739303 0.10792391905430948 0.5719511661969842 1.8972886527935189 1.4393466104779784 
0.03646453583891615 0.025495507081973075 0.030196599166914383 0.06691375645931759 0.2671274133485776 0.5477739570879647 2.093709919607918 4.250460946717978 
0.03318836869984194 0.026674303936418314 0.03391757803578239 0.07857303310428983 0.21474167385940235 0.4397771415775542 1.6841997783452145 2.1032150826409444 
0.0274708753635271 0.03341241091067123 0.036844043668544775 0.06280645635922967 0.21158714363034237 0.2514846688768623 1.474380275618697 3.0833216557848444 
0.028961208861773672 0.028640905037604646 0.03118191145582804 0.04457788409222148 0.2888752100026708 0.3066619849723934 1.7245306682018793 3.70471761613861 
0.028128947082546103 0.029770583456323472 0.031588513138256384 0.1004678002530107 0.2713639418744867 0.3832664987262814 0.8294515276386488 6.510830212252004 
0.03114215157809528 0.02596450128144932 0.02842568910192636 0.07207959428729546 0.16337146040470527 0.4348997200415424 1.489252697379075 3.628775903151812 
0.030540532977639 0.026325778332703595 0.03192186264391127 0.050536956089092436 0.15287850374458872 0.43779292602564035 0.9079468793027451 4.20873103610636 
0.028488282250154214 0.03929371216068568 0.028051757372083794 0.04827540858739498 0.17225861619299696 0.2913525057586015 0.949892104540211 4.121694014971286 
0.030332368101257157 0.027045807006264362 0.02150368690310803 0.07337941836052532 0.11408757473780036 0.5054642221818574 1.4816491144836432 4.466306064884266 
0.019175635462354804 0.0590198016078775 0.023462811445751585 0.05277129068076456 0.3227589743968268 0.39691162482174747 1.6444785571591753 6.1003494003361025 
0.03070548272645558 0.028853646889607648 0.0332172327408713 0.049987991810805384 0.2264411325745996 0.49987568585908326 0.6277919855744712 4.321002577800503 
0.02421313782751734 0.05035678538249572 0.03474773011878812 0.06878881695733512 0.19358301287886293 0.5156505494083277 1.3772496854937086 4.551430985759524 
0.016216193206704314 0.05517156949197568 0.028629390177295187 0.10104936358092358 0.22564916932216758 0.4705513481771635 1.5560036733551788 4.813592697633517 
0.03150498978055622 0.027940773753465854 0.03003806053620377 0.06462014593211955 0.21739580939872463 0.4099324791502921 1.5823391543813121 3.9096559873890087 
0.0333279248524027 0.027377108318097015 0.034062544300758474 0.0757163883043495 0.17665138165842872 0.6311657341392862 1.151690694078176 3.900379439296175 
0.027479392540112262 0.04560937824636846 0.023647238554860707 0.08432641838753568 0.09918537274006474 0.5312604396234135 0.8244970446990534 3.382221960276411 
