0.25922718544320195 5.399743889025701E-7 0.0 0.0 0.0 0.0 0.0 0.0 0.0 19.84654638903682 
0.2570863423615369 0.0037862851562486034 0.0 0.0 0.0 0.0 0.0 0.0 0.0 19.84229247059516 
0.2570863423615369 5.69269941242069E-4 0.0 0.0 0.0 0.0 0.0 0.0 5.754771098707279E-4 19.84527952194379 
0.25643487060659514 0.0 0.0 0.0 0.0 0.0 0.0 1.3427113016170208E-7 0.0 19.84547028613941 
0.2570863423615369 5.69269941242069E-4 0.0 0.0 0.0 0.0 0.0 0.0 0.0 19.84569711043962 
0.25794471728935364 0.0 0.0 0.001041489051337344 0.0 0.0 0.0 0.0 1.655570352503557E-5 19.844524094306237 
0.25801918394532275 0.0 0.0 0.0 0.0 0.0 0.0 0.0 5.669924442909264E-4 19.848048718255455 
0.25794471728935364 8.786278824363532E-6 0.0 2.041174709279272E-6 0.0 0.0 0.0 0.0 0.0 19.846110260224933 
0.25681833859511105 1.2529017412416383E-5 0.0 0.001041489051337344 0.0 0.0 0.0 0.0 0.0 19.8446919723069 
1.0667202206635506E-4 0.24492475491381951 0.0 0.0 1.974186337274926E-6 0.0 0.0 0.0 0.0 19.846155713172987 
0.25794471728935364 0.1916109704152974 0.0 0.011128555431351281 0.0 0.0 0.0 0.0 0.0 19.455474076707098 
1.0667202206635506E-4 0.12381179302155441 0.0 0.010095421842976352 1.7225108529331305E-6 0.0 0.0 0.0 0.0 20.027837307754822 
1.0667202206635506E-4 0.0910653343429974 0.0 0.0 0.0 0.0 0.0 0.0 0.0 20.11664305127393 
0.2570863423615369 0.18628132650966184 0.0 0.0 0.0 0.0 0.0 0.0 0.0 19.482055736849585 
0.0 0.1840771264866789 0.0 0.0 0.0 0.0 0.0 1.3427113016170208E-7 0.23937432000540915 19.487352981069314 
0.2544081913156465 0.09155335144357703 0.0 0.0 0.0 0.0 0.0 0.0 5.775462153114647E-4 19.683519233813676 
0.25681833859511105 0.041872868664530744 0.0 0.001041489051337344 0.0 0.0 0.0 0.0 0.0 19.78971209465108 
0.0 0.00655375629665904 0.0 0.0 0.0 0.0 0.0 0.0 1.6991463639750934E-6 20.26650706120622 
0.2704922269197464 0.09207587800919777 0.0 0.10419366939783917 0.0 0.0 0.0 0.0 1.3099318610394337E-5 19.50671243386578 
0.0 0.04577919749190667 0.0 7.798791396923197E-8 0.0 0.0 0.0 0.0 0.0 20.208032346153182 
0.2564396208895469 6.834242424097703E-4 0.0 0.2712084037541822 0.0 0.0 0.0 0.0 5.669924442909264E-4 19.42408268665928 
0.2564396208895469 0.0752597823469491 0.0 0.010095421842976352 0.0 0.0 0.0 0.0 5.669924442909264E-4 19.71133236708587 
0.2536964946111619 1.2529017412416383E-5 0.0 0.12056118840484198 0.0 0.0 0.0 0.0 5.669924442909264E-4 19.61539557158057 
0.256818338595111 0.1834858549891358 0.0 0.0 0.0 0.0 0.0 0.0 0.0 19.482096786481645 
0.08711940765897767 0.004467011106927463 0.0 0.0 1.5644365334075305E-8 0.0 0.0 0.0 1.6436610202260546E-5 20.11904918670376 
0.20625206806678711 8.786278824363532E-6 0.0 2.041174709279272E-6 0.0 0.0 0.0 0.0 0.0 19.874050790482112 
0.2570863423615369 5.69269941242069E-4 0.0 0.2712084037541822 0.0 0.0 0.0 0.0 0.0 19.450521315156994 
0.25681833859511105 0.00379682428195203 0.0 0.001041489051337344 0.0 0.0 0.0 0.0 0.0 19.841282684285627 
0.2527065697936657 5.7825320118827926E-5 0.0 0.0010372855923455955 0.0 0.0 0.0 0.0 0.0 19.844431620280215 
0.2568420264015399 4.326895042673853E-6 0.0 0.001041489051337344 0.0 0.0 0.0 0.0 0.0 20.03639872905552 
0.0 5.7825320118827926E-5 0.0 0.0 0.2714074473901699 0.0 0.0 2.706612038874116E-7 0.0 19.856363891887902 
0.2588809545941746 0.18348398361984178 0.0 0.2677694153019841 1.724216983075668E-5 0.0 0.0 0.0 0.0 19.062112691491023 
0.2527065697936657 5.7825320118827926E-5 0.0 0.0 0.2714073071541885 0.0 0.0 0.0 0.0 19.437563412896804 
0.0 0.0 0.0 0.0 0.1193955829120756 0.0 0.0 0.0 0.12882503603699616 19.913459686119932 
0.0 0.0011260108650717215 0.0 0.2712084037541822 6.070135312912298E-4 0.0 0.0 0.0 0.0 19.880228927949563 
0.1747508206176436 0.19070988687426738 0.0 0.011128555431351281 3.4576198303356966E-5 0.0 0.0 0.017966847494270133 5.683163161013748E-4 19.527855711611732 
1.0667202206635506E-4 0.0 0.0 0.0 3.4484339661513356E-5 0.0 0.0 0.0 0.0 20.273931670269615 
0.0 0.0 0.0 0.0 1.0865814163327654E-6 0.0 0.03314814775381125 0.0 5.669924442909264E-4 20.23114028990784 
0.12818959827309276 1.2529017412416383E-5 0.0 0.0 1.974186337274926E-6 0.0 0.0 0.0 0.0 20.030377125518577 
1.0667202206635506E-4 0.12381179302155441 0.0 0.0 1.974186337274926E-6 0.0 0.0 0.0 0.0 20.039005582936262 
0.00709315089119634 6.330891148594561E-5 7.701937178773964E-4 0.0 0.0 0.10662735978386852 0.0 1.954456067773954E-9 0.0 20.072740125451418 
0.2546194433657312 0.18497764183328463 0.049747322081633544 0.2677694153019841 1.1889096453594477E-8 0.0 0.21573051800003645 0.2144982577143383 0.12210258156613812 19.04769530405992 
0.0 3.751304234777165E-4 0.0 0.0 0.0 0.08116175096164391 0.16135789793312372 0.0 0.0 19.828227680979865 
0.007363011452984652 3.751304234777165E-4 0.050395810056388976 0.0 0.0 0.10572661323343581 0.0 0.0 0.24044928118142941 19.63512328247197 
0.11414455994025972 0.10016196943523466 0.0 0.0 0.0 0.0 0.0 0.0 5.669924442909264E-4 19.88255681002583 
0.03359146461716904 0.09207587800919777 0.0 0.10419366939783917 0.0 0.0 0.0 0.0 1.3099318610394337E-5 19.89212511291495 
1.0667202206635506E-4 1.2529017412416383E-5 0.0859895835936807 5.20744525668672E-4 1.974186337274926E-6 0.0 0.0 0.0 0.0 20.1276330503901 
0.0 0.09155335144357703 0.0 0.0 0.0 0.0 0.0 0.0 1.6991463639750934E-6 20.11086101851861 
0.08711940765897767 0.0 0.0 0.0 0.0 0.0 0.0 0.0 1.6332369087280184E-5 20.123848170187113 
0.0 0.0 0.0 0.0 0.0 0.0 0.21573051800003645 0.0 0.0 19.93575615055234 
0.12818959827309276 1.2529017412416383E-5 0.0 0.0 0.0 0.0 0.08023084123466763 0.0 0.12288602810795077 19.654655351298267 
0.0 1.2529017412416383E-5 0.0 0.0 0.0 0.0 0.08124657449259036 0.0 1.6991463639750934E-6 20.21812240533677 
0.25681833859511105 1.2529017412416383E-5 0.0 0.0010770437630935996 0.0 0.0 0.08023084123466763 0.0 0.0 19.70971699509824 
0.0 0.0 0.015195015670690593 0.0 0.0 0.0 0.018450769225077268 0.0 5.67842017472914E-4 20.231885495612712 
0.12860090329181348 0.0891659811893133 0.0 0.0 0.0 0.0 0.018450769225077268 0.0 1.6991463639750934E-6 20.07797998288855 
0.0 0.0891659811893133 0.0 0.005879457155215855 0.0 0.0 0.009225384612538634 0.0 4.856874799246267E-7 20.100736180295268 
1.0667202206635506E-4 0.24761104944492376 0.0 0.0 1.977385552000798E-6 0.0 0.006605125724935879 0.0 0.0 19.838806705412573 
0.002516257839788524 0.0 0.0 0.0 3.4576198303356966E-5 0.0 0.0 0.2631467061438504 0.0 19.85159896604861 
0.11729620095881867 1.2529017412416383E-5 0.0 0.1366645731970458 0.0 0.0 0.0 0.21576832320530853 5.669924442909264E-4 19.454176603862127 
0.11729620095881867 8.786278824363532E-6 0.0 0.13666559378440044 0.1357027366019163 0.0 0.0 0.21849464665119686 0.12210258156613812 19.07972507994028 
0.25643487060659514 0.0 0.0 0.0 0.0 0.0 0.0 0.2631467061438504 0.0 19.478843142793266 
0.11729620095881867 1.2529017412416383E-5 0.0 0.269197537857592 0.0 0.0 0.0 0.21849464665119686 0.0 19.22348100077084 
0.03359146461716904 0.0 0.0 0.0 0.0 0.0 0.0735228301477926 0.0806316646278734 0.0 19.97635883349415 
0.005050381548014264 1.2529017412416383E-5 0.0 0.2636806790276551 0.0 0.0 0.0 0.21849464665119686 0.12210258156613812 19.36358287339222 
0.11729620095881867 7.258310545330442E-11 0.0 0.0 0.2714074473901699 0.0 0.0 0.21849464665119686 0.12210258156613812 18.994040608191625 
0.0 0.0 0.0 0.0 0.0 0.0 0.0 2.6854226032340415E-7 0.23937432000540915 19.875503098171567 
0.25794471728935364 8.786278824363532E-6 0.0 2.041174709279272E-6 0.0 0.0 0.0 0.0 0.12183622701011264 19.612945717175037 
0.25681833859511105 1.2529017412416383E-5 0.0 2.041174709279272E-6 0.0 0.0 0.0 0.12246751866418826 0.12183622701011264 19.378553409729808 
0.028379755133622057 1.2529017412416384E-5 0.0 0.0010435383229273414 0.0 0.0 0.0 0.0 1.655570352503557E-5 20.23474402762638 
0.0016242393168668613 6.856264987280871E-4 0.0 0.0014467381714792127 0.0 0.0 0.0 0.0 2.834962221454632E-4 20.27439077778204 
0.25794471728935364 1.3328984405060615E-5 0.0 0.0 0.0 0.0 0.0 0.0 1.655570352503557E-5 20.093582743268716 
0.11410160365948503 0.0016626183110694565 0.0 0.0 0.0 0.0 0.0 0.0 5.669924442909264E-4 20.057169714705534 
0.0 0.0 0.0 0.0 0.0 0.0 0.0 0.0 0.0 20.277350446315012 
0.028379755133622057 1.2529017412416383E-5 0.0 0.0 0.0 0.0 0.0 0.0 0.0 20.241429861810673 
0.03273981871130212 0.0 0.0 0.0 0.0 0.0 0.0 1.3511057133775868E-7 0.0 20.229693161028646 
