0.24369871504570462 0.0 0.0 0.0 0.0 0.0 0.0 22.168018717167936 
0.22417763597625928 0.0 0.0 0.0 0.0 0.0 2.3383426768219806E-6 22.168429894005257 
0.22389101483795493 0.0 0.0 0.0 0.0 0.0 0.0 22.168432659729095 
0.21835694250149906 0.0 0.0 0.0 0.0 0.0 0.0 22.168599485682048 
0.21094819984037727 0.0 0.0 0.0 0.0 0.0 0.0 22.16927347605853 
0.0 0.24878168909865117 0.0 0.0 0.0 0.0 0.0 22.1675874569693 
0.19693736594567923 0.10246792861012466 0.22345770665248565 0.0 0.0 0.22525995934781307 0.0 22.135786236285245 
0.0 0.24878168909865117 0.0 0.0 0.0 0.0 0.0848007202102341 22.16021520898855 
0.0 0.12713087264768674 0.0 0.0 0.0 0.08639807217624096 0.0 22.17812115471076 
0.013221168818965623 0.2487177162748555 0.17442418676283644 0.0 0.0 0.0 2.3383426768219806E-6 22.14507485259345 
0.0 0.24878168909865117 0.18043236153369158 0.0 0.0 0.0 0.0 22.146602120845902 
0.18636691961739515 0.24878168909865117 0.0 0.0 0.0 0.0 0.0 22.143277381065506 
0.10347080849418688 0.12738537374909598 0.0 0.0 0.0 0.0 0.0 22.16876071134396 
0.10056046175680677 0.08712180169421124 0.0 0.0 0.0 0.0 0.0 22.175167009872023 
0.19773529833832804 0.09264505571103498 0.0 0.0 0.0 0.0 0.0 22.159797068330796 
0.2336684034383314 0.10246792861012466 0.004000106540985371 0.0 0.0 0.22525995934781307 0.0 22.1290848927262 
0.0 0.0 0.1814146972652395 0.0 0.0 0.0 0.0 22.17488018148478 
0.1865530170721339 0.10246792861012466 0.22345770665248565 0.0 0.0 0.22464058817393528 0.08666705498987426 22.100542387361894 
0.19652962014207276 0.0 0.18043236153369158 0.0 0.0 0.0 0.0 22.147162042934234 
0.17638916301171648 0.0 0.21917737883194555 0.0 0.0 0.23184046048716134 2.7412508497093313E-4 22.123691411447915 
0.20351303349089456 0.0 0.1794206467018391 0.0 0.0 0.0 0.0 22.14629271320316 
0.22380091688593673 0.0 0.06576543944123969 0.0 0.0 0.0 0.0 22.162021529299995 
0.1107981084520393 0.0 0.0 0.0 0.0 0.08139446942991668 0.0 22.177428851752417 
0.17638916301171648 0.0 0.0 0.0 0.0 0.0 0.08687100342288012 22.163917635119283 
0.19808162970542575 0.0 0.0 0.0 0.0 0.08217117065085233 0.0 22.16309976537189 
0.0 0.0 0.0 0.138297826832936 0.0 0.0 0.0 22.185513369427134 
0.0 0.12738537374909598 0.18043236153369158 4.4751623222794024E-4 0.0 0.08639807217624096 0.0 22.155209562076482 
0.0 0.24878168909865117 0.0 0.1365222681410554 0.0 0.0 0.0 22.152792431098867 
0.2000515054961678 0.0 0.0 0.12306790329988537 0.0 0.0 0.0 22.1552353755847 
0.20351303349089456 0.2524325218195891 0.0 0.01667945283781691 0.0 0.0 0.0 22.140389593432584 
0.0 0.24878168909865117 0.0 0.0 0.0 0.08670461097558935 0.0 22.158868066076096 
0.19773529833832804 0.021965665700331982 0.0 0.0 0.0 0.0 0.0 22.168104928120822 
0.21835694250149906 0.0 0.22345770665248565 0.0 0.0 0.0 0.0 22.141304650882354 
0.20362951840745325 0.0 0.0 0.0 0.0 0.0 0.03276494769504268 22.167093967760227 
0.22389101483795493 0.0 0.0 0.0 0.0 0.10299970297773342 0.0 22.15597390650291 
0.07121724979531052 0.0 0.0 0.0 0.0 0.0 0.0 22.188318027957294 
0.0 0.0 0.0 0.0 0.18170167958871986 0.0 0.0 22.173132923201127 
0.21829736059622817 0.10246792861012466 0.22345770665248565 0.0 0.07630345942187944 0.33987544319145435 0.19479110873293592 22.075774772350428 
0.0 0.12738537374909598 0.0 0.0 0.08893799638779498 0.0 0.0 22.176669957044485 
0.20351303349089456 0.0 0.0 0.0 0.07558212511107243 0.0 0.0 22.161640123271667 
0.1865530170721339 0.0 0.22345770665248565 0.0 0.07558212511107243 0.0 0.0 22.137049398065376 
0.1865530170721339 0.10246792861012466 0.0 0.0 0.07630345942187944 0.22525995934781307 0.0 22.12458634512683 
0.20789895417125415 0.05123396430506233 0.0024773408590270662 0.0 0.07630345942187944 0.22525995934781307 0.07934700642498882 22.121077982846913 
0.18612775354156952 0.10246792861012466 0.22345770665248565 0.0 0.03815172971093972 0.22525995934781307 0.0 22.102376610927468 
0.21094819984037727 0.0 0.04580067971731516 0.0 0.0 0.0 0.0 22.165035227599425 
0.0 0.12738537374909598 0.0 0.0 0.0 0.0 0.0 22.187933058142278 
0.020983889744890405 0.0 0.0 0.0 0.0 0.0 0.0 22.194616746334027 
0.0 0.0 0.0 0.0 0.0 0.08659578383840305 0.0 22.186110047929066 
0.1865530170721339 0.0 0.0 0.0 0.0 0.23666640577800635 0.0 22.146525005970098 
0.19693736594567923 0.0 0.0 0.0 0.0 0.08639807217624096 0.0 22.164911135823925 
0.22003815564138307 0.05123396430506233 0.0 0.0 0.0 0.0 0.0 22.163852880095444 
0.18634062946854257 0.0 0.0 0.0 0.0 0.0 0.0 22.172985314781766 
0.10347080849418688 0.0 0.0 0.0 0.0 0.0 0.0 22.184007057484877 
0.19773529833832804 0.0 0.0 0.0 0.0 0.0 0.0 22.17029952579581 
0.0 0.0 0.0 0.0 0.0 0.0 0.1140484895471392 22.18368535911409 
0.19250630417320735 0.10246792861012466 0.22345770665248565 0.0 0.07630345942187944 0.3372705678478418 0.19479110873293592 22.07749984073762 
0.0 0.09176248747139404 0.008090814017378989 0.0 0.0 0.0 0.09739555436646796 22.177032512675833 
0.07121724979531052 0.0 0.22141058796891322 0.0 0.0 0.0016081718441842696 0.19479110873293592 22.139174719905256 
0.16471232940153158 0.0 0.0 0.0 0.0 0.0 0.19947603467478636 22.15085217526859 
0.0 0.23972936312289228 0.22141058796891322 0.0 0.0 0.0 0.19479110873293592 22.120123691719776 
0.1965522523901857 0.0 0.0 0.0 0.0 0.23184046048716134 0.19479110873293592 22.122910654348463 
0.20789895417125415 0.0023742586602928384 0.22345770665248565 0.0 0.0 0.004786588696751082 0.19468961892797232 22.14596236076955 
0.0 0.0 0.22345770665248565 0.0 0.0 0.22525995934781307 0.19479110873293592 22.1174883332815 
0.0 0.0 0.18543684098595214 0.0 0.0 0.0 0.08666705498987426 22.168141559727353 
0.0 0.3126172448954172 0.22486543345819676 0.0 0.0 0.23184046048716134 0.19479110873293592 22.096948883466464 
0.20351303349089456 0.3126172448954172 0.0 0.0 0.0 0.23184046048716134 0.19524506278928655 22.092455833910314 
0.0 0.0 0.0 0.0 0.0 0.0 0.0 22.195769472400332 
0.0011551515022070191 0.0 0.0 0.0 0.0 0.0 0.0 22.195587807869533 
