4373.348928213135 0.08308480184564221 1.5686756415132397 5.371171115168858E-10 1.7936504938286641 
45.60880948891657 0.003058300666517543 1.650608315625807 0.00169866757257283 6.689651390637242 
96.1592732364901 0.00161709147512562 1.762299027140196 1.0104888481600697E-8 0.08932641094378192 
61.324023042293085 0.0017453948668527527 1.7741952023460168 9.44541155913228E-4 0.0700765013826648 
138.70663110330958 0.007902911502659983 1.6442324597997928 3.084755685457147E-4 6.209800649084611 
50.828690730696415 7.88303591798945E-4 1.7102098239361843 0.0015709133318364179 3.5235941189367717 
57.06728406994019 0.0016138034169487752 1.6512655949927892 8.781296735270421E-4 6.648863572377903 
45.68115699659983 0.0030671541777639835 1.6505859221905501 7.564146719585228E-5 6.607988356587038 
32.749332750183726 5.582518673296876E-4 1.7253535033990706 3.441698117193903E-6 2.259639718941541 
99.54194350150108 0.011839366391642868 1.7471685475387266 2.58099266616849E-4 0.556322713796737 
13.708625167010926 0.0020944637241876946 1.7494082165992493 8.073836033229085E-4 1.507132795845356 
13.239732283409523 0.0011571700319631406 1.710229054844373 0.001643314691789699 3.4814008043396476 
7.54738984328802 0.0011597682836153086 1.7471180689973966 1.265082438413732E-9 1.696838899558785 
10.407018665415938 0.0031407664418135034 1.7777873119841436 8.220540999371358E-10 0.0011703483956716143 
5.947983146015239 4.3840578835012417E-4 1.778712208796115 1.4667846295830656E-10 6.361623752373301E-11 
5.748449136407568 4.8714878938215135E-4 1.7294010169851426 2.56108943585912E-4 2.3312713769727527 
8.40479620317274 0.001701805267254248 1.7706457389514958 0.0016919052771868848 0.12704342935104468 
28.4857523082659 0.010805597530327083 1.4443982250504028 0.0015530531711467524 16.18243611591351 
58.46802922082343 0.01102802971570642 1.7593358603005795 0.011004333068747764 2.552901113262992E-9 
244.14135739152718 0.13889111532215961 1.6352394839690634 8.084995644608502E-12 1.3840312750230685E-5 
0.9900055473090602 0.2646041472716486 1.5623514870794395 1.2270996927225545E-9 0.1551182351209063 
1.4197714902419583 0.003924445753780051 1.6506665338402942 0.001698616879172183 6.375284162516005 
5.550352543720122 0.005087509520298477 1.7698830297583723 0.001628629157571163 0.11987807183077154 
2.425958202842386 0.003614532684353841 1.7038268504841798 3.2199755369452247E-6 3.919240801836861 
0.010149181067161618 0.0025581972582954175 1.7704829301252263 6.160500339029697E-10 0.5552927928457099 
0.06385319593685859 0.0030717260169911813 1.7509894931343644 8.914920735058569E-4 1.4958413650306388 
0.47724899406298055 0.008962125869032096 1.3343581347416529 1.0895586329505882E-9 33.180677987551306 
2.122701524889177 0.0019182775239923035 1.6833656200577478 3.8422366670180586E-12 5.993059399489677 
0.015077455054944023 0.0013916353905010395 1.7467712537904123 7.887018644209963E-4 1.735487454779535 
0.005439026459752988 0.0013467542293108647 1.7069971801478707 5.774479503204213E-10 3.604725480775956 
0.3561246160733399 5.363002670626118E-4 1.748995308602135 2.6253691479776755E-4 1.5331884307166426 
2.564615400517747 8.709711818528496E-4 1.7150263122662663 5.896522693564378E-10 3.604564181930989 
0.009831588898177339 0.0015958083395164523 1.4455270968235823 0.0017133835560078799 16.987162694234684 
3.7840251285376882 0.0010972172001541755 1.5567380097733288 0.0019225360088982297 11.220649624869225 
0.5023198816409066 3.373531635282567E-4 1.7626232058912517 1.4321710223805965E-10 1.0806951897693373 
0.1371176423207449 6.03320698118871E-4 1.6892749801852962 8.1627503505316E-5 7.801424491038525 
0.0018638725948513135 0.0012185333683938785 1.4565657319085437 5.060114924131762E-10 18.981063129588495 
2.618075763663208E-5 2.1351939272830595E-8 218.82007102636504 4.764055081359451E-8 2.0586616304727913E-5 
0.00958153150195365 4.892102375825133E-5 1.7790468785125682 1.0813454062571629E-8 0.05372805604082108 
0.17237251821190144 9.522409191322583E-5 1.777616487033766 5.199726565021481E-10 0.08455085020626411 
0.2549800407529393 8.090740785555971E-5 1.7814741655513344 1.1014052346950408E-9 9.526333278075481E-4 
0.006949799531803626 3.1283430168433267E-6 1.7709044777677685 8.631480954185266E-12 0.2651800437470556 
4.20742008288312E-4 1.2501962724924583E-6 1.784191386021002 8.94157433778238E-5 1.3635293750318277E-5 
0.21962358658427195 3.6513874142981315E-5 1.785127266789583 8.829393572096107E-5 2.1801541926391685E-13 
0.008770994905344921 9.375068553021114E-5 1.7765163930580723 8.034760747900705E-5 0.03799571961766225 
0.9362423899784068 1.8358708448120803E-4 1.7801861830915124 1.6161424029810156E-10 0.009524752605576628 
0.057906936291002964 1.9903078084635242E-4 1.7822570164146447 7.130392890108618E-14 1.3472077605641664E-5 
2.7784576366277274 1.6896768085544557E-4 1.785188102568687 9.612774876154833E-10 1.3220916190817217E-5 
0.4615536731240973 2.58549952910019E-4 1.7841879495317534 9.629750770207265E-10 1.321174866237967E-5 
0.023177993966977194 1.5818342231962336E-6 1.7727275006249346 8.614895498426006E-12 0.530950995940136 
4.8004471385638796E-4 4.990693435092953E-7 1.779320365734491 1.6657258019844908E-4 2.5087805746970894E-8 
0.020860139778732058 5.039800983280438E-5 1.7688523804197553 8.749394742519116E-11 0.5402739095049827 
0.007514677919103968 4.6515142116132804E-5 1.7797662891474384 1.665794637491816E-4 1.3892085121578993E-8 
0.09233245686788465 1.007636486271416E-4 1.7770721102922682 1.659540734109993E-4 8.471328735502654E-14 
0.0032070372142693577 2.1795413474003822E-5 1.7768966296111106 1.6822060176503639E-4 0.29369853712842714 
0.21370324186358056 0.0018110524947519406 9.856143453915774 2.4428388542790015E-15 0.8280084015863234 
0.08430012547398104 3.342540547397871E-5 1.7667982900245012 4.2372368311552627E-10 0.7128789524747767 
0.026779378022257605 4.556154574110738E-5 1.6451026183368271 0.1633168928202526 1.4610519491063788E-6 
6.080474491480594 0.002129615356450775 1.7107863458913997 0.001567500648472524 3.5635190352821544 
0.3057775286730345 6.388530135119555E-5 1.781003837906611 0.003797553001920644 2.5844414099099243E-9 
24.48092565511792 0.003714076183613217 1.7666782173636848 0.01109466361786645 2.600328443641824E-9 
0.002753463542095086 3.62380352343156E-5 0.7737478837798651 0.037843774313372276 54.39492159864137 
6.449208336918869 9.295194259159036E-4 1.7677039055997785 0.002264021129448419 0.5213725205111474 
20.22370718363681 0.003179247429823735 1.0333538754871716 0.016481311783596853 36.127895989258114 
19.14862044299995 0.009126789122578118 1.7621317816654507 0.011104930410912947 2.5895005646209595E-9 
29.633940517498115 0.01317191150996547 1.3087367880144334 0.015000001561568116 22.27615156145613 
1.4597317599812325 0.003363987922915567 1.717332143923219 0.0036385137010765756 3.0383023962724724 
0.010954998187411724 4.7155637749749005E-5 1.776862751379066 0.0016929434506390124 0.11084754251516651 
4.313118000877646 0.001260001356694364 1.7318591433039536 0.0021004426564657343 2.621701704153794 
30.169794329495826 0.014888692340154849 1.7562919423230152 0.01099960120259218 2.600297201917088E-9 
196.47764589243926 0.07720859107167444 0.9284263875502977 0.05747692462474258 44.77462185378036 
0.11202225311843576 3.606325869657347E-5 1.7133546013989998 0.0017379730073965214 3.294813981690552 
6.540423831368857 0.001151156580322028 1.7095028321665893 0.00164741184992767 3.5926426386600214 
25.094985563691385 0.011119938814094524 1.3199430498455285 0.008409662354641391 22.127034649053257 
8.241704113799386 0.0011016117849769558 1.0568505100963235 0.008785636379488676 35.910309132281085 
6.44491202488592E-5 4.751528903916603E-8 4.542609205343137E-5 2.750162573858707E-7 541.5080992614808 
1.0011852244187727 8.337083716463207E-5 1.4679506712881074 1.561905237183226E-10 18.00255989453138 
3.498856525520594 0.0010199836532308998 1.465244137548391 0.001743968325638785 15.9004517367327 
1.7913567603235983 5.375759089666311E-4 1.5623760888170695 9.629973499412527E-4 11.040157879681914 
0.024989479790405715 2.2027921452726426E-6 1.7643435811506614 3.7334904369568965E-12 9.206510809315665 
0.6231354300827987 3.1944470458384895E-4 1.0594897757812862 0.008823418302135325 59.342537181235855 
0.0132064349487851 1.85109057172599E-5 1.7278749876029895 8.034911041160083E-4 5.949539519018974 
0.322695891674967 1.2140340898914784E-4 1.712146677364674 6.007662770295496E-10 4.018721624671287 
0.10151920136066138 1.4927289406910484E-5 1.7239552226714803 3.059345920597246E-11 3.0173695539543566 
0.010332880503823109 1.8448490960232095E-5 1.720280928470226 8.097142752333275E-4 3.525687951256142 
0.04421772540755337 2.711719968968465E-4 1.7324798087642685 1.6258097288048546E-4 2.735929136914637 
0.04580896154814807 4.2189723472616285E-6 1.7637997928298232 5.057376066800238E-12 2.3256266325842403 
0.012030160231088254 3.2992121071157925E-6 1.7598370066811506 8.054044519140325E-6 1.4558871941076417 
0.04588823870654342 7.086090973261339E-6 1.763139639093803 2.5751761416935895E-4 0.976665207323742 
0.16164399748053826 1.7618788459159005E-5 1.7641918907565142 1.52174166218768E-9 0.9188240264214468 
0.012175160740196573 2.1421281842476855E-6 1.7658951392236844 9.016550642904076E-4 1.077854750813013 
0.020392585915467935 5.298229473661119E-5 1.7699239927855088 1.6888347039057584E-4 0.540988306965623 
