0.23080780177634175 0.0 0.0 0.0 0.0 0.0 0.0 19.667274332789805 
0.11544554953644415 0.003853522083684169 0.0 0.0 0.0 0.0 0.0 19.683157280247798 
0.22769004324046271 0.0 0.0 0.0 0.0 0.0 0.0 19.667524234218728 
0.21961465252154433 0.0 0.0 0.0 0.0 0.0 0.0 19.669171066146554 
0.1667767891446328 0.0 0.0 0.0 0.0 0.0 0.0 19.675216426392982 
0.14759960777664283 0.0 0.0 0.0 0.0 0.0 0.0 19.677711139690302 
0.11610253872927778 0.0 0.0 0.0 0.0 0.0 0.0 19.68360976054604 
0.11527183809731412 0.0 0.0 0.0 0.0 0.0 0.0 19.685961783116966 
0.09960164328210652 0.0 0.0 0.0 0.0 0.0 0.0 19.687801582737627 
0.0679278279420128 0.0 0.0 0.0 0.0 0.0 0.0 19.693189656528222 
0.04149877933353885 1.6871238495674845E-4 0.0 0.0 0.0 0.0 0.0 19.69731391348415 
0.11610253872927778 0.003882310523337651 0.0 0.0 0.0 0.0 0.0 19.683078957757825 
0.0014513018271813394 0.2766265059890589 0.0 0.0 0.0 0.0 0.0 19.66940540725141 
0.04160409699984946 0.03677362143788976 0.0 0.0 0.0 0.0 0.0 19.692993513457164 
0.06729966304702373 0.27291639683335056 0.0 0.0 0.0 0.0 0.0 19.660275782910396 
0.06785513392880738 0.2766265059890589 0.0 0.0 0.0 0.0 0.06837731880226272 19.652132853600225 
0.06729966304702373 0.12760997288036435 0.0 0.0 0.0 0.0 0.0 19.6738749167461 
0.017788803830979916 0.0 0.0 0.0 0.0 0.0 0.0 19.70012491191765 
0.0679860924341309 0.12760997288036435 0.0 0.0 0.0 0.0 0.0 19.67375520942344 
0.19455870783938778 0.27724859149492787 0.11978459526776675 0.0 0.0 0.0 0.0 19.62354516575586 
0.23285338373630893 0.0 0.06141104451279489 0.0 0.0 0.0 0.11207707981346715 19.64488428229229 
0.14926884003437202 0.0 0.03306046990016753 0.0 0.0 0.0 0.0 19.676081917527103 
0.11595386326037627 0.07910256690315265 0.0020070331226129667 7.993605777301127E-14 0.0 0.0 0.0 19.67434736246304 
0.2199333204291829 0.06595710416625167 5.732164790828165E-6 2.6708236600114788E-5 0.0 0.0 0.0 19.66061773702093 
0.0 0.2766265059890589 5.72825895517326E-6 0.0 0.0 0.0 0.0 19.668936278456062 
0.06729966304702373 0.12760997288036435 6.759443316184388E-8 0.0 0.0 0.0 0.0 19.673545417586737 
9.122398619521022E-4 0.0 0.0 0.1170873843328053 0.0 0.0 0.0 19.684347156291967 
0.0626374486959449 0.003882310523337651 0.0 0.09918704410026002 0.0 0.0 0.0 19.679008978665873 
0.14759960777664283 0.0 0.0 0.10485195838690586 0.0 0.0 0.0 19.663377452139393 
0.10511821623646966 0.0 0.0 0.027737670650751056 0.0 0.0 0.0 19.684841667053846 
0.2199333204291829 0.0 0.0 1.5155573056091498E-5 0.0 0.0 0.07015424415708793 19.659206512451068 
0.06269026858908511 0.0 0.0 0.0 0.0 0.0 0.0 19.69404247992892 
0.2199333204291829 0.0 0.0 0.0 0.0 0.0 0.0 19.668888870994934 
0.0 0.0 0.0 3.730349362740526E-14 0.027985496479125516 0.0 0.0 19.70035517545062 
0.24973748684502795 0.12786696071980685 0.11768682281400089 0.0765955287262603 0.20934864566665645 0.0 0.17327945210703177 19.574871869931297 
0.12538053717817021 0.0 0.0 0.0 0.20597227968843512 0.0 0.0 19.651283145326286 
9.122398619521022E-4 0.0 0.0 0.11409168629061917 0.20597227968843512 0.0 0.0 19.691895358682547 
0.0 0.27724859149492787 0.0581974643811467 0.047911389281924954 0.20933076090935998 0.0 0.17327945210703177 19.59857903297691 
0.24973748684502795 0.0 0.0 0.10485195838690586 0.20933076090935998 0.0 0.17327945210703177 19.595031762075518 
0.0010812034035172502 0.2733946430157239 0.0 0.11514503355595274 0.2058442261211617 0.0 0.0 19.62318597170651 
0.24973748684502795 0.0 0.0 0.047911389281924954 0.20543126863246108 0.12441875991241247 0.08663972605351589 19.60177337943214 
0.24973748684502795 0.23091289026216089 0.0 0.047911389281924954 0.17836976876536426 0.0 0.17251255064127413 19.574826039577637 
0.0 0.0 0.0 0.0 0.0 0.1278379027423675 0.0 19.686215412691176 
0.21947901461104635 0.27724859149492787 5.932352742377134E-6 0.047911389281924954 0.0 0.0 0.11326468037599824 19.646850711558415 
0.06729966304702373 0.12760997288036435 0.0 0.0 0.0 0.12740760339543122 0.0 19.654651724291625 
0.005340774427315509 0.0 0.0 0.0 0.0 0.003269897707465219 0.0 19.700854992039638 
0.09193295720834449 0.0 0.0 0.052923482400000665 0.0 0.04083525195489379 0.0 19.679287138577138 
0.04160409699984946 0.0 0.0 0.0 0.0 0.0 0.0 19.695876370880978 
0.0 0.12745225160729845 0.014689082477623572 0.0 0.0 0.0 0.0 19.680895310447966 
0.2199333204291829 0.204270357160782 5.72825895517326E-6 0.0 0.0 0.0 0.0 19.63845738221428 
0.2199333204291829 0.27201182324661133 0.05989229763388337 0.0 0.0 0.0 0.0 19.628688693343683 
0.0 0.0 0.0581974643811467 0.0 0.0 0.0 0.0 19.697339283687526 
0.12908425607824903 0.0 0.06058117094761428 0.0 0.0 0.0 0.0 19.675202183677378 
0.12908425607824903 0.0 0.06058117094761428 0.05118040855457551 0.0 0.0 0.0 19.669229879269047 
0.0 0.0 0.0 0.0 0.0 0.0 0.3349693375949059 19.676852461895727 
0.1254174904161829 0.27724859149492787 0.05989229763388337 0.052867742326556666 0.0 0.0 0.17327945210703177 19.611023195892013 
0.09193295720834449 0.0 0.0 0.0 0.0 0.040894537994145 0.17371561198322816 19.660847159010398 
0.0 0.12745225160729845 5.732164790828165E-6 0.0 0.0 0.0 0.11207707981346715 19.66729874354632 
0.0 0.049071900341582264 0.0 0.10625376779081108 0.0 0.0 0.17257916469283252 19.65400225271521 
0.0 0.2611139870510861 0.11978459526776675 0.0 0.0 0.0 0.21813243424766782 19.61784947374428 
0.06090277395834143 0.0 0.0 0.0 0.0 0.0 0.07015424415708793 19.689220940143016 
0.0 0.12745225160729845 0.0 0.04662576355801207 0.20543126863246108 0.0 0.17327945210703177 19.645953295798027 
0.006189224374717028 0.27724859149492787 0.0 0.10485195838690586 0.0 0.0 0.17327945210703177 19.62661669901156 
0.1667767891446328 0.0 0.0 0.0 0.10661512659313033 0.0 0.17327945210703177 19.632462789598858 
0.0 0.12786696071980685 0.13507903261954723 0.0 0.20934864566665645 0.0 0.17327945210703177 19.60262754798757 
0.09193295720834449 0.2779395511579228 0.0 0.0 0.20933076090935998 0.040894537994145 0.17327945210703177 19.59391769182904 
0.0 0.0 0.0 0.0 0.0 0.0 0.0 19.700918972657693 
