1.000861965306459 0.0 0.0 0.0 0.0 0.0 0.0 0.0 
0.9986234561215974 0.0 0.0 0.0 5.282464489161411 0.0 0.0 0.0 
6.154648219306264E-17 1.0004505784727158 0.0 0.0 0.0 0.0 0.0 0.0 
6.156239988274198E-17 1.0003694761284834 0.0 0.0 0.0 0.0 0.0 0.0 
6.154446010384857E-17 1.0004538720445433 0.0 0.0 0.0 0.0 0.0 0.0 
3.7737275522946565E-33 6.128799758324147E-17 152.5293947869076 0.0 0.0 0.0 0.0 0.0 
0.7373761234953057 0.27171940606144024 99.06796025805633 0.0 0.0 0.0 0.0 3.4637339500844337 
0.724827949337134 0.0 103.33900742901842 0.0 0.0 0.0 0.0 0.0 
0.0016021959105754244 0.0 99.15173424321395 0.0 0.0 5.573346472417137 0.0 0.0 
4.63256756233671E-17 0.7534961853775156 100.39625735809838 0.0 0.0 0.0 0.0 0.0 
4.5259184679254905E-33 6.317214472949264E-17 108.36095862319992 0.0 45.23432216521752 0.0 0.0 0.0 
2.9143711952134622E-33 6.020320013590046E-17 107.96574379674956 0.0 41.693915702898636 0.10978474568592471 0.7149620694707076 2.3553810758985456 
2.268548384102877E-34 2.6688990879246192E-17 1.6255776060702192 0.0 0.0 0.0 1.0839778913466336 0.0 
1.2555793143906624E-18 0.027405238043720363 90.68911399657232 21.66350131949952 0.0 0.0 0.0 0.0 
3.080696871398701E-17 3.553002793823304E-17 111.97243028298446 0.0 0.044069215955348934 9.032257484776189 0.0 0.0 
0.9435455517876402 0.3699398147264853 24.725035587161358 0.0 0.0 0.0 0.0 0.0 
0.3035224409935336 0.953433524638737 3.3984557295838793 0.0 0.0 0.0 0.0 0.0 
0.6365891069854464 0.0 0.0 26.789304591972655 0.0 0.0 0.0 0.0 
0.48518567550382447 0.42839849952645176 0.0 26.15530088457957 0.0 0.0 0.0 0.0 
6.111707686037468E-17 0.9931507966610797 0.0 0.0 0.0 1.6329215188427193 0.0 0.0 
5.500960186121289E-35 1.1485330877337318E-18 8.288154728122927E-15 0.0 0.0 10.791765808724225 0.0 0.0 
0.9133628191187011 0.06214815160467436 0.0 0.0 0.0 8.760389233756127 0.0 0.0 
4.3859246306397145E-17 0.7064193590956999 0.0 0.0 0.0 9.651499478490248 0.0 0.0 
1.4599607270707748E-32 1.234352154008628E-15 0.0 1.105581916922677E-15 0.0 0.0 3.3876685888640945 0.0 
0.7751304913994669 0.6607812163364764 0.0 0.0 0.0 0.0 0.0 0.0 
0.3074528494100896 0.9680995620148044 0.0 0.0 0.0 0.0 0.0 0.0 
1.338317643884815E-32 8.705331359707784E-33 8.048223903006551E-15 0.0 50.48450122778303 0.0 0.0 0.0 
0.640788555226811 0.3402155673602951 0.0 0.0 43.50387270754348 0.0 0.0 0.0 
6.199229078045346E-17 3.450056339655199E-17 0.0 0.0 62.096462421482286 0.0 15.52014351368919 0.0 
3.152705454740686E-49 5.204509536011577E-33 8.656008317943531E-15 0.0 56.34962869142526 4.32784424788502 0.0 0.0 
4.373299616864743E-48 4.9955237693954E-32 3.073453679835462E-15 0.0 24.161696789652403 0.0 27.182126973206746 0.022703501410629007 
5.4593801752248805E-18 0.0881578569777228 0.0 0.0 36.8200191843611 7.152485330842285 0.0 0.0 
0.7333836384936717 0.7186855419788809 0.0 0.0 5.048695311795587 0.0 0.0 0.0 
0.3033129275507815 0.9523492695317377 3.3879895894671144 0.0 3.5392971578406103 0.0 0.0 0.0 
0.8868984092800007 0.4718791011726919 0.0 0.0 0.6723286999248794 0.0 0.0 0.0 
6.7749528868562E-35 1.3088971502601525E-18 1.4589898134313595 0.0 0.6496313516526945 9.360456391790642 0.0 0.0 
6.146226631508962E-17 1.0009068968375818 0.0 0.0 0.4126145867426136 0.0 0.014611054208676184 0.0 
2.774354749735073E-65 5.793866781799409E-49 5.533692542171335E-31 0.0 3.657062198226222E-15 9.4554766322822 0.0 0.0 
0.015046587651145547 0.007206158810336114 0.0 0.0 0.0 9.76386477119442 0.0 0.0 
3.247220367371639E-49 4.774667439263047E-33 0.0 0.0 3.931321749976446E-15 10.216248385043663 0.0 0.08257078591090054 
4.038285923054462E-65 6.562329411194434E-49 5.5048763230232645E-31 0.0 3.874703823335793E-15 8.160035129087442 3.1662475792574307 0.001079438361946646 
6.055932747568041E-17 0.9594488577112179 0.0 0.0 0.0 5.106817209759206 0.0 0.0 
0.01083182326991241 0.9750777910901456 0.0 0.0 0.0 3.2294369419896793 0.0 0.0 
0.8872797062795008 0.47008828299663025 0.0 0.0 0.0 0.0 0.0 0.0 
0.31219282265819304 0.4671426405665013 0.0 0.0 0.0 0.0 55.1771673930814 0.0 
0.29145217275536767 0.9962948036534902 0.0 0.0 0.0 0.0 0.0 0.0 
8.374849865632924E-32 1.6042064222118409E-15 0.0 0.0 1.0738152186623143E-16 0.0 10.391711170823621 0.0 
0.8417906351595003 0.5758477982274912 0.0 0.0 0.0 0.0 0.0 0.0 
0.9509133139816909 0.35170597811974486 0.0 0.0 0.0 0.0 0.0 0.0 
2.9190422322677834E-32 2.1895294570534483E-32 1.2929017712851067E-32 0.0 0.0 1.3804219712472334E-15 5.685068009340227 1.6568258255477875 
0.9993217603139548 0.0 0.0 0.0 5.276483124434041 0.0 0.0 2.375429745416548 
1.017108390190849E-34 4.046611907615623E-35 1.3117855952443592E-16 0.0 3.923091567790652E-15 8.434180130683202 0.0 3.2071064728493646 
5.74349683390906E-17 3.376478140530441E-17 0.0 0.0 0.0 12.108559303775781 0.0 2.9137070340881266 
4.1877699158509626E-20 7.208960721706822E-4 0.0 0.0 64.46684649658779 0.0 0.0 2.4045962031974604 
0.7547335177839425 0.6866046115652734 0.0 0.0 0.0 0.0 0.0 0.8837638873017972 
2.175236689239372E-65 5.215304321911816E-49 5.439355963291417E-31 0.0 3.675793627027839E-15 8.679071208859552 0.0 0.08422856196324531 
