0.25371426288247023 0.005996250183415475 0.0 0.0 0.0 0.0 0.0 0.0 0.0 19.72728308595653 
0.2514137192720592 9.563742380886571E-4 0.0 0.0 7.974048928307148E-4 0.0 0.0 0.0 0.0 19.735010601972235 
0.2514137192720592 0.006015006037046071 0.0 0.0 0.0015948097856614296 0.0 0.0 0.0 0.0 19.727570907795002 
0.24710639130158413 0.004298612257188931 0.0 0.0 0.0 0.0 0.0 0.0 0.0 19.734858956115644 
0.2514137192720592 0.01449223138206972 0.0 0.0 0.0015169551986151282 0.0 0.0 0.0 0.0 19.717322142520498 
0.2537210464779752 0.02072637227532319 0.0 0.0 0.0 0.0 0.0 0.0 0.0 19.709525269299093 
0.22029424800587505 0.0 0.0 0.0 0.0 0.0 0.0 0.0 0.0 19.749694982435024 
0.22029424800587505 0.01449223138206972 0.0 0.0 0.0 0.0 0.0 0.0 0.0 19.73630598574266 
0.2910716176059893 0.05555994281023957 0.0 0.0 0.0 0.0 0.0 0.0 0.0 19.673281106240978 
0.025394698705537122 0.24006026125936827 0.0 0.0 2.238922975899914E-8 0.0 0.0 0.0 0.0 19.95732214769526 
0.0 0.11549420829731227 0.0 0.0 0.0 0.0 0.0 0.0 0.0 19.970748311709432 
0.05981564964967734 0.16049920444973678 0.0 0.0 0.0 0.0 0.056199244654367986 0.0 4.3584723209624784E-5 19.76284689816305 
0.2514222860922735 0.22255426977889436 0.0 0.0 0.0 0.0 0.0 0.0 0.0 19.32179877303554 
0.0 0.05555994281023957 0.0 0.0 0.0 0.0 0.0 0.0 0.0 20.084227399652473 
0.22029424800587505 0.11485475236979936 0.0 0.0 0.0 0.0 0.0 0.0 0.0 19.533819497568235 
0.0015708876129749117 0.0 0.18009243546074125 0.0 0.0 0.0 9.43243278157499E-6 0.0 0.0 19.80813313262309 
0.2476157219074756 0.2242190478049119 0.1286607231205171 0.0 0.08413799315421588 0.0 0.0 0.0 0.26027768371611293 18.68086340030292 
0.025394698705537122 0.11111988562047914 0.1445932999981151 0.0 0.0 0.0 0.0 0.0 0.0 19.848223421590433 
0.2514137192720592 0.0 0.1766261266649358 0.0 0.0 0.0 0.0 0.0 0.0 19.38430175034762 
0.11887065488245077 9.563742380886571E-4 0.17938281507058448 0.0 0.0 0.0 0.0 0.0 0.2602776837161129 19.419854186407385 
0.2476157219074756 0.27691668953269416 0.1286607231205171 0.0 0.08413799315421588 0.0 0.09141510960141686 0.0 0.0 18.77108146087431 
0.2476157219074756 0.2242190478049119 0.06433036156025855 0.0 0.08413799315421588 0.0 0.0 0.0 0.037224725797260196 19.03320328614391 
0.2514137192720592 0.11111988562047914 0.008151419191363418 0.0 0.0016007406670981222 0.0 0.0 0.0 0.0 19.54573453820684 
0.0 9.563742380886571E-4 0.0 0.17045657476976436 0.0 0.0 0.0 0.0 0.0 19.833944641537915 
0.12138080892487232 0.005809264782252163 0.0 8.944485821662251E-4 0.09536926773091124 0.0 0.0011501960261428084 0.0 0.0 19.753655260531637 
0.2471021413156849 0.005809264782252163 0.0 0.16620403499791722 0.0 0.0 0.0011501960261428084 0.0 0.0 19.3964396816113 
0.0 0.044189130045392724 0.1766261266649358 0.17045657476976436 0.0 0.0 0.0 0.0 0.0 19.434362780568485 
0.0 0.036238993672392444 0.0 0.026437027906502042 0.0 0.0 0.0 0.0 4.3584723209624784E-5 20.087890236326867 
0.025394698705537122 0.22214705924407369 0.0 0.06990499699151798 1.6967049808980909E-6 0.0 0.0 0.0 0.0 19.910583823522856 
0.2514137192720592 0.11549420829731227 1.198175376594704E-6 0.0 0.0015948097856614296 0.0 0.0 0.0 0.0 19.514826953087507 
0.0 0.11513981716459215 1.198175376594704E-6 0.0 0.0 0.0 0.0 0.0 0.0 19.95513954503846 
0.2514137192720592 0.0 0.0 0.0 0.0015956581381518786 0.0 0.0 0.0 0.0 19.734296179653168 
0.006652387212934407 0.0 0.0 0.0 0.2660988522840151 0.0 0.0 0.0 0.0 20.113998143676785 
0.12510103641535686 0.006007696113704564 0.0 0.0 0.19205672067478782 0.0 0.0 0.0 0.0 19.538975084684026 
0.2502020728307137 0.11549420829731227 0.0 0.0 0.28397938433125425 0.0 0.0 0.0 0.2298196247673733 19.171592564172464 
0.2502020728307137 0.24455617447604075 0.0 0.0 0.28397938433125425 0.0 0.0 0.0 0.0 18.91810498909766 
0.2529507086343084 9.563742380886571E-4 0.0 0.0 0.08597008482972593 0.0 0.0 0.0 0.2343555707149381 19.169239609948413 
0.2476157219074756 0.27691668953269416 0.0 0.0 0.08413799315421588 0.0 0.0 0.0 0.2559240407095155 18.756812438613384 
0.0 0.11549420829731227 0.0 0.0 0.03811038394697763 0.0 0.0 0.0 0.0 19.91921519660821 
0.24334740891534118 0.0 0.0 0.0 0.0015956581381518786 0.0 0.0 0.0 0.0 19.74920764543457 
0.05981564964967734 0.042211036997941556 0.02776715758731272 0.0 0.0 0.0193259171141551 0.0 0.0 0.0 19.975909679556942 
0.0040587252218213694 0.11549420829731227 0.0 0.0 0.0 0.1609972759042091 0.0 0.0 0.0 19.62899725025263 
0.2519148673285601 9.563742380886571E-4 0.0 0.0 0.0 0.1618265763871749 0.0 0.0 0.0 19.41803323061106 
0.008395858776231571 0.22255426977889436 0.0 0.0 0.0 0.1464533534759518 0.0 0.0 4.3584723209624784E-5 19.451652017171007 
0.2537210464779752 0.22255426977889436 0.0 0.0 0.0 0.1618265763871749 0.0 0.0 0.0 18.997767561527347 
0.2537210464779752 0.2386208007832755 0.0 0.0 0.0 0.0 0.0 0.0 0.0 19.31846408645243 
0.12270179128649017 9.563742380886571E-4 0.0 0.0 0.0 0.0 0.0 0.0 0.0 19.927596443985475 
0.2537210464779752 9.563742380886571E-4 0.0 0.0 0.0 0.0 0.056199244654367986 0.0 4.3584723209624784E-5 19.657302727093867 
0.007899606119566957 0.01449223138206972 0.0 0.0 0.0 0.0 0.0 0.0444996956635636 0.0 20.082271455478903 
0.24709221502527226 0.02545035596966501 0.0 0.0 0.0 0.0 0.0011501960261428084 0.0 0.0 19.710044986274866 
0.25347995214577307 0.05555994281023957 0.0 0.0 5.753714147137816E-4 0.0 0.0 0.0 0.0 19.654234072177008 
0.10953701737215762 0.0 0.0 0.0 0.0 0.0 0.0 0.0 0.0 19.962702788014962 
0.0 0.0 0.0 0.0 0.0 0.0 0.0 0.0 0.0 20.165363192353382 
0.0040587252218213694 0.0019504742246670116 0.0 0.0 0.0 0.0 0.0 0.007761990391446999 0.0 20.152548047462442 
0.04602269967958278 0.004303771776931939 0.0 0.0 0.0 0.0 0.0 0.0 0.0 20.09556510310067 
0.05981564964967734 0.005996250183415475 0.0 0.0 0.0 0.0 0.0 0.0 0.0 20.064174995666146 
0.01587864541906136 0.0028025635650751252 0.0 0.0 3.819018870787125E-4 0.0 0.0 0.23835246611753957 0.0 19.737824211909693 
0.0 0.11513981716459215 1.198175376594704E-6 0.0 0.0 0.0 0.0 0.23835246611753957 0.0 19.538731756405763 
0.2514137192720592 0.0028025635650751252 0.0 0.0 0.0015948097856614296 0.0 0.0 0.2371801151126404 0.0 19.31227376589556 
0.2471021413156849 0.0 0.0 0.0 0.0 0.0 0.0 0.0 0.0 19.73510695912494 
0.24710639130158413 0.01449223138206972 0.0 0.0 0.0 0.0 0.0 0.0 0.0 19.717524180402005 
0.006745942516608941 0.005598722194455167 0.0 0.0 0.0017124133793624918 0.0 0.0 6.3201022326957955E-6 0.3109170738325173 19.800271879233435 
0.2537210464779752 0.22255426977889436 0.0 0.0 0.0 0.0 0.0 0.0 0.23433377835333327 18.901676660470326 
3.828397819912732E-4 0.11085212076186739 0.0 0.0 0.0 0.0 0.0 0.0 0.21641640209402466 19.555350858371366 
0.13529383796270958 5.0621657861808664E-5 0.0 0.0 0.0 0.0 1.8766419975394564E-11 0.0 0.21641640209402466 19.49307162825359 
0.2502020728307137 0.11526299136373358 0.0 0.0 3.8190188707871254E-4 0.0 0.0 0.0 0.002162725040028414 19.52651167504198 
0.0 0.03692535931361038 0.0 0.0 0.0 0.0 0.0 0.0 4.061197272911852E-4 20.118616466652465 
0.22029424800587505 0.005742944303062268 0.0 0.0 0.0 0.0 0.0 0.0 4.3584723209624784E-5 19.74786456369441 
0.0 0.22255426977889436 0.0 0.0 0.0 0.0 0.0 0.0 4.3584723209624784E-5 19.75447054134265 
