1.000182273732415 0.0 0.0 0.0 0.0 
1.000129709336438 0.0 0.0019252895069446615 0.0 0.0 
1.0001144905425803 0.001884009846121728 0.0 0.0 0.0 
1.000111018300378 0.0018845282121324046 0.0 0.0 0.0 
0.0 1.0202797623697095 0.0 0.0 0.0 
0.6141031565077884 0.8272721067953824 0.9611061072095795 0.0 0.0 
0.9684321954894427 0.888952406249724 0.0 0.0 0.0 
0.9669566298501306 0.8787396370942646 4.006540170893582E-15 0.0 0.0 
0.968476700415921 0.8403238323568311 0.0 0.0 0.0 
0.971321883239475 0.7682210622848681 0.0 0.0 0.0 
0.968683181351027 0.6814347247559503 0.20928293113985486 0.0 0.0 
0.9747992820322067 0.6718461682561921 4.004793795298281E-15 0.0 0.0 
0.9822948514911709 0.5244664696511486 4.027156551871101E-15 0.0 0.0 
0.9886992615109275 0.304836429678802 4.003771721740632E-15 0.0 0.0 
0.9963030048852973 0.12726427667030163 0.0 0.0 0.0 
0.9995531927930387 0.016642128721301906 0.0 0.0 0.0 
0.6318715209088513 0.0 0.9789316878636822 0.0 0.0 
0.8608885015048372 0.005883875920060566 0.9616147520905869 0.0 0.0 
0.9890544789592901 0.0 0.4024666686526755 0.0 0.0 
0.9989133259708969 0.01454746607011294 0.02850783742211579 0.0 0.0 
0.9996850196267829 0.015453635229314587 0.0 0.0 0.0 
0.9997286213547307 0.015419831620356901 0.0 0.0 0.0 
0.0 0.0 0.0 1.0509114021297201 0.0 
0.45810414072507366 0.5796578632143835 0.9673001620568185 0.2445913546008673 0.0 
0.9876129188875075 0.17158877735791228 0.0 0.29058893676674324 0.0 
0.0 0.0 0.9980968546946353 0.13168624939219856 0.0 
0.7504948538310503 0.7157636027014419 0.9553377287639515 0.1316110571881753 0.0 
0.966837771987935 0.8670169981180542 0.0 0.027015061841474813 0.0 
0.461924540044595 0.5814417623719392 0.9713842187341905 0.0010785409724689467 0.0 
0.9873161115600347 0.3407057306739376 0.0 5.255938879321369E-15 0.0 
0.9847665563537394 0.5772392528654051 3.9516827965800906E-15 0.0 0.0 
0.9996846887300298 0.015453653013564007 0.0 0.0 0.0 
0.9944441962504699 0.0 0.20875470130299312 0.0 0.0 
0.0 0.0 1.0000148724451894 0.0 0.0 
0.13836104083111508 0.1929802394743262 0.993810719093252 0.0 0.0 
0.1966056408770953 0.0 0.9906609986861205 0.0 0.0 
0.3767464551620576 0.007202668541989308 0.9831679136336382 0.0 0.0 
0.2663887108833445 0.39220119230326095 0.9848976996198426 0.0 0.0 
0.9739676572556021 0.6934468379723104 0.0 0.0 0.0 
0.9817817889720891 0.3373107975600325 0.2092017988184957 0.0 0.0 
0.0 0.0 0.0 0.0 1.6544126995286195 
0.9682563921885962 0.882980360987813 3.999681351342896E-15 0.0 0.0 
0.9682558054629108 0.8829727263064415 3.9997539709102986E-15 0.0 0.0 
0.9681514993452678 0.8821001723698272 4.00118356322023E-15 0.0 0.0 
0.6219981242777642 0.8073090921083528 0.9824462934065414 0.0 0.0 
0.9719339612499789 0.752001505077334 0.0 0.0 0.0 
