1.0123593680559146 0.0 0.0 0.0 0.0 0.0 0.0 0.0 
0.23819678106214395 0.0 0.0 0.0 1.0823594988025071 0.0 0.05309497903585688 0.0 
0.22866308398345403 0.0 0.0 0.0 1.0929411419672834 0.0 0.0 0.0 
0.22452909705817647 0.0 0.0 0.0 1.0810282969579526 0.07715358975386406 0.0 0.0 
0.16215216045107472 0.0 0.0 0.0 1.133087236587406 0.0 0.0 0.0 
0.21503374813185644 0.006382801742328555 0.0 0.0 1.0492541637590427 0.0 0.0 0.0 
0.07883567544718188 0.0019390593837198431 0.007605171839486827 0.0 1.080330159438674 0.0 0.0 0.0 
0.22763093350771368 0.005989543982217244 0.0 0.0 1.1092872536331972 0.0 0.0 0.0 
1.4242077594272913E-15 7.573708874801411E-17 38.02725085332522 0.0 0.0 0.0 0.0 0.0 
2.246482366549429E-15 7.14469679679681E-17 49.15183902733974 0.0 0.0 0.0 0.0 0.0 
1.029833783460107E-15 9.717090222137875E-17 32.539805578469554 0.0 0.0 0.0 0.0 0.0 
1.523890901494916E-15 5.407716548350272E-17 49.2111692343531 0.0 0.0 0.0 0.0 0.0 
1.3014469441142593E-15 8.299682493883655E-17 34.42866596200573 0.0 0.17428739379294556 0.0 0.27355364292107326 0.0 
2.0580642423643351E-16 1.0749355188433747E-20 9.600338662227522 0.0 10.682141155434746 0.0 0.0 0.0 
1.806277632690224E-17 0.0 1.8521511212766093 0.0 0.0 0.0 1.1602550892417278 0.0 
0.007848835884305193 0.0 0.4734729009572751 0.0 1.1462137009373488 0.07746340121899122 0.0 0.0 
0.0033860665849074676 8.903164687148136E-5 0.4463310332491689 0.0 1.1710937305524531 0.0 0.0 0.0 
0.0049530417083487694 0.0 0.38044200964361297 0.0 1.2149770975012508 0.0 0.0 0.0 
3.779816806371088E-17 1.492263428269235E-19 1.254748766401012 0.0 5.2593409264456055 0.0 0.0 0.0 
1.1061108452723848E-17 0.0 0.3457096477281792 0.0 1.5236589246119427 0.0641307530854447 0.0 0.0 
5.286749802195802E-16 0.0 0.0 58.95275601444257 0.0 0.0 0.0 0.0 
3.3025929277204794E-17 0.0 4.398241269152555E-15 1.742112669140148E-17 2.796891111023464 0.223306221274105 0.5369379967350797 0.0 
6.99978012891445E-16 0.0 0.0 12.15982947871973 2.11687183377238 0.07979344118135567 0.0 0.0 
2.0219656548361094E-32 1.626244921905534E-33 9.869507844220163E-16 11.506786630983187 21.58291440121979 0.0 0.0 0.0 
9.79069172024236E-16 1.1559822334829878E-16 0.0 0.0 1.1014891828047666 0.0 0.48890853563988906 0.0 
1.3447394635497559E-15 8.552790442073691E-18 0.0 0.0 1.2220753237189403 0.0 0.20769378516745618 0.0 
8.689103638869496E-16 1.205867079325584E-16 0.0 0.0 1.4077297735619096 1.0168469562065734 1.0797037844282267 0.0 
1.6276411973755364E-15 7.847356119730404E-18 0.0 0.0 2.135691363414201 0.5314548577243777 0.17815402163205282 0.0 
2.0364100454419697E-48 0.0 2.0345725954839114E-31 0.0 4.428541333566725E-16 3.1576089656903092 5.934062297040916 0.0 
0.32736547010298533 0.0 0.0 0.0 0.0 0.0 3.4297674387220605 0.0 
1.142111521988742E-33 0.0 3.538598412828292E-17 0.0 0.01801183297057021 1.070105834148004 0.6400057741111367 0.0 
1.7411627707383602E-15 0.0 0.0 0.0 1.0119261087259486 0.08823174057758885 0.0 0.0 
1.6745608794876064E-15 0.0 0.0 2.6606274634241594E-18 1.1805495896517726 0.0 0.0 0.0 
0.07349278344475864 0.0020372048201035683 0.0 0.0 1.3185362714114242 0.0 0.0 0.0 
7.494415333646957E-18 5.988893971860147E-19 0.2597645924109528 0.0 19.027587809110567 0.0 0.0 0.0 
2.8956408062582724E-17 1.4169140675571212E-18 0.765117530195036 0.0 16.73925080463744 0.0 0.0 0.0 
1.3152857537696577E-17 3.8740980714334116E-19 0.0 0.16795804513511925 1.2122432548490403 0.0 0.0 0.0 
0.1142019126281725 0.0 0.0 0.0 1.2696756071573656 0.0 0.0 0.0 
0.0053268213089215635 0.0 0.37606122672236647 0.0 3.511269356615966 0.0 0.0 0.0 
0.01184316492623835 1.3909957423903373E-6 0.001848562635038528 0.0 1.326397565354031 0.0 0.0 0.0 
0.013984881619067082 3.21166664695481E-4 0.0 0.0 1.4513558243689526 0.0 0.0 0.0 
4.2393597701229724E-17 0.0 4.680253829760758E-15 1.442703455335064E-17 6.596940471099431 0.05944959681646582 0.0 0.0 
0.013209425349926415 3.4391100389450047E-4 0.0 0.0 1.1133386308804676 0.08108149120114262 0.0 0.0 
0.014145107639480847 3.254304055798563E-4 0.0 0.0 1.2951777802387505 0.08071673326649774 0.0 0.0 
1.9621104680862366E-15 1.0157334751877528E-16 0.0 0.0 1.5085532181416967 0.07111819153713038 0.0 0.0 
1.9268217024950078E-15 1.0773209773866652E-16 0.0 0.0 1.5508557729277739 0.05518281052585781 0.0 0.0 
3.481326655066011E-17 3.322399417134856E-18 0.0 0.0 0.8648898338938518 0.0069693442277964 3.681209957253681 0.0 
7.81842457916747E-50 0.0 1.4542177541749398E-47 8.559045152760377E-50 4.180543423663624E-32 5.080927702789791E-16 4.460140107098704 0.0 
1.61085776324114E-64 0.0 1.3320266665677814E-47 2.6258729858824417E-50 4.3121579220819136E-32 1.9123154878942352E-16 3.4338477434218935 0.0 
2.997344342557601E-48 0.0 2.1362371157122625E-31 3.7914589397567727E-34 2.5808804496996996E-33 2.2025727254530993E-16 8.790181888893411 0.0 
1.0184542380287493E-64 0.0 1.2749024787974287E-47 2.7965106682421347E-50 3.999458622171939E-32 2.2939255071326017E-16 5.09877701476127 0.0 
5.022490145859305E-32 0.0 0.0 3.910566749799999E-34 3.4936468810665994E-16 0.0 9.283570855097187 0.0 
6.880207217702525E-65 0.0 1.2774433489802828E-47 3.1095786117606203E-50 5.016145645946544E-32 1.7534937250414003E-16 9.297631007601197 0.0 
1.3551058610519189E-48 0.0 9.312538503241362E-48 2.685257082723617E-50 3.7478355084151963E-32 2.6973422190200357E-16 4.68767675334959 0.0 
1.0866563346394406E-64 0.0 1.3149418082989175E-47 2.405453547631825E-50 4.802546087852447E-32 3.129463331471777E-16 4.576250494607063 0.0 
3.332826775371565E-48 0.0 0.0 1.2165991710370267E-50 3.6377309195562286E-32 2.2931948559853514E-16 11.05926525713093 0.0 
9.59018766427353E-65 0.0 1.266396669441236E-47 2.905630581057464E-50 4.515760924781309E-32 1.7388608562724447E-16 5.018273677028745 0.0 
9.913839355452783E-7 1.878800414303582E-10 8.230998148943499E-5 0.0 0.0017648036526771984 0.0 6.057428489557889 0.0 
6.669624571111724E-18 0.0 0.0 9.157839943836956E-23 0.04288551275765422 0.03433291325391211 3.3817807915482376 0.0 
0.20787436416667324 8.009340897867554E-4 0.0 0.0 0.014879043502336134 0.9427948555096692 0.0 8.841943955801256 
1.0659917823100245E-49 1.2498272305654636E-50 1.0275050867233676E-47 3.0145549518513362E-31 1.8470840170385018E-16 7.501024834835389E-18 5.726598801717206 13.042047236566878 
1.667298915677671E-15 1.0914517996766409E-16 0.0 0.0 0.0 2.920743351030969 0.0 3.741940302561643 
0.16113285284201095 0.0 0.0 0.0 1.212152917867782 0.07161000336260116 0.0 0.0 
1.5538402385388986E-15 7.549744437441013E-18 0.0 0.0 1.7426079620195518 0.0 0.20744453882097605 0.0 
0.013641132422578988 3.3369917296935544E-4 0.0 0.0 1.0822381812822495 0.06547601386659593 0.0 0.0 
