27.911806903782935 0.004161680994695594 0.005427353399887416 0.008665234056999715 0.015211031223673087 0.005088968935163167 0.0014841826868146385 0.020460999770673984 0.004225121133925526 0.01100350073774494 
0.2196545018451384 0.08112852593895829 0.005701159310965293 0.028253234788344662 0.011303194007715369 0.016483023503375455 0.006976315504856569 0.01767000307730012 0.02414002291305656 0.010891899388995355 
0.2724256945072448 0.028648172884001046 0.07288913539413812 0.08819162381258835 0.015366762665416442 0.005310759203064107 0.0013665472312032931 0.013617050543730367 0.07271194871560999 0.011580812579995655 
0.2572092297019745 0.029018409726086256 0.00639403898509677 0.03208395613154685 0.010814446647137578 0.009763291040282573 0.002196938292772499 0.05227028162821764 0.024929479747622742 0.1757877055910956 
0.06740397335838802 0.011613461823061617 0.009600330563657928 0.012570344034159837 0.008593468726105686 0.012843248899747155 0.008917982357881816 0.04239071142059649 0.00791579709295781 0.011395862390350871 
0.7448015521289506 0.017114069647047127 0.48358153550208594 0.010448519553388607 0.018154435777762615 0.07363535053918294 0.0016108436983910978 0.3426095826778276 0.011378692089478523 0.010018122557401735 
0.05833068289976788 0.004558256280079845 0.01485464036910686 0.01119284477817158 0.026593446568050752 0.02069550027826115 0.002534169039594895 0.019846277598016934 0.003728212052899787 0.013582422538782519 
0.20856883616465305 0.01214068927265002 0.058737780706619634 0.010851369793094714 0.011857217518863868 0.016773660345411535 0.07196526461369254 0.01688166338330168 0.017370900450373216 0.039327322366635206 
0.059887064065683185 0.018600622926037716 0.01212358724133605 0.00585580984315383 0.03575968999802307 0.004645103553223373 0.0030026976652228737 0.01710387327406574 0.025247733086247073 0.011438711085053135 
0.04909143746464844 0.002040212227618881 0.00915294439737709 0.009342576730030683 0.02265886540404496 0.012822611922243387 0.011533288840269306 0.04421211614421883 0.004679424171226874 0.014794600162606072 
0.007226378717389217 28.14020510862525 4.2745273364750856E-4 0.014146175940373732 0.0013628124293869604 0.0026471607517310662 0.00143070983247368 0.01632456425691913 0.00803573336547499 0.009035325552209103 
0.0024972594041117306 0.11572768928980554 0.017674947149537677 0.050669551908756987 0.010107447174585475 0.016070924250583922 0.005092548796659441 0.018046813723661532 0.011339168277493922 0.018362753483071467 
0.004106398094740852 0.7742886703574653 0.004458243816323159 0.5298134968692414 0.004215943143812378 0.01847637974989176 0.0034800903196541195 0.014350093217912802 0.0013146976144464374 0.4312715331011742 
0.02512778810017113 0.07418146225487787 0.005704033472346009 0.027106259839472603 0.011361253965973145 0.017853840739753435 0.008316878774598642 0.017616349834269754 0.02415269018251519 0.010375330859434994 
0.011865133957086646 0.06944234235480476 0.013717388161642254 0.0159237969471795 0.036204104560388986 0.0044317831334797966 0.0015355295881212029 0.01994623543530638 0.002205813701512904 0.06876048394124783 
0.016865880677589602 0.06683098239352478 0.05447337844839805 0.012430094507321857 0.0043738586569216685 0.01844939488593223 0.0036203747530255416 0.014581741805093687 0.0013007263305242146 0.009331650295550692 
0.002942803096340921 0.14258598618668492 0.039008434090689624 0.10384261961959171 0.0027143859411866444 0.023480553513014646 0.029078574526275776 0.129172172531335 0.011971581265556046 0.01746842469065647 
0.01305757257021651 0.17697237966721963 0.013049264836320094 0.003043939339042384 0.004242103640072574 0.16393589561685368 3.381067599133281E-4 0.020593703851080662 0.005872018851910522 0.018161131780677478 
0.010905157106113016 0.2286359387046134 0.006201622500383406 0.030456601490737353 0.004644898173812391 0.04648515133193243 0.1231958322754438 0.03151926810399916 0.0017584236140338128 0.01678219285071037 
0.03557283541814029 0.9672931687624879 0.001271747358958681 0.0014096625280453894 0.001642244448574569 0.0013688318052439915 0.08130204380644054 0.0014915635693032855 0.7202200681062446 0.009699179604219742 
0.011196393088453655 0.014077627987533724 33.9275633572617 0.012512250320330657 0.013127873451602618 0.016445184869013283 0.004234224829238615 0.027887082230608855 0.006049850624696762 0.00917498833057098 
0.001144110209005573 0.0014519683556507442 0.2769725211362587 0.1470742629717635 0.008921175534545401 0.01163677952869936 0.0023602874619899823 0.02504763401475482 0.08691648603860387 0.009778535499081933 
0.0072019108387005 0.007484395058180169 0.19734826945242748 0.0702062193601041 0.044755813986647866 0.022140703111966552 0.07773686693242722 0.017500610160213193 0.01156895371135071 0.00949594512895031 
0.0025292679177294644 0.038975477846091525 0.08096061643422495 0.0479383851723334 0.010198244749236985 0.016073895124405217 0.005092548796659441 0.018056352709769605 0.011429061736702719 0.07618107711234888 
0.010265577062751996 0.016774895294234468 0.05768816962936099 0.03692241995261733 0.0054949195224496174 0.04227666863726206 8.467336527984526E-4 0.02069485585340987 0.004401536318411609 0.008998015696781023 
0.13219686280830079 0.02142621054650446 0.1629934385718523 0.04200040111074072 0.011725538331006183 0.011780319813050756 0.0011980178685677652 0.030013754163680333 0.006177701897991529 0.04611221148138007 
0.026470540496986345 0.02354291295983095 0.052656158474922464 0.001367711913985969 0.020042413769973504 0.002545776777547611 0.004566576823364596 0.015115064244354796 0.033057211963571684 0.00992239091861898 
0.013181992413005538 0.011599932112288264 0.025217138666117953 0.012573843806337382 0.014771563310880184 0.017909738294227807 0.007622430907473433 0.01636322875362622 0.006400680002358548 0.00992239091861898 
0.017064076983133884 0.0214258591875149 0.01914570927656799 0.004250187426389706 0.024546802709503324 0.014463990125428138 0.002139063360627236 0.030989897375957382 0.004319666055661853 0.008020220430052115 
0.004654075875490749 0.005081790506671763 0.002959097231146004 43.70135473470756 0.004774034224057643 0.004498795179674752 2.0971223295445485E-4 0.013265021559989772 0.004801410277434091 0.010728168029536444 
0.0014755908556528966 0.07450381957817195 9.270765980528996E-4 0.12215268351374804 0.011185345062059041 0.011240699034950605 0.006116677456700974 0.034932829849828706 0.02463923852554701 0.010026701381827145 
0.012704810827963868 0.024639543627790382 0.007551601644545322 0.14863115212197864 0.0036752179551821453 0.01201299231389375 0.006041382961363976 0.05045640026922282 0.024253167681502413 0.06797045528469714 
0.01200199755934114 0.013569690811690648 0.012307320171827223 0.03958416727889667 0.031591328653744824 0.004323289557821831 7.284704787263967E-4 0.029500497606852548 0.004401836766017722 0.007775375774991904 
0.0016072477504496976 0.001376675810877307 0.07105492437734115 0.13289036018725342 0.012884916333874582 0.010517233070109218 0.0020940896575965965 0.03612403146838475 0.024657127059441307 0.00955313216756213 
0.010740737938677946 0.01896582103856903 0.026666003241205508 0.30342290283418294 0.020248254232787966 0.014787227399907581 0.006979291792702342 0.037449512531985925 0.0022768146431599344 0.4733410179130305 
0.002014121933873768 0.03136805315773382 0.4307914741072013 0.28270695904270804 0.025446076698534797 0.014493043351895961 0.004996444576605576 0.016507514097310404 0.02498019681173836 0.0695568264335682 
0.008564091245421393 0.00824267253135319 0.016259101540559172 0.031630240319975675 0.014735583394611012 0.017429213605655927 0.007913963135242645 0.014932436955320717 0.006401613214749142 0.00992239091861898 
0.007841995026109994 0.011371177600920074 0.006656855395618423 0.028826375458197783 0.012538182940366705 0.010381641139238836 0.009871013516975315 0.0160038035042352 0.023784702574639785 0.010359990475133602 
0.016264931167462342 0.016401319399359765 0.035785475035801 0.04143399018909263 0.008417734078179693 0.013637477686691568 0.002622321344773271 0.04072441004096299 0.011564932114716906 0.07591120467741916 
0.010895161782225537 0.007298522965242745 0.0018206150036581756 0.017292891277978166 42.07612360864908 0.004069895276113943 0.005235446958461103 0.003989885613469084 0.005592783257650823 0.011739402085049953 
0.0646756303123703 0.002110203091497309 0.012833315066413449 0.026860178113562283 0.15008804235465653 0.003981840164366838 0.007503962653755224 0.0426918977816605 0.006962114898225987 0.018393534555070826 
0.006341511428451822 0.023277586974074598 0.0038287089152768457 0.02112656352264225 0.503599771455964 0.037872380274029394 0.12634968282995548 0.19257417346562894 0.2180154822828054 0.010618715094656906 
0.022123007066257833 0.07704416892382403 0.004892778404574503 0.022166511199461517 0.12486416885345969 0.10210798341463703 0.012453655372528167 0.01733189141507554 0.02415505872709608 0.010359990475133602 
0.005310769968955717 0.01085023790671234 0.012632866298704734 0.015432272755621014 0.016727389713806443 0.03408555313025219 0.002676873304824053 0.030832389677259812 0.009401104467822784 0.008947059889342522 
0.04883184636797831 0.004356705077756344 0.009369875593406397 0.009457805990127391 0.022650773597026927 0.01832735531176668 0.011529443705477205 0.04415451142039728 0.004680007506253423 0.01358241139327332 
0.02482672203661496 0.00652255844507448 0.008128001499921378 0.007083329354018972 0.01914770246405452 0.02843028444120177 0.002174401839354287 0.035469507036939886 0.024707036504712683 0.014981753756525173 
0.022829463163982325 0.03212592974673968 0.012674258174780111 0.007779068827321498 0.012297743617156921 0.004213522021167086 0.004721451049947486 0.04164767342049361 0.0070730976430421495 0.015140238728770648 
0.005783702914714821 0.013222425557852188 0.007092724316150393 0.020595532015394487 0.02394707117133119 0.015444320299742041 0.04488950711683146 0.02646884440614307 0.011961904293960098 0.01294000758919072 
0.01050162901653701 0.010544628399037373 0.004850736158010949 0.0019848167055632766 0.07341040075637056 0.24443413068428813 0.007202357207925507 0.032222121099210896 0.13946551305391583 0.01948984613302209 
0.004065401026946793 0.007735052576107449 0.009447616156137484 0.004755652778616582 0.01244211212886363 27.367447402206782 0.0017194312140934682 0.01805185094809674 0.005840562903809707 0.013419070736498933 
0.0023672350107998134 0.0013770391440897723 0.00559720890574318 0.10426974241093798 0.03616871223021773 0.6454973018615697 0.2124955037019329 0.8095872521602588 0.004653650272339455 0.008597715227668667 
0.02821759950762133 0.07440544566788454 0.005999456735386593 0.028753632100719854 0.012058620198107288 0.08713878511523651 0.012461358575646803 0.01733189141507554 0.024153377198173984 0.010359990475133602 
0.26182507566438795 0.0017378771321475426 0.01429021389418978 0.04462848654680133 0.010254265249147049 0.19177747745166127 0.004071337917149226 0.03712418016296573 0.07429182293693501 0.01419953732445992 
0.007469737974584853 0.010894959966306524 0.05473205718891365 0.07060221844488519 0.006624515230898761 0.06338595713798169 0.06451684005328477 0.017662782974896696 0.01156895371135071 0.009489339214030177 
0.0065229380489100555 0.016942370021709518 0.004595101175343047 0.022701165761583875 0.005556496799381951 0.02078636599574861 0.005829284505023664 0.046271786213612776 0.02408192240264694 0.013084706879561633 
0.019118523851006732 0.02702450859509063 0.011638975368981437 0.006771278398273628 0.010644443221582143 0.012850480512010046 0.0047195353648705075 0.04164278490804435 0.007073093191011663 0.015140238728770648 
0.11307329154422269 0.018308677654713713 0.0016362842163856264 0.131145341996531 0.024434751610146722 0.24749611364846813 0.6156768451423565 0.020904641109691077 0.024195015496129204 0.010327009305057495 
0.044573123379221175 0.034114448415411606 0.00453273120275503 0.007209499169084965 0.010239224416630844 0.011315313168268849 0.004811906732676657 0.019962165800766176 0.0056055282730848015 0.009741820672784231 
0.04394736537770966 0.012212026333029959 0.024675225559422503 0.012487550057095346 0.008432388970080307 0.012685918238673925 0.008922371994590332 0.04239071142059649 0.007916197333329511 0.014200741008516558 
0.011392799607640254 0.015724436363975462 0.006947096488948731 0.01997191279475285 0.008056886511357149 0.01115216554506997 15.189790100815207 0.029330424486724672 0.005390690459994317 0.014461988196270596 
0.016630607404845423 0.036031913273497876 0.0027386895223159837 0.011635469485682408 0.013949846557923733 0.003829992538557627 0.009966734033479915 0.02440034742618529 0.02382715863654493 0.03209125380988081 
0.010428844542454019 0.012347699380925753 0.005015884952494791 0.005769856296339219 0.008622760854693882 0.0047640442773967655 0.06551746589760014 0.04150906752438336 0.005875538840873268 0.06182871920452743 
0.05591280142365737 0.0013025837159122795 0.0011880976416829426 0.14789570134196814 0.008226512682379786 0.011902551801897383 0.1673669456652395 0.027113372826363454 0.14779136294668851 0.010649898714132414 
0.0173962330270561 0.024759121710790016 0.016889709372388425 0.014343333702380933 0.004120095664610244 0.003990496015696071 0.029297180802339867 0.024400751059977965 0.024727819463265605 0.010750342080714117 
0.005466532437799512 0.14488234738192185 0.017326941184665018 0.007102768800695662 0.02914254204671077 0.0333126417046988 0.0707427614816184 0.3272361073857172 0.1555794851799989 0.009589915791860432 
0.2847515034178175 0.14488234738192185 0.01687600935169095 0.007102209627497352 0.02914254204671077 0.04647666859349701 0.07075356078305901 0.3271462535139645 0.003790120585322774 0.009595423848438386 
0.041346041806593445 0.03424751574257143 0.01336887016353856 0.009304751124376207 0.013367946305654058 0.004493868836424871 0.0012621062040963052 0.041768424088771114 0.0125995418641517 0.015144354590322689 
2.1732480501545615 0.021010678531132292 1.0674941517399525 0.040601437952299854 0.030020522119128715 0.0019243193015010703 0.0011312785850659708 0.008511802426289867 1.320631256736549 0.2083074265253467 
0.6146771387755466 0.8743788373166673 0.006393996556368993 0.004173459218420631 0.008758604352144442 0.04143028716501021 6.421088485240629E-4 0.004826181494872243 0.6362354913471145 0.5278685331080526 
0.006005196435809068 0.0029484407029069207 0.0058851706036557455 0.0072794493054344975 0.004256126939422554 0.0037470149208958625 0.0028999307051547863 45.37608857119186 0.005002153429210775 0.008910129785419302 
0.012447267189970862 0.026739184158268765 0.009888012554489303 0.010116551600014978 0.00807801975379083 0.01639065496901034 0.0098772629762171 0.08535457705708252 0.006033084832874808 0.01409396105656176 
0.040321524418199126 0.015602635348148814 0.0019268063849973201 0.022661730226578143 0.005239013428319523 0.04544270573422227 0.004424122290709811 0.11245169455865349 0.011887427339183609 0.011023217105298733 
0.03863440237371896 0.004996536146889879 0.040288907369216906 0.00765356234944107 0.11324873815738695 0.02801249714373706 0.01370724166587812 0.2830279333534575 0.007190339950446319 0.007966853772904714 
0.007316588997075917 0.022718089884533405 0.14602546011271927 0.021107759844706888 0.0051645509507908475 0.037926203701260194 0.0070047951257144496 0.19404658251509674 0.010894693144625177 0.01355869969015332 
0.008400146421795632 0.0779277893654745 0.02776224572994975 0.06988669890017972 0.007428807553531944 0.05036937888854632 0.06440895105721088 0.22180468823028493 0.011569979700504936 0.009494438214999176 
0.01372980533309305 0.1574425808960931 0.008254468702522753 0.010681914099757269 0.008592027946283831 0.03388115031928985 0.0041940355784755795 0.34059340449940106 0.14083719956598223 0.016106390772903233 
0.12967141984010958 0.2956928208747648 0.3319386541391802 0.01767013655281921 0.006165947080347606 0.004994339158951752 0.05202431627086952 0.5692217450968506 0.005993735542879109 0.008429483918858035 
0.024184797259097748 0.03773760044434056 0.014476421621427722 0.050613834660575854 0.005424718309077882 0.05397651503993487 0.005379907129009513 0.10706672429625425 0.0028994853558485336 0.06902733938638221 
0.007755102972118302 0.0015421236041179194 0.00567128068896724 0.12053214941994893 0.02339236705444543 0.645780205267088 0.21184664440574777 0.8581157003436762 0.004624582056912561 0.013762404376086567 
0.0028821937360519324 0.004383953423555884 0.002231208916537957 0.004822622218447219 0.007754222964906814 0.002974351420934735 9.4784745797009E-4 0.00605894806981273 19.716162931079346 0.009521142481748608 
0.45885283211902983 0.02004087411859016 1.067266735597544 0.007295214188407854 0.030094241700261315 0.0019243193015010703 0.0025626950273901702 0.006603694748890504 1.320628480369301 0.05439280764996507 
0.001795515010643389 0.013175941469643224 0.0033846248489191972 0.0022372183216903194 0.004028708367091773 0.04102222151501747 7.783447972488629E-4 0.10348741704837182 0.34500933326912997 0.5403868420079975 
0.08056283151641525 0.002783957056485123 0.012674258174780111 0.007779068827321498 0.012297743617156921 0.004188048195205622 0.004721451049947486 0.03988840744001856 0.0727213938596058 0.015295223658025364 
0.0021557599595247823 0.003968722592949614 0.0018901122398209274 0.0016403920298097433 1.0226039162803833 0.0015243051161800802 0.2861138415505182 0.0013917492869497492 0.7203987267592251 0.08683033101805883 
0.018017080558496486 0.028123706332708918 0.07393426145480239 0.046621397897275055 0.004252210312387154 0.015645745878903203 0.007355976915061102 0.11646478259088391 0.0732048353414945 0.01435509213813007 
0.05667982991026613 4.119757385559607E-4 0.0015539235736129304 0.11746163144368772 0.02342973923905906 0.03481606687339848 0.2506862315366651 0.11193310584248514 0.31635512197761395 0.008737164546515266 
0.25810916560788016 0.02660231696572651 0.008012286850946385 0.03769117654834739 0.011076677955074936 0.29500197527437677 0.0013315985231659158 0.05193303262943044 0.26785382257654583 0.1794494329268557 
0.008194912393017258 0.010860942861917305 0.005448283973515626 0.027267923905541468 0.014729135075307874 0.009418825925559293 0.008853562473970868 0.027066300292024247 0.02463923852554701 0.00986847368059435 
0.14605207594161929 0.009269646972105578 0.008401784254315203 0.002720410728897758 0.009570889039058379 0.06830519099413948 0.002914854516405077 0.28353069347803533 0.14552512742252 0.019653642685104854 
0.010392341014855973 0.016872048474033917 0.0059140926333994676 0.017583775908671787 0.02186644008605711 0.010057213803957445 0.006675351679739699 0.029157152466534348 0.0078103701677832175 45.56523582405194 
0.012562129292402732 0.06281949509570303 0.7612094882239966 0.0043792251805876235 0.002550133525327288 0.003035809028607249 0.8405255319417845 0.34554352072311706 0.006097245458301112 6.198767789892314 
0.00800225270045264 0.011866155888391981 0.017343055162994326 0.01817506911301892 0.04187743221553698 0.0049303619721642366 0.00704397485840727 0.02764109548183323 0.010989254079280175 0.11736992364535068 
0.6144218944974701 0.8740918508580207 0.0027034726318077578 0.0037287550369910147 0.007924658539141653 0.04115462000960529 8.477981395788045E-4 0.007174997565564207 0.3447325156508907 2.2267320591374635 
0.040376668905833565 0.02021466786712374 0.0029289906674702516 0.02278789976392313 0.0023794134144113355 0.04109132679206968 0.004091751743542916 0.06352210444622255 0.011819116509373031 0.1456181944754703 
0.06283911520569208 0.028267031802491304 0.003722314559233243 0.022904766492827904 0.03447501651863805 0.004299540980808396 0.0014120261565346718 0.02082078960901633 0.0021024983992627864 0.1249363084365708 
0.0012605132248104981 0.015140864376045232 0.016906916215802495 0.023820263401876516 0.01087655237534229 0.03214917198160493 0.023736354231199193 0.007688320905075978 0.006213364301796791 0.0667170337580534 
0.04841226219428625 0.0015030280025444707 0.009604639215675835 0.012691761827716343 0.009567112279430443 0.011257982765284197 0.007466034439666796 0.06638967418104574 0.005876621603454017 0.07013647733585919 
0.008468119034717454 0.04423854850037368 0.009983830560912664 0.008430831058989747 0.025575874698246303 0.0036368478419487467 0.023018776072505607 0.019858246117782256 0.0023121599526870224 0.06914671276650015 
0.0015716396195579088 0.044081919222135724 0.004345835453982034 0.023911933443125994 0.013050632969404051 0.032289503748697504 0.02356893331504824 0.007719820097972727 0.006158519772060233 0.07477538399469365 
