0.37749423012403505 0.1387869694432939 0.34520173082785593 0.16131928775295032 0.1131015886824324 0.8133828288737274 0.820949388792143 0.14016921733006704 
0.2163725882270697 0.03111509127740026 0.2826479901678016 0.6528962521116097 0.031649917731055556 0.4809627801298857 0.7840349302299702 0.10100566205921374 
0.11744649382595822 0.04540198849432598 0.2465148627042122 0.023901598691385622 0.009940526238981093 1.1372821139066935 0.06611322818461426 0.04657569965839158 
0.15020294734634368 0.1901417826369192 0.24454048375106488 0.6694993995765847 0.18269054570460647 0.8574988163230745 0.0457233759518368 0.1874221650092583 
0.14080060479162385 0.08923017494213228 0.03904176025094324 0.7131075435598179 0.38776003550791815 0.08753994414684994 0.07018757750013643 0.7238947092302138 
0.11654651587291849 0.19624982014512496 0.27779102905620123 0.5297672592124036 0.1783191899578061 0.9061830355723022 0.3312988858817622 0.15719441765517803 
0.06606114361776065 0.08312140814467059 0.1337016964004096 0.27128633288089676 0.7085068673726035 0.729456070785616 0.09260038376576467 0.023371127686719274 
0.05903849308270183 0.025533575802184186 0.08359688518041768 0.03781910962793341 0.09712796663205986 0.956924945151048 0.3351792686590007 0.41140000382951614 
0.08335739853834505 0.03519034993659007 0.06878296680812467 0.6823628704043962 0.45022435027834457 0.5464079755540576 0.05241386946961112 0.5318621408185294 
0.0876936605506395 0.15535229665912886 0.07578458792469524 0.586664138636369 0.855889899945956 0.1662989295907546 0.5716240737152618 0.12944185759250995 
0.0958276328862504 0.08125739007570851 0.0815128045828668 0.8254736286312292 0.05505600963757004 0.05834644555481711 0.6561618582926412 0.4938531670500642 
0.07324630523180728 0.14464349578140845 0.05896817021490844 0.04739105686254156 0.05277246487372005 0.9112730453823961 0.5736765159391564 0.030040903461450913 
0.026943616259121044 0.05871649497296883 0.04880441414757994 0.043059332328793096 0.7831443696527842 0.5220528431779532 0.023713949201643107 0.5211031171513336 
0.08032651324133111 0.06533775884767401 0.258122294078192 0.7366960180814781 0.10952076882158145 0.5582929785763752 0.3557392904643011 0.5365139774917069 
0.023156555428653358 0.027389916279016845 0.03787029293489019 0.1913427036815588 0.34071033885008645 0.9317041583042274 0.015363319346701737 0.21955681533763916 
0.044910423410273154 0.07311275751747635 0.08106894845548712 0.2202149897769056 0.4513681117022959 0.7103861670393256 0.5762250745411005 0.4057106978250448 
0.012142339352968642 0.006444889554225668 0.005804613570540834 1.0334387340928677 0.012106828944579791 0.02136881513207407 0.010519904630279546 0.014031562745751047 
0.030488429479669864 0.04619257392047935 0.15244681441581273 1.0036581561887579 0.06383856203082094 0.29539002079910986 0.026649548044401995 0.03337547397758229 
0.048868105229238935 0.018491894733546673 0.148138067962443 1.0323505906248385 0.024453879190291298 0.031143819939817113 0.14658351613399245 0.1707537583366091 
0.007622463551193752 0.008999627904364323 0.004401330061253939 0.9682698869456299 0.011387239656128806 0.008838336127830887 0.31041484767249294 0.022303962726241067 
0.007529249889689952 0.00952874239135332 0.005073319635536395 0.8494752339733227 0.007893497719183054 0.5503011007839115 0.011123090598975711 0.02618057978474534 
0.030419471308046057 0.06885732280877584 0.09694620352465273 0.825365202856697 0.056815847433959586 0.5256861415596875 0.037142447320605544 0.3906641073017129 
0.03642556715355101 0.010715446070403945 0.01920486171895404 0.728013187896961 0.039727168136676067 0.7394047122900432 0.05376469105065344 0.014389171090092889 
0.002443368429500305 0.009166741798272173 0.004119648763374592 0.7679478631578491 0.018518782710176245 0.0047807986431348155 0.00493373837755714 0.6527051242596036 
0.01972325731839987 0.0386502390142039 0.023061221885990673 0.6908862037427584 0.7375636229732472 0.34588143798389814 0.01915049439088531 0.04841790181969201 
0.1996124525158639 0.11805397106368888 0.07963711359604145 0.840952223796837 0.7296929779844227 0.4186182950605538 0.10173423429732438 0.05317710142800254 
0.01436758383446932 0.010690633864601609 0.009049863249206773 0.8262894794820431 0.012078369084434581 0.0119741337114597 0.5947611596082262 0.012040973758104706 
0.08355622044256837 0.10804257189283156 0.05188795495560692 0.7423542043026576 0.38217932867747306 0.5770858711728839 0.3536488623243805 0.2103383692741924 
0.009197720573895713 0.008401189133790878 0.005285021753944981 0.012404267736852569 1.0200780864215906 0.019881407915795606 0.012931204090989705 0.020340322756780653 
0.052779729152136086 0.10040369368471282 0.057220289977189254 0.12135158952343575 0.8517632016029735 0.6050905975829206 0.0427100753743554 0.17664955308349248 
0.03857972481076264 0.03639496019435938 0.04276921752542265 0.031954208896389634 0.9902455900982592 0.05647246399634976 0.10458990675334204 0.2561310010877961 
0.01171448723933841 0.1078411116352499 0.035727077923361064 0.04355585289403713 0.9886865241207914 0.36364764194781474 0.0821251819080147 0.07724958601787332 
0.04961889714378958 0.10104281491374957 0.052623337299303144 0.11809824467602359 0.9331222846278296 0.47683707792397645 0.04770541460157345 0.1769111749898095 
0.012358026617148252 0.00809313327079411 0.003789465080008851 0.006174301180947118 0.8543228093758036 0.5554237186021687 0.011735206263644382 0.02627789023628789 
0.04507194222105704 0.01954400952296873 0.010659113453378206 0.022563898191019775 0.963242214778254 0.022227827770709908 0.3507611362101105 0.18569344766184803 
0.07002618620821319 0.06854063767288297 0.09447497314428564 0.40723357058431553 0.9397557771409102 0.10193326390933428 0.04901432774873221 0.0869286595024035 
0.024781354930531393 0.0219386904341511 0.014786378855879839 0.023352905916168534 0.8842067227141891 0.05249779359245504 0.1193202893736289 0.5403429947977586 
0.055947858192400994 0.03125072376745524 0.005237103507817988 0.04362416980508732 0.852283842677941 0.48459682395086323 0.3476666786503692 0.005855067508868543 
0.031542146575271636 0.08589472723731552 0.02700474019112166 0.5600097892798023 0.9017384843535143 0.05516050064035318 0.06837292529628218 0.23157137180157372 
0.03657171162550209 0.012988189387235456 0.03686655626287575 0.6230060641747776 0.8885979842798263 0.014011795611680136 0.06023939834396621 0.047626646053777956 
0.010825283223801944 0.009998547096611054 0.004125906375417559 0.010548796338026889 0.016899078290288572 1.0097877893513243 0.007970116227517454 0.01116141595314769 
0.03961564418310352 0.08915408982797217 0.021151785685417295 0.3143523011695615 0.7216307788589369 0.5112891517723056 0.6305289704321214 0.06636027916661941 
0.011701040049204055 0.007362887834892654 0.003926563476118213 0.35344093233022505 0.006160807763489519 0.9531205495580864 0.012257773358802015 0.02685382794334762 
0.06201505784620726 0.011632227640739274 0.026560954514990406 0.021089851778971217 0.06975327889879582 0.9746566297501319 0.3542897140407642 0.18309590269091597 
0.018491467447629452 0.0293169328931788 0.03248142701240913 0.18733502517153117 0.33980908273680666 0.93131738253553 0.01736933155570439 0.21757556117384783 
0.012641849234812881 0.00997766263796638 0.009006001313178915 0.29752791812476015 0.014457932572835069 0.7686216218071965 0.6050041956063142 0.009827513867887286 
0.030002234465231856 0.011564653524194557 0.018564360919418484 0.03563238916493628 0.7644732125642678 0.4988298521284125 0.016866485806615865 0.5077793805295856 
0.005834847596356601 0.004935735850339976 0.0031483641191561535 0.6587393194766407 0.027995996452131973 0.4094519174114758 0.014401503393391144 0.6497333576482783 
0.041395634047187095 0.030356863722154754 0.024874474504481995 0.688001861152821 0.022699924495346965 0.4448240436546267 0.6452736856528868 0.012690737934360444 
0.05624197499030961 0.015474263339489997 0.02842763944067345 0.6054406077244429 0.7564583214393706 0.07784937359205897 0.4242688570910937 0.01007891218650064 
0.010605480809549414 0.013171538373078771 0.002781379807348172 0.6049007606949321 0.8220890673481204 0.008413153999044286 0.02186371040193655 0.02475227210772796 
0.00706209905199963 0.0020480825018890443 0.0025112205494679687 0.2322766290591681 0.3704937262442973 0.0025655607346331444 0.6431599145810806 0.6432773439532241 
0.009678034558211477 0.014412013829950306 0.003311667949012919 0.010909192697412385 0.011952989009365405 0.0083833046583979 1.0181986068831015 0.017602435221866386 
0.2958340976089996 0.24876240467378877 0.3220935104411486 0.09727401090280172 0.6857552311695304 0.2554517180838252 0.8291999298865289 0.2930186165630734 
0.010666752611907181 0.006412387162416 0.008464882456485913 0.01119317249721388 0.20039959741717095 0.5321075606596902 0.8446151842873335 0.028363776420255137 
0.005177250444391426 0.019171840429783295 0.015378294929612405 0.3983363787109271 0.4005760122140362 0.02388079042024723 0.8499238229551466 0.037391053985448515 
0.045719725811383415 0.0460233542368503 0.04939673184789187 0.03970495159167175 0.4814141809726774 0.3736934215200202 0.8101818635881962 0.3884701402112043 
0.15913607227934992 0.10288389245843195 0.271963953633861 0.06842552330456834 0.10854565655897022 0.5909805031385762 0.9050242243558314 0.5334856718454648 
0.00873871648624967 0.006873130020271147 0.0028492999805399713 0.004383773417532153 0.009655608568496834 0.005882389487572312 0.7663942540656736 0.659126399570145 
0.06505605325541863 0.030691192517455373 0.03931462254624105 0.06740063069380542 0.6660954823365812 0.45077114973521437 0.6532142335080543 0.020960938124396387 
0.012599979102340435 0.014023770948224958 0.007719022285651016 0.007134485035973874 0.7963953417940682 0.014402400992025478 0.6377451837243562 0.02316452693166112 
0.2282360511433372 0.07007821325969414 0.29503200990345424 0.06989475588903643 0.05767556686268706 0.8158809734796467 0.769455351973193 0.09845792436036792 
0.024699068455083843 0.09231798677290369 0.0738177280138177 0.07321193723890701 0.0769849367873904 0.869924836238733 0.6709999281068417 0.006804566058775711 
0.0314656630117814 0.01636836818812615 0.013708850288924325 0.572355269225725 0.01987891970846301 0.03712219187116502 0.839899292347468 0.03148412682175788 
0.09642467285960764 0.04062250206257274 0.10435942164764297 0.08223249845559867 0.19024286206728 0.22890767511403648 0.0997444362483935 1.0381742073423021 
0.007433645602579519 0.005706969461943039 0.005364807473006078 0.009117842384799874 0.009947913897854288 0.7637189091784935 0.005449930773573783 0.6560447459027107 
0.002232277864499264 0.0023610143332446517 0.0019062390237139656 0.004109027396677734 0.7716084040605563 0.0027750372624812127 0.00833499533104103 0.6534207473538108 
0.1536543524724659 0.1409400122079838 0.05709409643146774 0.5113559458916056 0.5407071404487418 0.4330181191020908 0.16865922236966344 0.8830215337609781 
0.0030370693667554076 0.004980545049408195 0.015526128150204236 0.012582694149294693 0.6527676270220598 0.42824771430466285 0.02175443663110597 0.6500152613815731 
0.007992568290689795 0.008934424863413308 0.01665157122383468 0.013048149537227584 0.634659095839613 0.40555687863036394 0.2505811311025387 0.6498436804762165 
0.004040621320404263 0.0020973793182383496 0.0038642254522238675 0.4155420896154399 0.653175751392777 0.0037577247291785475 0.0060238713069859715 0.6515501186467323 
0.0959435531551699 0.06911064827967443 0.1382766338362231 0.07354027631529196 0.5935503810519511 0.38130119496398424 0.45546220136355753 0.7552703762406683 
0.0836247337951934 0.08270348637266023 0.049071855371074474 0.6128043160204244 0.12212890272078943 0.12260892706378619 0.41222770731929903 0.7918811108902246 
0.264038001504021 0.06764633947358156 0.11629879773858275 0.04026136812623025 0.2286500947280625 0.17514552792843435 0.731771645066661 0.9370673204583849 
0.008786581379544347 0.01175744717352138 0.006830043931935992 0.010285173005164815 0.031110725063051396 0.6451524154643062 0.4219327857121006 0.6527299973980918 
0.015472010099001563 0.008944313308892945 0.007536562051687754 0.00329551862186106 0.5975146572546977 0.006622802112811167 0.47039237347795637 0.669411056568457 
