1.0000147058628162 0.0 0.0 0.0 0.0 0.0 0.0 0.0 
0.9999667588221948 0.013442178144039342 0.0 0.0 0.0 0.0 0.0 0.0 
0.9999652995918501 0.01344631710601127 0.0 0.0 0.0 0.0 0.0 0.0 
0.999926279043312 0.013481621068692561 0.0 0.0 0.0 0.0 0.0 0.0 
6.151371754233946E-17 1.001015416522559 0.0 0.0 0.0 0.0 0.0 0.0 
6.14511859386786E-17 1.0028712755124622 0.0 0.0 0.0 0.0 0.0 0.0 
6.144604489182792E-17 1.003394868949525 0.0 0.0 0.0 0.0 0.0 0.0 
6.130079259677135E-17 1.0108602558366844 0.0 0.0 0.0 0.0 0.0 0.0 
6.154439257793467E-17 8.3028957135746E-19 75.64428602781763 0.0 0.0 0.0 0.0 0.0 
3.3742847254063824E-33 9.118225800622718E-17 53.78581562868415 43.56449228414383 0.0 0.0 0.0 0.0 
3.669641178668573E-33 6.01749434461289E-17 73.65519991645951 0.0 0.0 18.291796190298047 0.0 0.0 
5.143978951508308E-17 1.200640602489269E-16 51.89239466784492 0.0 18.962778302335643 0.0 0.0 0.0 
0.004388744967626962 0.8719805131287358 26.873970643921506 25.697128939211595 0.0 0.0 0.0 0.0 
0.9525222508165133 0.0 23.936387771403407 0.0 0.0 0.0 0.0 0.0 
0.6809275831431184 0.6719560440454271 23.184540762540966 0.0 0.0 0.0 0.0 0.0 
0.9059575856451013 0.28618894356636393 23.357197831134574 4.539850981962539 0.0 0.0 0.0 0.0 
0.9549246080349949 0.0 23.35371775301452 4.501484549815254 0.0 0.0 0.0 0.0 
0.05468334895355175 0.9560359478985887 22.53770464639829 0.0 0.0 0.0 0.0 0.0 
5.887434109698971E-17 0.9578150137970386 22.509373423751274 0.0 0.0 0.0 0.0 0.0 
0.9557759967211299 0.012769110668344377 22.754899320695053 0.0 0.0 0.0 0.0 0.0 
3.332371203237573E-49 6.027751909173746E-33 4.602133483764553E-15 59.991485757253734 0.0 0.0 0.0 0.0 
2.3382312522445625E-49 3.852894555750808E-33 4.611392882050255E-15 65.4451714079517 0.0 0.0 0.0012668922600039966 0.0 
2.4185195089274037E-49 3.852435564343946E-33 4.53853299458862E-15 64.63094941476476 0.0 0.0 0.0012963506988672045 0.0 
4.658909712617164E-34 4.232003050213169E-33 4.497350351584743E-15 62.042394494025025 0.0 0.0 0.00138572966363366 0.0 
8.72057728111428E-17 1.7991549568434468E-18 0.0 64.7954636280743 2.569314083176963 0.0 0.0 0.0 
4.057074191262152E-33 6.367170871742585E-17 0.0 62.88301118968615 6.866459881736921 0.0 0.0013739376248792304 0.0 
3.690271540172118E-33 8.115280849106328E-17 1.356766118737981E-15 60.972265559463196 0.0 9.640839654709183 0.0 0.0 
0.7049905551088798 0.0 0.0 47.84200550705712 0.0 0.0 0.0 0.0 
2.984515138605286E-33 6.512972572649082E-17 3.133197193990349E-15 61.766012855156255 0.0 0.0 1.4111850988351289 0.0 
0.878479829845462 0.0 20.948987288162815 27.458328276777763 0.0 0.0 0.0 0.0 
5.826178340254085E-17 0.9457531968406261 0.0 26.15003358167391 0.0 0.0 0.0 0.0 
2.5783720126567657E-16 0.9054880957500632 0.0 0.28882028408789556 17.624543298091492 0.0 0.01225394140219068 0.0 
0.8953484514298248 0.01205684359121112 0.004745689303028643 0.0 17.671997500930818 0.0 0.0 0.0 
5.655121509548679E-17 0.9213947220608454 0.8225648013227607 25.907119868182043 4.062478940467917 0.0 0.0 0.0 
0.9938762697363807 0.0044630055141706764 0.0 6.272130660857459 2.6810536182069096 0.0 0.0 0.0 
0.9564960279471627 0.0 22.51190097610362 0.0 0.0 0.0 0.0 0.0 
0.45042287804222225 0.8532180373849421 22.284519191107336 0.0 0.0 0.0 0.0 0.0 
5.952627755664313E-17 0.982057423687865 22.271139918600575 0.0 0.0 0.0 0.0 0.0 
0.9897401419732487 0.0 0.0 26.935492057537335 0.0 0.0 0.0 0.0 
0.8631208317313316 0.21778349885587922 21.609210410543863 25.55205710767308 0.0 0.0 0.0 0.0 
0.8840508440617275 0.0 21.418942996831 25.689060728468313 0.0 0.0 0.0 0.0 
6.041261764615462E-17 0.9876637268749551 0.0 0.0 0.0 16.93309891571313 0.0 0.0 
0.01944659418946005 0.9489765733486132 22.38726891559628 0.0 0.0 10.14391513262198 0.0 0.0 
0.9913457916604695 0.0 0.0 0.0 0.0 10.955033139077006 0.0 0.0 
6.100821234728513E-17 0.9997325170831179 0.707841066545955 4.522048487034039 0.0 5.906153160133559 0.0 0.0 
0.47051800285665074 0.8899349827974357 0.0 0.0 0.0 0.0 0.0 0.0 
0.9543024824273499 0.30153520771911624 0.0 0.0 0.0 0.0 0.0 0.0 
0.9999256414258968 0.013483717569147827 0.0 0.0 0.0 0.0 0.0 0.0 
0.4503302597123622 0.854696326288863 22.29289408096856 0.0 0.0 0.0 0.0 0.0 
6.098753076759681E-17 1.0415877594495053 0.0 25.66228472655941 0.0 0.0 1.5695337604110877 0.0 
0.8861403390240066 0.0 21.720335109037737 25.68424254927506 0.0 0.0 0.0 0.0 
5.435271961230607E-17 0.8895138168344856 21.21569065959994 26.14435002472953 0.0 0.0 0.0 0.0 
0.46554889119879983 0.8824215156839424 11.424278345171704 0.0 0.0 0.0 0.0 0.0 
0.4643030303077546 0.8825541668897864 11.21480606571751 0.0 0.0 0.0 0.0 0.0 
0.9807905931915145 0.013180707581572228 0.0 13.15766506320669 0.0 0.0 0.0 0.0 
0.3612735079267391 0.9432692886121655 0.0 0.0 0.0 0.0 0.0 0.0 
0.9241061855901824 0.012444329446623863 0.0 25.877634171055533 0.0 0.0 0.0 0.0 
6.144711676860925E-17 1.0020620040100827 0.8916362815623351 0.0 0.0 0.0 0.0 0.0 
5.786527592432487E-17 0.9267005741035921 0.0 0.0 0.0 0.0 0.0 5.723457580381627 
1.151075590036702E-48 3.9852675065997954E-33 3.601517035304994E-15 52.50571987838788 15.232846905324543 17.458519930010446 0.24623415463733778 6.131257367088268 
0.9375197460012403 0.0 0.0 0.0 0.0 0.0 0.0 5.9188046762888336 
2.5663332402937415E-49 4.516250933111189E-33 4.203713714781204E-15 58.24156511917643 0.0 0.0 0.0 3.58520811308087 
3.569183017318315E-33 5.314516498603336E-17 46.41704726077826 45.31075338587343 0.0 15.144833360582306 0.0 4.229321088998723 
0.9869003691093001 0.0 0.0 0.0 0.0 8.648285350714737 0.0 1.876291462762959 
4.9280615367939325E-33 1.415223481505182E-16 73.73547139704958 0.0 0.0 0.0 0.0 0.5268344231211111 
4.5884975422284606E-33 9.209042052765621E-17 6.727567398529803E-16 65.6620843468612 0.0 0.0 0.0 0.3195414511484693 
6.171040374691566E-17 1.0002410492629163 0.0 0.0 0.0 0.0 0.0 0.0 
6.181778706832888E-17 0.9956826860697439 11.239267834759833 0.0 0.0 0.0 0.0 0.0 
