0.2821903239627461 6.83815048979555E-10 0.0 0.0 0.0 0.0 0.0 0.0 9.561680724636144E-4 19.973140767993034 
0.2821903239627461 6.83815048979555E-10 0.0 0.0 0.0 2.50345595026819E-4 0.0 0.0 9.450287583013991E-4 19.97913778352855 
0.2821903239627461 0.0 0.0 0.0 0.0 0.0 0.0 0.0 0.0 20.009113044230716 
0.28219065046474584 0.0 0.0 0.0 0.0 0.0 0.0 0.0 9.45038733087418E-4 20.004062466474224 
0.2803188100954969 6.83815048979555E-10 0.0 0.0 0.0 2.4516503016949113E-4 0.0 0.0 2.56279332901057E-5 20.004731563163663 
0.28105138383616607 7.131641890623959E-10 0.0 0.0 0.0 0.0 0.0 0.0 9.450287583013991E-4 20.024604765231793 
0.0 0.3589583775380864 0.0 3.4215728407095003E-4 0.0 0.0 0.0 0.0 0.04155470243079839 20.27918272746206 
0.0 0.35895837753808635 0.0 0.0 0.0 0.0 0.0 0.0 0.04155470243079839 22.861639664883125 
0.27347435712899054 0.35895837753808635 0.0 3.4215728407095003E-4 0.0 0.0 0.0 0.0 0.04155470243079839 19.83294494988327 
0.0 0.3563708812474207 0.0 3.4215728407095003E-4 0.0 0.7961838082154484 0.0 0.0 0.05008958459785576 18.984388042235075 
0.2816101962554977 0.3064442281964161 0.0 3.4215728407095003E-4 0.0 0.0 0.0 0.0 0.041610533918195435 19.67672428659558 
0.2816101962554977 0.20737737093292963 0.0 0.0 0.0 5.922582812372635E-6 0.0 0.0 0.09276226013741906 19.676776188940472 
0.009399687887321775 0.14095606252468942 0.0 0.0 0.26151381330197104 0.7961838082154484 0.0 0.0 0.0 18.534038880729995 
0.28105135214925203 0.08128386589292824 0.0 0.0 0.0 0.0 0.0 0.0 9.450287583013991E-4 19.90925473206834 
0.2694098494013115 5.09869153154136E-4 0.0 0.0 0.26857285996796304 0.7878491857611338 0.0 0.0 0.0 18.236010979178772 
0.2407473455825126 2.465406703883889E-4 0.0 0.0 0.0 0.0 0.0 0.0 0.0 20.23904352924678 
0.0030309815475405366 0.0018558054131757244 0.15132444058352634 0.0 0.0 0.062002995660373816 0.0 0.0 0.0 20.114883320941168 
0.0 0.10269628646256315 0.15060971865891057 0.6745907196275525 0.0 0.0 0.0 0.0 0.03417454644313739 19.635251739654628 
0.0 0.0018558054131757244 0.1562721993231871 0.40136789546727936 0.0 0.062002995660373816 0.0 0.0 0.8270277335022251 18.40718464939356 
0.0 0.200840295892078 4.157037033810323E-5 5.890895411220337E-4 0.0 0.0 0.0 0.0 0.7871316887279404 18.632535957783098 
0.0 0.0891196172585922 4.074487710094596E-6 0.0 0.0 1.0626381075697633E-6 0.0 0.0 0.0 20.43318082762996 
0.14959403401116947 0.0 4.074487710094596E-6 0.0 0.0 0.0 0.0 0.027292233954412937 0.0 20.07051254677681 
0.06631483245976676 6.961713771748682E-10 2.0644361058917636E-6 0.0 0.0 2.444792716113646E-4 0.0 0.0 0.03417454644313739 20.296799881598336 
0.2821903239627461 0.0 4.074487710094596E-6 0.0 0.0 0.0 0.0 0.0 0.0 19.99489771698464 
2.9396121555633775E-5 5.698133933392868E-8 3.994599188246876E-6 0.019850527426069915 0.0 1.3872989861239042E-4 0.0 0.0 0.869526120141164 19.093441788382442 
0.0 1.2953144711665276E-10 0.0 0.8027357909345587 0.0 0.0 0.0 0.0 0.0 19.155820095274485 
0.0 0.20586063139370508 0.0 0.35929879258056735 0.0 0.0 0.0 0.0 0.03417454644313739 20.085252926502815 
0.23603933233487168 0.0 0.0 0.8027357909345587 0.0 0.0 0.0 0.0 0.0 18.547780780473705 
0.28558736525744993 0.0 4.074487710094596E-6 0.8027357909345587 0.0 0.0 0.0 0.0 0.0 18.44210699365229 
0.2821903239627461 6.963632924345175E-10 0.0 0.16637620833517316 0.0 2.4387839873005155E-4 0.0 0.0 0.0573598034998562 19.725318593518857 
0.14085610764034917 0.0 0.0 0.06072339854205069 0.0 0.0 0.0 0.0 0.0 21.04015659005323 
0.2509927475512225 6.961713771748682E-10 0.0 0.06072339854205069 0.0 2.444792716113646E-4 0.0 0.0 0.03417454644313739 19.980572136887584 
0.1084677757837492 6.83815048979555E-10 0.0 0.03278257333935803 0.0 0.0 0.0 0.0 0.0 20.219829474800715 
0.2787433512381594 6.946160539002111E-10 0.0 0.06072867257992594 0.0 2.474881916861518E-4 0.0 0.0 9.450287583013991E-4 19.950596126883276 
0.28105135214925203 0.0 0.0 0.06046801619460711 0.0 0.0 0.0 0.0 9.45028758301399E-4 20.89287719796751 
0.28219065046474584 0.0 0.0 0.0 0.26802835235840633 3.7043600563979E-7 0.0 0.0 9.45038733087418E-4 19.6322920906809 
0.28219009619479446 0.0 0.0 0.0 0.15032673190705115 3.871443226115137E-7 0.0 0.0 9.45038733087418E-4 19.70789687062297 
0.2787433512381594 2.465406703883889E-4 0.0 0.0 0.017490132324214147 1.2490567660140622E-4 0.0 0.0 0.0 20.118792890902498 
0.2803188100954969 6.838150489795549E-10 0.0 0.0 0.0 2.189515877271018E-6 0.0 0.0 2.56279332901057E-5 20.24514560521642 
0.0 6.83815048979555E-10 0.0 0.0 0.0 0.8095915098262279 0.0 0.0 0.0 18.920650851523714 
0.014366523086256765 2.465406703883889E-4 0.0 0.0 0.0 0.7961838082154484 0.0 0.0 0.021208066472402698 19.065008495796146 
0.009399687887321775 0.0 0.0 0.0 0.26802835235840633 0.7878491857611338 0.0 0.0 0.03214680549529077 18.617051917562378 
0.28105135214925203 0.0 0.0 0.0 0.0 0.029524285827486774 0.0 0.0 0.0 20.07313502970631 
0.24014156531931694 0.0 0.0 0.003216690821046682 0.0 0.0011703374174643303 0.0 0.0 0.0 20.09664766647192 
0.16327072110829918 6.961713771748682E-10 0.0 0.0 0.0 2.44475595278409E-4 0.0 0.0 0.05760330064469985 20.107412143710157 
0.18381349750070541 3.5426385268509063E-10 0.0 0.0 0.0 2.4841794914858976E-4 0.0 0.0 9.450287583013991E-4 20.133421758611014 
0.2803349485348902 6.83815048979555E-10 0.0 0.0 0.0 2.4758978584997406E-4 0.0 0.0 0.0 20.091040878494116 
0.0 0.0 0.0 0.0 4.633135641367741E-4 0.0 0.7179925400789249 0.0 0.050353391151196795 19.483594885195874 
0.24073359636120806 0.0 0.0 0.0 0.0 0.7454369714506477 0.7398579026586163 0.0 9.450287583013992E-4 17.84180728148115 
0.0 0.0 0.0 0.8126745830342899 0.0 0.0 0.7019399008920376 3.8641214850479997E-4 0.0 18.20368553288905 
0.0 0.0 0.0 3.422950220682496E-4 0.0 9.65193741784242E-10 0.05223187150213765 0.024678999877762786 0.7318852556184562 19.63385598306848 
0.0 0.0 0.0 0.0 0.0 0.0011914563055206782 0.01570281477576496 0.11556220701957716 0.10472150677440656 20.654942795455188 
0.009399687887321775 0.0 0.0 3.422950220682496E-4 0.041689435131568364 0.7878491857611338 5.0468183677850995E-6 0.0 0.0 19.06543785303596 
0.14959403401116947 0.35895837753808635 0.0 3.4215728407095003E-4 0.0 0.0 0.0 0.0 0.04155470243079839 20.193667574775745 
0.0 0.35895837753808635 0.0 3.4215728407095003E-4 0.0 0.0 0.0 0.0 0.04155470243079839 20.29021206466352 
0.00993367039786998 2.465406703883889E-4 0.0 0.0 0.0 0.0 0.0 0.0 0.0 20.532876455131902 
0.2407473455825126 0.0 0.0 3.422950220682496E-4 0.0 1.461986751379267E-7 5.0468183677850995E-6 0.0 0.0 20.105009884674693 
0.28033494853489027 6.83815048979555E-10 0.0 0.0 0.0 2.520524610021575E-4 0.0 0.11556220701957716 0.0 19.94661980908252 
0.2821256046279112 0.0 0.0 0.0 0.15330599508997877 0.0 0.0 0.0 9.450287583013991E-4 19.721693314428304 
0.260170867002139 6.83815048979555E-10 0.0 0.0 0.0 0.0 0.0 0.0 0.0 20.45563096319401 
0.2803188100954969 0.0 0.0 0.0 0.0 1.3814553216161011E-6 0.0 0.0 0.0 20.26183615971765 
0.009399687887321775 0.0 0.0 0.0 0.26802835235840633 0.0 0.0 0.0 0.0 20.17920500559385 
0.28033494853489027 5.698133933392868E-8 0.0 0.0 0.0 1.3872989861239042E-4 0.0 0.0 0.0 20.13703935365631 
0.23660881824161872 0.0 0.0 0.0 0.0 0.0 0.0 0.0 9.450287583013991E-4 20.07302077382948 
0.2803188100954969 0.0 0.0 0.0 0.0 1.3788697821642597E-6 0.0 0.0 0.0 20.923196927460776 
0.27707801510748437 0.0 0.0 0.0 0.0 0.0 0.0 0.0 0.0 25.29778133938031 
0.2803188100954969 6.83815048979555E-10 0.0 0.0 0.0 0.0 0.0 0.0 9.450287583013991E-4 20.042855795397376 
0.0 6.83815048979555E-10 0.0 0.0 0.0 0.0 0.0 0.0 0.8891805117184793 18.988246091455157 
0.009399687887321775 0.14105745907011233 0.0 0.0 0.13502630033288285 0.0 0.0 0.0 0.7872964001294755 18.56929575132606 
0.0 1.2953144711665276E-10 0.0 0.8027357909345587 0.0 0.0 0.0 0.0 0.8236143295360581 19.074149618669438 
0.009399687887321775 0.0 0.0 0.0 0.2668766586313786 0.0 0.0 0.0 0.7872964001294755 18.738603440930124 
0.0 0.0 0.0 0.0 0.0010121241536796832 0.7878491857611338 0.0 0.0 0.7872964001294755 17.853030352702973 
0.2416904491644636 6.83815048979555E-10 0.0 0.0 0.0 0.0 0.0 0.0 0.7872964001294755 18.59681485855977 
0.23603933233487168 0.0 0.0 0.0 0.0010121241536796832 0.7878491857611338 0.0 0.0 0.7872964001294755 17.442270180722605 
0.009399687887321775 0.0 0.0 0.0 0.26802835235840633 0.7878491857611337 0.0 0.0 0.7872964001294755 17.12681783198101 
0.009399687887321775 0.0 0.0 0.8027357909345587 0.26802835235840633 0.45592689910604967 0.0 0.0 0.7872964001294755 18.219374226802987 
0.0 0.0 0.0 0.060985052523761844 0.2675222902815665 1.4590375030014382E-7 0.0 0.0 0.0937593283615855 19.93002292647377 
0.0 0.0 0.0 0.0 0.0 9.34056598901435E-10 0.0 0.0 0.0 20.97517943150371 
0.107373201042442 0.0 0.0 0.03278257333935803 0.0 0.0 0.0 0.0 0.03417454644313739 20.34469133093243 
0.0 6.961713771748682E-10 0.0 3.4215728407095003E-4 0.0 9.65193741784242E-10 0.0 0.0 0.04170154305723854 20.51524446614673 
0.004508350316023128 0.0 0.0 0.060728744174867996 0.0 0.0 0.0 0.0 9.450287583013991E-4 21.180439974934874 
0.0 0.0 0.0 3.4215728407095003E-4 0.0 9.65193741784242E-10 0.0 0.0 0.10472150677440656 20.363147897702834 
0.002612408462840188 0.01575896362961942 0.0 0.08875183586064861 0.0 5.803913342387922E-6 0.0 0.0 0.042823301305777654 20.277615981394597 
0.06631483245976676 6.963632924345175E-10 0.0 0.0 0.0 2.444792716113646E-4 0.0 0.0 0.0573598034998562 20.315200319359963 
0.07046551744641669 0.0 0.0 0.0 0.0 7.2201557948873495E-6 0.0 0.0 9.450287583013991E-4 20.363295953512953 
0.0 0.0891196172585922 0.0 0.0 0.0 2.4855659381949063E-4 0.0 0.0 9.450287583013991E-4 20.3229433599298 
