4.17243899034575 0.03467131199015557 0.06029197812293041 0.07138082657729576 0.021693470355048993 0.028960200925417803 0.05259042135533908 0.055847922284414236 0.08647825170492009 0.05642273225163501 
3.0295786743904856 0.6099449334901749 0.5277013303865106 0.12737326149933742 1.7974062318638042 0.0410257015512764 0.2592801004042916 0.03811896254532833 0.09630611556205808 0.048125348581257714 
3.7985156446669612 1.5673659939177074 0.08206285324377526 0.06986061188895928 0.03523686875735275 0.01785523382703125 1.1492309312764166 0.042226048298303794 0.10223602510904733 0.0606175100615273 
1.159620127131975 0.033257682460012275 0.05714511963539504 0.11361780220264514 0.03505845704324864 0.057537815420465786 0.049121592701177184 0.0358717507610173 0.09175861501563592 0.07767427919150398 
1.436983620446283 0.4649804151385063 0.06405318362390289 0.07290446244803242 0.07370900456856685 0.04950696418056682 0.038459070649429106 0.024647026994890332 0.10414079621889276 0.06940589388465379 
1.1134570122126586 0.13122668499651313 0.06967093471581558 0.10058487708446542 0.020302323236425807 0.0645988944574148 0.047984923745067506 0.06624435045159979 0.09166656442897002 0.11719996014100553 
1.2085775080485817 0.1085422672428827 0.06531145844138306 0.036421369200846064 0.03922450305780027 0.08428670353484871 0.24571514648040235 0.02121605615074461 0.21156180146554487 0.10469861197352448 
1.3485219304248848 0.19752279643184092 0.06125402293164456 0.26558661092303915 0.022411739794636835 0.6433879331103832 0.045995977867376366 0.08791517809690094 0.10267627277689415 0.1828535912396816 
1.0266407172704444 0.03861631025709617 0.06731748987472405 0.04137692464063726 0.03272803474537157 0.022903586502239965 0.04858449077882782 0.051143729078273276 0.09327602677126255 0.05024290892654871 
1.036834612418594 0.03537743816532456 0.05805011455248911 0.06302269458588691 0.03022704461867009 0.07287446857509686 0.05409041123016414 0.04184626162965686 0.09675131437099668 0.10550031011683578 
1.0281523307083338 3.3145174315419745 0.02606163469362908 0.06365174340477692 0.031612998358919155 0.03512862832305984 0.040469663747071324 0.029361605025249496 0.0883376721405664 0.055099569759886856 
1.0218321546716498 0.17120401856291134 0.05907496593586342 0.13652591378935938 0.029926444638038063 0.031088378585670623 0.0540360094906325 0.04245732967558014 0.08644554510612712 0.04225283250448701 
1.0207584378261327 0.7205995041671814 0.03616754248439154 0.0653643706945101 0.02085714661094811 0.03873864707893767 0.05351828926944113 0.4490772626188338 0.08640354723426191 0.06046439761687255 
1.258208676279558 0.67488259661975 0.06718546495384453 0.05594984118064602 0.04494335022232844 0.04014837831914399 0.12397875222405783 0.2061679338754456 0.08167747783417198 0.0903087916910612 
1.1164842422767502 4.858108930947321 2.9413113194262532 0.057094582018127366 0.024645633923722977 0.03113234624382446 0.04413035656851763 0.04509934913375684 0.0831570027363316 0.05932761732807422 
1.4349865688561465 0.9106037067182331 0.07028212426279307 0.0730524191266317 0.06180116744452769 0.05106192884895122 0.03326953616180178 0.6317207887897813 0.0974272244860313 0.07058839264307853 
1.2329530538680058 0.9407913811111634 0.04086491831103367 0.32584083880554654 0.5884546688387443 0.041186245934121686 0.15227460298967782 0.0422720527166019 0.09812830768606395 0.14948676743026995 
1.0159593816152843 0.9038529171859627 0.036614407745273726 0.036204798850989914 0.09041715803686846 0.01526874134757632 0.6039516720612104 0.11528988510560184 0.13471457918025928 0.06491680108375873 
1.0237794149890034 1.5803237223109186 0.03939353250149276 0.056585441319081886 1.5769797898160594 0.06022435268124869 1.0847515120263296 0.04439302864467537 0.16280803529753837 0.06078107704853518 
1.0446023270064213 0.055289232511877374 3.411278159973535 0.04791918414734911 0.029927751016155933 0.026764716970365733 0.03917830672092634 0.03101867741467145 0.11033273450738058 0.05999735262329563 
1.0196899233854952 0.05411979368904547 0.06396074536477259 0.0752732190790259 0.07483990091492745 0.05110829921368858 0.03924510295947812 0.03025850712068829 0.10170774595945731 0.07401119213787159 
1.0370280086831491 0.03331737060496425 3.4482719977418546 0.2798632159788866 0.10788160411041806 1.701957702696918 1.2339368901578238 1.8497371201566044 0.13874692555225793 0.06816368787123157 
1.0113776870257858 0.048249930585229084 0.07233941354242558 0.037432122938800994 0.03787896311873713 0.03567756650188919 0.03913816701267609 0.01431843184903702 0.10932119264360653 0.06899889098371742 
1.026283424344731 0.04336128048404489 0.4826148628815104 0.5846314447705689 0.027357281557556457 0.03154712195670981 0.40450260342088945 0.03443112511160735 0.1203113309013109 0.07154055249438948 
1.009502664643455 0.05908465465217207 0.10477645396219563 0.08161134381154436 0.0306634675220729 0.10619621036558748 0.046482252663251684 0.02368025782321731 0.14267708508655388 0.06010790437376344 
1.0217430461413954 0.05331133735120511 0.059548398785370216 0.06407096293926058 0.022329218245107762 0.03109311781877232 0.05110541185717691 0.02570368748274875 0.09537234162443507 0.05927977868904282 
1.011420317058483 0.05066054013258228 0.06134390669618229 4.757678800144163 0.03113930244484984 0.04627189085517361 0.03684746330425905 0.050544046157484535 0.11219889786627193 0.058754012715756594 
1.01337582274373 0.0535054567380505 0.5711948733419288 1.5492445870444302 0.026915089830215854 0.04383170327353059 0.04834711035565238 0.05011638627480571 0.10616806629475015 0.07703965644198381 
1.0147649712870712 0.03735652990904181 0.06315023968188566 0.5269056659926008 0.04609937690866102 0.19383660900029984 0.052371110977127766 0.0234490354888241 0.10722217596815577 0.22131492003525027 
1.0287065696497975 0.04966646157392106 0.07217552874948142 0.17987129680041902 0.023411596763895964 0.03943263875218198 0.02822903061806776 0.043036283006189696 0.13424222005535252 0.1224984427835153 
1.0239587097140692 0.055729110497880804 0.050270910634243826 0.1357608172010397 0.02205633041964758 0.023762277187152733 0.05066480111571878 0.037166273319460756 0.08391567758686261 0.04684228149498258 
1.1270848046243278 0.04799192882266702 0.03318246862520098 0.6251721120379625 0.19664562090222776 0.04319509576705087 0.3562833217331752 0.034991242762716694 0.11880580961799453 0.12974609736166362 
1.0232833938616293 0.044725595625102914 1.0461572679670887 1.8306138916173769 1.3966388282533602 0.031003741472359722 0.0710482174481738 0.7010206605365359 0.09302403445359371 0.05494507429487215 
1.115083305647709 0.04322569950375998 0.06275913909849053 0.42601511515979484 0.03203169518483512 0.03439394550091989 0.038017506949073195 0.016871955980641125 0.1827336751068183 0.07536732976204279 
1.3092294126182025 0.03943348401193815 1.0906230791581484 1.2626288412609354 0.028344619128610225 0.024745183222104124 0.043865223779869594 0.5618096997909335 0.09880384932187314 0.048352225223169405 
1.0344454113838666 0.04149866462583423 0.47303599930589857 0.5845033985994365 0.02691544869936456 0.35488395384695653 0.1182897811653161 0.08156067206561263 0.12006450975147372 0.09059688330379109 
1.0266397888284233 0.06935037687374825 0.05635744238494349 0.029997394430213643 6.591657725161717 0.030207175675643304 0.0721018256923843 0.022480476953523273 0.1050923990801753 0.07948113105541267 
1.7504505911938115 0.05841883336233683 0.08490385343265582 0.0779947635889856 4.181048849483301 0.030560378412525412 0.046495634502835434 0.013056539541706968 0.5914348874684807 1.3545252187271022 
1.029764751482061 0.04310264605918048 0.03259545618433478 0.7395210003442518 1.5309216681820441 0.07239442133911919 0.09596801146659426 0.04970344685978653 0.10162998915449044 0.06704624227614958 
1.0200186419031292 0.11043301258133816 0.06814321044843158 0.2377362279070583 0.5687697299357175 0.023802560318980294 0.15527836139368703 0.05967979523254961 0.09362442601580163 0.12025670109883994 
1.0264110712438614 0.04574982361293579 0.06366497839168991 0.07637388044258801 0.1568018522241532 0.028538666708652235 0.033994989647205716 0.03159593745448492 0.07898635008040017 0.04987469278300019 
1.0149069963672317 0.07948157613906616 0.07043756764248786 0.19948722761678891 0.3703144754762581 0.07507886153293525 0.034934634227968824 0.02388923968678459 0.17773774700584405 0.10738045166978756 
1.0242320653654322 1.4544265924128181 0.036810346301939134 0.04622501311753747 1.5724642455283462 0.027228316104026613 1.0875609162794084 0.04591874491919408 0.1082985589173797 0.04540070016847087 
1.0183946711981784 0.03695720035836875 0.06217187033794168 0.08698036813249344 1.3236757484260089 1.3746112723379975 0.0528585965212257 0.03293763910606706 0.1360231190645742 0.046432634147620264 
1.0310127048978055 0.05214284357389881 0.057643878796914336 0.05774007566711783 0.03452956918757908 3.4119397621725995 0.039190631853378226 0.05446196654249422 0.09401043498155175 0.04805705881217501 
1.020623349474008 0.15230230070042045 0.08262250382101252 0.5734653294735875 0.04806717349404807 0.6514942384389011 0.04596907407042356 0.06682432476523245 0.09176005660833514 0.08668193027620175 
1.0066819890374263 0.10796219140994497 0.069252271523646 0.07417003678354825 0.03280065380071137 0.1117997945813301 0.03611363548215961 0.02428854882306082 0.11844042791086878 0.06755849542300003 
1.0200773692925338 0.037840370280365423 0.06678790032072998 0.047562698983638345 0.0383696391812544 0.07982494005907258 0.037954144496655656 0.02839299707632714 0.11063281709053988 0.06892475302855529 
1.0199043726765027 0.04546769149139138 0.07984844690046546 0.04520280590229637 0.028575742078540495 0.22085099735059424 0.2034426840827745 0.01962952930395074 0.11660659512897317 0.0611233021020055 
1.236210922560216 0.8272078715784673 0.03025232138417438 0.306592078364842 0.5883825524890974 0.7551859580656615 0.8767904641209822 0.03663012992311662 0.07811835934414305 0.1317489035548018 
1.0107889727401391 0.04829806369284269 0.04621910827918778 0.06981927283544007 0.042478907508782804 0.045812144503037236 0.049305218704837506 0.020071126956022423 0.1061573839812643 0.06890776714562669 
1.0352520842296236 0.03303962218648683 0.09874051702866932 0.8747324199594705 0.07445915903954475 1.0203667762308264 1.2319566631459458 1.4216498629924488 0.13890004701840103 0.058609417752314534 
1.0245016567635923 0.06478926770381213 0.028104651264555046 0.09193040102996008 0.02884128291901413 0.0622329472534392 0.07766172661288775 0.014676120920111502 0.10189440416235718 0.05441867996229635 
1.0353154095248034 0.054020342290455284 0.07814686258312459 0.06940211276003005 0.033358317153254484 0.02359754549314734 2.8062633621747963 0.0443089913507712 0.09403897137266587 0.06818297183768887 
1.1462292334187199 0.14531029197883624 0.2639090097243202 0.36993192644698764 0.020982615464029897 0.043167856993374415 0.3998453900722409 0.3385251071235322 0.10684785748772366 0.06755934464396235 
1.117801829263472 0.049869186613748874 0.028855098567815214 0.6164375300162519 0.20571071888288242 0.7037200343796085 1.3933428501194434 0.03152411074940986 0.1382000426715642 0.11788485121335579 
1.0146027946227003 0.056238016845978116 0.045360222164997126 0.037735850210290064 0.03881392125652995 0.03382566522570961 0.09366231302058259 0.016589002480680657 0.1011965537524461 0.04866797522888945 
1.0037599480087884 0.06016143988928181 0.038304913581060085 0.05137848771902062 2.756311469419129 0.10461350102212891 1.8503179817435669 0.25573336766611227 0.18218109675558816 0.09783833381961089 
1.9367505136406526 0.13561434017288643 0.08215510697232718 0.0840827909633882 0.05065346568538297 0.017853227345192832 1.0860911866612586 0.033082194110645835 0.11096892817059473 0.06307795720582302 
1.0252715403188006 0.04495354213048439 0.9454659175547914 1.0799739821104533 0.04541732621956947 0.18188509553052 1.144035611039577 0.02735702984318416 0.13945295319741588 0.06911411308383056 
1.1460545552631012 0.09811961142147416 0.03240399633031394 0.3803615681850633 0.020875483965797907 0.05036087198000781 0.3384848001941478 0.34195456599123425 0.113903546811406 0.06435334073716986 
1.0158399055644867 0.04287827683301529 0.05795227151434999 0.10075548198340935 0.0932362461768271 0.018687401470977222 0.1989100775363429 0.22433118518347345 0.13192282857801646 0.08447966064632076 
1.0189971507842783 0.04808222152400869 0.07596292691072984 0.09467446963483295 0.02882912034929421 0.18272365338082958 0.2026991332602265 0.019863564231253603 0.12095479745327287 0.049319600940003545 
1.0412253224157135 0.04286934834056123 0.0671020066753577 0.048938633108930193 0.03428539193630608 0.03564654039346689 0.04078982391249862 5.341252318479733 0.10777484588663616 0.08193759523979958 
1.009495356853269 0.08313118134329994 0.6155313136473151 0.20608307379675747 0.03806313285148827 0.05305749256094088 0.05625479547287396 1.1890298318931716 0.10986599137619421 0.10558429448206444 
1.0132981096042504 0.9071665128716052 0.06825364839973236 0.02779264586230371 0.034419255503528805 0.03145293911963715 0.6167829841909377 1.2396883909236718 0.12658254501319516 0.0742410253209916 
1.2132323537454506 0.042203616635127644 0.06375665125466547 0.0799739419536597 0.03767803622691901 0.03698573020527291 0.031979397486336866 0.31009505050253133 0.10990733182355426 0.05544276876867114 
1.0259681914889407 0.031735588554438234 1.090461854195553 1.2383894810191565 0.028242238802307577 0.027234700239041027 0.046760324651463056 1.7183710397577205 0.08547738013698364 0.9646047361514176 
1.0190185743011106 0.04223596177711432 0.05732312345343049 0.11130636441716496 0.046688408548759025 0.03267443717685028 0.29685390163723346 0.513576597104959 0.11865764775046617 0.39685254832132416 
1.9357431977374708 0.13185578871993406 0.09664956977349932 0.10318237241540493 0.056055928249657994 0.017880855562667827 1.0855763980006299 1.7144171577428635 0.10268240755266429 0.9724294160468241 
1.014632369045558 0.042204113544314234 0.06210945271658395 0.08440429113728068 0.11504570002943543 1.4478594027290075 0.07312493267480309 1.4396565046150138 0.11879823973067971 0.09279645383597299 
1.0194840181612532 0.055568434427511096 0.13477627997859543 0.18511907198622035 0.04576637607746066 0.027894735382993283 0.18355878887940624 0.22568930380410976 0.12177794096061206 0.08466715712223233 
1.0209563116126368 0.04282277988077538 0.032673237400283245 0.05925540978739757 0.026284909512747274 0.02553384620404795 0.04464957949269558 0.049642438503686284 0.09765857347468158 0.06101638518409539 
1.0155961727633942 0.04410621212455337 0.06375390869269335 0.08148811395083193 0.019043062095595364 0.02870962698859884 0.048021360197333815 0.046627628230667906 4.532452650042332 0.04582307080761474 
1.02009217809125 0.04131069788837725 0.04249959671193086 0.0771642941320282 0.03090786286566738 0.029513857248540394 0.0442861353081965 0.04152659203134868 0.10512335859284602 0.0499052980018865 
1.0138975072922911 0.04092238968784198 0.06546317376396873 0.08468812317949567 0.0188659745147379 0.028523265067807033 0.04890948373645305 1.9823942853716896 1.903351204748527 0.0883494935102806 
1.0212651225604292 0.05130273209345143 0.06816252850412641 0.035274636832620436 0.032993155536935506 0.03212703804281567 0.03972281857046706 0.014398036202683956 0.17929273446508553 0.08014309302750468 
1.0101518733547088 0.07500537416126674 0.6090040721619581 0.18810057251282045 0.018984326557154933 0.69873663472382 0.575450242823728 1.189847897703825 1.373749843056103 0.10479813050027072 
1.0129613743700596 0.06133867472178299 0.05242679052536277 0.05941215077977187 0.03278132057319344 0.10564629112142822 0.03413847505804983 0.024271304702816455 0.1705526870723038 0.10506194928570652 
1.0088637357809644 0.03973144686560142 0.06572645891266737 0.04119350781258637 0.03782164910862153 0.04193826074935924 0.09998703492332825 0.01604985796825948 0.16161316862289146 0.061542908253336574 
1.0357523435623004 0.030675181500544206 0.05803522786544844 0.17293692719745493 0.028758722909575943 0.05798651091024762 0.452734852582291 0.47793901916305526 0.4446411975940725 0.05873364971530949 
1.21091476671547 0.043824285215653555 0.07127477964257342 0.045836170980753606 0.03913100357537591 0.029469279679008805 0.07419611687338423 0.014357719253102166 0.20829358874774043 0.11128929016228223 
1.0154663374535045 0.04129220864568606 0.06964329423068191 0.12385939704750445 0.1633706449627322 0.029728753186300683 0.06602889801275755 0.027797181995350154 0.1425971694299312 0.05354409496267097 
1.0255655576522973 0.04061801770771332 0.06196979302308794 0.06971975871874797 0.037544242284694385 0.029718640307453345 0.031274022500054344 0.03583177053529816 0.08786841842667692 5.34722273799312 
1.033484196277529 0.05161168722745479 0.0881429591185331 0.034442080074637116 0.04378736997582999 0.03949368558212008 0.028193646969787003 0.04182859222773568 0.5825434527938834 1.0256392757706854 
1.0293185500916533 0.04507965746679139 0.07014191158372413 0.04119749988676706 0.03347473942631557 0.6150317513123185 0.8185447275610175 1.198723981116224 0.1057901732176188 2.01803614649142 
1.011283523023722 0.3963028438546076 0.06094058710292327 1.7851298574745085 0.03375687311224108 0.029642103704643062 0.03860738204185265 0.05025071678417467 0.11220113716502492 1.564888571005309 
1.0152551008716633 0.3071977558030454 0.5665020294188581 0.06877168602094895 0.10082793843609762 0.03027198826623881 0.07067327112456308 0.0705109099788466 0.14426795688041708 0.8218565422884995 
1.0146537377801665 0.042007714148333195 0.05873276663187668 0.04620147270319525 0.060309527925711454 0.028627545751681166 0.09925233431473172 0.03506856117326821 0.16390028465768336 0.23507564538830553 
1.2114615669014681 0.0462964898105232 0.11654948998976922 0.07715034260726841 0.044406292823747376 0.052785800230440265 0.03401690479711665 0.2992408045115417 0.09918446618116566 0.4010170955863232 
1.0277878523411819 0.057204420008293795 0.03314576840631864 0.044032440502835835 0.0334860395301243 0.01888811913032966 0.03714572669353507 0.052995583578248406 0.11769970301396003 0.09616812193937038 
1.0158972323895765 0.042174911708813295 0.05778017997223961 0.09858031482673033 0.04455261272897064 0.4186427856316591 0.4994296444769459 0.041291848625232025 0.2760671844342898 0.767863464350636 
1.043007854899856 0.03505116157600159 0.062060469132093725 0.07206392238017663 0.029966504817264747 0.043316160403687645 0.0541890477737831 0.03758055095487256 0.09465860839065363 0.10077834556927931 
