3.719605238738497 1.9650405044857313 2.084435369125515 4.539343736825948 4.844196418507788 
0.6026508979400927 3.7581742416851247 3.6892815543740634 5.029169209032591 4.735087038244823 
2.185644414709855 3.3387228857029645 2.0817782354512713 4.533557209078078 4.838021279849653 
0.3751187086960765 3.5948971300746435 4.311967704145696 5.168400891095543 5.1138509211240715 
0.29942550110539595 4.48039870585123 4.468890831319729 3.890365744031603 4.7675666115386575 
0.25382296137002286 4.089911040139423 4.2061825704670515 5.014782189920021 4.754017966335589 
0.28535554755832476 4.881941342347084 3.9898169888828665 5.247654884869153 4.153321978550263 
0.2813733536325396 4.468495298303254 4.453602913370639 3.8774631839209386 5.19909179010114 
0.24335788585805362 4.819132974255189 4.858438250397288 3.813175951452512 4.510198327231281 
0.23601847748296456 4.479697234169452 4.222039760335436 4.448888522189969 4.759822406607973 
0.20306943189991683 4.517650338885662 4.17456659397028 4.921476136718329 4.452193390541143 
0.11945845468355078 4.562693474412524 4.485634187815318 4.838427832219735 4.728669428409713 
0.18675387867241577 5.038231488226041 3.998850619735692 5.097936988725469 4.574394270363121 
0.23408382860391883 4.4615373738426065 4.452142620081172 4.858520149927101 4.134362107915516 
0.1579478177942294 4.607463930284648 4.467655719036849 4.448295157809713 5.0447532961404375 
0.11696372899992338 4.962633589368592 4.415792327554176 4.9117442296773355 4.4590026329713 
0.11567729837708038 4.278057556364977 4.590777784923963 4.961454057446095 5.172190941374807 
0.10263518918970928 4.385676867164949 4.622827858292239 5.208808393652195 5.014485492035056 
0.15134575845683038 5.009791463771823 3.976434351083006 5.0793641095491555 5.027131338944555 
0.0924102581524494 4.961408968912313 4.535183635371278 4.690405323162422 4.731239859443069 
0.08888903829808303 5.167302722614238 4.421769703874504 4.835952099739307 4.722875288347162 
0.05490347820876646 5.172674670932967 4.760344676420089 4.569828658403905 5.185241387746118 
0.0584864486595758 4.969629772912635 4.741685300550684 4.85058863775815 4.740554369421214 
0.08026047214208765 4.849242382796163 4.599545821102156 4.5607151135924155 5.174900534012202 
0.07847893300810597 4.842770142967857 4.446796758743235 5.007295657753907 5.037274040180952 
0.04789643867965112 4.982377228019661 4.896337250660825 4.8635064375104955 4.7531791324412325 
0.046449864950238826 5.033016827723159 5.087955763035929 4.860376793489394 4.654759999187165 
0.03721168928046381 5.021729258214326 5.076645614563172 4.683688621487613 4.934872971307032 
0.02597310328832455 4.959312947654319 4.704607368813525 5.175267039712266 5.173219369643792 
0.06155634846293721 4.86930556910845 4.876242532146841 5.193468304458822 4.537816692917972 
0.08557810148808072 4.67111125620808 4.777026975662476 4.585947861972151 5.041686695544757 
0.08460369787524494 4.609355150601402 4.587703510800108 5.068117654352724 4.707772046716474 
0.08028156584425661 4.674705964095697 4.756877067196255 4.566500195364873 5.1745634766908335 
0.010831978060765215 5.00743064870562 5.09509488460214 4.992302528172886 5.029844443634433 
0.08118027552794795 4.569614982483061 4.755219459874043 4.984374261287146 4.729901847341003 
0.06420145662535223 4.571237603819826 4.744211609776792 5.212270052088169 5.024793314456924 
0.07338849017172687 4.810035611263045 4.403241336407057 4.958654755769068 5.164496813719219 
0.056203146927871844 4.943280753446654 4.874274891224666 4.570668001960127 5.035066156051056 
0.029707655071471287 5.011891658028812 5.07375787626514 4.989732126262355 4.7349861716945885 
0.18467381214131426 4.071012539549061 5.211568417023712 4.592892297859958 4.756433111144472 
0.1655788615764967 4.071187466213388 5.217398633479666 4.5956548936844905 5.21698041908585 
0.15191406774772268 4.101086953661855 5.2488108848210215 5.038408925506054 4.790423129656599 
0.24609720361698575 4.087631635670286 5.09183018927802 5.196581611680467 4.1106463243938665 
0.12530966089846446 4.334564241657984 5.2084335855196064 4.950894142193316 4.8332158384717046 
0.1599994094436882 4.448237423316137 5.077236753625182 4.279573653207874 4.728707060524329 
0.20605026877809107 4.072826464562428 4.756048621537697 4.6024628803392575 4.757294088932302 
0.2843399777555612 4.37119874627592 4.852912933419614 3.8456428972436134 4.50562650617236 
0.11332156591280344 4.330471431258091 5.205979888893469 5.306899613962393 4.8311541099327755 
0.22853632752173147 4.558310692819029 5.488506365015496 5.580869512809347 4.394683478108257 
0.25158624364152676 4.397470883014452 4.886142393865343 3.874261927753361 4.91463162745765 
0.13677050689752776 4.197611098946201 5.270948343445235 5.389446803843814 5.397243716287557 
0.09285304577879751 4.27026636651754 4.850866004671483 4.957079822082335 5.16804517018022 
0.11734053839459183 4.3701373683508455 4.878847844454225 4.574956116903836 5.039789960627776 
0.11736758857235514 4.570277029976551 4.886438306326804 4.497899817652242 4.7394455661233446 
0.37888606099910366 4.388826784716396 4.610856241464712 3.8673774621778834 4.063222457231413 
0.11343701664846564 4.502702402731634 4.861561451164197 4.9182241927661465 4.449251532657835 
0.38411921987475556 3.586961610692957 4.300260394420994 4.906761499874115 5.096968811763448 
0.17001970629148247 4.531982447285709 4.70797851407934 4.370833442677163 4.44416027511062 
0.08812671923724687 4.544105062800209 4.826166672692996 4.570823353594229 5.014160296983319 
