1.7381598650242782 1.7381598650242782 1.1104143497192762 1.1807177329441128 1.1851876473851677 
1.661381563457404 1.7311215742623638 1.7311243506780807 0.7341910295842194 1.0666788847302546 
1.6013429276267603 1.7454659303484146 1.5245315039723182 1.1628718031120446 0.9477144287498673 
1.6254821419916115 1.7376343635274736 1.3027887194124583 1.0654143840786856 1.2192855101143165 
1.7294313511310742 1.7387235329044664 0.786415422071365 1.7387238666903664 0.9616012939641938 
1.6772469637373195 1.737251310631274 1.737251310631274 0.5702189684071471 1.227036689118081 
1.7149284314775048 1.7164023143472447 1.7163860122652799 1.7163918295951353 0.0015006697038139898 
1.5577875580849603 1.727318222142364 1.0356698609766304 1.6651388774600633 0.9235450520011577 
1.4849980975000296 1.7453525216050763 1.3462402754134073 1.4572730335335535 0.9476597357381572 
1.3629391802648962 1.7403885446984475 1.5563246398362538 1.1891338258609587 1.1127679881332335 
1.4858217716008795 1.737490448672956 0.761954326922882 1.7374907955851957 1.2272058395588696 
1.3036529217860746 1.7323926358934254 1.604556302221558 1.5329562021062464 0.7560124815663968 
1.336556267452612 1.7377124234132248 1.4599650090233194 1.7377124234132248 0.6789035703505184 
1.2588007383790103 1.7319116541122237 1.5506958326000269 1.4460702066727413 0.9403745752375919 
1.2360063409570041 1.6737721373778929 1.7292135054646944 1.339779624021061 0.9395449886802574 
1.214488545213494 1.7192079911249871 1.1645445696686176 1.7192280827473931 1.0594431422350807 
1.1704570082114754 1.7376907847248662 1.5685599952543976 1.4669768983852853 1.00707845232344 
1.1678749961141675 1.7142185559677443 1.3364606514644743 1.6503925503100016 0.9881746821096077 
1.1608063134315674 1.7383882909891983 1.7383888880479603 1.6416769485042915 0.6742951112188237 
1.0556247564259353 1.7114039184380778 1.6694765474554152 1.417095638914522 0.9921871759953068 
0.46621695636043653 1.7114887120329034 1.71153865911859 1.6533454998163095 1.3035648091461203 
0.6645374074997963 1.7312107892666422 1.7312532545417079 1.7312532545417079 1.0667583123169775 
0.498904629089472 1.737675256127142 1.7376759786720501 1.7376759786720501 1.2387720721274862 
0.6028324148183708 1.7134632274993358 1.7092707091245376 1.4669645692614406 1.361500176174118 
0.32268130584258314 1.7375956402896897 1.737595667627442 1.415109910879004 1.7374001458710493 
0.1706526650855239 1.7137870821208792 1.7138485157598946 1.7138485157598946 1.543257284313386 
0.6385661706398581 1.712631480824495 1.7126582002888675 1.2434576716139216 1.5433192777883278 
0.8297512756986901 1.7341926740009155 1.7342286806674512 1.6966713770245396 0.9420707152782083 
0.5181298548768728 1.7391307539028928 1.661034429474469 1.7137220469719072 1.3246828697565187 
0.8976042697489152 1.7386508489873094 1.732863180636838 1.3622553940452484 1.2232724364619043 
0.050093940565212214 3.3556940655710745 3.3058637549940375 3.355825880565162 3.355825880565162 
0.7085100320947318 1.711341896979277 1.6471998617607464 1.47542110744822 1.3030400133923898 
0.9094175261220054 1.7321813045188492 1.7322746810039353 1.6774568799679657 0.8777683324029857 
0.9762423171089448 1.7126436817497246 1.7126620011664675 1.3909684259899178 1.0581315786508152 
0.8815689734629465 1.7156338089389007 1.7078377528490911 1.0141889767270433 1.543438543413947 
0.7819564411598293 1.7386108407113698 1.733810542628931 1.7386452048421608 0.9615577900263522 
0.9592935199154448 1.7294595706769211 1.7289778309327244 1.1829934253411385 1.3172374993915161 
0.7461725969784765 1.8198447426847246 1.6057224327838013 1.8198447634292902 1.2877945178408683 
0.7705346751114216 1.7340653078403172 1.4773294753402144 1.7340834617812981 1.2206761566118616 
0.7834271746394533 1.7376692862585046 1.453145330006915 1.7376698254985454 1.2387676855907634 
0.6120829767210959 1.7158184393137637 1.2760669091658376 1.7158602293448366 1.5436123628338128 
0.8192913386479501 1.736986339122785 1.5447672838059403 1.7370231432896879 1.110024468292388 
0.4396004236277361 1.7117197831674162 1.3389128367668235 1.6880046368957182 1.6688455479183577 
0.7833131812918394 1.7311646689060332 1.4786065949920921 1.7139232252035663 1.2180718884001651 
0.9213943082554458 1.737653996133357 1.3265991231493242 1.7376474473778898 1.2273211096174115 
0.950834667045049 1.7325793065526962 1.5242549674566408 1.7183165790804564 1.004456398308685 
0.72518696255753 1.7271825109992465 1.0268165469320698 1.702695206448155 1.7272937423123338 
0.8448813541393487 1.8141578876733058 1.4428798959189095 1.721444841637152 1.4334219225825948 
1.0149146130795708 1.737620836536641 1.2372425051113565 1.7376212449362796 1.2230857800812704 
0.939361901894041 1.7373498282776016 1.4994156050958698 1.6656815943189256 1.1075903835239684 
1.1098870889945895 1.7387804904296376 1.3033277721912007 1.7388519072396469 1.064560370103513 
1.0202767937802015 1.7312351539805468 1.5038750229999516 1.6663752074444718 1.0033639743581082 
1.1300443290304125 1.7141195134716227 1.3102728609989462 1.7141855847409686 0.9881200507219244 
1.1690217215318135 1.738622437856516 1.346728021784183 1.73864289857203 0.9615565145435775 
1.149535586597527 1.7324251789682819 1.0958938203464246 1.7324190594161928 1.219428618906807 
0.8640363378877584 1.7310143491322745 1.1280491383385989 1.6260970557458576 1.5752381404539328 
1.2205572429373983 1.7382283404199732 1.5865197922832976 1.7285777948910757 0.6791132450278992 
0.9917671555265095 1.7380900814906906 1.2615128890063338 1.2243904862775323 1.7367177465657049 
0.9683417782417958 1.7117179944886145 1.388160194704122 1.4758038312655972 1.3029674447091215 
1.1608736227920209 1.732163227447177 1.1042918464236477 1.199550412553649 1.7320331460448732 
0.947654075601965 1.715831702189273 1.409773504218843 1.246571002127241 1.543612864695713 
1.0208896878234752 1.722281614568412 0.9803014278576623 1.6225167187338934 1.5434535648366687 
1.106105768310056 1.7158744697767636 1.709152616673698 0.7888114300993775 1.5436459433791578 
1.2637316843863793 1.7207903381352778 0.4570951053349726 1.7208085639283148 1.7208085639283148 
1.2023928283474739 1.738727209483656 1.3673633764118582 1.0950510051596114 1.551618041953811 
1.481110539008553 1.73891913802189 1.3302491907528717 0.6787806201448808 1.7269009552762067 
1.3338089224411989 1.7365790401320615 1.6443255708204172 0.6700939357675314 1.564369235500158 
1.6258516886381282 1.738103148539526 0.8208669151765259 1.0309028413790218 1.73670575328406 
1.079986059987332 1.7115470798151624 1.272309499956686 1.4780254382858027 1.3045953269105048 
1.0107530016939779 1.714925668880797 1.5744925965783063 1.345981858566935 1.2135496042248355 
1.3504283412824347 1.7315735694030894 1.4862603609230685 1.0392048756689536 1.3188958839876572 
1.4190949175976804 1.7268325531896078 0.4713297064945486 1.6139625622556517 1.676449344699229 
1.202688731515457 1.7170642960982307 1.5636942353429766 1.1607326700617118 1.22407841406438 
4.86141737211634 5.097434991860584 5.097434991860584 0.453723295172968 4.87972931643186 
1.1645752709945674 1.7305068497512717 1.1124184548497955 1.6959811847549422 1.2188027062462266 
1.3378705274097553 1.7386816652861063 1.2930979747912839 1.3624850806914002 1.22259141296588 
1.5221307734483434 1.7104471468016513 0.832272220480222 1.4746224057835962 1.3023346281823542 
