1.9835352424273727 1.9835352424273727 0.6635718960528977 1.6434435521591966 1.6600550366426512 
1.9836699572729113 1.98209502297089 0.8364881836257662 1.774120034780118 1.3583285383012265 
2.0816988551556594 2.071968295830713 0.5967184835442871 2.075929345654117 1.5004804404378616 
2.0819512755464964 2.06899607398852 0.5446889765824297 1.550219279658761 2.081951868592069 
1.983627988059104 1.983627988059104 0.3234953309891527 1.983627988059104 1.6601326570699513 
1.9836853319814318 1.9824860118379273 1.1100180450938566 1.5002306400315868 1.358338210946679 
1.983835378340702 1.983835378340702 1.199017327142276 1.114444802427027 1.6542086271121008 
1.9838043635644769 1.9705926714501958 1.0410393989528128 0.955979596951937 1.9838053436398075 
1.9837700781823484 1.9837700781823484 1.1041741058740875 1.8233170878522407 1.0400489626383687 
2.081941509374884 2.081941509374884 1.3666922444057594 1.289616499210048 1.5075742751339607 
2.081960801434013 2.081960801434013 0.004319924585173402 2.0807152884113713 2.078886389871481 
2.10397778692896 2.10397778692896 1.5220763740238756 1.450815289058468 1.2350639107755768 
2.0817837601746714 2.077346658743523 1.4046378416239256 2.0791528837767768 0.6842138963797887 
1.983995400043748 1.983995400043748 1.475323748963362 1.7998750162328114 0.6927920348913228 
2.0818026433024066 2.0766968849018497 1.4757304719524857 0.6111814701607813 2.0818038234391745 
1.9836666020550027 1.9814140084511134 0.3428779529668208 1.683951995231726 1.9427871838405935 
1.9840642429191861 1.9840642429191861 1.5191083378814592 1.0184762275481085 1.4305439204088046 
2.184051000195866 2.184051000195866 1.8260513046521978 1.7794011771475267 0.762649518592008 
2.0822407235444116 1.8602023545125095 1.2542962343823831 2.0509008676190996 1.0813227141192425 
2.082121071734819 2.0821111002607373 1.749825226075476 0.8020928625598441 1.6123340263083987 
2.085299188737141 1.3567102159719957 2.0902317501529137 1.3406686830963586 1.4880171626532457 
2.081854712265267 1.1578928865845612 1.863154029317829 1.8288745031985028 1.396063305280247 
2.17797940776742 1.7060039698646354 2.178677397152694 1.182551312359956 1.4794866752416143 
2.0821411964585157 1.5805009252019506 2.0821411968398755 1.5729544740686616 1.0108269947904984 
2.082355306540119 0.9611128052020917 2.072884681279879 1.4786122977588994 1.7344561353794865 
2.191419388757554 0.9988966162593719 2.1852566904491018 1.9210950339129957 1.469552662226694 
2.0819973944575474 1.2815409940082911 2.0819983229149392 1.9359813730061737 0.9464752072728052 
2.0785041035931267 0.717869733703281 2.070321533523747 1.7267301636054415 1.7340587514519517 
2.082148841170313 0.7625417697697243 2.0779921056112074 2.072378111117636 1.3335345370123715 
2.081672428522688 2.081672428522688 2.081672428522688 0.6684989419345764 1.4131734865881118 
2.08114936350788 1.3539080188178585 1.9540491832660838 1.2028659359729716 1.7352326907428077 
2.0778131026101945 0.4309427130350413 2.0818883779529105 1.6556369939483404 2.0812723242651554 
1.9831712769275813 1.8776662141361196 1.9225635538042132 1.6344640461657172 0.5176771019269355 
2.082143111125533 0.3623837934064713 2.0676170866335193 2.082143111125533 1.7342853422110756 
2.0817052523564086 2.058328473316592 2.0708587942425107 0.38011168477465057 1.7358168047354723 
1.9839978078875014 1.8876022132436727 1.9839978078875014 1.122745641084329 0.957647761447001 
2.081790093955475 1.605091989529974 1.9614142018160288 0.5971007127643394 2.0817633777560833 
2.0819546585892077 1.8642706121862447 2.0348404298303353 0.2648734386702802 2.0819440884006464 
1.9816849957421538 1.633564375783805 1.7854974791321212 0.838977370251839 1.6964428953381063 
1.9829367080487568 1.7611794152002722 1.7667035467330372 1.0693152460358029 1.354696633778941 
2.081966644833545 1.3709784156047733 1.072547429131331 2.0809352876337575 1.7214388021307738 
2.08199359011925 1.3038046500268796 1.1397528193763042 2.0809622195714033 1.7214610813831632 
2.08223776008148 1.6546719000951629 0.48791512533616366 2.0218884947316336 2.08223776008148 
2.081952979184542 1.7829875448603394 1.134217749346731 2.044741496261826 1.2839121470847303 
2.081931738669508 1.0623740526001875 1.072555225773579 2.030868057546034 2.079997880088724 
2.082005875490757 1.6911357040724884 0.8864171071080127 1.927629704285906 1.7408351110058635 
2.081956748965777 0.9068080230175299 1.5367062073112507 2.080925396668169 1.7214306199003815 
1.983560824467323 1.3178806863659187 0.8415810740931365 1.8076598884755908 1.983560824467323 
2.082360334804127 1.1774947072109991 1.5875260703459058 2.0406225275105876 1.441615157032527 
2.082309807412411 0.7685369911557018 1.363860807501995 2.0823742200387025 2.0324150540459995 
2.0822275558407504 1.7743504001745793 1.4369074550552745 1.9499102996247837 1.0855145126676136 
2.081810785830023 1.3372586181637753 1.3568833399605416 1.9394319531736415 1.612150238865129 
1.946327291115161 1.4969100197781557 1.4729385848380232 1.79500453948868 1.2244321486005434 
2.0821277783408405 1.4787394278513095 0.9297727009340954 1.7561618265288668 2.082267244551704 
2.0471167821314893 0.4820347830729931 1.6514691215857593 1.9719161944184658 2.0359302520765112 
1.936627115590221 0.6355421975814557 1.6801396359034741 2.005730131615879 2.0708418866971345 
2.080971426112244 1.6155698731999737 1.3509052816267013 1.7733400145238092 1.5077057604508715 
1.9839766341625156 1.459082580538061 1.6826827935093156 1.799741185224657 1.010423343215513 
2.07895242893001 1.6031907648790036 1.805384262882953 1.912922089338238 0.9282438323030386 
1.9821766516657893 1.7168349708227018 1.8296022798973555 1.8895782506027177 0.5176999268884173 
2.0907047884583743 1.2324654501109 1.2410357188140078 1.709850415657102 2.0887627807931133 
2.1929743064083835 1.4868690596590994 1.4981346662780464 1.400944886879621 2.1929743064083835 
2.0819360496682937 1.5762682012912232 1.5843359151141854 1.0032679829311786 2.0819360496682937 
1.9837878091464365 0.9727783854958142 1.5679532312856528 1.426844001511406 1.9837878091464365 
2.0820439159165876 0.7304871975885942 1.740748567276868 1.7042294585792677 2.0706665243050324 
2.082084760537462 1.2984965625369207 1.88421292637227 0.9948619292477583 2.068682865803637 
1.9800122560826015 1.5887852955376787 1.1375519757032448 1.5331237197273777 1.6963746611013082 
2.0780987918199014 0.5706814824501183 1.9417329500810772 1.6555897592855482 2.0812129463962292 
2.082102920243173 2.0820949883925817 1.8177375896148886 0.2682539050006309 2.0782222800750336 
1.941889170732292 1.1253711688214822 1.474997693866385 1.6696102370257564 1.723830836788839 
2.0820307202088313 0.01743866969222054 2.0645920505166107 2.0820307202088313 2.0820307202088313 
1.9834186179708877 1.9834186179708877 1.9834186179708877 0.0 1.9834186179708877 
2.091368832064102 1.7465335633086891 1.7520352622466615 1.3557816400269156 1.4197560306100403 
2.0821702189738778 1.8697656238544815 1.636963576115036 1.7289403732107156 1.010841084381709 
1.9838290920573138 1.9837648170134217 1.9792425119935941 1.9516126562667768 0.03686731044946755 
1.9838452901898043 1.5006310218555297 1.510795377615696 1.655842126191914 1.284267344906273 
5.209303672727703 5.209303672727703 5.209303672727703 5.209303672727703 0.0 
