1.0126685016580381 0.0 0.0 0.0 0.0 
1.0125922404074037 0.9731483571341879 0.0 0.0 0.0 
1.0125868309123562 0.9731483656857506 0.0 0.0 0.0 
1.0125604807087525 0.9731491468248302 0.0 0.0 0.0 
1.0125602661342712 0.9731491481022242 0.0 0.0 0.0 
1.01256000296981 0.973149152034447 0.0 0.0 0.0 
1.0125596548759466 0.9731491484892476 0.0 0.0 8.776497154118502E-15 
1.0125869557742444 0.9731483656708965 0.0 0.0 0.0 
0.0 1.000000002485289 0.0 0.0 0.0 
0.0 0.9983872173040101 0.07693885688432378 0.0 0.0 
0.0025836232812821783 0.9999314935569587 0.0 0.0 0.0 
0.016443636495219478 0.9995639666711653 0.0 0.0 0.0 
0.019228782475230004 0.9994901049194636 0.0 0.0 0.0 
0.03308673266097492 0.9991128954933551 4.559663711343741E-4 0.0 0.0 
0.05465000121365155 0.9985508109745523 0.0 0.0 0.0 
0.09870108712337022 0.9973915271021757 0.0 0.0 8.776416015246286E-15 
0.17211538361050335 0.9954358610684219 0.0 0.0 0.0 
0.2626750332445844 0.9930345320499135 0.0 0.0 0.0 
0.0 0.9992912795120407 0.03849493228029145 0.0 0.0 
0.4270879956485273 0.9908335096559534 0.0 0.0 0.0 
0.4279351878353029 0.9886522673031066 0.0 0.0 0.0 
0.5368032177077449 0.9861874213439328 0.0 0.0 0.0 
0.0 0.9146094233083536 5.178257165345232 0.0 0.0 
0.43875150148892966 0.9068556878685303 5.079226073881813 0.0 0.0 
0.8852136944572564 0.8507528463487223 5.893769119126018 0.0 0.0 
0.9053528598617798 0.8691967336332241 5.004525364563895 0.0 0.0 
0.7551941968549466 0.968258371319019 0.5490095366637836 0.0 0.0 
0.8785545739708196 0.9742002167985638 0.11728316579643325 0.0 0.0 
1.0101682743993894 0.9707268037024835 0.11735097814564843 0.0 0.0 
0.19015362156551663 0.9932636147913411 0.07938169442817312 0.0 0.0 
1.0108772150434786 0.9710677393247416 0.1021923897527261 0.0 0.0 
0.9627276186432434 0.9728302393754422 0.07688602082399515 0.0 0.0 
1.0125525136159108 0.9731398576524567 4.4733811819780975E-4 0.0 0.0 
0.6868875459937999 0.9817853040493596 0.0 0.0 0.0 
1.0090021919766394 0.9733955755888958 0.0 0.0 0.0 
0.0 0.0 0.0 0.0 1.5177018483727676 
0.6599944499266349 0.9853361827837938 0.0 0.0 0.0 
1.01123347965109 0.9731846035211971 0.0 0.0 0.0 
0.9947854601348185 0.974020566385214 0.0 0.0 0.0 
0.015604950831777292 0.8244992481457045 0.0 9.690185761000027 8.727349362587109E-15 
1.00083172104038 0.9682865920614004 0.10952408499173241 0.2250065451758673 0.0 
0.9536944135668395 0.9594495986546976 0.0 1.6410458557507608 0.0 
0.0 0.9944236877907509 0.0 0.30053833242923705 0.0 
1.0075196337039065 0.9683010843424712 0.0 0.26849769794906964 8.776537371637295E-15 
0.0 0.9965016739523974 0.0 0.18854402008100332 0.0 
0.0 0.9936336641046483 0.10175895113342141 0.22808829323948587 0.0 
0.647837454705295 0.9793682790227756 0.0 0.18607624933242514 0.0 
1.0089944538223061 0.9697447517348198 0.0 0.18854155031005268 0.0 
0.0 0.8451362672616384 4.587188753397072 3.898602885907531 0.0 
0.26214944335340257 0.991052799990193 0.0 0.10755510856038057 0.0 
0.01641238887238798 0.9976609878948057 0.0 0.10260635450465663 0.0 
0.0 0.98416499559181 0.5823304275190483 0.30123457278187116 0.0 
0.9968500270231329 0.9583841142585184 0.5799243849123122 0.3007576957419285 0.0 
0.0 0.9991033077447726 0.0 0.04832800826902475 0.0 
0.0 0.9976579170939196 0.10975176059588113 0.0 0.0 
1.0125593818886092 0.9731491538219901 0.0 0.0 0.0 
1.01234558670926 0.9731671753931548 0.0 0.0 0.0 
1.0125589448486911 0.9731491583391967 0.0 0.0 0.0 
