300.6728098201954 0.0 5.618882591220235E-17 0.0 0.0 4.369974545427422E-14 4.46373022469941E-4 6.110921837107553E-4 0.0 0.0 
167.3204335434845 3.527867651415626E-8 1.5902680623112416E-5 4.287728172820646E-5 0.007311051965572166 6.029795229299213E-4 9.63880961668287E-6 0.0 0.0 0.0 
84.1990965627115 2.6169663891617667E-7 1.4660293190992148E-5 0.0 0.0 0.0 0.0029253214076199506 5.007199691201911E-11 0.0 0.0 
160.32871624785514 0.0 4.228732749928189E-17 0.00890511159310664 4.407822323291443E-9 1.1936713122828437E-4 0.012659231534176054 1.4051849769003685E-4 0.0 0.0 
38.88410551301158 0.0 5.210661786938783E-17 0.0 6.107575836204379E-7 1.439103100008629E-4 3.678852956901185E-5 0.0018816160012703137 1.518454411348993E-12 0.0 
222.90992552542056 4.3451865150824373E-7 7.938152015902964E-13 0.0 0.0 0.0 0.03603455411665278 3.811049715057064E-12 6.417080177193393E-8 0.0 
122.37015021390941 0.0 2.8102591022220474E-17 0.06665161477346632 9.606673507604386E-7 2.2612249117071918E-4 3.703777441432389E-5 0.0023753100322197423 1.8183651979455153E-12 0.0 
112.20386403762096 1.9570005069995316E-8 1.5926614234990843E-9 0.0 0.0 0.0 0.0028193481305414476 0.007722746771142753 0.0 0.0 
193.53082210671937 5.160760066925037E-8 1.3472064364777745E-5 3.452284400894849E-5 3.3183266623557623E-6 0.0 0.043673415777889024 0.0 3.90272182788796E-12 0.0 
109.78367606492675 0.0 0.0 0.0853475373026543 0.0 5.612975412814247E-9 0.007455197241796891 6.010697659756818E-4 5.65202914648316E-7 0.0 
0.18671243480247907 1.1670099297728573 1.739705906320678E-4 0.005634182546799854 0.0026759380446549465 2.065338414333415E-4 0.007090789165182651 0.0024262949039450866 2.1633877675563003E-8 0.0 
2.716782590325785 0.2027590422276126 5.611147434480446E-6 3.422313812125158E-4 0.11630047076103966 1.2290435951223277E-4 0.05575041713990543 0.0 3.4980564781064494E-9 0.0 
0.8681179189680334 0.07220301731816918 0.0012357072017643268 0.49526194675518675 0.045684467405477554 1.6388751702867086E-4 1.0776613313887071E-9 0.0 3.4571101590312516E-10 0.029670092463431757 
3.4256196094073634 0.10374746758085401 3.138281774884101E-6 0.03792012147503685 0.17512308570182863 1.75856738358106E-4 0.021696895737596048 0.0017748118149993578 1.075166474224497E-12 0.0 
130.9624241611298 3.6941261983129237 3.7590477580842736E-6 0.0 0.0 0.0 0.03605982253578237 3.6510415439795875E-12 2.655604726989394E-7 0.0 
6.2181653340793845 0.11313032348116034 1.3244612623138405E-17 0.053060527879060945 0.030814578299732755 4.4088316959566383E-4 0.01989756043747607 0.0024236943979112796 0.0 0.02532536541879507 
15.834317226694344 0.11008869816754065 2.8602712551194685E-13 0.0 5.432126122248136E-8 0.0 0.041065513899797804 4.7970678153856216E-4 4.929057764837947E-8 0.0 
5.616575139577847 0.0424266860492351 0.0020995973377727012 1.7366065800662993 0.19580403858278392 0.028583073371410583 0.01354509680679161 0.0 1.2901519014598324E-12 0.0 
52.43182108402104 0.1894472801044096 7.934654170815201E-13 0.0 0.0 0.0 0.05777604482458664 3.50137938715868E-12 6.048388426466823E-8 0.0 
30.688327124503385 0.0665166907926648 1.6663888449099817E-13 0.0 0.10885835560794467 0.0 0.04459976886633332 4.1005808009268334E-4 1.2826908439514421E-7 0.0 
58.0924206538781 7.180295181856035E-8 1.3534365119875675E-5 0.0 0.0 0.0 0.038746661682348485 8.971126074429498E-14 2.6388293901240348E-8 0.0 
143.4877026616506 0.03210365399691021 1.7315607338098774E-9 1.4325409616743516E-14 0.0 0.0 0.0029067860072891287 6.647697590767101E-12 0.0 0.0 
115.61128603639482 0.05676238212356604 1.3687579426599784E-9 1.5884798829920625E-4 7.482295713592238E-6 4.755043552116378E-4 0.013133821040189267 0.0 3.90272182788796E-12 0.0 
169.58983529205685 0.0879865353564283 1.7253974767304108E-9 0.0 0.0 0.0 0.0028776469713707666 4.8837848633081727E-11 0.0 0.0 
89.21961259208643 0.0 4.1348142587565763E-10 0.04714048802563545 0.03077454955404634 2.745638560426701E-4 3.821160917923966E-5 0.0 0.0 0.0 
106.51881221902919 7.180911314215819E-8 1.36498037388601E-5 0.0 0.0 0.0 0.03751810317380667 1.0621892661503685E-14 2.515485959452283E-8 0.0 
82.67471361159191 0.0 1.8224770167352124E-17 0.043165244063608096 0.0025095474788314758 1.7650719030295588E-4 0.021631736400625424 0.0020979487342329753 0.0 0.0 
109.82938278144432 0.0 0.0 0.08702021961317641 0.0 5.5764887315814415E-9 0.06103514352412336 0.0017578531327951394 0.0 0.0 
88.67019657229639 0.0 1.5244773739980397E-17 0.045321058795415245 0.029391135592408957 0.001958158784759588 3.674189369346512E-5 0.0020543477857054592 1.82038916668677E-9 0.0 
103.55696418436844 0.0 0.0 0.08536617643344141 0.0 1.130309710291323E-9 0.007453017998957081 0.0016272041627804388 1.486255749056982E-7 0.0 
0.399790393209941 0.007002153881191167 1.7243107162103444 103.84800377603806 0.0 5.836868623495748E-9 0.0032797219439295003 0.0011334350346466054 6.726875976669031E-16 0.0 
47.486573572960026 2.6997729493056338E-8 8.890201310811215E-10 13.72872700972281 0.0 4.86596225820086E-4 0.002896115651843473 3.8942514825535645E-12 7.666889318349542E-11 0.0 
12.97449541394142 0.0012086615643081345 21.398840057255203 5.106933638057942 1.2617253693652833E-4 3.44355712092261E-14 0.0 0.0 6.23798521368615E-12 0.0 
29.342718740703727 0.0 6.848131439395094E-18 3.3786040792081584 1.7194818178560688E-7 2.4187063233147683E-4 3.6793246322528406E-5 0.0023765191791415043 0.0 0.0 
86.81260047221886 0.0 0.004218408289885487 2.2536575182188785 1.1111952039605237E-7 1.7295889527776877E-4 0.02073466793107874 0.004678053380630423 0.0 0.0 
127.36531997675712 0.0 2.624876709477263E-17 2.8407589921571526 1.495682130376336E-7 2.4085498421743553E-4 3.8309248367349E-5 0.0021209363616231307 0.0 0.0 
112.66658159593709 1.8095285511869103E-8 1.3471993364321663E-9 0.7888854352255013 0.0027957778526906327 1.090151491834205E-10 0.01167884560191801 5.535209612601544E-11 0.0 0.0 
14.377609988716081 0.0 1.3482987875016792E-4 0.07101885060649568 0.011233779847514667 1.4933556074915084E-4 0.001556765285661671 0.0024313849958561536 0.0 0.0 
15.105303746607863 0.0 1.8151625954058606E-17 0.05640259266407348 0.00249058035364971 1.7425727788244864E-4 0.019902476783186813 0.0024242932512026057 0.0 0.0 
72.21534238775033 2.015941152644333E-8 6.320246969229503E-11 0.17149775625368077 0.0 0.0 0.007926156836111158 0.0 0.0 0.0 
3.925595378029704E-14 9.525494416472795E-17 3.4346139684536506E-14 8.939462016626492E-15 45.02839824688446 0.0 0.0 0.0 6.240144150104138E-12 0.0 
41.68884929684917 0.0 0.0 0.0 4.355163094881984 2.1215995309294498E-13 0.05054601836228985 9.763582806393386E-12 1.5355461131071844E-9 0.0 
6.584980223609679E-17 0.0 3.7430630790190473E-31 0.0 2.085004945982718 0.0 0.03578853680623347 3.5043021490953584E-12 3.4519940163276865E-8 0.0 
15.530096060019915 0.0 5.099159430656888E-6 0.0 0.28088395803788935 1.6073756642586535E-4 0.01338474326066089 0.0 9.519564930028424E-13 0.0 
15.492374749942202 0.0 5.222456260825338E-6 3.7966651428014096E-6 0.22294695394831496 1.1588139300573333E-4 0.01336068946774451 0.0 9.304664065806987E-13 0.0 
8.578509952906247 0.0 7.887281958283237E-5 0.04241345621526629 0.08219352116569098 1.2760890613769548E-4 9.557628688417932E-6 0.003542936132096022 0.0 0.0 
22.34494136670523 0.0 7.260880125938115E-6 0.0 0.12003545553992004 1.4949755996140738E-4 0.028209557354218897 0.0 9.894768355435926E-13 0.0 
42.75142145889132 4.860931016118051E-6 0.018670501939105747 0.0 0.15853719131436567 1.1002266319487852E-4 0.013068680924491568 0.00294302840483825 1.1052981589443224E-12 0.0 
45.441770064389274 0.050336185870449246 1.3452793634346764E-13 0.0 0.11866138786992428 0.0 0.11880272477885735 0.0010965081696686213 3.4756237458099654E-9 0.0 
27.193835607403134 0.0 7.860422712707993E-6 0.0 0.05901542994977417 1.4188904792385444E-4 0.013312695356859432 4.021804706008168E-5 8.130427711374304E-13 0.0 
1.8193530912282743E-71 8.596135913629671E-73 5.8718699653638515E-71 2.4701702001157614E-70 7.20523578841781E-64 3.606860136759267 2.698669174870259E-10 0.0 2.9076385476920845E-16 0.0 
0.8341488554897161 0.0 1.5593142189165247E-4 3.800545216065491 0.009877893716432298 0.21232468774609767 0.04320650174695441 0.0 2.189980741380823E-9 0.0 
4.289531004065713E-9 8.600593310080413E-7 9.01145898478254E-7 2.6543869505867234E-7 11.67852299951786 1.3302290814521558 0.0 0.0 9.1173332073077E-12 0.0 
14.092308630266164 0.0 2.690278764680487E-6 0.0 0.017712166247499304 0.18909593016800466 0.013385131235995872 0.0 1.101232664807025E-12 0.0 
5.938796585726761E-82 6.257334975943478E-18 1.1472562491778535E-17 0.0 0.6852061101511212 0.02686569300768732 8.821610191726724E-4 0.0019594076352029495 0.0 0.0 
0.9613955347011615 0.0 1.606572714037287E-5 0.385485518826769 0.0421111977418662 1.2086696773783174E-4 0.0018985704130938456 0.0012865768206094589 0.0 0.0 
3.681098874898252 0.0 4.675452601490974 0.05640259266407348 0.004268362803633277 2.7618166934506073E-4 0.019902476783186813 0.0027301363664464008 0.0 0.0 
1.312752650598231 0.0 1.185790220416071E-5 1.7833050205771128 0.0036142538919308044 2.15879202533549E-4 1.3554418526770899E-5 0.0024410166276831774 0.0 0.0 
2.829101884098072E-17 0.0 6.523583315208554E-18 1.572311368257321E-19 0.9565759070954875 1.4911678432497907E-4 4.2634964381436855E-5 4.820223126154392E-4 0.0 0.0 
7.538326274736222 2.6380564113598865E-7 6.838327409657363E-7 0.1689359109465761 0.20811656052621547 0.006089917958877297 0.018170300902072153 7.525759544431797E-12 6.534331065086708E-13 0.0 
5.41508107305639E-138 1.7691507264275968E-137 1.0455735340030156E-142 5.590944315571364E-128 3.4859512670523518E-65 0.0 32.90284923424506 0.0 0.0 0.0 
0.5332173497517352 0.010822112250342327 0.8361387464009606 0.14128219590542437 0.018751976802890088 0.0015023452066208873 0.060577885153649653 4.262495311479177E-5 3.6667442162620435E-13 0.0 
0.058614230463783196 0.004239746681981655 0.0 0.15330977865956275 0.03270927788336455 0.0027568681227040258 0.0802472450873243 5.533356175398247E-4 1.3108205690577024E-7 0.0 
8.34272282611765 0.02821524556568351 11.511759140451034 0.039069192006485426 0.10076855565203506 1.2235468309188632E-14 1.0906495234905587 0.0 0.0 0.0 
0.28978126882176947 0.0018373077970843185 0.1390303536851169 0.273507548716226 0.03086692001423938 1.9678181185368466E-4 0.032578008794453404 0.0011132899114803608 0.0 0.0 
3.258587340734633E-82 4.446634520659615E-19 7.513725586278535E-18 0.0 0.43136802642922534 0.003029876065157099 0.07842759757488049 0.0025096899570544273 0.0 0.0 
0.45528002694431613 0.0 0.12235736456336428 0.19373475481735555 0.040407985725013786 0.0115419896262913 0.034239657844718344 0.0017024865700427708 5.658973379294339E-8 3.638963577381758E-8 
0.030184338978785207 0.030341557570872636 0.19891973820979572 0.3508705563623393 0.0 0.03803715217299072 0.051912333833323464 0.0 2.2724693592403586E-7 0.0 
0.41274016087967197 0.027257269568238537 0.0 0.19574314605822496 0.0379801373270632 1.0584545264384607E-4 0.021492120000743638 0.0 1.4583595778324018E-7 0.0 
2.5701139755676543 0.020019570033276424 0.0 0.0 0.1646452172707053 0.009848111700078115 0.07846075879124288 0.0 1.1666236165011094E-12 0.0 
2.4124547587406635E-147 7.596176717543447E-83 4.5371439428224046E-83 0.0 2.8820864808073114E-66 5.240723494283058E-66 4.303845756376926E-68 1.0212220804904097 0.0 0.0 
0.10332430866550367 0.00753332547272184 0.13557355248822064 0.24736779826736585 0.017541572279939775 0.006565212860704444 0.03540777057227066 0.001719861169317916 2.1291653197648324E-9 0.0 
22.21216612090951 1.4090353789509654E-8 1.567487151761918E-10 0.0 0.004401981849144133 0.0 0.006889482776459733 7.392660062697582 1.384363291470041E-11 0.0 
3.398503253818449E-82 1.0194983365632977E-17 5.340552779263835E-25 0.0 0.26224137618755106 0.019426708126122856 7.769330146509466E-4 0.18934315723010692 1.1286955458613092E-6 0.0 
8.591765751686134 0.2870801809370755 0.0 0.0 0.03921891385117501 0.003191508767346065 0.0039574694436851415 2.0262393520902906 1.1052981589443224E-12 0.0 
0.0832495466694909 1.9373369400850707E-4 0.1744125833215485 0.22526035637171712 0.016710935608735555 1.2908908488003E-11 0.08362171451481216 0.023695465404593056 8.328570699061562E-10 0.0 
29.25215175975185 2.8283463983615837E-8 0.0 3.5002730081186075 0.0 0.0 8.401335714409171E-4 0.31291310976690573 9.994013844847864E-7 0.0 
1.9142122690492098E-7 2.488147550792788E-9 1.9226491809570067E-7 6.1327314152632865E-6 1.3060755214920379 2.145718889016596E-5 1.359569163801219E-4 0.06799117303122258 0.0 0.0 
2.6529786322984177 0.0 0.0018160735934798593 0.17286323767353834 0.03379323283579505 1.403666693820725E-4 0.03912346446322692 0.010294581508424215 2.9157144396153593E-9 0.0 
1.5422524031515407E-64 2.180589947204157 2.900866017459462 0.0 0.010363227384009448 2.2192049881384325E-5 0.4840889476519046 0.32718488247591243 2.3796921611684123E-7 0.0 
1.9844056464496608E-79 2.132537572470201E-80 0.0 2.9715768650549523E-76 1.1590649916477719E-66 3.653611959807036E-66 2.7727788111737183E-65 1.297600205649912E-65 2.6223152072269635 0.0 
23.00070879267906 0.0 0.0 9.336521712151391 0.0 2.9717096221143884E-9 0.007148077640593192 4.938493948200845E-4 5.695643584190564E-7 0.0 
56.571115162307905 6.730931078906306E-9 2.659715236295382E-17 0.11614324969595205 1.9051356638420027E-5 3.928902798084727E-4 0.08820187199084294 8.125551007522442E-5 1.1219901774322245E-6 0.0 
63.48065650769039 0.0 2.3377105519142876E-17 0.056729457744929414 0.8888985458242743 6.338309360352172E-4 0.0027902346026185965 3.834401579519857E-12 9.81487246397353E-7 0.0 
85.79422637086194 0.12940183303491704 0.0 0.0 0.0 0.0 0.27104933327840486 1.891016499451139E-11 9.66956048869436E-7 0.0 
66.21687091734834 1.6935243101836803E-8 1.0658564357347876E-5 0.0 0.0 0.0 0.07915309974876311 5.58320479499383E-21 5.505483911678259E-7 0.0 
93.61953652036183 0.07039004960616534 1.6038602395496247E-9 0.0 0.0 0.0 0.0026285755125303734 0.04842752528300039 7.212855150000334E-7 0.0 
63.76909216334324 1.7136335872498853E-8 2.8372658836115373E-17 4.279930738375258 2.8442262078628703E-5 0.0 0.007618091062770745 0.001543134406926482 4.391984266686886E-7 0.0 
30.762160280405197 0.0 0.0 0.08361365341335374 0.0 5.770621386167896E-4 0.007455197241796891 6.040692296737159E-4 5.65202914648316E-7 0.0 
94.97134765740333 1.0614475204281539E-8 7.939843884587136E-10 0.0 0.0 0.0 0.2826119535541655 6.650566602432346E-12 5.51261826839336E-7 0.0 
1.2498719939020953E-73 8.337556890912514E-69 1.279910445571976E-69 2.11130912656013E-68 2.0637174341538712E-66 1.3729650174066193E-65 1.4144696491029276E-68 1.069270957415658E-65 2.388350462567647E-65 3.4367784047071877 
14.693331366296785 0.0 18.78504334085329 0.005820561568482968 0.0029290944537202434 3.248664558784939E-11 4.923536187571318E-5 0.001300162389779886 0.0 0.0 
81.62702635763151 2.7260933931263053E-7 20.6206044513386 0.0 0.0 0.0 0.03619576935001293 5.0977378750273285E-12 6.402993305625508E-8 0.0 
148.95922928901078 3.741361339018506E-8 7.3723142152704355 0.0 1.2603173407180572E-7 0.0 0.002925761418397235 4.5678923645432516E-10 0.0 0.0 
25.103229350713452 0.0 6.227877125425564E-6 0.004277401822748208 0.01547539734804172 1.61499494821403E-4 4.5368191540140604E-5 0.0024410166276831774 0.0 0.0 
1.2319876301181777E-64 2.0327179693848316E-65 414.9791759363057 0.0 1.4719854113337998E-11 8.038324287328926E-10 4.612733099558065E-5 0.0 1.2073301198447175E-12 4.4024020726101976E-16 
25.23491337937637 0.0 1.7794196058968918E-4 0.005576904977370934 0.0028753663438549956 2.1657102803731033E-4 4.923536187571318E-5 0.0024410166276831774 0.0 0.0 
143.8250913103221 7.180908760079217E-8 1.3698853354607418E-5 0.0 0.0 0.0 0.03888142194022031 1.6995026243451472E-13 2.4134591773909578E-8 0.0 
128.75265492005596 0.0 8.134374513572566E-6 0.0 0.0 3.568795993399607E-4 0.37572296301267494 9.493473662034913E-14 2.3450493527351258E-8 0.0 
92.16173182548232 0.0 2.031608344766077E-17 0.06212045227033017 1.1111952039605237E-7 1.7295889527776877E-4 0.01991398943122959 0.001890498212850437 0.0 0.0 
