1.8204312484581753 1.0616389942434403 1.8204312484581753 0.763490399627711 1.8157331030451993 
1.2064264142577212 1.5712022924850284 1.7569839402482557 0.9271431726268411 1.820324408719704 
1.8207803908297455 1.3495204606562525 1.814029898911589 0.9363984127343659 1.362392400187029 
1.7833733397869473 1.8047422533786333 1.8210271115467647 0.059072226285020214 1.8160306134054596 
1.7906572201555786 0.8561449436753192 1.8223510732193864 1.1311228613439728 1.6891281944832885 
1.774735975386415 1.091546763695772 1.180583925419364 1.419892748236187 1.8150649856890115 
1.5692136464953101 1.8123969494864698 1.6320178276261783 0.9051051362997499 1.3657252841347851 
1.8198520198069092 0.7834120049081524 1.8198520198069092 1.49459428480839 1.3616977498972762 
1.6847869047970527 1.6012431154690152 1.2149586570332997 1.3728852054981486 1.4217009803095602 
1.444209517665594 1.812199201759212 1.419478040235521 0.7927541261490035 1.8136247713941933 
1.4313873803975283 1.652264666090153 1.820865618426274 0.5633492280759557 1.8159150276641998 
1.488329840374221 1.3853112347666925 1.606819045173143 1.2696585075201527 1.5327590645578786 
1.4237698900531588 1.653075201906863 1.1821225926627537 1.2165125026291055 1.8174186478850407 
1.4875020850795992 1.2987292241365076 1.8067809222350804 1.3309737902154122 1.3697927093700046 
1.5973228295765343 0.5433421702336934 1.798094754697147 1.5214206112501734 1.8200601219191825 
1.6453522796580533 0.750404933726759 1.823929797337853 1.8183617085311865 1.258716189646143 
1.5730040018400646 1.2094643524897066 2.0586893833032676 1.3351350562330544 2.0584647393469773 
1.249447905773974 1.8007335731841052 1.8118416151230166 0.5994659514506571 1.8204963485105843 
1.5642557138053304 1.40838622119857 0.6876867769605817 1.8194584783787748 1.8153742611735157 
1.276971507654718 1.5966937060324666 1.6068325424314494 1.2696691726344904 1.5327719397133466 
0.8612437147249264 1.8214850883994091 1.8214850883994091 0.9686468374116326 1.8130796246622596 
0.9339564974124609 1.8212266438585276 1.8212266438585276 0.8873913584394127 1.8211054318651818 
0.9812985883283936 1.8203911252656908 1.7326040763089319 0.9270779793688527 1.8201964102807313 
0.7578127575025558 1.8224419307494877 1.5761872922002176 1.3162457900394138 1.817079952506276 
0.8585661555385229 1.7789342556977135 1.5679643472355893 1.15981780855795 1.7881712656143547 
1.0637031061293887 1.8205995723416586 1.6177214867936742 0.9681759291762152 1.8121981949256978 
1.0976173667113132 1.8214481065318933 1.6554132040917242 0.8898656422607487 1.8214481065318933 
1.0484566130236717 1.8027633694752905 1.8198689890320245 0.7885179955650868 1.8198689890320245 
0.41537233296785997 1.8204313911569123 1.8110457865566298 1.419884173176509 1.814991880769738 
0.6437134503435378 1.7904692532171844 1.7904692532171844 1.1467558028736466 1.7904692532171844 
0.9684176530349197 1.5311940381026723 1.8227879729461316 1.1459642547546713 1.8227879729461316 
0.9847358310096067 1.5372927209026612 1.8022767187909134 1.1464694734385588 1.82359158138058 
1.1168389613042462 1.7963819217711456 1.8154471828422913 0.7335595278177875 1.8207425312451568 
1.006496998637769 1.490838474071207 1.821877178013612 1.146418883318248 1.821877178013612 
1.092385505681174 1.5053935669411023 1.820801897742213 1.048854778707894 1.8157718418964686 
0.8271948075144856 1.7950553808193597 1.7950553808193597 1.251761972116023 1.5111539820082107 
0.9400826746357313 1.8007988518181886 1.8158566240536955 1.371991440085759 1.3519432885486578 
1.1094089010148906 1.822328799874301 1.8078801252484331 1.1763164960502137 1.3733808773093652 
1.247931974433863 1.804276546363358 1.8235194587291184 1.0500644634366942 1.3710902607576088 
1.1362786885280256 1.8054582808045514 1.734790307789454 0.7935826715582797 1.8121683309386651 
1.0331257410009849 1.3447647607604163 1.7731681725565538 1.314508054002172 1.8155918694719322 
1.0630658433293099 1.5138044206050985 1.743367175696507 1.1453910009775479 1.8218761468694875 
1.0154253528943005 1.8234072824966419 1.754085389822574 1.330946490912276 1.3697646138607753 
1.3089473012387056 0.9213226356315508 1.826660808146619 1.4236986760113608 1.8266106852671433 
1.1214672442832885 1.8204837195870092 1.636625973922069 0.8912750637680418 1.8120828767876282 
1.0868063068154816 1.5532242157120062 1.5682843800741877 1.161493166709814 1.7828119331787617 
0.9233072579050461 1.6568550303239227 1.5761308482596899 1.3161986547151663 1.8170148820966356 
1.1243930867575647 1.8207711637913078 1.3569077865977843 1.1602414542272665 1.8207711637913078 
1.2163546409562578 1.5866063728329167 1.249798784571342 1.4219604264485999 1.8177081221721612 
1.2778811422041392 1.588817642090522 1.1809657346957125 1.4193253631369158 1.8146005500503355 
0.3914656183183236 1.8205996192834024 1.437535378597658 1.8205996192834024 1.8121982416508233 
0.5902341430733133 1.595461671793558 1.4848401511571965 1.7963237779581431 1.8222865813274036 
0.5778027413406011 1.4053608096325165 1.8221948608867868 1.66592886772157 1.817492163965673 
0.938659263387313 1.457104174141888 1.8239368291343745 1.818367420825795 1.2587201438416533 
0.01679488015938681 1.8206680013169805 1.8206680013169805 1.812274814347356 1.8122663081272183 
0.9224489855650366 1.8080577069476065 1.6399006512212562 1.7780341225544916 1.133680453348207 
1.054131698933778 1.3971641196698181 1.5851668982946705 1.7625518202637689 1.4836253092139116 
1.2969817234732024 1.605675796120818 1.3171684898346059 1.8184216063207173 1.2587576524184028 
0.29875926887150933 1.8207899889356227 1.8207899889356227 1.5220307200641134 1.8207899889356227 
0.9022455910094371 1.8200224047924414 1.141508781595128 1.6024018000737419 1.8139110416990172 
1.0279142436427802 1.3919293359236318 1.4940310588599586 1.5531162340041846 1.822330290810185 
0.8673427937379746 1.8218246477331257 1.6329428807209925 1.5979856068440106 1.3672026618963993 
0.7103318589294495 1.7580815143707136 1.82283289638305 1.4610642274971382 1.539021088351849 
0.664796031756341 1.7560025731798998 1.4939467267964404 1.5517401352404874 1.8101101337158272 
1.0817712237768133 1.080726900011906 1.7807893995189963 1.5231695477695768 1.822152357025764 
1.4126345974314842 1.8157554766813653 0.898617050973521 1.640197393030488 1.5258098569003857 
1.3356561563302585 1.810808129413476 0.7211851640585099 1.6041934486702867 1.8167994322075118 
1.1725725458487781 1.4290713603105698 1.8219737577860593 1.494875897509509 1.3694014696893209 
1.2392654825471734 1.8208418312766352 1.34043856510803 1.5195174455933096 1.3633040005813928 
0.8202553948746388 1.637987331029872 1.6983424886224912 1.3162911488459976 1.817142570429719 
0.0 379.39031313438477 379.39031313438477 379.39031313438477 379.39031313438477 
