0.8721880871433905 0.0 0.0 0.0 0.0 0.028975611200212702 0.0 0.0 0.0 20.455230755542786 
0.869441592941609 0.0031095151523427246 0.0 0.0 0.0 0.028975611200212706 0.0 0.0 0.0 20.452030325028424 
0.8693118112979925 9.584145522003514E-5 0.0 0.0 0.0 0.02917379376898845 0.0 0.0 0.0 20.45471679764052 
0.8647437448827723 0.0 0.0 0.0 0.0 0.01923967673031519 0.0 0.0 0.0 20.46398308547007 
0.8636738221516942 0.0031095151523427246 0.0 0.0 0.0 0.02917379376898845 0.0 0.0 0.0 20.446389244048827 
0.8695713745852254 0.006011770387396795 0.0 0.0 0.0 0.040655842033652426 0.0 0.0 0.0 20.426946318940487 
0.8647437448827723 0.0 0.0 0.0 0.0 0.0425253870368446 0.0 0.0 0.0 20.425665549689526 
0.8647437448827723 0.006011770387396795 0.0 0.0 0.0 0.021928140227662745 0.0 0.0 0.0 20.452688720243135 
0.0 0.13167487309228598 0.0 0.00463149908257763 0.0 0.0425253870368446 0.0 0.0 0.0 21.96932254567683 
0.8695713745852254 0.2686634147414595 0.0 0.0 0.0 0.01923967673031519 0.0 0.0 0.0 20.217636587366194 
0.7660006589376419 0.11697648451593771 0.0 0.0 0.0 0.0 0.0 0.0 0.0 21.258177774385288 
0.0 0.0031095151523427246 0.0 0.0 0.0 0.0399624290152532 0.0 0.0 0.0 22.122369122776885 
0.8695713745852254 0.006011770387396795 0.0 0.0 0.0 0.04867529548840449 0.0 0.0 0.0 20.413457891080053 
0.8647437448827723 0.0 0.07544775640961553 0.0 0.0 0.0425253870368446 0.0 0.0 0.0 20.30488571882815 
0.7758442054521584 0.0031095151523427246 0.0 0.0 0.0 0.028975611200212706 0.0 0.0 0.0 20.700100886492706 
0.840694044412847 0.0 0.0 0.0 0.0 2.388081002807351E-4 0.0 0.0 0.0 20.499013327473776 
0.013824298991694095 0.0 0.15089551281923105 0.2418467948258247 0.0 0.022026250595531767 0.0 0.0 0.0 21.497253907144014 
0.8649121179080594 0.006034562227537378 0.15924509032356238 0.2418467948258247 0.0 0.07656982956801732 0.0 0.0 0.0 19.609881693750417 
0.8693118112979926 0.0031095151523427246 0.0 0.08062892646971875 0.0 0.029173771829986036 0.0 0.0 0.0 20.314928337023854 
0.007941301020772904 0.0 0.15970130530548401 0.0 0.0 0.04262020765397907 0.0 0.0 0.0 21.792200978397076 
0.8631617448119797 0.0 0.0 0.0 0.0 0.05605057192880354 0.0 0.0 0.0 20.405620388706744 
0.7749072890127037 0.0 0.0 0.0 0.0 0.0 0.0 0.0 0.0 20.7425000925598 
0.8647437448827723 0.0 0.0 0.0 0.0 0.0 0.0 0.0 0.0 20.48769647983272 
0.014335427862246179 2.9758713204395836E-5 0.0 0.0 0.2015088074437233 0.009400876679611423 0.0 0.0 3.262142923641257E-5 21.77156092418799 
0.21784335384713524 0.00488142799753298 0.0 0.0 0.10534321348796333 0.056203772152531556 0.11286427989648183 0.0 0.0 21.58973272884105 
0.0 3.001018266890215E-5 0.14956871994256518 0.0 0.1990921839475232 0.014952999025361149 0.0 0.0 0.0 21.477250535635548 
0.8649121179080593 0.0 0.0027196157253243404 0.0 0.027463342530443136 0.7755151358622906 0.0 0.0 7.305404481435196E-4 19.00994433659501 
0.0 0.2639531754066001 0.14956871994256518 0.0 0.0 0.04252538703684461 0.0 0.0 0.0 21.679363044707127 
0.7736778341755742 0.012041288879812801 0.0 0.0 0.0 0.04246415125148109 0.0 0.0 0.0 20.678713579477243 
0.0 0.006034562227537378 0.0 0.0 0.0 0.04246415125148109 0.0 0.0 0.0 22.1136716424015 
0.0030053247321858564 0.0031095151523427246 0.14428887909675456 0.0 0.0 0.05974847771088753 0.0 0.0 0.0 21.80377254447209 
0.7742177281431303 0.012193942391778186 0.1121446599346941 0.0 0.0 0.021928140227662745 0.0 0.0 0.0 20.500075303950975 
0.0 0.0 0.0 0.0 0.0 0.9388396649422193 0.0 0.0 0.0 20.727506909932572 
0.7742177281431303 0.0 0.0 0.0 0.0 0.8086289604950742 0.0 0.0 0.0 19.157570901863245 
0.0 0.002927364284948053 0.14956871994256518 0.0 0.0 0.7755151358622906 0.0 0.0 0.0 20.446798057240734 
0.013378580580168631 0.0 0.0 0.0 0.0 0.7755151358622906 0.0 0.0 0.3115473076982881 20.34855522635499 
0.6659306894822179 0.2254629405902286 0.0 0.0 0.0 0.7755151358622906 0.0 0.0 0.0 19.691851086300172 
0.8649121179080594 0.0 0.14956871994256518 0.0 0.0 0.7755151358622906 0.0 0.0 3.652702240717598E-4 18.752983195054313 
0.018544377053518208 0.0 0.14956871994256518 0.0 0.0 0.41809567465514097 0.0 0.0 0.15577365384914404 21.76913040286361 
0.23461037505420887 0.0703973469151279 0.0 0.0 0.0 0.06588094268735492 0.0 0.0 0.0 21.539228092181673 
0.0 0.1344294277302509 0.0 0.0 0.0 0.07459090733987034 0.0 0.0 0.0 21.791636020034222 
0.0 0.0 0.0 0.0 0.0 0.0425253870368446 0.0 0.0 0.0 22.121082549494478 
0.013378580580168631 0.006034562227537378 0.0 0.0 0.0 0.040683611306066375 0.21335007089474362 0.0 0.0 21.69799587845624 
0.8693689756780822 0.0 0.0 0.0 0.0 0.028975611200212702 0.21335007089474362 0.0 0.0 20.045523774284554 
0.0 0.27166929993515787 0.0 0.0 0.0 0.040655842033652426 0.20284008665469427 0.0 0.0 21.30771668566427 
0.0 0.0031095151523427246 0.14956871994256518 0.0 0.0 0.05974847771088753 0.06436090672658212 0.0 0.0 21.687392441351374 
0.0 0.2639531754066001 0.0 0.0 0.0 0.0425253870368446 0.015330950499852398 0.0 0.0 21.67684840365631 
0.8398223312272007 0.0 0.0 0.24079527835641726 0.0 0.055910817189999046 0.0 0.0 0.0 19.990588367219267 
0.840694044412847 0.0 0.0 0.0 0.0 0.028975611200212702 0.0 0.0 0.0 20.4648359165556 
0.8631617448119797 0.0 0.0 0.0 0.0 0.0 0.0 0.0 0.0 20.531225809663184 
0.0 0.006034562227537378 0.0 0.0 0.0 0.04246415125148109 0.0 0.23890694250081437 0.0 21.693914633322002 
0.0 0.22291719893672415 0.07544775640961553 0.0 0.0 0.772600466654098 0.0 0.2399675958504931 0.3115473076982881 19.422132181561082 
0.0 0.22291719893672415 0.0 0.0 0.0 0.01923967673031519 0.0 0.2751906620289055 0.0 21.52470501681561 
0.8654913731505626 0.0 0.07544775640961553 0.0 0.0 0.0 0.007415044384505687 0.2399675958504931 0.3115473076982881 19.5622894604197 
0.6631321164096593 0.1108610841698966 0.0 0.0 0.0 0.028975611200212702 0.0 0.1282355852535325 0.0 21.590871940668404 
0.0 0.26411147532725393 0.0 0.0 0.0 0.7955140068962987 0.0 0.0024304594892038114 0.0 20.21054511166225 
0.0 0.13210554103413322 0.0 0.00463149908257763 0.0 0.0425253870368446 0.0 2.625644310555454E-9 0.0 21.86013694522023 
0.8649121179080594 8.631229550081421E-6 0.0 0.0 0.0 0.7755151358622907 0.0 2.625644310555454E-9 0.13144414974869803 20.331309552523297 
0.7742177281431303 0.005839121508495098 0.0 0.0 0.0 0.0 0.0 2.6599678893788865E-11 5.467734885745675E-7 20.742223658040153 
0.015585100079578152 0.010244844608099376 0.0 0.0 0.0 0.04130217683782703 0.0 0.0 0.32001297095526493 21.757020339217203 
0.0 0.2686634147414595 0.11279736556359986 0.0 0.0 0.06588094268735492 0.0 0.0 0.31126225628073534 21.82780951330262 
0.7750669477413614 0.003105784589335334 0.14956871994256518 0.0 0.0 0.059748477710887524 0.0 0.0 0.02335599843966374 20.32675000506451 
0.0 0.13167487309228598 0.0 0.00463149908257763 0.0 0.0425253870368446 0.0 0.0 0.0027404990678083774 21.96752308110726 
0.8649121179080594 0.13167487309228598 0.14956871994256515 0.0 0.0 0.0425253870368446 0.0 0.0 7.305404481435196E-4 19.986175099042626 
0.08036236674597916 0.0027041705826843366 0.0 0.2418467948258247 0.0 0.033375298530355084 0.0 0.0 0.0 21.575964287794584 
0.8399069815807592 0.0031095151523427246 0.0 0.24079527835641726 0.0 0.021917106590631293 0.0 0.0 0.0 20.117170010313274 
0.7736778341755742 0.0 0.0 0.0 0.0 0.028975611200212702 0.0 0.0 0.0 20.71348120008967 
0.0 0.0 0.0 0.0 0.0 0.0 0.0 0.0 0.0 22.174924052580714 
0.23347463052818818 0.0 0.0 0.0 0.0 0.001151053453145214 0.0 0.0 0.0 21.76074344115114 
0.014733830100321085 0.0 0.0 0.0 0.0 0.019239676730315187 0.0 0.0 0.0 22.13699483831264 
0.07505905609376921 0.0 0.0 0.0 0.0 0.0 0.0 0.0 0.0 22.055160457063096 
0.07505905609376921 0.0 0.0 0.0 0.0 0.028975611200212702 0.0 0.0 0.0 22.01829961635316 
0.0 0.0 0.0 0.0 0.0 0.021928140227662745 0.0 0.0 0.0 22.154472658793566 
