102.86176020417922 6.718272724019851E-13 3.2818703540401155E-7 0.0 8.234476447416131E-19 0.0 0.0 0.0 2.716889146699181E-9 0.0 
0.5906445087397447 0.13876879027770395 0.21318297951613635 0.013568901223888962 0.0023117019334505363 0.030161112894016795 0.008599184530758195 0.015659100909769484 0.013811596942840652 1.0623055820499081E-6 
0.2352793580605472 0.027603191149861216 0.21231989944132545 2.850160391770261E-4 0.0022730108485007616 0.014070775880517167 0.015347566155408013 0.015612331709829083 0.018034204772823092 0.0 
0.24801260050481608 0.08554831654051859 0.08201750351725447 0.0 0.030269021212793398 0.008643192448395547 0.01634118065169377 0.034887024221555055 0.04332004699438202 0.0 
0.2054514572378889 0.021419245839139307 0.1796531472257544 7.829824477139111E-14 0.0027945353758853046 0.06679104228505073 0.009350058524588364 0.0011004220790872062 0.04031740773747839 1.6467442331180286E-5 
0.40004610263740975 0.35624018250376016 0.31235105550895303 0.6295929264161135 2.0104460219626406E-13 0.020066987525690052 0.0 0.08077388623454301 0.030001290862030426 0.05648081341354179 
0.5198201359163573 0.04753273852418968 0.8044698165050357 0.0015926438297755882 0.0896625584032195 0.0 0.08460611945235594 0.019936977671413808 7.903488796327833E-8 0.006976003189116585 
0.2865510307974105 0.24433614448269544 0.4570821881711209 1.0068966811361721 0.002376604012374647 0.0 0.03205401513044844 8.732574019725157E-4 0.006123168344077196 0.0 
0.25882276290401024 0.0302341786926187 0.12484907589061589 1.945304752542588E-4 0.0015006467616604658 0.009284209912348648 0.009879625255249092 0.08131124399881616 0.018321785194125334 0.0 
0.16440297355937442 0.014800414734727471 0.18045758923766783 0.30743635733584523 0.0028635112183547275 0.03822212599014927 0.017922982458209936 0.03207573016332608 0.004682150902178929 4.153888335867166E-4 
1.586080371467281E-63 59.18372310395633 2.856536384168599E-7 0.0 3.782188309401781E-13 3.174738958341118E-10 0.0 3.5515674426359767E-10 0.0 3.701808154730158E-8 
0.032725700623229485 0.19860736544782945 0.14085980423466365 2.1306710502762052E-4 0.007505792954188595 0.01857713302585763 0.003223938266558983 0.05126276602268844 0.017378289487631104 4.18664976601875E-6 
0.10840556408887522 0.11188723147651738 0.06059907343749218 0.18915807206186838 0.0410881983807852 0.008108693498576076 0.035632041832052805 0.030895403728483494 0.014601187534183714 0.008605035966932247 
0.18436993336595603 0.20992315205394793 0.5899018789711914 0.001595890017948759 0.0931747485922298 0.0 0.09053091146158748 0.023652332961852193 9.640887269910514E-8 0.0065412602422897075 
0.05473234755205104 0.07315044392404638 0.14435630855487447 2.006119645157645E-4 0.0014487309635081661 0.009118283154547258 0.025306047536323543 0.050311614207662385 0.01712185963833019 0.0 
0.24249560475856607 0.20232558413315943 0.1573884719912757 0.41566699988690486 0.2531016203263712 0.0012225766204579543 0.012830953650035582 0.08086173546931583 0.0018539603637858593 0.039914304340071254 
0.02485262842447844 0.025483404652978534 0.1778576311167392 0.008074608318060221 0.013325908597038976 0.018113456256834318 0.005802616882425221 0.034200667816988564 0.02388619285845522 0.0 
0.09316035318795345 0.030365045913069943 0.3368003325830243 3.080000555419809E-10 0.010404309052390436 0.09371546745104871 0.004833521700031117 0.02344428170182277 2.582776965207196E-4 2.348456614872189E-5 
0.04669610259737045 0.021431750692138953 0.20798580217588103 0.3973780673696012 0.023970633023399524 0.05707681241387712 0.009132479308264363 0.0 0.008431518170893193 3.041012661520334E-10 
0.10044714531566902 0.025117520241599543 0.09431592343513458 0.22217068225591055 0.015367064425105261 0.02790037588066699 0.01341105928164537 0.026413554907003464 0.019185296281902006 1.0037242633914703E-5 
4.1311787015301106E-64 2.9555900630647617E-64 81.97390412602306 1.5707631724784795E-14 2.8672773536658925E-8 0.0 0.0 2.0892164060931021E-10 5.800636123738951E-13 0.0 
0.06406629126457991 0.014934364077145997 0.29731400113747464 0.014846837859065725 0.002522513488305184 0.028143432434132983 0.003781502926590815 0.01554588002895655 0.01037778709458563 1.049124310671367E-6 
0.009984319335527719 9.427628402262785E-4 0.4016556513092812 3.093929759463087E-10 0.003942084483225782 0.013106001723332478 0.006509374985607964 0.032938137257727575 0.020176963305877357 0.008159557451721686 
0.013801981194710159 0.0015304411768566563 0.4691684628750009 0.0 0.01827943554911047 0.036815999638779316 0.03177892362991743 0.0 0.009793664685956105 0.0 
0.02830677362674592 0.002095149765502151 0.47481019825820453 2.200191256741947E-8 0.022341139259041413 0.001993020993827531 0.010561521979288908 0.036044448163871506 0.0019203459333401321 1.7536471662514432E-6 
0.00417028642151543 0.0010824470832845419 0.4582439227427572 1.7095142248386216E-10 0.0023289936054723525 0.07959774146339847 0.0056590234557100045 0.021535609668592817 0.02390098543424398 0.0 
0.009828694925463996 9.602243521607984E-4 0.3321876141800645 0.0 0.02923323065617611 0.02925753431175076 0.00317856115814316 0.01604899323934019 0.009178805754053783 6.55790340393896E-5 
0.011706341204361108 0.0010698377902920123 0.22276604089603733 7.724124647339882E-12 8.839228846977806E-4 0.03891524589723924 0.01711204914692975 0.033470062822304 0.005981063036685543 0.0 
0.006622244757487079 0.001618370464742817 0.18536570167172636 0.00799261293221671 0.020983382326331988 0.024719897004225857 0.015484255030164913 0.02901528112807186 0.016591670108049482 9.2381104307355E-6 
5.614669168369351E-65 5.317599719609637E-65 0.32771845631331536 0.011694328907407925 0.0015962073350540421 0.023209823328541938 0.007797309207568856 0.04768430161118246 0.009300260987077383 0.0 
3.073409029771214E-4 2.2263360739500142E-4 0.005016973246393266 209.7297939202067 2.0286799409863765E-6 2.9489463603407934E-14 1.1601929655823676E-5 0.0 5.442367197732438E-9 3.8404631112936994E-10 
0.2542683930950475 0.033528815141082004 0.0664085281210923 1.6477976412117614 0.045123881765830494 0.012003345709466743 0.0053040248113928315 0.047110740007210695 0.019861098145155912 0.045921048344590695 
0.003590009028165442 2.592813993748393E-6 0.04249881457670467 1.122835320662035 0.005989984959543247 0.017055390391395628 0.0320395103959776 0.11040360252947914 0.008346663898856499 0.0 
0.08644914735687982 0.009684214718074508 0.18773189053995226 0.4646579606108167 0.025188020398821193 0.005315178005347861 0.033825502762741724 9.528434404265588E-6 0.01669696375148373 1.0714854205761615E-5 
0.006058162473156404 0.001404249261994731 0.33205272680373443 0.594440657243337 0.0 0.02947394387499369 0.008120808641238368 0.051519458875899975 2.0085370093699952E-4 1.0589388189739733E-6 
0.014778275704510084 8.928523673692288E-4 0.2656967909805537 0.442572537758762 0.0011874558121020722 0.06048556487699103 0.024906178541451527 3.5754914650012196E-4 0.0061077131532529146 1.0110284588529974E-5 
0.011765082750357234 0.002936683619129917 0.37710591974029006 0.4863736857729726 0.002951404677778364 0.025929748963580863 0.003911227255466765 0.015570522895482044 0.0187261613669725 8.584551086189297E-6 
0.015693273934848786 0.0013744448762169482 0.2658868915264261 0.6078086320816729 0.037073724039681066 0.02466391161959495 0.0 0.01859399843053985 8.32073632837413E-16 7.01953999371672E-7 
0.008012804058828291 5.380588114073189E-4 0.1465049897097806 0.26426674078888474 0.02071989877903146 0.05467895983299802 0.016942753669254455 6.61990066770528E-4 0.01892849007655357 9.989199111684384E-6 
0.018736776641229462 0.001331754909034776 0.10958128332244384 0.19521393732604095 0.011767981128786542 0.04239097230416598 0.010641968683790063 0.023693682122025328 0.016058941808234643 9.509061157837265E-6 
1.0697470334702097E-6 1.0022095520281826E-7 1.1000454191233248E-6 1.6667474026941607E-14 8.389917141117579 1.678845902039451E-14 4.590765900209898E-11 0.0 0.0 5.101930472138835E-10 
5.566686696778799E-10 1.462520785529347E-10 0.24446840439352735 0.0 0.07438001275406796 0.03651512817295836 0.01118371452431076 0.0 0.027187846908735012 0.04697212389979112 
0.006062848616080954 7.114223877109814E-4 0.12536729034729394 4.3088714537987455E-8 0.026391359360148983 0.07394364569863918 0.008493395725288027 0.014493273012274282 0.014778606902522709 4.472640197561598E-6 
0.006022335618714658 6.870256701691611E-4 0.13170855513889182 0.21360556765479047 0.020276067517633667 0.008170499908040973 0.01105831173492737 0.05514978551722287 0.01566386719470613 9.85824828718507E-9 
0.006088499092722955 4.1269261487528744E-4 0.10092870912996676 0.1957683035835103 0.012299888392157655 0.044775178782173075 0.011386040148725792 0.023749142475147957 0.016773034731091187 9.47300937276299E-6 
0.006249595622836576 6.250052815698931E-4 0.167796104425437 0.020118444048873828 0.021516461013104896 0.008591362151749701 0.028750763574853885 0.06919356258940791 0.02318907573590369 0.042808898482675065 
0.007144773717927551 1.6403815229658737E-4 0.1409763503130303 1.0717383500409543E-4 0.004417718934817678 0.05426853078066467 0.03512560871943848 0.054910736610401994 0.017718467789810816 6.139226524245578E-8 
0.14969484129058605 0.01467604421704729 0.16540104350614 0.29403736355150883 0.002109102402136786 0.024392564969676952 0.04128164438194417 0.04622866402952937 0.004553687682652255 4.2916602474535234E-4 
0.006564535539052959 1.610960152305375E-4 0.23234405249889392 3.3530502222595605E-10 0.002335803695660668 0.09521063999338893 0.04547267446703169 0.028146519092128782 2.333414431581146E-9 3.4714818000721305E-4 
1.8313566710159482E-66 8.170726321498595E-66 1.036622979464877E-64 4.568479750266624E-70 2.0582171149506146E-69 16.569508600826815 6.336960028585192E-13 0.0 6.19088890524508E-10 1.636466364009663E-8 
0.1958580776409628 0.02196932910542903 0.21238734353049787 8.096042950202571E-14 0.0025866391530187196 0.07897599171765479 0.010575895782959156 0.001038597862745344 0.039215136960466836 1.801574336757834E-5 
9.592014318792954E-19 1.831065793606552E-29 4.940677900848719E-16 1.6459410283425345E-21 3.774653534365212E-12 5.062691472187204 4.0612271155132407E-4 1.62191786926093 0.26800634901757203 0.0 
0.11912777856197963 0.10369139713613999 0.21994595509508422 0.3968465719334968 0.001294716021911328 0.13642434274004692 0.041593463639088106 8.682744818516419E-4 0.0073478387332363525 0.0 
0.4074246159956449 0.11127455570805904 0.1622014877471114 3.6420274248431285E-21 0.03622094815305972 0.14579374074319912 0.0 0.001567909754306344 2.4277146829081487E-8 0.0 
0.0038493428173248783 9.67247606133976E-4 0.21807825459808666 1.717501283083701E-10 0.0019293246460911422 0.07070892661117283 0.0050315010696368335 0.01339030088577317 0.015157804734494523 0.00851428600526039 
0.07291697803708164 0.00854222194314664 0.20527260333352682 0.393769676627336 0.009444588548748599 0.07394852619194046 0.009621996546544416 7.508809231835737E-6 0.015105254570970068 1.206077828341661E-5 
0.10555618266026523 0.0021597264552748723 0.24926781377118892 0.0017031024659349785 0.02671671781334502 0.10208964947720033 0.021507303164105696 0.0 4.8038076686967E-10 1.4340962735335472E-6 
0.00661713530969188 7.86716907933709E-4 0.13968945913351408 4.4533105908374216E-8 0.02764043108315962 0.08061068712902801 0.0037791835105327374 0.013403489238446573 0.014928268851696798 2.006593390957074E-5 
0.008571904363612399 1.9726364587462387E-4 0.11658037085956743 1.2965094846748647E-4 0.014010940981353396 0.07268177071838186 0.027467358232051587 6.602969017117361E-4 0.02506557398300963 1.9543384483576442E-5 
6.612757364046914E-68 3.456350812536402E-67 3.678252995955929E-65 2.417029732892225E-70 4.3028168639642744E-66 4.2394909785123525E-71 10.081263437907513 0.0 8.798514906015682E-14 0.0 
0.1359294063911476 0.04721265612670315 0.17131433682572414 8.947187713293696E-5 0.0025404636429794646 0.019554783272301365 0.04483617760047962 0.01337448129824351 0.02288856114049297 0.0 
0.011750960911846813 0.0014704339042635373 0.23291954214413912 2.3594564519932544E-4 0.0017136083470254526 0.012380247065035021 0.03390118772724118 0.01349417441929506 0.018557470577693285 0.0 
6.8656539524436865E-65 7.453586860078173E-65 0.5210801996802379 0.5140481315850133 0.02506666438534029 0.0 0.07809368381264409 0.02962112192979644 0.0017970797030045396 1.3908195155837042E-5 
0.1870771251960206 0.17913848299039759 0.2390195107220274 0.002079657317794214 0.022994115066307406 0.0 0.07361208353718736 0.021027023731720287 0.002144462228303811 0.0 
0.0056654158041486305 1.2981120748526383E-4 0.07501267259419829 0.8804320745502371 0.014049540407295962 0.07633754604277619 0.05963316588474273 7.266436166286185E-4 0.007182577745990149 1.9736860115736472E-5 
0.007009973291779688 5.686019214652374E-4 0.12118514117553901 0.07071241399840546 0.013796683103683075 0.0387809263940735 0.0327578955464103 0.017993096500240176 0.007576238970914426 0.0 
0.0027238297841241962 6.697914746219666E-4 0.18943681416931554 1.0972320243079034E-10 0.01913501207420522 0.06526734467774474 0.05949404052848385 0.0 0.01671894455430377 1.4498642615248746E-5 
0.008083895753174988 7.085428848411295E-4 0.14266346397925908 0.27709391597610594 0.016790381667251802 0.013833610379903103 0.029221230443355232 0.011933823380484675 0.014223797821725587 8.706754579337775E-6 
0.006898771346381865 1.56629551440993E-4 0.1675853093700472 1.5739011266491308E-10 0.001940432590980661 0.06766392268676233 0.045746996999312554 0.018805043987553692 1.534634216136281E-9 3.551259633271072E-4 
1.198430339818736E-7 1.285175206782729E-7 8.207051918510372E-6 7.855538296347521E-6 0.0 4.3008366404323304E-7 9.835431214760158E-7 9.81320993904248 3.4946480985151086E-9 0.0 
0.14226497450420306 0.014300475446029673 0.1403175344246925 0.0 0.0017911023856054472 0.022742474170118543 0.036400644289702064 0.09528188471391306 0.004588858145097186 4.267523941675997E-4 
0.09382664482286417 0.10622790565341754 0.06562458670710214 0.1634900848815886 0.03082200497173779 0.007827130406122526 0.00665335567212599 0.22387828857955608 0.015048715769856317 0.05454559389548045 
0.017562717235217195 8.872807846333151E-4 0.3498227978008975 0.45284996544606687 0.0020413967426182963 0.011954018580326206 7.714319576674373E-6 0.14071123242289085 0.025893247639282194 0.0 
0.0095983149475831 7.484960865637144E-6 0.11832844188842868 0.01963597672212351 0.009741339302104933 0.028449885211094404 0.013739690801692404 0.0816938927808786 0.009434477108516007 0.0 
0.018606270187472688 0.0016043526287952072 0.42316065894958305 2.932702655524064E-4 0.0043661193069973086 0.020469112058206725 4.3800256883230884E-8 0.27776667248022047 0.0282858165315504 1.1630454355447948E-8 
2.778985649695112 0.01575533805563338 2.705951177705747 0.06498338422209335 4.754799191796308E-9 0.2270170276669828 0.0 1.1982604689226795 0.005324330636108668 0.0 
0.004108065976547529 0.0010229799821734368 0.22540742249176693 0.03977353920339058 0.0020331418904358882 0.011152204331347882 0.0045532468301745024 0.06558390926733863 0.01628135990944067 0.008209150862585826 
0.008000043992248499 0.0018266414027822658 0.22906643638157942 0.002215044967337492 0.0010400310034346639 0.04493334337085682 0.003059366931399548 0.08121513962957315 2.8363046431339155E-4 1.076629227727151E-5 
0.008630826599365865 0.0010148387299351832 0.2023176309162241 1.7113765769274152E-4 0.001185202640780559 0.008150027325792005 0.025123316195652074 0.07533606003749842 0.0209939281600673 0.0 
2.283549122333887E-83 4.521136524372319E-94 9.024790389971847E-81 2.974452692733149E-86 9.858414777251882E-77 9.484462917610579E-65 8.639612554612385E-69 2.88559637307582E-65 8.634019429106711 0.0 
0.006146334141485151 4.366752915733177E-4 0.12269231320521642 0.20527322113716334 0.011915607097327316 0.040371161106577395 0.012328100550498178 0.02479180478089595 0.02033400069756588 1.0039818070127216E-5 
0.004423886492979231 5.653961945941115E-4 0.10459846731635397 1.527610018615745 0.0012195966147329764 0.007899649984492154 0.020421514592802403 0.0093609967180443 0.1129078433746582 0.0 
0.0050388107760829465 0.0015121091720702202 0.20963814147459897 0.0 0.004771675108016177 0.007095771661370571 0.015534772881268883 0.029077735450926775 0.044973668281733395 0.0 
0.004060700876491322 0.002175709962466471 0.1834037082379465 0.2101458229381185 0.03726671513812244 0.07317807467246183 0.04224532701465863 0.020353680895935262 0.05009392246154576 1.1853746204844593E-5 
0.13682757731856413 0.015176820104040126 0.130182845114419 1.5852677749144723E-4 0.0015002222596739645 0.06048418180474415 0.02004744635078069 0.01229742230905606 0.024243221424386258 0.0 
0.10312696229392898 0.01220091878365719 0.2669948166657585 2.7491965378546797E-4 0.002163069814836883 0.014303806983269336 0.017678543903672284 0.01325706813821371 0.0192618587955904 0.0 
0.004127919422815087 0.0011471354593540184 0.21727305463808125 0.11799282988792704 0.01185435546051667 0.03152064092706505 0.005138080495789337 0.014176936136660986 0.018064789400527425 4.048635487112049E-6 
0.012568803219253298 8.601880522719761E-4 0.22169793041532515 0.4042505630444078 0.029451068270172978 0.0 0.011564742471327202 0.027843470548039723 0.024560229081015777 1.0791936185834447E-5 
0.014115867752007127 0.0013689637029917555 0.3621010951258718 2.1742143565733972E-10 0.0206965817183708 0.018663124194333056 0.015004690278203404 0.006104348846943886 0.04949207046310405 0.0 
2.0466785911010556E-138 0.0 2.3133011310095255E-137 1.3923668393994913E-141 9.60738639450992E-140 3.2855543692992885E-72 4.6044642851871583E-66 3.695589443768562E-64 8.776117478155086E-65 15.526148579580468 
0.05756884493204402 0.006583313684428918 0.1543294286775112 0.2834500620429266 0.013568401594199692 0.04581803793279252 0.007609307772702411 0.018130340853655034 0.009733197995329167 0.04482807218128188 
0.015132141611213203 0.0017579490477030752 0.35017596052898586 0.0 0.04733086920530022 0.035105496419770364 0.008701999009724544 9.320492914843235E-6 0.018048220869463633 0.12861925523931275 
0.22358470977263042 0.027057262442674753 0.543549068530749 0.0 0.0062566802898103655 6.997331590243681E-10 0.0642645713140261 0.046486479045368526 6.958026045008597E-7 0.12239319407621006 
0.013674741117618638 0.0032381017257308137 0.3112069279347387 0.013181017444703133 0.0024332966144387045 0.030131977890919735 0.004132731905618212 0.015534532458417911 0.01917532128389525 0.03779893661381474 
0.005055220206186752 0.004532085778216895 0.2934009896740543 0.41286111267714654 0.03547262251656087 0.016773905788621073 0.0 0.01267105146058359 0.017083137698711757 0.036598147393987215 
0.4088785707350857 0.08782067941584192 0.3876252083914337 0.015657557251111214 0.003734909849352355 0.05277631733109763 1.4188830278330755E-11 0.025612304416523842 0.0429681470470621 0.04613817271297052 
0.43840947896610327 0.05473937381237288 0.11585703798947047 0.0 0.042911991194094855 0.01089874021124049 0.006119786862660108 0.04540959369787604 0.01661214606515341 0.046639424949136574 
0.005708148005862381 0.0015726215403603927 0.16281040146980866 0.025216698296712966 0.00560082987746566 0.00854179882784678 0.03177982776227564 0.06722093264747216 0.019068936930595456 0.044114508719916685 
0.05338621885551171 0.05231906484673961 0.32354087710344237 0.6419464045814633 0.003267679243688606 0.006872907525236238 7.170027950891581E-6 0.07262584819126469 0.028312002560154006 0.05876027101876347 
