0.2739213522478027 0.24830236060598126 0.21269210159120305 0.2689743484340754 0.06176947805734445 0.030767272369110032 0.10886109737520662 0.31627227401002356 0.7203347110873394 0.6706700438455551 
0.13125313985277062 0.24112244492270968 0.20068807445758918 0.26920834639687646 0.0460337092742443 0.036044496016904126 0.11008002494898644 0.32718988098989404 0.7026461073396442 0.6903267887245071 
0.16089134827232074 0.30043406436136655 0.20699134590452894 0.3247789309734905 0.11894342869264066 0.08441227582763716 0.06569839633910177 0.30779354457011476 0.7297723881116398 0.6908841777552873 
0.1085225372766197 0.26909217968949395 0.20148698030033896 0.29947010056486006 0.07437907695167187 0.04847502805759154 0.10043401425706953 0.29743777145420197 0.7243261441843394 0.712411983935906 
0.066819244405363 0.2534324831182868 0.22068206549511965 0.31271972889423433 0.08595442236674072 0.0750704942702596 0.05231539935399512 0.28975343098609824 0.7125734631290176 0.6752479622483527 
0.03704811746696083 0.5168125738444096 0.23362394400471984 0.268270757987237 0.06540876610405896 0.04815200623566275 0.11660517701794416 0.30279249110186146 0.7302988014571344 0.7121680370741255 
0.06286830915810203 0.421074887331237 0.34159277555659734 0.2878503176377268 0.06815988705646825 0.05981425129667639 0.10864992936738432 0.32990853984701257 0.7627349068653784 0.6699467114321943 
0.031209599330755768 0.35268920888243155 0.23386690433898252 0.29098075395908535 0.08759255406420832 0.07140413024486365 0.05993664021118414 0.2885615881197064 0.7631418243908368 0.6906903653092429 
0.08249569609628328 0.3816423322833953 0.2983047503006546 0.3197785425555071 0.10826064949235761 0.038249895511593815 0.1181125323343064 0.32596113931019033 0.7282766755171707 0.6664046001588132 
0.05423382304333246 0.284887774517878 0.22252947651950414 0.2894855487870854 0.056872623260676 0.05534565363949323 0.09979021933208812 0.2875642747762756 0.7113111571297107 0.6928101008203517 
0.11558223236043363 0.34426099606567284 0.19375254207527529 0.305123400687885 0.12160247102385766 0.06479592600419573 0.13832948967745817 0.3229344976371585 0.7864196611031655 0.7670483955313225 
0.10076740290621088 0.31742359869332276 0.2477794057588353 0.29241728084242746 0.09082616528013952 0.09462355698362321 0.07267347234541158 0.3305212042148867 0.7278692600059545 0.8386402436955359 
0.059462271355371715 0.3044783445731078 0.21701695959730902 0.29858548262467904 0.0902992144471334 0.07811853166329545 0.06349561441096652 0.32581812470544574 0.7503065091341242 0.8476675303878909 
0.15637201002934867 0.3303916439974592 0.1998662194994988 0.30044390667777116 0.07858629402004497 0.04402597817299596 0.1366471606636024 0.33641465662285264 0.7222747757545271 0.6756386831404122 
0.04901935536476466 0.2786837350578761 0.20872540935869816 0.29458311067221915 0.09182860202204983 0.07355588431195992 0.049634878369354395 0.28581173810355165 0.7420123199790699 0.6825517639375621 
0.09275030267679014 0.24913693043692683 0.2932667084482403 0.34919625078557115 0.07881108593706593 0.041889722398985155 0.13500031928535733 0.31683249257649093 0.7154372969104364 0.671834998036947 
0.047849218756811085 0.2608686612011671 0.251592144301285 0.3003654224734799 0.08378229283715624 0.07982613575555803 0.10670365804944328 0.27641325534236955 0.7235515363463609 0.6999202052570339 
0.08300564036622392 0.24169764681434014 0.26588467193329013 0.33371209610390035 0.09308383751570865 0.09266685103386006 0.08241952465397691 0.3227877832285258 0.7685544823319873 0.6708968465314736 
0.05040717778408897 0.26522787878695364 0.22671745704998533 0.3123268013865051 0.048230507272857645 0.05405754657821689 0.1000880837373856 0.28344163185420107 0.7072661665743799 0.6896149139689091 
0.05462957718425824 0.24790694227942836 0.25257833363406057 0.3458236530600056 0.09918815191029465 0.06603877548576428 0.11745842644389155 0.3407397862596031 0.7504050594511213 0.6528732196768278 
0.042184830140128984 0.2508928467324277 0.22560996469869216 0.306530405585818 0.08508523527471018 0.07690458577894214 0.05782388062981637 0.3036269335560152 0.7325758483296292 0.6656717457282673 
0.08991338571891644 0.28277415251287374 0.23806857413857835 0.5937564498046758 0.10133839717739301 0.07619363521102131 0.10499306298387398 0.2811387892356736 0.750009614036863 0.7156055059436842 
0.0679682407552295 0.24746905808304365 0.19454579967756883 0.519460765405676 0.15925005437771828 0.0697036874846749 0.120598148572759 0.29596649011782217 0.7872347007300207 0.7444463891502161 
0.021420433814299113 0.23952252522667672 0.2017291151829826 0.33731114515573174 0.059670461791944095 0.04092483831906686 0.10928891998736716 0.27557286591789687 0.7151170634611876 0.688541529206581 
0.045564273263298226 0.2404265409373397 0.22323964790684464 0.39098798459338197 0.07061291412758494 0.09532715086474741 0.09066488251772752 0.28384279957792524 0.7635903952745503 0.6752523418777779 
0.07205073638883819 0.25210928752315115 0.2209351820151466 0.35703715082666704 0.04449657064829749 0.05269752777605685 0.10397225249320535 0.28953327106292115 0.7119583968687857 0.6659483177073343 
0.0435426415730823 0.26288963579493835 0.19882977337789298 0.34648988028746697 0.11432846558432261 0.04742130148348695 0.12540344408162085 0.3034762347470309 0.7116143304227063 0.6794682667609777 
0.05668796203754129 0.24443585577873156 0.19475898555346968 0.3303219807470244 0.09181826598462355 0.07543138903792564 0.04604949615224834 0.2926467669678595 0.7158594452449311 0.6687233742770627 
0.0438346719351443 0.2582378549433859 0.25641390037900136 0.3417007592898858 0.08782673333674773 0.08271894454584239 0.055036054762071115 0.28011262084346833 0.7266280562599646 0.6642982559079512 
0.041279820941814815 0.2624985242118032 0.20001477060899883 0.31569376561508156 0.05524071612881882 0.05376732390090113 0.09751709823495695 0.30757032432240416 0.7287850037783649 0.6690719158446825 
0.04567698851817155 0.23698529975263433 0.26824595648348015 0.36426709073806696 0.07291643732967078 0.030211804279061054 0.11731179724284445 0.3025585654410845 0.7622467784477892 0.9735574199712734 
0.0429310403208865 0.23228003479140447 0.20363840764748428 0.29425302776972245 0.3830685271054374 0.07000085428675851 0.059348061948968474 0.30453067182627747 0.753767773605834 0.673241701639364 
0.044450991729424 0.3063825118973168 0.21666037360084345 0.331592246829915 0.19241524336777993 0.07945173518649627 0.0643239952071073 0.31436559134782993 0.7260416261179315 0.6785476311405457 
0.02569811798951846 0.24038673157998627 0.2349251942597383 0.31824989213879157 0.1044710866087308 0.08143480550774773 0.04857539061859609 0.2709125569017931 0.7115156803438003 0.7000883813405973 
0.03991565455727027 0.2447820447400821 0.21681947720929043 0.27409356129982143 0.08159501464421093 0.061073962939751134 0.09536778452634083 0.29022583109620836 0.7218101887257368 0.6831599227471208 
0.08537202348100309 0.27289481499268015 0.24771454535693904 0.29867787390551975 0.11572849633960114 0.03086107472427769 0.12216451683413143 0.33387780605875117 0.7385555783024252 0.6775275277835691 
0.03998578427429321 0.22601850409428206 0.2149296589542337 0.3072874423586637 0.09455081756618103 0.07522300494103112 0.10644673857164035 0.28807463750919615 0.7322928427338694 0.7100256248863501 
0.039625859301131036 0.24038958585457382 0.34668956058182954 0.3107725036092225 0.1147409401149198 0.07250530286115628 0.08032758118291028 0.27953446361480494 0.7517855915883918 0.6965822396950877 
0.0860628144369726 0.25036954516869303 0.21439589622546448 0.2871535210997649 0.09450415835591121 0.07413090554971563 0.051084752143489995 0.32324599401385723 0.7181530190803672 0.7143230849740838 
0.036603690134573784 0.2498915500507522 0.21056394724668354 0.3091594047244034 0.09135039186118712 0.08332142719970549 0.06175728676883814 0.318268215222185 0.738162156004607 0.6626602651817596 
0.0407873648281033 0.2961681271299169 0.2708590080961461 0.2944162412078131 0.10434317667327977 0.08686803253661698 0.06916407201309957 0.29445846396872855 0.7733427938412353 0.670142671673978 
0.06914577550611382 0.24386606385204326 0.1946704334319497 0.27913005834932825 0.09453695099193886 0.2787374764430527 0.08236622843072636 0.3036529319243378 0.7090492732523036 0.6801277353532141 
0.016660036029834825 0.2890695852985588 0.24917726691621503 0.2834612949600273 0.1137635247622234 0.128073616310293 0.06114363361617682 0.3045412133357224 0.7705919626912923 0.7389919949920996 
0.02719109975938612 0.23981439276061922 0.2010503600224507 0.2909435908995141 0.08129298075371805 0.08690408839183152 0.09799631670825511 0.2782459320146362 0.7199428053276026 0.6907761999699731 
0.05104685214956679 0.2427295817263892 0.23289129389209648 0.2991163613088005 0.08806347814279702 0.10464946886861749 0.044688606877646565 0.2819055129211493 0.7107244398832523 0.6763733942250233 
0.08548863234915466 0.2325759234068005 0.19988423140960748 0.2999548491125762 0.07683126922145543 0.13122327876010012 0.10017259661335992 0.31543868227046307 0.7447688652583744 0.6710969770466635 
0.0477326685796462 0.24074652553965917 0.20601156451114486 0.3100080741626348 0.10680859931378735 0.09659583366943032 0.07150465799607023 0.2854577261969228 0.7036353959099956 0.6866289510268871 
0.011219779719061568 0.2801560150609908 0.2535900217071467 0.2721838716988707 0.09252567929530181 0.10290705819807978 0.10093457516630631 0.30468021518986427 0.7606112209913002 0.7326379474905508 
0.029981622767096372 0.22130546918179772 0.2001441794304387 0.29650863049504744 0.1236041600758049 0.0981140685527325 0.10425515858037343 0.2756529043330588 0.7282157376477605 0.7067827157867372 
0.037640938873686386 0.26409370575986185 0.20028531495516563 0.30896471055019714 0.08867716941180116 0.08741357494298424 0.047656995998503336 0.2870167476190136 0.7361745989572187 0.6826862404850097 
0.04897462144960473 0.24216297990623872 0.21011785008388567 0.2972560695057027 0.060550529841017886 0.07358674885165915 0.09858855622804472 0.2956056233080124 0.7141006206579427 0.6710887548359512 
0.04348348045722627 0.2634729002678012 0.17925086335158805 0.2966730027617863 0.08050919777601767 0.057730867649914676 0.27681650197711305 0.29696545451884443 0.7298696729782437 0.6984902968401309 
0.04088513762656768 0.273828885635344 0.2043063853211756 0.27408589657184274 0.07121476002583269 0.06551204395729791 0.09932625520369995 0.29294790078211563 0.7217454602037326 0.6928840532072901 
0.05054718567497529 0.24072218355960662 0.2143506330442455 0.2733540161245709 0.09851116863055132 0.028863400444381355 0.11303741652283687 0.2942484122868614 0.7020074666829266 0.6952172151265279 
0.023188870428630826 0.40213079305106214 0.208070468826892 0.2798442441450826 0.0658889501449457 0.04239665179219627 0.14188106210193105 0.345090975638187 0.6904055131720853 0.7187551198971889 
0.04758741580902809 0.2510908875010158 0.19225884554130065 0.2986173186143896 0.07031617425285366 0.05975619540754058 0.136931588843721 0.3354349040231455 0.7055816372301519 0.693662179903547 
0.07200416688722025 0.21861819539497837 0.19439696858453495 0.2921943576201692 0.03934140383765239 0.04712723658730766 0.13001484641126945 0.37112873430902105 0.7260875719806001 0.6729527181590765 
0.05095114834684289 0.24371813084733973 0.22633094628190895 0.2999397854459478 0.04053555326694279 0.047357008708985064 0.10829192577639679 0.28568575655268635 0.7291807016234286 0.7404905798071719 
0.011409348860029755 0.3181612484294446 0.2240131656790938 0.27476470845384326 0.06308303890332242 0.05280502524668157 0.11486253508333209 0.31746375839983754 0.7459142700568439 0.7089424683671696 
0.03638031876243276 0.29293974973803605 0.19447236396601145 0.2737648795137763 0.04793926503797261 0.03983192565480858 0.11152068022826087 0.30139883639580417 0.7155840517779551 0.7174924598875182 
0.08184542113729869 0.2695595091972527 0.25130844649605116 0.2645727364474033 0.04011861865927827 0.08229316721538482 0.11681123451839011 0.30336774519444437 0.7047875395178197 0.7138545511698223 
0.08358098151188405 0.24107574701697923 0.2161962193976403 0.31240657239284725 0.07500151272051087 0.0794267329757014 0.12190063071398642 0.41006045866490726 0.7700903550115014 0.7206827137294763 
0.05897472847896383 0.28560921538003914 0.25323431091581755 0.28431990722614564 0.06907065289705452 0.06257666929214462 0.10899252829561513 0.3291568884425492 0.7169302800022079 0.6668377000493024 
0.07115061980668372 0.2564442427604932 0.2689833432021404 0.27545922344395984 0.060052329010700706 0.09178411716885046 0.12323949222842359 0.37741440009334715 0.7179584316890142 0.7004575712096017 
0.03553065042491092 0.22092433641314813 0.22068697587954308 0.297082468945638 0.08958877646785185 0.059855040762683796 0.10498597356868 0.34805752260075956 0.7205514530946856 0.6894693345614372 
0.10476710590334502 0.21874846429772252 0.19529177600627867 0.3058951308035407 0.036563475165953575 0.058699030323605995 0.12514571651680012 0.37098976375216974 0.7239053305124153 0.6849665323293891 
0.1424145839423462 0.31465744479146773 0.1965787592698238 0.2851314865125848 0.10809491891805059 0.03648127834404906 0.14773247613522356 0.37828136230602405 0.7450841247531598 0.6656246503895136 
0.0639655776673606 0.2169025006378846 0.2144873311791615 0.31356345416276377 0.0828961068420336 0.08569322423771122 0.068830074061 0.34529760514115093 0.7041932487531599 0.6950803317840322 
0.036401700661113576 0.2977875947735719 0.22481120765207507 0.29781075844453375 0.0597238790004012 0.08830815525838537 0.12167234608236621 0.3390629789362467 0.773693409076267 0.6917059987096317 
0.1210187123746144 0.2942612927301598 0.26011608857048396 0.2882150225465613 0.1241915274287661 0.11304096291114817 0.09366621296056235 0.36323191932100884 0.7313504981131852 0.6838161830041889 
0.06410700428513452 0.2763482257562794 0.23707033057161547 0.3172714240152798 0.057771875005928126 0.046100018856828726 0.10651356330796562 0.32740833449914625 0.7231566594826696 0.6650942844224862 
0.07020286659152866 0.2428354139469986 0.22346896323287668 0.2986734597047653 0.10608043673188425 0.06914015390271412 0.06671243919416742 0.28014989266535384 0.8809493210101211 0.6807589715217751 
0.0620223847061818 0.25034104607311186 0.2363951793374273 0.31421060655666405 0.1304099252118462 0.07745517532114735 0.05287429113052045 0.2786080074321909 0.8494893995961015 0.6775577284658225 
0.02798256886213334 0.2786436538060748 0.21521282736860506 0.29158815391000786 0.06829554269722524 0.07183023020757173 0.1293793186979037 0.3156196592978973 0.7998556451099795 0.6671167555200531 
0.14591074768213058 0.2632700318349328 0.21977253861099666 0.2850373403863877 0.1187267966953752 0.0930833042773771 0.06479480423817162 0.2893904655255191 0.8265599782426659 0.7238074934422094 
0.0465383152853361 0.26198535673907564 0.190109863881257 0.30378500718979273 0.04284207263631249 0.07424895584872551 0.11435533806683568 0.30138582460441515 0.7544256529883194 0.6571920938258002 
0.05538054394993183 0.2563974662425364 0.21401299443619504 0.30616669472353075 0.08211698316077662 0.04147749727868921 0.11143083593908414 0.3258136615688625 0.7533029415887914 0.6796902385292732 
0.0597824168125 0.25538723077906206 0.1974254879913093 0.32253668092814936 0.09328555529055382 0.061064133799924716 0.11136294415468961 0.30648046268200907 0.75482803866482 0.6919994536622113 
0.04781197324594231 0.2818313065273784 0.20631511205011166 0.3225678290776157 0.05522162819209203 0.06931023174308752 0.09994095885750683 0.2953570989405798 0.7445263342308888 0.6958751398549815 
0.04983825774524245 0.2769123304688985 0.2150168246619179 0.3104546123275292 0.057018494229865935 0.05576909325256241 0.10579347687490337 0.3191508032481164 0.7333893047313671 0.6760495796811484 
0.04898627589799465 0.2339782930080507 0.2702151805368187 0.3115474507474396 0.07462463341209058 0.04000185010386919 0.1343444703518546 0.279810909736881 0.7696733098554202 0.9949191452252866 
0.013643805325753905 0.23249300456699243 0.2466462125499146 0.33831230588239836 0.1074989179644725 0.038859582598318995 0.1303426352148111 0.2955787349157685 0.7179533526752048 0.868781527219738 
0.08596549700847475 0.26982569386895505 0.24380599749706586 0.2899355680056703 0.0596705982596228 0.07557612436324739 0.12562054272208706 0.2906644416469334 0.7823088915730017 0.8820568094970747 
0.023581999439655655 0.22139545119110177 0.23094112115748192 0.2899067843217059 0.10883587882116222 0.037674955042279065 0.11703052083073431 0.2927941733063083 0.7221335167798856 0.813739094686781 
0.054763093072105674 0.24306443008508274 0.23502225984849748 0.30320888333370627 0.05367293982243897 0.058726050266033045 0.1010728131606523 0.28306666008009584 0.7318358168965421 0.743471023882651 
0.016769745600843836 0.23852741790880905 0.2327788069117896 0.2906117487822417 0.09392001680954806 0.06282198590920927 0.11669943230842371 0.2958300734314252 0.7559437580492667 0.735594850764628 
0.009724711118827441 0.28207650519821914 0.22505762106957786 0.27326997027272376 0.09699923088284763 0.09191606958930784 0.10239817020205964 0.3299530144778059 0.7649842106958825 0.7305892833658943 
0.030352681484302844 0.2301114595191388 0.20843223463889352 0.29482606651681126 0.10606428563757725 0.06820853501421972 0.10127216399707223 0.2753195619644194 0.7285084405450724 0.7125156518563052 
0.059746879504228786 0.2304987090744421 0.23324628708849673 0.2984850366003485 0.0912142236810155 0.047309552395561665 0.11087401949720721 0.2946092624768885 0.7463692790934551 0.719003070660141 
