142.57672123229162 0.005376146839244955 94.60362362854431 0.006387629020077192 3.4094272550909164 
2.415109695451312 9.712728654688315E-4 84.62463561228833 0.005765270211225577 3.4186045096561037 
7.4641413594264705 0.0012843494862779274 100.48792828816407 0.009212039183540743 3.3806994091724536 
18.68308295657399 0.006392425512973684 226.44967654844712 0.01548824272706186 3.1855182156621673 
4.4698468363503325 2.955278668938155E-4 7.146865686942361 0.0062428503488608945 3.4664443391602715 
12.093621750820592 0.007005208402476334 228.96289903343035 0.007102251415518289 3.4141040438874835 
4.178738436152791 0.0024305162685619736 12.181913124438298 0.003726579651208129 3.4539606789052564 
2.544838973346304 7.763445195679133E-4 11.41140707160195 0.003054214390457725 3.4590324736857974 
4.736921136476665 1.749624377088661E-4 4.798351578941559 0.012343031931743605 3.461252141807481 
2.0581285938802685 1.798919689413537E-4 2.0042737138947957 0.0017360680084741815 3.4772767343523023 
3.130006611503889 5.4414028471849E-4 81.75523625691088 0.0045130006984542125 3.4362627327896527 
5.234047301499579 0.0033036939745222597 57.12814101876834 0.007456527605704929 3.398221769114788 
3.5559718127969333 0.0017170525736565825 94.38388936895662 0.00483619760065013 3.42497666046689 
2.2120236157820043 2.9266385064673586E-4 56.15874580374576 0.0015652193131405802 3.468857458510677 
7.1644650376680765 0.003856816665748675 103.61682763264903 0.01792557310882112 3.334528250954212 
21.04139769827327 0.006836793021609757 276.5935944098072 0.07014539544423871 3.080046779980804 
2.3321139929958754 7.453077499278461E-4 50.386212424314856 0.0059409682338432725 3.422609302672839 
1.5473566602708082 9.354836120138022E-4 3.8637860862655304 6.684005458758794E-4 3.479054479049907 
1.5225483744565271 2.789097665665039E-4 2.041888016206403 3.1644636247474565E-4 3.4808969564776038 
1.80870708839525 3.6582556316485943E-4 7.493627550535307 0.005201358532851134 3.466451551172032 
2.390181779278425 0.2289068307559396 257.1259143922969 0.01186903748258206 3.0033151848565613 
0.9626624032425182 0.005081288926031462 43.10881348914924 0.005290270450431109 3.4393950663888053 
1.1218227338784874 0.020054950727161087 416.10832604430425 0.02656980762033354 3.246542085464046 
0.18351524534707325 0.007337681096791872 74.27328454892347 0.01302923370972548 3.3402445503211546 
18.215556310490854 0.03758738135613118 1097.6581789527866 0.0055214024170183364 2.811342229901352 
0.853845109005273 0.005169010871437686 185.99696699571274 0.01014847664212981 3.363283290576001 
4.343767252764062 0.006216348834348884 36.51710683343576 0.0024882010691665837 3.4539980923067723 
0.0968339106015702 0.001530504909014157 5.653361441174517 0.001655592970351719 3.4708505940278536 
1.0921859448005335 0.0014124826964306385 5.1449692508250635 0.0013873161307164613 3.4713465514369743 
0.11518244181711167 0.003880028184151859 266.23527633754384 0.013925317913174775 3.3074544647521322 
3.157006637025473 0.003736186253471902 166.16052830624542 0.011363391956751213 3.3636494954956198 
0.19791940414551817 0.0014358240546342746 91.81541205327828 0.004966887002045158 3.42218559806316 
0.008744703060301747 0.001432802076294237 19.326651325450243 0.005143217055992335 3.4432691022301403 
0.4651329876575831 0.0015120823971263085 37.08649373753892 0.005793905426157581 3.4198566902492105 
6.378579576387834 0.004488460588434097 54.70342432734916 0.00815501244959695 3.392428687876318 
0.6560973787251377 0.0011206745761268423 71.73310157598753 0.001445881136572896 3.4705665189940627 
1.5092451031612317 0.0025764692620826304 144.76295157466896 0.012266033252517008 3.372337456283791 
0.29571648103981496 0.0020975235081923103 198.17360731855717 0.005256108621125133 3.4157235813451 
0.20868406963978386 3.3224783201311474E-4 10145.48706568214 4.8534185101876205E-4 2.830439646446517 
0.4668944498574301 5.6807563544275E-4 62.80912109038633 0.005468230646625518 3.433656937497694 
0.4657299911570922 0.0252606446160337 3005.1510978536685 0.031856363960055735 3.051088489598844 
0.031187795755338567 4.182489226791709E-6 156.38267117802218 0.0030571644228933447 3.4582249137134373 
0.0052121578929937035 1.3241820686589933E-4 304.81470620834244 0.01043789376096851 3.363695416273872 
2.2690855593428783 3.8401240931194033E-4 304.36614750356966 0.004104852948976996 3.446009097284281 
0.019927397800948928 0.001037815309118592 127.6216698607181 0.0013789587267446154 3.465455096378291 
3.3784604627939543 0.002392305684542782 293.0455496307692 0.0011180353999062699 3.033741306299316 
0.0516126877446548 8.042633761213014E-5 85.26688864219761 0.0014303756453078252 3.4704889114724136 
1.6934161751767958 1.9368614405885102E-4 140.6585904650447 0.0029845756443382856 3.458222987581273 
2.037305173529341 2.4040100794158378E-4 218.5599993926862 0.01350622397866084 3.3586617837004527 
2.4833204546090797 0.002313051314060932 254.2703173358279 0.014870406288144974 3.3097241478411057 
0.14712345292622897 1.319868894885147E-4 75.95285792316028 0.0032622891443643567 3.453980911794607 
5.311049466761628 0.003161385198955791 289.8875144884881 0.004575402963931298 3.0884001359279853 
0.3639902558041151 1.8459331431226178E-4 120.71383863237061 0.00764672575121701 3.409231180260508 
0.039760738401040364 4.458767798384529E-5 87.73661207119457 0.008670041719095386 3.409110188988742 
3.8817462246997083 0.0018784235839126927 189.11586471645103 0.01041918996251748 3.2664780197779373 
1.3770421388184837 0.0013231633418477047 151.10097429100293 0.017140116322995603 3.3364125238153375 
70.16314486489578 0.00497052892866344 2434.201550050245 0.017062742874935817 2.884636114271582 
0.02922003958174931 8.264399237056988E-5 39.28328693389679 0.0023825471907443535 3.4583244598790537 
3.518351964437658E-4 5.305365061945453E-8 0.0361901222835029 0.702838748307984 2.2214359778371717 
0.14511419003476372 0.0014008089647119225 25.359367620213835 0.015053421680603798 3.4207580274303147 
0.02178874030827594 7.176399531970478E-4 84.92796668206195 0.013031344905988576 3.3760248359273306 
0.5534535226439067 7.767926213361974E-4 43.16712465348687 0.009428367451878122 3.4151664445242136 
2.7616916131856306 3.201986784388765E-4 49.19818142716203 0.01459773416030846 3.362722342322688 
0.5356363410318465 4.550046325204272E-4 44.27775789908907 0.005376582068480605 3.423157196650759 
0.29684626955074933 2.408414259355033E-4 17.84033057628925 0.003633240396925521 3.4555263757430392 
0.004773622001505777 1.525977378719401E-4 28.648919002718404 0.0035963920749399036 3.452898542500715 
1.8369290888152718 8.920955207419345E-4 2.225101262420938 0.005634370337048179 3.4681972276834854 
4.102754608719984E-4 9.973578442788684E-5 8.040330441481965 0.0028605991170681895 3.4752812928740973 
0.503631030326777 8.833173860848779E-4 37.105373158340605 0.0032332334852651903 3.4492173160828377 
0.2304071860785735 4.1433613052188536E-4 37.460688075837616 0.002376861319708141 3.4587281595943526 
1.0092766250841374 1.352619242220327E-4 14.909045363752094 0.003688596049063213 3.453960559483228 
1.311718304185296 4.1899548690361717E-4 57.75116774997248 0.0029982922618223156 3.4502914187135847 
0.7093593985077783 9.525605006853853E-5 32.19102586031394 0.0021755597610099153 3.462756457082551 
0.0011594347111829582 5.593535980214142E-4 5.122879941090261 0.001854579152838362 3.48778682563446 
0.42415995854048477 6.378649093262476E-4 22.030136415566364 6.584830721489773E-4 3.4744986615256277 
0.5084343529045691 3.1771635697033904E-5 1.1533848103760118 8.213081395128373E-4 3.4817871516493404 
1.375380850151844 5.483219196383446E-4 4.387295407122765 7.217068095730082E-4 3.477159533003562 
0.799809023012902 3.523947363815771E-4 3.0086664465234656 3.4664634663702175E-4 3.4810503192922764 
1.0452836407749948E-9 2.3997172547080405E-12 3.630636808559496E-7 1.0486216340861272E-10 3.9469471076318343 
0.013013383538151282 1.6144406285734998E-5 1.7356667398660148 4.889983634722578E-4 3.479898408108688 
0.08287946718610502 7.300757256244327E-5 6.876868387159218 3.105169468466373E-4 3.4795946938289157 
0.0024676381517343923 2.038794200195146E-4 1.1186829538696181 2.4123810628815542E-4 3.4819114683999497 
0.18755480183478324 1.1183224660023045E-4 2.165736770884431 1.1118068604706207E-4 3.4819811268918084 
0.006491538217007429 1.1991872933539504E-6 8.693400098202718 9.392214760142612E-4 3.4761581235693613 
8.9884647397743E-4 2.128463906809023E-6 9.769004481589652 4.1700397779947425E-4 3.4815827751397306 
0.04955300573340014 2.6278715187221847E-4 5.955802132032343 8.985810496452101E-4 3.4761667530917193 
0.076172317192435 3.9938407828386645E-4 0.9071985734712258 3.7200402991366047E-4 3.480859182488127 
0.18732380333386883 9.657121161912349E-5 9.58750878909698 6.500518042771583E-4 3.478204280048389 
0.010447034248948394 3.751441337228703E-4 7.82195742020274 4.5723162808587416E-4 3.4795123811037705 
0.19070250024725205 2.4090745330859756E-5 20.071431104966038 1.232139150163112E-4 3.4833735065259974 
0.2789198888259831 2.094354278075395E-4 10.42567209248465 4.110729155396476E-4 3.4787777161314875 
0.09429838746060498 4.5237493569999196E-5 24.084104262297892 4.1895394329866836E-4 3.480738627707876 
7.343004653908729E-4 3.516183101966254E-4 16.173390691738835 0.001457525151971083 3.4912377538022157 
0.4357124320273218 6.694372213152203E-5 3.0336341288644824 3.4985240585851736E-4 3.480498168661886 
0.151438755612256 3.7206175585625825E-4 5.406773475968267 0.0016488463439723882 3.4712010257536474 
0.37302609774917905 4.304787080404613E-4 1.0504192241394097 3.4914751611164193E-4 3.4808505353178703 
0.15763926681388377 2.4040269910438822E-4 20.657472976595415 0.0014555536605875652 3.470492747105763 
6.176677739691071E-4 3.059704736302474E-4 7.100812573253119 0.0021743688909848214 3.487786785403502 
