0.42820020480499454 0.15246187398370584 0.027156617281869237 0.039673722523256766 0.15604436688086837 0.2982039753903505 1.2544304259804426 2.113242531534845 
0.15028639565152413 0.0982690946037588 0.05420526879167951 0.07053598513528091 0.18206896347647314 0.3432028991735119 1.2969648004912695 3.0921569573062153 
0.4514290805049307 0.14530545590477512 0.030280253291279886 0.07922924991266693 0.31584127772705484 0.8104484091125415 2.769637237208958 6.121228741386421 
0.3682842165092163 0.21425953171022802 0.03241220193626509 0.09999664980572402 0.3273135219624775 0.5725984799961703 1.4032198442549746 4.778421165642904 
0.17992013269258791 0.06481680498629386 0.05109517652602114 0.05107535586433445 0.11507185872295632 0.45584821501389083 1.087797337389788 2.4324144982281126 
0.3929852613341927 0.21990883350127055 0.02618808276607437 0.15043590881660773 0.2872840703735036 0.5475490748749959 3.1877851756109856 3.618346694785514 
0.1838678315950429 0.06369413738282155 0.05312499789928415 0.06449376495350982 0.16077710512359947 0.3021948035748633 1.216705502915352 2.019127395527761 
0.1670734507125524 0.0965854023664473 0.08126333674904287 0.06904428505405447 0.09863079904006569 0.26820305287724117 0.5689953003577825 1.8461906935402421 
0.18222651326980358 0.06613303742612724 0.05905949654872876 0.0954448020210332 0.20822737076143755 0.7599143316301737 1.5690606710666317 2.3647735464994386 
0.1426215824217868 0.11206069527405592 0.04948659852008863 0.04310569028516578 0.13664134563998315 0.5701910928762467 0.6805267056887078 2.4644281222807973 
0.15360286030763554 0.10494556625810945 0.0591437713880996 0.06914367496460665 0.0873699168816419 0.4514460241745807 0.9029836529486526 3.3696820561140015 
0.13784368316811224 0.11438762419938055 0.04757692584588685 0.0687914688336493 0.1344372061787272 0.5169527840068721 1.2479426736566694 1.7202063343177374 
0.18350859737412673 0.39440082803542376 0.027532951132933314 0.05298254398105633 0.16514335206226918 0.32476197575415444 0.9002672250752068 1.919572036167171 
0.156476948161302 0.28164748156575636 0.03965682373086229 0.06390416116664124 0.2188264180900703 0.4863506707361595 1.5700560756734603 2.4944540909873676 
0.2142962105213194 0.2428986728957125 0.04306364234007629 0.05128866446919504 0.13477366831884588 0.5005536467107934 1.0381674543498303 2.3510911774534837 
0.11272536343822222 0.20912028701066337 0.03643466922417722 0.06413308620981914 0.11349830820378165 0.7722203805312958 0.9678775074050704 3.6955986016099396 
0.0838391476187805 0.1515855427656683 0.05974400274521244 0.05737448629393551 0.1630131622578686 0.35236673737377383 1.0414298433954023 1.4882584776205263 
0.07428227911831364 0.15445863832957984 0.055462111922860984 0.048871761729905934 0.08909859035893314 0.40272972715994737 1.2762122269851242 2.4731711433198216 
0.159240905835717 0.19359509803787328 0.0545329628215587 0.06451283487900542 0.12137899641561999 0.7355981306988093 1.010086903992941 4.433906832804728 
0.07334110265559796 0.1543109623793023 0.047269087045529005 0.07269134729507935 0.2655937823848891 0.3172223589851395 1.4681336881748872 2.7550163313027274 
0.11474212372473862 0.1295870413700061 0.05180402730721536 0.052816662558215675 0.1392944555933579 0.41651710828873756 0.6540159232207342 3.026050033524568 
0.11776223321028029 0.13042268740910448 0.05876987798062119 0.030350977214954555 0.08826875287823766 0.34534463160138656 1.1019120515844552 2.4471814394131703 
0.11756060345518266 0.13300776975865686 0.060698157156759795 0.05285059161707996 0.1463880065298909 0.42157349426140656 0.9905294104271244 1.7420758834203516 
0.305521526012235 0.3042042432010436 0.021123275701319458 0.07166101410411843 0.4282900799828013 0.4877959302268808 2.5136983612221155 5.184524673919276 
0.12645880224864023 0.14612140931564177 0.18119904975762202 0.06320106377471216 0.13531535438795694 0.40558675054218557 0.8701412180898153 2.571892395509934 
0.11932233194381801 0.1296973548484516 0.06966653215399345 0.05772391553930144 0.13659726370159955 0.685422121887525 0.9655195883881167 3.717865740282668 
0.13801889441809728 0.1151473786390806 0.06893692821237224 0.07776468436309619 0.25551529574667464 0.3860866004432383 1.3155593367857552 3.140428128164282 
0.14142112784437752 0.10990933779166165 0.0564726166704321 0.0694173173544461 0.1685584158949183 0.5483286210294254 0.9217525845594721 1.8572786701320607 
0.11337463210864628 0.1417488955616197 0.058268627192460246 0.06327813861872299 0.18076435518546577 0.6388616949815339 0.9213992555496282 2.5797516241697935 
0.16157894475382198 0.08901166186266549 0.06584098446702573 0.07648056835027549 0.2336347212026937 0.5991352406717436 1.3531579531711102 2.254773417954818 
0.11627165049913997 0.13349542323470076 0.05077158698623633 0.060143307240943814 0.15824949263570084 0.36669862605406944 1.2793804716511117 2.973307149353308 
0.13934562181622173 0.10922515931752932 0.05579440481827243 0.08178248580919016 0.24504362298987228 0.6469504039070714 1.1613892918047801 4.184272557756644 
0.07559846624201506 0.1484443984020033 0.07854025334370915 0.09710882074991156 0.2348861900378116 0.5981164713394371 1.3715464050546162 2.7401141677509493 
0.1814112824496331 0.06379969244835718 0.06146257115937813 0.10814107569606471 0.261931727881302 0.9137380521213444 1.9098230443933049 4.729537426179501 
0.13895264091234552 0.12380719431459791 0.04712613833489951 0.07012013196619842 0.1578438985354317 0.7090045067557513 1.5155970307666384 3.722222596853808 
0.27603605211242743 0.29578190779306884 0.02242329604826743 0.12317879506861061 0.4668992213982792 0.6574874253714303 2.462395871435777 7.442420984472534 
0.12076507863867754 0.11709357687714254 0.06364521078540167 0.38275716628660644 0.5086314484191774 1.1998984159573212 3.1114112853481966 9.714457916951131 
0.17127955847140255 0.06698824334860669 0.06726043058437868 0.1698975306174958 0.20783292668340192 0.352786535319952 2.9538738883280455 3.8350023218080462 
0.1778777946780013 0.06440535075425825 0.06351451888804392 0.1286280033584738 0.23216378417928102 0.6595251003234042 1.8675806597118978 3.323937674679713 
0.11234834204637618 0.12939809962877485 0.06267709298176967 0.1224533730040609 0.1987568037353923 0.6162239997266623 1.4176644200377433 4.816535771036076 
0.11654749013502845 0.1321512846235002 0.05295914189667138 0.0995542967517057 0.15531543319612134 0.5170172492002792 1.0552118900905592 2.256828513270054 
0.076144001812597 0.14530950841647658 0.05793634215972276 0.10579728300284932 0.23074256798815362 0.48998792092840887 1.2188400792343657 3.5106551636486603 
0.07769641456290353 0.14065291410603037 0.058748055546482825 0.1229861735442882 0.2969837538341111 0.3458863965034544 1.2284852260794896 5.220452302415208 
0.11716567622470744 0.12985228726199713 0.04515183739760447 0.10654081937022886 0.23583072110481773 0.4516296987831359 1.3251817229937322 3.2218476787068013 
0.1767356403075506 0.06439533310092246 0.0648453232149444 0.12736357475039325 0.3180394327925333 0.4204856060743146 1.0880788102544274 4.3801702212987506 
0.13816411514791266 0.11764779590847226 0.04816557685503468 0.095460292339182 0.2835041421833134 0.5069228367188736 0.7291111975207646 3.0179281550805195 
0.18128209313636157 0.06469623386411912 0.045673491822883876 0.08216174294345063 0.31552319069192986 0.4502216845003716 0.865122974403233 2.102300651860419 
0.1507448091856742 0.10423056333698358 0.044557627738486406 0.058998719410434816 0.29815936628645495 0.6177000715526116 1.3622494801757437 2.1951911740218613 
0.17869912796484588 0.06373240266828703 0.04741315718809181 0.060280673133249835 0.3301226951857153 0.6230641505914989 1.3232938207543181 3.1355985225368226 
0.11775766815829161 0.13142163786818256 0.05267972551982654 0.04698590117891107 0.23689417085886993 0.3466426475055236 1.113833212235467 2.8109617454343745 
0.0727909367173145 0.15068922550066166 0.06529733359641751 0.12098806163980658 0.4504555735016665 0.9637034278860764 0.9858378203089365 7.221800560055867 
0.07417475386172363 0.151565400922895 0.0528516227517611 0.08039478787216268 0.27877967596510733 0.5167484174827354 1.2743445746198858 3.0071499345080843 
0.15465314584962506 0.09998548361348233 0.051950654102802064 0.03973716211005838 0.23817060444729332 0.35443003645005733 1.0274965982592474 3.5319654766259285 
0.4391827501357351 0.15204739288166397 0.02631427469660266 0.07947252166824956 0.7548686945624782 1.7545058301169414 4.662372327708692 8.52444485217765 
0.16157140836844625 0.09151240348070631 0.07503588946149849 0.0625612435739077 0.2620231125566008 0.37499612111810954 1.2384761781677733 1.7430042938082893 
0.14079840803109372 0.10829518418097994 0.07698925247039523 0.1175440461897764 0.3716339244643655 0.4875483226399029 1.973407290616875 6.301562297209468 
0.15653953486338554 0.09113661381281278 0.05767195745280286 0.09212744224943341 0.26199849468131436 0.4422210730299679 1.807845863702013 2.763813571997072 
0.15953685383244287 0.09231399804944791 0.04680591097826238 0.11766797982946904 0.4530692722496563 1.8553942463870856 2.1587879066142928 3.4846709628982966 
0.07653689676162227 0.14698453561342864 0.05680819043125689 0.12192515012723606 0.3437581326539761 1.3889496050342074 2.5817633423307256 4.636107251741461 
0.14364395412443356 0.11832085418478656 0.05944944641973561 0.07751792432692606 0.1337604137203026 0.8030502270820143 0.8610142548835884 1.7147631944508681 
0.11501559979218216 0.13355938971659018 0.0408420775000261 0.05567776524181014 0.23196206827192012 0.7265659309492747 0.8887748519469262 1.9309030639264153 
0.13469487327443905 0.11761093455853981 0.08540094829347711 0.13174501235155175 0.39050097739873924 1.445101804884529 1.7344281509771453 7.42521991261389 
0.14148969517215937 0.1124861240208661 0.036724273292739605 0.1284301375177917 0.3446344353947231 1.1058451757255074 3.01839140366882 3.2471507644366135 
0.08238098767048649 0.14728820930937853 0.04930162324437913 0.06993621746053659 0.1409846072558488 0.7280054001472183 0.9167594451770875 3.512945317039458 
0.17744120329195018 0.06271721246950257 0.06283364011102222 0.08614453548487669 0.17104586371750383 0.8502597934176941 1.4356412657890625 3.503737331400386 
0.160152861992828 0.19435435620816996 0.05465063941909272 0.03394267519685974 0.11920346521997471 0.8769240014320441 0.7939155819969392 3.6581246725498184 
0.13495506680056263 0.12020088785579988 0.04392530763498686 0.06418251683230444 0.15646153231716445 0.7342651973048518 1.3721918422393924 2.97840324864926 
0.1815879577622216 0.0634245313341082 0.06160989911270791 0.06334091724517653 0.6900659203011275 1.8097368087926389 4.989127711508877 7.989502819970812 
0.1484899304575932 0.10704482769853185 0.054010544173640866 0.10509191857660886 0.24530971014936706 0.9371407501457908 2.8342339558084997 2.8790410584563837 
0.4720275367166914 0.14314725525777114 0.026206661282989062 0.15645436674834556 0.3061099270898186 0.6356506033043217 5.550871245659082 10.410260149395654 
0.08299458338724049 0.1485889047280396 0.05642610611542891 0.03970477305613408 0.17195318497188436 0.39801459118706783 1.848844541384097 2.0325711559872763 
0.12120247657645569 0.12822689358571793 0.04487503154813031 0.0622942409669854 0.13718587699893403 0.5605064818915101 1.746220715757275 2.0799209812608326 
0.07126407803937447 0.1497418101560367 0.06437120372424669 0.0810773057431813 0.2986682747987155 0.5598072091432559 2.4117306583885245 3.382690493640156 
0.17938872229524097 0.06445798376716615 0.05362689178096341 0.05436891920120078 0.17796509330149674 0.29683576194238825 1.993044337914046 2.842979161046361 
0.17980761361820802 0.06436750783924382 0.05059813816282304 0.06404085663738593 0.10678305078885379 0.46793084717900874 1.577348026737999 1.9020889880538054 
0.1838188098870027 0.060878009808972226 0.04361351243323116 0.0751562248800379 0.37031304647961355 0.5004999519865335 2.4532527863271927 5.140855167162711 
0.181359500782715 0.06424858447483676 0.05132903886757496 0.06707643310371615 0.2270621215132122 0.7028956527377997 2.421440692456193 5.564403222908063 
0.13983670083697974 0.12490122693162313 0.053789956175745425 0.06482230505297736 0.2465698639421897 0.6592009283850051 1.384334005095776 10.217869984858826 
0.1164536789535892 0.12798250390441376 0.053555147675256716 0.05479097203764059 0.13909212489227615 0.6894774015441522 1.0987924410403853 5.204225717272404 
0.11239216758149746 0.14468845120784204 0.055154874633145175 0.07468180289950126 0.10834616192827602 0.4136505645308378 0.5453911439324339 4.416741824532295 
0.1842858199642288 0.06039107416510242 0.06115603150299621 0.08870976683048185 0.29294200726819264 0.7739895799590437 2.113089862638199 6.302763746316343 
0.1567115365724252 0.09218091900547877 0.046920400683392156 0.035303204970463 0.10948371175502752 0.4094316206245147 1.3471513109410527 3.9458985526523556 
0.07352011497324884 0.1518276366868907 0.07337647306992524 0.14728343288860457 0.4321987111236783 1.2454157861374513 0.9243246751455877 7.990201468163596 
0.07297748633627711 0.15239542630360597 0.05112298653069864 0.054400289955577275 0.20290163696455074 0.5086112906360407 1.1564272289797932 4.483402194546315 
0.11436257304717092 0.12647055684007225 0.055103379016597585 0.05627463186837893 0.1860401849898065 0.4090521963160313 0.8197185759984607 4.027049335537592 
0.17931421445564427 0.07001613077713241 0.05451680579773193 0.0692934154247513 0.16703909292077831 0.4507747940784206 0.824641462811463 3.8348027546248575 
0.07453583587366726 0.14329211484567803 0.061489182248220656 0.07548973872901615 0.1574161267149667 0.6368692615869316 1.7862939991271587 4.451303113392503 
0.28874839733363306 0.28966807512488657 0.02611450157038033 0.12837435770354308 0.421242728411746 0.7702782233208729 1.994345161234164 8.285954116253448 
0.14479029193951423 0.12250479438158737 0.0515169247086217 0.07876149093835144 0.19161370524941868 0.32557644445904443 1.7050680985889053 4.052205205547788 
