0.1900734134418638 0.0 0.0 0.0 0.0 0.0 0.0 20.32418329366726 
0.18612145963996696 0.0 0.0 0.0 0.0 0.0 0.0 20.324400380978958 
0.18352726856793922 0.0 0.0 0.0 0.0 0.0 0.0 20.32531878247363 
0.18609292087693952 4.323453428156654E-6 0.0 0.0 0.0 0.0 0.0 20.325016901305 
0.0 0.24122402026234013 0.0 0.0 0.0 0.0 0.0 20.320589806142262 
0.18612145963996696 0.11869495073739245 0.0 0.0 0.0 0.0 0.0 20.307647933324965 
0.13848242847420345 0.0 0.0 0.0 0.0 0.0 0.0 20.332700874502194 
0.002692981393256133 0.0 0.0 0.0 0.0 0.0 0.0 20.352086107314985 
0.0 0.0 0.23264557524722917 0.0 1.877176427189653E-4 0.0 0.0 20.334298694919514 
0.0 0.0 0.24345419066817975 0.0 0.0 0.10013607323880791 0.0 20.319620466579075 
0.19019856889646647 0.0 0.16858306272633605 0.0 0.0 0.0 0.0 20.301101719689164 
0.0 0.11929569546777152 0.12933865652510335 0.0 0.0 0.0 0.0 20.321805989554402 
0.12755927739868866 0.18701407332020636 0.25620571240782297 0.0429505203721785 0.09230954518516121 0.016660953033538206 0.004942139257108735 20.286204662538392 
0.08614638894708904 0.05979592616382412 0.190640829824261 0.13748170233953694 0.0 0.0 0.0 20.29271622049171 
0.18609292087693952 0.11958320542079193 0.0020864755549681036 0.06900199256567241 0.0 0.0 0.0 20.302419293241215 
0.09304646043846887 0.0010594603875322406 0.0 0.038982936691486 0.0 0.0 0.0 20.340074618128526 
0.2635348308844172 0.06551158476910146 0.0 0.05442259860066834 0.0 0.0 0.0 20.312455498587337 
0.0 0.0623093333128395 0.0 0.0 0.0 0.0 0.0 20.346262405734354 
0.034211074846032474 0.0908139366532037 0.0 0.0 0.0 0.0 0.0 20.341657518115284 
0.0 0.0 0.0 0.0 0.0 0.09920692135160891 0.0 20.34472549806086 
0.19501039798018205 0.056804900947442505 0.0 0.0 0.0 0.0 0.0 20.317761773458066 
0.18541525893970778 0.0 0.0 0.0 0.15446969526076515 0.0 0.0 20.304581493441347 
0.0 0.2119162150399525 0.0 0.10736783737560351 6.520087051065104E-4 0.09990890654532869 0.0 20.315827399143327 
0.15082447836992507 0.0 0.0 0.0 0.09147992515602432 0.017103310238997693 0.0 20.32036560717017 
0.1721266390231495 0.0 0.0 0.0 1.877176427189653E-4 0.0 0.0 20.327728782495967 
0.12725753528450134 0.11929569546777152 0.0 0.0 0.0 0.0 0.0 20.316821843971574 
0.18609292087693952 0.124618666625679 0.0 0.0 0.0 0.0 0.0 20.30798878369795 
0.18609292087693952 0.11958320542079193 0.0 0.0 0.0 0.0 0.0 20.311746840489292 
0.18541525893970778 0.11374590574676446 0.0 0.0 0.0 0.0 0.0 20.316739853278413 
0.0 0.0 0.0 0.0 0.0 0.0 0.0 20.352773047834567 
0.034211074846032474 0.0 0.0 0.0 0.0 0.0 0.0 20.349512207422478 
0.18541525893970778 0.0 0.0 0.0 0.0 0.09696048895832732 0.0 20.31470218769621 
0.19021975453371098 0.0 0.0 0.0 0.0 0.09920692135160891 0.0 20.312285640571435 
0.13856409631431 0.0 0.0 0.0 0.0 0.0 0.0 20.3323790269794 
0.13815990207529794 0.0 0.0 0.0 0.0 0.0 0.0 20.334195268668157 
0.09362686837750189 0.0 0.0 0.0 0.0 0.0 0.0 20.341179594260208 
0.0 0.0 0.0 0.0 0.0 0.0 0.10989969428495883 20.349475192049916 
0.0 0.20904056127477766 0.0 0.02019409119388449 0.0 0.0 0.08097813746449845 20.3131172370809 
0.1900830290986164 0.0 0.0 0.0 0.0 0.0 0.08097813746449845 20.313967555017598 
0.0 0.0029067750075828513 0.25620571240782297 0.0 0.09147992515602432 0.016660953033538206 0.08097813746449845 20.315599023765675 
0.0 0.0 0.0 0.001061570785825694 0.09367969286144984 0.13359710405802794 0.08097813746449845 20.318618505214417 
0.06446599621788884 0.24308514156694905 0.0 0.14172120209010153 0.0 0.0 0.08097813746449845 20.28703795876617 
0.121489154920436 0.18246122226232409 0.25620571240782297 0.001824149365479144 0.09147992515602432 0.016660953033538206 0.08097813746449845 20.28305301572143 
0.0 0.36492244452464817 0.25620571240782297 0.06900199256567241 0.09147992515602432 0.017103310238997693 0.08097813746449845 20.30481629086207 
0.0 0.36492244452464817 0.2502090682796112 0.1417212020901033 0.0 0.0 0.08097813746449845 20.276291548994386 
0.12725753528450312 0.18246122226232409 0.12511570148908824 0.13800398513134482 0.09147992515602432 0.016660953033538206 0.08097813746449845 20.275411779297485 
0.09996888343087384 0.0 0.0 0.0 0.0 0.0 0.0 20.340546457411925 
