1.9054517114535212 1.9054517114535212 0.5060640536199283 1.401410432335433 1.9034289369516808 
1.9000785968428644 0.9322938255336797 1.2410026360651534 1.7083692960229424 1.8185702191419146 
1.8991160208146345 1.8946335230397766 0.89472510104412 1.2024960016560444 1.7070187959105014 
1.9005980194903624 1.792644941155055 0.1100909443895244 1.898542893700573 1.9006255995785049 
1.9005088092558005 1.4950370091203617 0.7104245916166131 1.595556017774626 1.9005088092558005 
1.900027391860401 1.579401283194266 0.8921079141514896 1.7218160410424954 1.5070845942259579 
1.9002038460030066 1.584176415543309 0.3182557102640404 1.8982177843323733 1.9002845853809098 
1.903134056850581 1.5448212028068666 0.7616184402539978 1.9060875899805483 1.5086890700301994 
1.9000242720496123 1.5391316733460192 1.4389008840867328 1.332760520149339 1.3892798161830604 
1.900748016197343 1.428172410958203 1.2969238731163202 1.1579369642459254 1.8192109019072935 
1.9007185995218603 1.320731727211412 1.1891066621391473 1.2929343235098392 1.9011637707940863 
1.9007705284421403 1.3304785946284416 1.1720654038080418 1.5675450326846125 1.6322892121823638 
1.9015822715699118 1.2299704559574929 1.025570971340271 1.5493934752761092 1.899812056577821 
1.9014537366615458 1.217779491412828 0.9083646421536253 1.6772873395230783 1.9016284032503592 
1.901040851950339 1.2111073221040942 0.6902697853807911 1.9012089797176122 1.9012089797176122 
1.902044381770074 1.190626228794266 1.3236282684591547 1.2973852457955397 1.8944935530753522 
1.90297514934582 1.2570279267401525 1.4712614135407387 1.1592937409119317 1.821342505766973 
1.8961783788014661 1.284225929344392 1.39905587535251 1.7503689933462259 1.2717994835948125 
1.903063932480239 1.072299464003491 0.9126098763896111 1.902855145871181 1.8214274898469758 
1.9057010236385081 1.0454846854714637 1.498506441683835 1.9057497821344773 1.2675571956096252 
1.9014801335237916 0.22432642356267155 1.901482684282592 1.677158811478721 1.901482684282592 
1.7577404300581985 0.6896940557016444 1.8675720774511746 1.3885553376500088 1.9011873002870088 
1.901399659036719 0.5695019437439074 1.9014016847006747 1.7232567407408053 1.5100467105805926 
1.9001115806673512 0.7759590512788275 1.9001117268505607 1.1262028164676003 1.898061732137904 
1.6997774671488253 0.20143210748275536 1.901016811737627 1.9008240488436734 1.901016811737627 
1.900074309920377 4.778437512901439E-8 1.900074357704752 1.900074357704752 1.900074357704752 
1.901093689613089 0.30658237419224893 1.8650565165677175 1.8995236568498477 1.6321185212294527 
1.5273894762561904 0.37965407896989295 1.9060751819185113 1.9059693889595701 1.9052126015698803 
1.9006955112355346 0.530840719320065 1.8739046353424882 1.9006955848883889 1.396645888767079 
1.9193219736735252 0.43928275959684643 1.667491449605733 1.9196062032880783 1.7327224269881303 
1.896304471199736 0.7927360626416892 1.6955830306851658 1.7246528290489493 1.4946483064354874 
1.8906005186044024 0.6679461256670568 1.6687591083379525 1.8809986368142497 1.4944105034182624 
1.5809711672498175 0.5959891694512462 1.6359234738702606 1.9058519620216297 1.905095221257676 
1.900668377472169 0.833642809388114 1.70982839913156 1.8943564852227168 1.2641774386741167 
1.9001471316693626 1.08773646577812 1.7618115559372896 1.2511503769498775 1.5997429963428003 
1.9011366706162316 1.1085781096676839 1.5688229298025411 1.1248745094090942 1.901137406498517 
1.9004951351220525 0.9653497288498127 1.5071290543786837 1.7223821615190307 1.5075801125788624 
1.8133577517337212 0.7846028718628695 1.388167518208572 1.9005498032200987 1.7155212678551335 
1.901229387133556 1.3717574265685855 1.6792257702516051 1.3826447465940161 1.2700603318587387 
1.8979562889870294 1.1491746400929543 1.4609161553382206 1.5888994998666452 1.5079734961308668 
15.87841202279402 15.87841202279402 0.0 15.87841202279402 15.87841202279402 
4.081145557016579 4.081145557016579 0.004652177653903193 4.081145557016579 4.076493379362676 
1.9002468061791609 0.6921357039448265 1.3828854629889213 1.7263982523161436 1.9005554084763507 
1.9005110926977842 0.6939008254206497 1.3837487709358707 1.725549837998421 1.898348263843022 
1.901016290943218 0.5884787335691964 1.4897157497088998 1.7260053184154902 1.8988493565613642 
1.900988558699285 0.6122243072713994 1.2909313656798316 1.9009886287631694 1.8988216546389922 
1.9007103399702352 0.7596928797761645 1.1410174601940706 1.9007103399702352 1.9007103399702352 
1.9004218607409065 0.537084971599357 1.6682757289945058 1.5954830208879502 1.9004218607409065 
1.9016009776762826 0.8503768927090688 1.4055233836104946 1.5495161913982967 1.8997756634726375 
1.9009951599649666 0.423917829832166 1.6542535717477258 1.7259861409154698 1.8988282586057639 
1.9016135606589388 0.9165833853216195 0.985534690569512 1.9018658182750352 1.9018658182750352 
1.9008360220099214 0.4274947362527372 1.490187980314868 1.9008360220099214 1.8839893274522375 
1.9003037011079127 0.24533471666245837 1.6565983390080266 1.8998842293596596 1.9007069953793525 
1.7756392990630065 0.8402890105405759 1.5294849778374182 1.5663875387964228 1.893869105355906 
1.9009949686722016 0.8762196769700709 1.6153707651220808 1.3103996581844382 1.9009950229829304 
1.9002432702372736 1.1157146077882039 1.1618194799570924 1.5249475944832667 1.898346760603696 
1.9009142809057347 1.0713690580299229 0.8301869931650155 1.9009082126498837 1.901126181583519 
1.7988038210134318 1.0177905836219143 0.984974275481762 1.900784340058554 1.900784340058554 
1.901168069629748 1.1651001111789256 0.9606717779600682 1.6768001956903056 1.9009322823643324 
