1.2560088053058405 0.07469810992545725 0.011533615867814826 0.14752383501238495 0.007717466587367023 0.021663374506319624 0.0013266159687931997 0.03182922137865465 0.017295988177212698 0.011073208667081226 
2.2014864045976306 2.268551198495982 0.04764888769075186 0.26562253459042695 0.5764611125586839 0.44437752065316893 0.19937062564799443 0.716923892126359 0.4994428754328941 0.005296749465767379 
1.0447369435063008 0.006354787482681656 0.030285658549051953 0.11570635877150658 0.14482547665725207 0.3126783332414864 0.26558143937832834 0.006030388767960481 0.009460650149219804 0.009217416003167403 
1.0673675800233113 0.9588404232251029 0.08905240983655315 2.332181251044167 0.07103454856004963 0.2488777881236523 0.04366796602338659 0.06548266038689034 0.006666198786704727 0.013215880022376336 
0.8878550832152118 0.15256670378096124 9.625686273760307E-4 0.33651251718669734 0.1380667597238451 0.012973466155054476 0.06530120621810685 0.5968444779085338 0.036250702802022534 1.4955000454627615E-4 
1.5881123510416015 6.780113022284077 1.4328053611635776 0.13159768019214138 0.0838373733788057 0.07769047323283318 0.0277443564535349 0.022007700994978927 0.12669405414904034 0.011298352514434786 
1.049602343728516 0.27920592830021057 0.4213075157200937 0.18527922736677005 0.05541126221118752 0.06858955842581207 0.09318172136294908 0.02367600083227173 0.0035139075190427915 0.22795410831579851 
1.1277755135849725 6.8352157212651905 0.05053684327668871 0.3783886297794206 0.04799668426104706 0.04546640332580548 0.12556181963776475 0.007058832916103748 0.02761855298539 0.0127236757831753 
1.012007195763801 0.9808358538965891 0.012244610934405386 0.002874878399459147 0.4661899643004814 0.015074978866108184 0.012043949670732176 0.10385426040189384 0.43708613316172634 0.007946422357468856 
1.1814484810860995 0.4313354988046925 1.5671309914267473 1.9953649975112173 0.06813082844746556 0.0011242970120319581 0.0758094455130825 0.03615021216210949 0.002971994856409284 0.08240689236886348 
0.9351376148354905 41.89432264315552 0.018934210111938833 0.2903762874508655 0.2504986326536637 0.23368724053072412 0.3982912517896335 0.05788348621405464 0.10367670476223781 0.5565883054345102 
0.7207150360881661 22.345524509830195 0.19469768704673956 0.6733398055112548 2.687023633092494 0.00792436377605232 0.18840701491629697 0.24517653449100418 0.624606929864888 0.5374804546914667 
0.8249022202324471 13.608384406202607 0.19744201753105695 0.04983227295878134 0.026941185633716995 0.03287299956321914 0.07874814899956796 0.02024755755619728 0.7068709833904882 0.5089463147114325 
1.0112871326639155 12.405358103574471 0.2615883818513901 1.4742795068142593 0.1343772160103443 0.28586281098007243 0.25616888583421094 0.017233852144451504 0.6793678743761788 0.03379939683942994 
0.8353480386183377 16.920635684203162 4.349118145901068 0.8647636516013166 0.0014166255270438377 0.10788426500467338 0.04096484175780775 0.42325380070952445 0.14476457855349292 0.6062670764221597 
0.35044835967525045 12.660682282380117 0.1688042889184619 0.9200120219790943 0.03176187248028085 0.1580111669851298 0.020835079519840177 0.2099580528716911 0.3972561192914286 1.117504807361557 
0.5579978281587249 7.075150730326622 0.38724461158738877 1.0587708952185315 0.006289327089402383 0.0044161268960313605 0.3678421249866246 1.0947107133131135 0.007135482513734856 0.18132591143352866 
0.9557149393909196 11.614764224723217 0.31757860479403993 0.9035065213818417 0.025264074070519203 0.05900190925427313 0.343463839675596 0.6708292212610745 0.050067523261906895 0.12675903251375695 
1.0238345718848303 6.782281789870243 1.2400576229871287 0.131636435345088 0.08386403400303956 0.05976196289080541 0.027351590245582938 0.004543736859614016 0.13913131520029726 0.010072421203478623 
0.8348760909555187 6.222124755785416 0.13503294422747547 0.2306615577526059 1.078523305188203 0.06314605095504118 0.012606087658135787 0.4172166854604143 0.5110899357944305 0.05113216433213205 
1.0485022990440893 0.027645103483301407 9.840258390996075 0.26785219679535843 0.020829488208707562 0.02504520666749852 0.050668776832858586 0.00423042637855712 0.027113981235315183 0.0095662367873093 
0.7312593423153159 0.029590328571933687 2.8560474783094447 0.08551223092552361 0.08743474400891012 0.31855425265146575 0.4418240242423608 0.8915975004732183 0.406836393337176 0.17447035403882752 
0.4883054737853585 5.4528662959402405 3.316249021223689 0.08563478918048031 0.009187826487185753 0.05938865928484675 0.022787305524971758 0.9044217783421037 0.158763728495634 0.023540291008565153 
0.9043696886502801 0.6234691458965559 5.475007346738665 1.0288102545707176 0.05332058507584552 0.12096590076620473 0.03023586962066352 0.6486094328023915 0.023588641324202398 0.4184717929118266 
1.0444765758018337 0.5181588950343753 2.977553424214212 0.03842728627939164 0.005540760799657145 0.12416434060037362 0.008741436740436377 0.021872440342769302 0.030071930005958168 0.1299248870829982 
0.9821313662656154 6.379196340360207 3.6425581794563815 1.1669192558446322 0.02253324080160275 0.02984351059568783 0.020661274291534276 0.327250663545557 0.7713168592485906 0.19196859962131202 
0.40460094905338634 1.7435482660958916 3.7403467856294434 0.2142329564373175 0.09049662605686343 0.08673225398811893 0.015348307323500432 0.1945717801885248 0.9681806688161568 0.6194159675706176 
0.8666951292717734 0.20295538459255127 2.8434704774368673 0.21871735727198607 0.03365996788086433 0.026770811256217292 0.008853547894465854 0.0022350992093864105 0.7343099038869412 0.008081587010022954 
0.8422105896658478 0.28909122157942013 3.409055483978914 0.8616962628281964 1.3111310625355188 0.49030179030055077 0.1670330292929006 8.788396919973694E-4 0.7340109741424103 0.006846218389709312 
0.9916796045521434 2.7149057049029546 2.961434935270775 1.8084185248069367 0.032879655078078246 0.0024572331032463456 0.004296526667337558 0.4850583722755645 0.002125723770471643 0.3337779789723647 
1.1957121971513445 0.07904494242037763 0.05851249196283739 27.657716926664015 0.5100513547335274 0.014588328519276706 0.03205675850891337 0.013373539410983265 0.0032111371387335973 0.0061381066203480255 
0.8620542541269776 2.6928295945069034 0.6291826900025212 3.6540558426977965 1.0152328243028887 0.2533778348996875 0.11652406812555904 0.5959889938552817 0.20403295423447135 1.5018928861528622E-4 
1.0047655901100523 0.22208112272763325 3.67567780388021 15.162444620162198 0.05788552235392125 0.17680583305713848 0.5535869700674586 0.03244966599892574 0.40053026615806436 0.05188070929422206 
1.0400876771947516 2.738519961942593 0.030721375118892155 8.231176009347216 2.7651352617213503 1.4078312022365467 0.16713659637101802 0.013195339849531898 0.006366646482864974 0.14058067507570646 
0.9289007702783632 0.3510477690412471 0.4631470727709128 3.667951345497178 0.01450022754977959 0.12671694394169758 4.214696192790644E-4 0.6274496063925853 8.117923477696881E-4 0.26460907865846783 
0.9379795419642963 0.031123758756230413 8.347114339170597 7.512348138218009 1.3865351725145498 0.5518585402679069 0.19169092969805204 0.27569658593156376 0.7562481148793693 0.04320101060771968 
1.1142936921745001 5.685316323697768 0.14388748769272539 3.3521397665966686 0.8357738437139132 0.009299592718649856 0.16044367660620032 0.007800716450313683 0.23231076239530418 0.18565456171974934 
0.8703042683051477 0.4531807150625128 1.6671162403460682 2.9203763565121474 0.27375517038013264 0.04373644509808843 0.11875886862571573 0.49502495020060644 0.5754739039458299 0.004118193192769646 
1.09241005403157 0.14443238306814643 0.40479302297233216 2.8274983455936806 0.23570571376474658 0.2049871048716059 0.09389535236663298 0.006932356991795953 0.007129196889203998 0.0111189641334015 
1.0891903346494844 0.14401296744975695 0.36963819476921794 0.06901038973027922 4.18205922337736 0.0288886854192592 0.12360890505329011 0.0062114271975279595 0.007702536233623273 0.08216080614954926 
1.487750335223984 0.004612873370890753 0.05290732483840078 0.8609155289246169 7.313780753894483 0.42291782207547984 8.029435617378093 0.00951561950914815 0.04045393179842241 0.11434193777357932 
0.8675767484364034 0.06509696266279659 3.2963026157606197 1.0024853821148878 3.2717894806795362 0.6831689563742046 0.16022496976815354 0.0018488313531543875 0.7505325779500559 0.00763167148594618 
0.8712906866159753 3.4758055301242856 0.1313094202014404 2.6079284944411634 1.920005966744211 0.3546370557982376 0.08318369629088022 1.0781787278853725 0.25453397691751245 0.09618447687368911 
1.037549944690147 5.467231123133742 0.39103967947866325 3.4047880687251033 2.065980306092531 1.2791332688781778 0.17275254314680416 0.012265645423769796 5.261479059361459E-4 0.13978408472064605 
0.8331118008966275 4.086729825826983 2.2793316156989536 1.8780263701815492 1.1374466414203999 0.14491753088635875 0.12731126406796422 0.4136385359229194 0.5112841535725283 0.032931661172661095 
0.4296713905812256 0.09744522038839741 0.07568987782447893 0.175868183953443 0.7296230242946407 0.05859445594978156 0.007297935883835124 0.8234243707191399 0.49307974718613096 0.13084173537635316 
0.8491430329911327 0.2833573239598496 0.13503680800185802 0.674084402110821 1.0658034699223928 0.13682019552636368 0.016697695973974993 0.6120876843141086 0.015437145151020484 0.019976719924818247 
1.1102667909263753 0.8344504666318634 0.7360725602867129 0.817551888286494 0.21635484426749643 2.6021624730050146 0.011847307222751178 0.02581420371852955 0.0074604595498422984 0.09511824407547567 
0.9507453461075066 0.087695716853596 0.6161039184094117 0.030367496212706718 0.07665148245960665 1.3690984235348407 1.6166643749760974 0.001002321151759969 0.5490478980863733 0.07212325153608702 
1.1371539815162657 9.20832862247469 2.356484630132334 0.3203268457686396 0.04156947733598597 1.4459331135513136 0.7591563569500174 0.0037186852518728986 0.008901692846117248 0.112805578730599 
0.9898872848421378 0.09074537219217137 0.4923283050543085 0.05162878142906584 0.02908395760023625 0.8352978183128565 1.3966803502414527 0.00396878780121346 0.5803464525411731 0.08217652428644447 
0.5182405115224654 6.640485551329926 1.308464255320041 0.5208662228851414 0.0034084289276824394 0.8411975782047074 0.024887034741009596 0.682242523806746 0.9545147998715916 0.3291353092731356 
1.045911662699302 0.6743808514844163 0.9860746191246956 1.41286642580142 0.1576341759961176 0.7580125073125846 0.014364074930978181 0.03221264005499321 0.0033546800851841974 0.014138791329482385 
1.1498421511821868 0.12804354055567063 0.3909698990694856 1.1904341576424795 0.08928374232881543 0.7786566831475844 0.31523359016455865 0.008567700090322115 0.01924795292400437 0.37968565707514984 
0.7604647388341856 0.002964466665358675 0.17843996998540326 0.06013660967722764 0.009266353245982975 0.5514061020111348 0.3517977116004526 0.4757658901899949 0.5902581076674506 0.06222409166728448 
1.0893002754730479 0.4374377519366114 0.27657571767324934 0.5029858613726457 5.460519376774303E-4 0.6258872898855493 0.7503662132856275 0.012206198669232799 0.020672712738491625 3.9961078387470566E-5 
1.0428560042495931 0.07535567751455581 0.17200691616472882 0.6713365371173405 0.14410099641383645 0.4732267701296773 8.074808372214056 0.01243989839353894 0.04999026183733562 0.04503163922010407 
0.8754793771903289 6.166668414487615 1.918562077040834 0.26520517341974226 0.034006790471394564 0.6721923093416958 0.61067302961563 0.002941599766718315 1.3165463959774362 0.17797425243450313 
1.0447594624651815 0.5936266703239036 0.12497246736316782 0.09652772101383306 0.1320902305358949 0.4536579263261783 0.17242076121749525 0.003254541138991458 0.017815046212680444 0.05024171402997043 
0.7484856273200181 0.20776297714840944 1.7455461163506745 0.4520658463492173 0.052392567777997376 0.08683454046177069 0.17640901829853012 0.473640167146562 1.385092036397877 0.009908649542446721 
0.8284010453096466 0.5055114378406771 0.9852932956566737 0.8821124579110824 0.1843642486457936 0.5525348969297375 0.13867251188045923 0.14497465772527993 0.7522463172831904 0.13683085534140868 
1.1156404539728324 5.640364276636936 0.18143150454873244 0.7178485523625104 0.003091815255092567 0.2527031499510961 0.1260276544553499 0.005944069607107469 0.23148870492992604 0.10619577561219255 
0.8411792525250212 0.5074729329865091 1.9478414049100141 1.538925809041102 0.06832753051997266 0.10347762786218888 0.11891833170583509 0.0023934526333906367 0.7424017807544032 0.017682684804873363 
0.9963626995481937 6.258659611872492 0.5269391366152968 0.6424697668305862 0.2107441131771797 0.023409042592280795 0.11429365188645925 0.32161122674465165 0.541960585001694 0.023569359775921686 
0.9985053862805672 0.12359583287748428 0.09256836349185783 1.1637315103518648 0.5319616178384639 0.44009442951552585 0.09791785192435153 0.07557203137175757 1.239041418879949 0.0031776898094233856 
1.0560676205592803 0.09280810881006844 1.4748661225620274 0.27041190441331003 0.16820728595156675 0.23816890088022402 0.05359233304682533 0.010204780259376075 0.02627136244798399 0.0108179797190475 
3.299588014926853E-7 7.514729288060181E-7 1.7565037209095364E-7 1.139427326655002E-7 2.4871853911615105E-7 3.778706270063408E-7 2.799919399276044E-7 2.0366510263015183 1.0048564655210466E-4 2.3310829609950393E-4 
0.8363286292916731 1.5617736638207163 2.395711091367815 1.4799080755213623 0.22374055796392278 0.3216914864693662 2.089948955165718 0.7783603944112188 0.42561493483409557 0.2818076425256973 
1.0732316177258694 5.765339276164394 0.0704267803117472 0.49492396798301824 0.34407789774568426 0.49669092034578094 0.05238624796454431 1.560464350844273 0.2222609651931528 0.03611613174557921 
0.5272377617220914 4.702586122678344 0.0035659777489900736 0.059619290856220766 6.148923842620362E-6 0.032409859127961814 0.015904555300554308 0.7022351901231786 0.5894742536832089 0.01331616364445054 
0.876166647666022 0.2804008754258888 0.10369331498573307 0.10708447601373262 0.44117634506211395 0.13961391900171138 0.016672703766236828 0.6130539790619355 0.02427561972882247 1.608744584175991E-4 
0.291220520064627 0.2579487617537602 1.4649064483398018 0.47512431073945965 0.06395618362742612 0.35403137994049017 0.16003928497112827 0.7210934856836336 0.5968386032500559 0.49753244896529014 
0.7486006706664793 0.436271024704839 0.004483489806675141 0.004852484931028421 0.0393383873513789 0.04590701785505043 0.13404896205497271 0.4704220307465596 0.5791840505436322 0.013280256215435028 
0.808565175254115 1.2796474346198783 0.9638594256959792 1.793244551009404 0.0035043140274365276 0.05709268839608102 0.03586504036485559 0.6693458013226771 0.1880160512658076 0.08565565971956228 
1.0055404050774952 0.014663022041152362 1.9339890433342557 2.019377527502062 0.001736994631659924 0.007837677972953472 0.31742660912903814 0.6439480677181847 0.24611976972384608 0.42500174654408324 
1.2143960017457088E-5 2.8659615620053847E-4 1.1857909381299725E-5 3.652507667840867E-5 1.6679612737698353E-5 4.6453831392326576E-5 8.908386536747104E-5 0.6293807313039238 0.06411893508639939 0.9627660289838865 
3.6958080848208187E-16 6.060237973313942E-16 5.0097107415425495E-17 3.074660440237846E-17 3.2907936784518643E-17 9.08033633029113E-19 3.118173590379297E-17 5.723081035331903E-17 3.2039095736562384 2.7379407958005993E-5 
1.0054777004598223 0.060870188734354416 1.3249977955129517 2.274192983699561 0.6451133022923382 0.44835786339915257 0.027682229095283263 0.10044958289708954 0.5266123684366302 0.0029956119896074576 
0.7522413715745527 0.015193466628585518 0.20370077409280943 0.03408186304785857 0.023455693727120697 0.08526589446255199 0.009850425185765566 0.482351566311448 1.3772902391703563 0.08798261835149751 
0.8471047177497883 0.47747428578852785 0.8373865304092746 0.7450126874404642 0.26587133341243757 0.0069761742120386435 0.01952017287788784 0.0105973367887865 0.7340512307144275 0.023776252543154363 
1.0218048668570532 0.08949904003290171 0.07830191938592983 0.3704867841779094 0.38864348362985335 0.2245322322984905 0.048076513698228435 0.023657321193266946 0.4433494141225845 0.0025753544769472588 
1.0208075620067243 6.509514481537709 0.17956367717104196 2.634292086918962 0.26226822551266865 0.03774385169573636 0.02059640104883848 0.12959866184249097 0.3131701004255733 0.2071680918794076 
1.2344896478886451 3.1493806087834493 2.0988261408025437 2.3242368684009653 0.09354373638986876 0.15578957012334418 0.0263777333453102 0.0789544197676576 0.016182852230661918 0.2855277067369252 
1.0361130311462627 4.407512881280488 2.308715444007833 1.2204196724629754 0.08462618849434735 0.2542531888955918 0.0010128538010276112 0.09704487414208537 0.002882256659663802 0.009855465508202663 
1.0128045631130502 0.10221256467045202 0.35792746158238853 0.04415355844703646 0.03969702720054199 0.4077255953177768 0.0389269391039063 0.3843544180059125 8.696103344483215E-4 0.04034962246451025 
1.0067666909825825 0.07716567172654323 1.6838393616294238 1.9320950274562856 0.03289975000402202 0.41454912313766873 0.0038449546238399196 0.3666979737550399 8.426781746536151E-4 0.009411318556195005 
2.6873475437278048E-17 5.551343164113862E-16 8.18771273278069E-17 1.34769117860229E-16 1.2968681935933975E-16 7.842190447790994E-17 1.720436576128975E-16 6.567826378082701E-17 1.947647780846644E-17 1.1843439432714007 
0.9345930535907301 0.19603089533386692 0.4918633086427441 0.06881341142500326 0.008640830350146532 0.8030094718842655 0.429247295228677 0.02909103805123905 0.5488489846778655 0.9607832428942698 
0.82212682227228 0.05540172184396111 0.26592423655895187 1.0401898020598546 0.021680431179447707 0.013762402265401898 0.06824568815196477 0.0013932762582161422 0.5956847598389243 0.6195380607131961 
0.7978892103930741 0.060041138332253656 2.270835424670928 0.6588056365829894 0.08813398117517823 0.04612350401513545 0.06841658551231213 0.0013526328480615414 0.6796848331399815 0.602528464567862 
0.3361225265796309 3.446516333221576 1.0737690209140511 0.14419046594774174 0.09178359115412267 0.004017995391988675 0.231471446471697 0.3329087881538962 1.3549966939334346 0.510172571281725 
1.3620043646371167 0.03565681490968873 0.016230142696989042 2.1648663932563217 0.3465026302949515 1.0660699915326595 7.368053091329338 0.008641267521853553 0.039067255619298503 1.1119115065631224 
1.027404647314056 0.9829453223860289 0.3240868814903272 1.6714103094100752 0.14944702385071312 0.5505839690963007 0.014815124426009702 0.03130999595161336 0.0029386525664429233 0.4414675112628431 
1.30921108042678 0.9197229207554747 4.057185595872712 1.1598129300870563 0.11908114790014329 0.34084375480967405 0.1417091823065315 0.010709060892150223 0.001937134061963698 0.572656900252296 
1.0799722244759524 3.150866809850226 0.2859712995933929 0.36560708949459375 0.5107981460401011 0.1725765012372823 0.07330062721753548 0.009992782707249277 0.024064388278170635 0.26025383341961067 
