6.647112838208043 0.13953628073809754 0.05672149858451371 0.10026776525981386 0.8334866576789337 0.07564667674917022 0.10398364119899825 0.06662203581518236 0.09980359526946729 0.12435173463301086 
0.8073409122382518 0.7443884991539987 0.20539218422709657 0.2674920904805974 0.705329859000765 0.36697245724813576 0.5110159606220562 0.25901863776166634 0.6736902308037672 0.7340741728165705 
1.115903459167718 0.6736726017755871 0.20130327214713878 0.5105937155089749 0.7845187329540106 0.4302800311979452 0.10569391606177939 0.25424654921722223 0.14331514709571697 0.3909069695462028 
0.6094971221058957 0.18431037617505852 0.07393118629508562 0.4902975367486007 0.842517804880851 0.24790765805617618 0.39042331461293994 0.10855820378649705 0.3080084528107104 0.23325947413601952 
0.5162514121748563 0.44064644778348716 0.30416111164087345 0.06884604454392729 0.7983988707856536 0.14356474545133627 0.4163913039005325 0.11951627699734979 0.09235720680141973 0.46179768158682 
0.6006929092779465 0.6058521415492933 0.08719685021748484 0.7530413828604156 0.8491401240569043 0.11536409381516421 0.239339868288864 0.07345956207028512 0.6329745757909727 0.26868902290854846 
0.5814762628792197 0.11994344904677487 0.6943870136189902 0.4602088518510165 0.7831463421603082 0.419343852891376 0.15640461882329632 0.06673299679310939 0.36350371965578193 1.0440545165476351 
0.5783961269091241 0.20315473082213148 0.6924009150217184 0.4518014214164455 0.6838420152671313 0.06781089215743265 0.595800767024099 0.10764660881216184 0.3538809264885304 1.0667836780873134 
0.41699864455506686 0.5215973581908762 0.4752917144589185 0.7448058518217854 0.710390342748587 0.13590713251722694 0.65563773641318 0.1116316339693395 0.05051864355145712 0.4679549885458492 
0.48189600467671223 5.5784115485228565 0.07459977466869637 0.10228180288012811 0.8797175435412314 0.09673750976304274 0.1069319299920718 0.10072040283481332 0.049366137540116976 0.110744643399277 
0.529107406182988 1.7376527616422794 0.05084314350468786 1.0144191051380773 0.8684035402338219 0.07704276067894984 0.11919161581695839 0.10574674296955083 0.06246659686081122 0.09702050951697627 
0.45242417490046916 1.2719504601844074 0.4752941938181119 0.07626424170717096 0.6910941386440996 0.24481129324214257 0.6817141327713319 0.12177461041863603 0.028564699231991758 0.2627999786023409 
0.5602595004814023 0.9159761189029298 0.056963522683713165 0.1382664191610969 0.7782154746263673 0.09601512641173844 0.43773778252770795 0.059764884515711734 0.04697573569378752 0.07601041301198994 
0.2698050014219492 0.9903704785845127 0.06279242652956947 0.07821099104725483 0.45271097902595686 0.08208440385248308 0.9399035582960575 0.06450334579339446 0.046716994740114814 0.07676697489742747 
0.563280051785294 2.1692163998151814 0.8188545708074016 0.33200320770848313 0.8403696246562072 0.07045769626949569 0.3350593105758482 0.07826113347302412 0.05573670175993724 0.08942506094373211 
0.4931986512274427 4.4467900799098 0.07341610649829396 0.11437741735793922 10.464903612444889 0.10062203278269169 0.0876635799734797 0.06098715975982529 0.07903249181332513 0.08889900978691602 
0.2898544810099393 2.0383753950108 1.5525182109052797 0.08753686184582048 0.424335592141085 0.25020142892297226 0.964267490334596 0.07043838307298685 1.816617168924666 0.1106326748530315 
0.514240737511002 0.37288408706232995 0.06604913834298333 0.09790905865357831 0.8546387605451903 0.07622020402522733 0.07881833166986561 0.08723701655084752 0.03751299569878698 0.08755058483308278 
0.548985821575497 0.8235907458315437 0.08955728182581993 0.440573596213329 0.7836418472362503 0.18401735536834327 0.1230056091647701 0.4688121454883837 0.5849494092574296 0.2144472556816289 
0.5520516568673688 0.09296290247592043 5.545778045175227 0.0941895063735113 0.8797171465025204 0.0888953019638098 0.1001263252612885 0.06264642976601642 0.051911587071872975 0.10072564169521867 
0.27050396319342307 0.20871955736801298 1.411124012356515 0.673666677927862 0.4542584448352739 0.06792523789067569 0.9660765792394437 0.08454619020348658 0.04973094073643385 0.07948863164182499 
0.5892326229413698 0.07748417516835944 1.2567192213298544 0.565593093237341 0.859009593007913 0.10728011822205206 0.14615836811961377 0.09356154121183596 0.9699971022844935 0.2136830196276887 
0.565719262326895 0.07773809436733418 0.6955527765698439 0.2899322923403458 0.8443534174225431 0.3140506741904012 0.07727826881803398 0.08326513699321206 0.06982969945151545 0.2101931012206575 
0.22391119555933456 0.19002432947230288 1.4240239485241817 0.06687727974461795 0.3619823306999562 0.06918263555346878 0.8120585410614665 0.6294582018567173 0.05746864457886461 0.11686715591195487 
0.6007372043064789 0.3200169800496358 1.292923593322661 0.9380452285777425 0.8344358241027754 0.26732612092299335 0.12486281259242413 0.09395207813130668 0.06672814286760309 0.518983464070504 
0.5538693996480937 0.11973411789409658 0.9242962602292317 0.06951633622069739 0.7546105110470328 0.07467261251528545 0.46927069406475286 0.3262532618878885 1.0396329422990287 0.16257801897869928 
0.57239743554679 0.10257442651319326 0.9331620372047408 0.07635681461519324 0.8080441496791968 0.4068857092600375 0.15101974039894223 0.07009354029355347 0.5222089156966213 1.0630508743348401 
0.5152077741901324 0.4113217205125097 0.4759556301707468 0.17875341508688725 0.8648343035949524 0.26705150677701817 0.11382623307391354 0.06715079325682258 0.12158218075460323 0.11161512281583594 
0.5020668571193463 0.39979435501220206 0.68862561268889 0.6971219992377801 0.7277746978135347 0.09449524422041997 0.6308106826546165 0.091265233339047 0.08231358016681156 0.43762220029476107 
0.5781554220722879 0.08565811002329791 0.0737468575051622 5.707182642309894 0.8733302716913033 0.06734837307019982 0.11388520302099572 0.06018688812107597 0.06404209833202337 0.10362327280350976 
0.5077422321642294 0.3736288800715518 0.05319439278685572 0.776392522744157 0.7953709284501176 0.3250029748159002 0.41979332700196725 0.0916839407495367 0.13122318504254243 0.5358067383289107 
0.5840999627074558 0.060486895015947076 0.07070203595179722 2.9262020887369093 0.8693998015357355 0.08676151466750756 0.10765939453376212 0.06995164574400912 1.829527964306928 0.16968998003587268 
0.7296341941078637 1.9758097614285965 1.9420494627786131 3.3539726206940927 0.8409924110343392 0.2735098094179418 0.1470741619042716 0.3340662467973769 0.0314256421769665 0.2387258507410561 
0.5870655023333592 0.06901347339348611 0.04465766304878728 0.5166397051013325 0.8639787357483872 0.17361786673336413 0.09029040480849722 0.14242773941559245 0.04892452069576034 0.1061786064633287 
0.6026321417177728 0.6192313249205988 0.08716740527523695 0.7845522756040517 0.8489199864015331 0.11385364959600434 0.24885024642057624 0.06957756708131785 0.15370623922655569 0.26717771538578405 
0.43495940052723403 0.3372953076352662 0.04081465322346457 0.6737438710322634 0.7142414141867297 0.07773634983340837 0.6806421109679552 0.06836948595788414 0.056228764870803 0.11195694802090025 
0.43657890745287636 0.34828854677914667 0.6884960474177535 1.2942675821470992 0.598705042271831 0.32405830102534994 0.7022870560623433 0.08629806175255042 0.35833033825867466 1.0962375424726543 
0.5087115919518385 0.5225734806722357 2.151186814815528 2.056604939045287 0.7158665179725244 0.13555147021543867 0.6447246191363377 0.12410851321511035 0.18385538615434166 0.7704249241084572 
0.5676967455675616 0.22664095856008565 0.09364111271444595 0.8011305592111709 0.8711711705106738 0.3179747321838108 0.12087741303711261 0.13961811319981277 0.701368723864163 0.20464422627590384 
0.5671979955652255 0.09521557519424098 0.060299235873673224 0.11641730820218084 10.47522845184734 0.08769878427082736 0.09356432727656579 0.09612437655855932 0.0704873026478025 0.10472336362435444 
0.6932811011866286 0.474884477135999 0.07154578212775642 0.7935119962148625 2.612141331295792 0.06315850840325196 0.49753337694450356 0.5782016711259295 0.14407281581192657 0.7300048828459439 
0.5109027723227587 0.5223142973397255 0.5214391554195711 0.18057403901167 2.5526371347977506 0.14945292214726258 0.42034613184346403 0.1377000297494737 0.07452202919329662 0.4976669532314694 
0.5880980443559637 0.0689694944267244 0.041633520650769085 0.0717838795450828 0.8643049257055766 0.08278708305051255 0.07980515070374378 0.13403582320676938 0.04118106779850447 0.10341476418678612 
0.5060552122792993 0.6476564760608103 2.2859472887587193 1.4455165465002922 4.3819409021740015 0.46970134389563384 0.32652468563533793 0.059957230690419624 1.8414890593086697 0.1736994741671814 
0.5788434379304119 0.07927833380957557 0.10914138839490961 0.23411616617400222 1.0932796710135229 0.1959941557374574 0.09864086315391403 0.06556964790354189 0.0560062494167268 0.1271126734774422 
0.5909423495971723 0.08986275531187525 0.4144236646934411 0.1368675088286168 0.8737637753757093 0.0749813950140723 0.13014863197726892 0.07050237298192946 0.05482824170598198 0.07328144946278713 
0.6190191345849008 0.07872590340882077 0.038347041191199624 0.10837148066866839 0.8461943663274435 0.09038484719642034 0.07986588058685581 0.08233610307077943 0.2875472543256167 0.46148205978852086 
0.5597351427735545 0.10724391692289242 0.055061670035339724 0.12489257131761652 0.7793123233564735 0.09449568447527154 0.43987991748985167 0.062200230035594044 0.061284684934811276 0.09777437056124172 
0.348388901814132 0.07558945600985398 0.05876005350088398 0.10631413818564336 0.5458025804189127 2.9718245162704093 0.13018202502395218 0.09111692678115428 0.08462330709182919 0.1540956514472016 
0.4550719395078541 0.1915175910265398 0.27880914318936095 0.6835161266966703 0.6666056720879329 0.4184922253348959 0.6604542875336711 0.0771279373336671 0.0376680804040586 0.4367551689302562 
0.5651389247673954 0.08168592608335946 0.06596882918287209 0.12978285609434054 0.8375889271943779 0.33810285880270063 0.08244863688745505 0.08436871791781353 0.07177850291245017 0.2147509460753038 
0.5100641780930398 0.09755412846052325 0.07821570612300718 0.8295328402714661 0.6878544260167128 0.6458100086933558 0.08921482071718452 0.6490610425124343 0.42630913212898325 0.1370611270921802 
0.528619319662693 0.22975206497007916 0.07796796925710636 0.44799444244044684 0.7947778084765604 0.5369970581103811 0.18522578829186476 0.3348617536895037 0.9518042994494201 0.08541392617226888 
0.5286700598153485 0.07656308897968479 0.08361625756070362 0.11616130629055152 0.7752907081271185 0.2907616615238141 0.47244193517168864 0.10788868042304424 0.06980253815247436 0.1948381533737823 
0.5287721360024216 0.11765751906606867 0.936491147561449 0.5763762531021658 0.718118367438933 0.6432700423603799 0.08499835483933153 0.5990653791743263 0.1903380185345226 0.13931074649491565 
0.5788006304618435 0.07765472552361678 0.06576783107518352 0.10651870779371848 0.8312929819436199 0.3299162305832911 0.07825764307902741 0.08434902424423549 0.28143775895209805 0.6437601218567766 
0.625061793288381 0.06552836787326846 0.0722893172807571 0.43968664811637975 0.8392107612306343 0.31587591302827484 0.30368787304883094 0.07382118901740133 0.059307243390437206 0.221262683616057 
2.244751316902574 0.3836577240683391 0.28467580640639656 0.06477254569318079 0.6939499519963218 0.8455066366249334 1.2351213425143965 0.12161014061889092 0.023896877102989 0.6716584303057769 
0.34465093278444414 0.06987017343250458 0.040589386630257775 0.06017381398473555 0.4830238271169978 0.08918300178812687 5.9627656298581 0.07870755770210315 0.06097093459992731 0.07729286768736801 
0.44494513673417185 0.37966345678142244 0.319452423854762 0.07161095778038952 0.6923209178028764 0.29449016161386443 0.6821234696569127 0.12334365713280719 0.02706071046961953 0.6199325270284921 
0.5610807536227672 0.10246305506606775 0.06254214428071167 0.13668708722425615 0.7579038515115548 0.07615012773232682 0.58612783411413 0.2861270275948327 0.06576787897908289 0.09202142814496758 
0.4882535597977088 0.1579230201047828 0.06401688828544486 0.2202137039518792 0.655526632049581 0.13766001558553032 0.6987399158501875 0.12278370946000343 0.5735397897684628 0.14671256300665333 
0.5597504475898992 0.1064154996130131 0.05506231582788289 0.12438001095308288 0.7779649444065556 0.09449571463598347 0.4540112850738224 0.06220026019630597 0.061284715095524245 0.097775116291408 
0.5048963012526863 0.06787428476652976 0.06661149872452782 0.09252298619090324 0.7100230197857066 0.07563002829943026 0.6564220480020461 0.10735696825567091 0.26904964142171184 0.47007852335426276 
0.47735636747164356 0.13260015251652948 0.7039736640449411 0.4759949409028674 0.6909473105952209 0.13310810697800074 1.0290639303089057 0.08599141249983043 0.11415322569181575 1.0643300131013989 
0.5519297272655312 0.08669207070940993 0.4010507901087031 0.0870946378922205 0.8094857690597489 0.06635311053605907 0.48190869898481353 0.1354481286276168 0.1247240399335081 0.07654100225490276 
0.5600729165844949 0.10207584892436909 0.05352878137143534 0.14036583166386923 0.7596890442263732 0.22343687312823216 0.5835799181588973 0.2850416103376634 0.06171170478573211 0.44194932898693723 
0.2652904496146628 0.21568435575692632 1.414111030269628 0.0688361235708559 0.44466645894944573 0.06789385370650457 0.9647086476827295 0.06563454683115479 0.04922608745697445 0.09960295893134484 
0.5218251231164014 0.08793595400836127 0.06059254532758462 0.10875470293213772 0.737972863161836 0.09459090330618256 0.15512784654014453 3.9926271403562312 0.038248246272213335 0.09493795020759042 
0.6216697954945977 0.18840527628282303 0.427188365060879 0.15774425280548612 0.8330377820693524 0.06664295717800174 0.17444655906900197 0.552096910231248 0.310335957221813 0.15867787236861977 
0.47479609682191515 0.08329284632928535 0.06236842243270653 0.7733216913917992 0.6975787862817878 0.07198519686094455 0.3367686783728199 0.6300784501335076 0.9676303247186143 0.1367880067365761 
0.5369976137343604 0.23472108154054372 0.11320671321526904 0.6955442564381785 0.7787815849906738 0.29306733374377864 0.12204822840914824 0.4748540989767366 0.057038222641400974 0.12160428004139771 
0.6186490549709196 0.10772745913203706 0.1046412946114795 0.1284599954848009 0.8114566626968827 0.09322220265187 0.07509264156826416 0.2657794002946756 0.15041935402176512 0.40514010512844034 
0.5477721147871797 0.8194151549765406 0.0892485480449342 0.45816463810339836 0.782889955326299 0.18924338352405928 0.11840570524938493 0.47118132427927634 0.585577840373386 0.21500588245570626 
0.5540593029841528 0.07492308797007774 0.0702055600960312 0.44807159865439594 0.8846373847842361 0.1381310223811668 0.2746000362377747 0.40282002420677315 0.05878005377345957 0.6452402168700921 
1.9172292307081253 0.7393505725452356 0.07049743029816302 0.07940762493039752 0.7195507890383559 0.10388570043029759 0.10201782418395719 0.6193229020406115 0.4141621949950185 0.6318282735538543 
0.46685951994994934 0.3744849094317903 0.4639697283197426 0.1483048272067865 0.7762655767870729 0.069171598118974 0.4265972479689103 0.2858272254470917 0.13261535880632336 0.37034632256736044 
0.5260995797998254 0.41890215307706974 0.11738500186374137 0.1396201460928706 0.8073620809242317 0.07249132633917309 0.07287535068050896 0.26625553901726695 0.12029125488770535 0.3851238167877632 
0.6439198468988049 0.08277422983891305 0.08146384328643316 0.11457255751227152 0.8418785310303485 0.07899666451204876 0.0890457772453106 0.06780350591320328 6.3765052523793075 0.10795696000632872 
0.5624147737541643 0.11056815450270521 0.07380115867503713 0.16496595958639337 0.732092801288875 0.08128481652781612 0.614900965130285 0.32440954280596324 1.4112737144680418 0.1272477922072609 
0.5638057160432577 0.21722687865514095 0.09915211797834905 0.8097252995307836 0.8674574250982621 0.3212260216627108 0.1548861987552511 0.1289462784313641 1.3563140826187747 0.2071616127039118 
0.6193154337846831 0.09342748568460825 0.0505464496965878 0.16035869760535887 0.8473047666848184 0.07870206117550543 0.08815192949931128 0.08584573869287926 0.5367254700673111 0.10338883066329303 
0.577276268009712 0.318234751223567 0.6339444177019957 0.9462725873140647 0.7735453390621315 0.2285509444149455 0.3711224917098142 0.38618578656116964 1.4565289281926632 0.5612255192424788 
0.6148389824029168 0.09061335325794265 0.04710777236372485 0.15417546619735767 0.8412016051986035 0.0786619628975364 0.09386102175961822 0.0951277756077323 0.5559533662880229 0.5463417676961154 
0.5672424224859871 0.23740327728413207 0.10391330111122334 0.11068490264249747 0.8753473200580386 0.29542970266782137 0.12072559192284799 0.09723861696612043 0.7126881095213182 0.10605022704732518 
0.33369088438648137 0.881148350065406 1.4034013931260743 0.10185782288216276 0.4748696982409028 0.08686419570455188 0.910365023632401 0.0654692841112149 1.839615707776264 1.5846160658151276 
0.5644277897436493 0.080068182642292 0.037783201139678146 0.7763230350105015 0.8297373748949428 0.08019958788573064 0.3610179313461342 0.08518500053569539 0.9797021816081807 1.210848168121822 
0.5786101055554556 0.07302723834669737 0.06585818581614117 0.10741207717429826 0.8310460629598113 0.3298263300369709 0.06936483970733105 0.07556815082452686 0.5482897121139381 0.6447225259935377 
0.5998157457381972 0.08990178744758164 0.06256234728437363 0.09891176137878477 0.8757704822659879 0.08986105684087967 0.11701521045782626 0.09575634743071046 0.050189284541778054 6.805885291395988 
0.587826277908942 0.3654299152576597 0.3889343769152841 0.09270187348567448 0.6694873855913263 0.05736332804478801 0.6485325900552129 0.27281382457663816 0.31815052761273077 1.0532854335345536 
0.62186121425053 0.18761314015109334 0.09812248891431075 0.05117718535539217 0.832146245436298 0.24541865776486138 0.13176079451788553 0.08382464065174754 0.5887162071588007 1.2172197753897216 
0.4392849064221929 0.37177463646897396 0.2893218354698237 0.07240653117036613 0.6973383236648718 0.29380609601376084 0.7868887415785604 0.11877853719283736 0.026483722121966157 1.2980365449549207 
0.5913911297372231 0.11965948372137639 0.4051130877414814 0.12579285860387399 0.775367485207266 0.418629019975241 0.1641373727239523 0.0907069137893444 0.10263110458888153 1.0439798918912386 
0.5254508247966923 0.3488986932749995 0.03972813377313824 0.7539032831428476 1.827692938488511 0.12003410024010261 0.09866390182484235 0.08919880310945255 0.7749417964251482 1.4613185441504377 
0.5935228168116501 0.07959438470893414 0.07012486154471183 0.2450892692722191 0.8671975659680013 0.12223810791533603 0.173445068266189 0.08390208914881829 0.06161263471193791 0.7612405057836185 
0.5604858800820905 0.07523435819947938 0.07140785118634989 0.10459685456065383 0.797806925907071 0.2652951882304164 0.07342156990825324 0.38436673571674773 0.26476592187471165 0.972765939314627 
0.6049793134974137 0.09793674630083869 0.06873812747676482 0.0997290308503972 0.8580916002833473 0.07600341760686047 0.17807140133335106 0.07234419632526226 0.03787411035341293 0.5253358520984107 
0.5021244535904743 0.10174951466206165 0.694229318351646 0.4567329383011175 0.6819682816285705 0.1331978289358803 0.6833878902653667 0.09570702518799465 0.08092766954734844 1.0685164477668345 
