0.2089858498092383 0.0 0.0 0.0 7.135603903662968E-5 0.0 0.0 24.467817397448503 
0.19230307134094105 0.2258553223171944 0.0 0.0 0.0 0.0 0.0 24.447011396186596 
0.15758065640854824 0.0 0.0 0.0 7.135603903662968E-5 0.0 0.0 24.472716308864662 
0.11700671316689437 0.0 0.0 0.0 7.135603903662968E-5 0.0 0.0 24.47800623687125 
0.1162239871085653 0.0 0.0 0.0 0.0 0.0 0.0 24.47966295221988 
0.10213101655008927 0.0 0.0 0.0 0.0 0.0 0.0 24.481457134565908 
0.10040981511304281 0.0 0.0 0.0 0.0 0.0 0.0 24.483117899485592 
0.025404867944729403 0.0 0.0 0.0 0.0 0.0 0.0 24.488939638939193 
0.15758065640854824 0.0 0.0 0.0 0.0 0.0 0.0 24.473306947630096 
0.0 0.2258553223171944 0.0 0.0 0.0 0.0 0.0 24.468565999712776 
0.0 0.2258553223171944 0.10943792796387797 0.0 0.0 0.04553327528310902 0.0 24.456511766306818 
0.004050986497176723 0.2258553223171944 0.0 0.0 0.0 0.0 0.0 24.468475691098746 
0.004050986497176723 0.1129276611585972 0.0 0.0 0.0 0.0 0.0 24.481785810016557 
1.4825068380019957E-4 0.2276672614279711 0.0 0.0 0.029910661600386135 0.0 0.0 24.46718977687089 
0.06411673034788379 0.23718352638456253 0.0 0.0 0.0 0.0 0.0 24.461093230850643 
0.1504824932257911 0.23143698021923598 0.0 0.0 0.0 0.0 0.0 24.45358361705617 
0.15758065640854824 0.23181405255138898 0.0 0.0 0.0 0.0 0.0 24.4512943966821 
0.0 0.002636386618942055 0.1067128194760052 0.0 0.0 0.0 0.0 24.484301942912392 
0.11522313179171206 0.0 0.11106169624855866 0.1040652928992003 0.0 0.0 0.0 24.47289020725697 
0.10040981511304281 0.0 0.24295592501148988 0.0 0.0 0.0 0.0 24.457386539295776 
0.11648843069126613 0.0 0.11076540648385702 0.0 0.0 0.0 0.0 24.477145989527838 
0.18517236427360118 6.17169382362448E-4 0.10981343192681692 0.0 0.0 0.0 0.0 24.457963899249798 
0.18388378094975266 0.2258553223171944 0.10981343192681692 0.0 0.0 0.0 0.0 24.44010781717909 
0.09980273525818006 0.06019961876029356 0.0 0.0 0.0 0.0 0.0 24.476898645702537 
0.0 0.0 0.0 0.21686014692699374 0.0 0.0 0.0 24.481906772580523 
0.025404867944729403 0.0 0.0 0.05923356527649304 0.0 0.0 0.0 24.484679709917764 
0.11700671316689437 0.0 0.0 0.06501383481415957 3.567801951831484E-5 0.0 0.0 24.473230926639864 
0.15007213338680359 0.1129276611585972 0.0 0.0 0.0 0.0 0.0 24.465715017002303 
0.15992559247029448 0.056463830579296825 0.0 0.0 0.0 0.0 0.0 24.46929469641072 
0.0677138695728452 0.0 0.0 0.0 0.0 0.0 0.0 24.487116970891297 
0.11856828762633143 0.1129276611585972 0.0 0.0 7.135603903662968E-5 0.0 0.0 24.46707315316095 
0.09980273525818006 4.13303015790234E-4 0.0 0.0 0.0 0.0 0.0 24.485805752897903 
0.19785343808504763 0.0 0.0 0.0 0.0 0.0 0.0 24.468748125900785 
0.20577495997759243 0.22949202778515954 0.052256227124317434 0.0 0.09523608748465762 0.11613225776045866 0.09426695395279694 24.413108388493182 
0.17266889594283796 0.0 0.0 0.0 0.1186409951017815 0.0 0.0 24.46131550255975 
0.028064541712097935 0.22949202778515954 0.05483910867701525 0.0 0.09523608748465762 0.11511620324607463 0.0013546802481663178 24.44406565420236 
0.20577495997759243 0.0 0.052256227124317434 0.0 0.09523608748465762 0.11613225776045866 0.04713347697639847 24.43899681088451 
0.2450380384450277 6.193438265391649E-4 0.10967821735402694 0.0 0.09523608748465762 0.11503492187065589 0.0 24.439884415339794 
0.1578355081574898 0.22949202778515954 0.052522733432919466 0.0 0.09523608748465762 0.05806612888022755 0.0 24.435140034644178 
0.10402678076544802 0.030613039899634487 0.24483239897985953 0.0 0.09523608748465762 0.0 0.09390534593741151 24.441870298968908 
0.21170637842818607 0.22949202778515954 0.051561684029614696 0.0 0.09523608748465762 0.0 0.09426695395279694 24.43350707185467 
0.19223466289349034 0.1129276611585972 0.0 0.0 0.06279825948837114 0.0 0.0 24.457651417186412 
0.07048916640140135 0.0 0.0 0.0 0.014423175403194932 0.0 0.0 24.483442716483207 
0.0 0.0 0.0 0.0 0.0 0.05047912467509974 0.0 24.490141952443327 
0.025404867944729403 0.030613039899634487 0.0 0.0 0.0 0.0 0.0 24.488444469277987 
0.10213101655008927 0.0 0.0 0.0 0.0 0.14960246577377134 0.0 24.47271765141155 
0.15758065640854824 0.0 0.0 0.0 0.0 0.099078159600964 0.0 24.463638534441312 
0.20525494784269327 0.0 0.0 0.0 0.0 0.01164656801327979 0.0 24.46746125500284 
0.15758065640854824 0.0 0.0 0.1194800069111146 0.0 0.0 0.0 24.464035250921704 
0.17266889594283796 0.1129276611585972 0.0 0.0 0.0 0.0 0.0 24.463098587228554 
0.10040981511304281 0.03174025340859643 0.0 0.0 0.0 0.0 0.0 24.478074457096504 
0.17266889594283796 0.22064682839004135 0.0 0.0 0.0 0.0 0.0 24.455201360837364 
0.0 0.0 7.765699194806075E-10 0.0 0.0 0.0 0.09656756372030628 24.490488179720497 
0.11700671316689437 0.0 0.0 0.0 7.427471911825023E-5 0.0 0.09390534593741151 24.46846045612664 
0.11677442250467607 0.0 0.0 0.0 7.135603903662968E-5 0.14960246577377134 0.09828005961522379 24.456061945154786 
0.09385261026051595 0.030613039899634487 0.2703083632516652 0.0 0.0 0.0 0.09428768897265627 24.465916321200975 
0.0 0.22954501116314674 0.0 0.0 0.0 0.14960246577377134 0.09521022070005358 24.455083918438667 
0.20519915380275222 0.030613039899634487 0.24483239897985953 0.0 0.029910661600386135 0.11511620324607463 0.04713347697639847 24.450235618042882 
0.18911109043846963 0.22949202778515954 0.0 0.0 0.0 0.11511620324607463 0.0013605332897022038 24.441013126487306 
0.022685728198769795 0.0 0.0 0.2154303629419445 0.0 0.1547047670367867 4.6315847923494857E-4 24.489183936564807 
0.025404867944729403 0.056463830579296825 0.0 0.0 0.0 0.0 0.0 24.486038286358554 
0.0 0.0 0.0 0.0 0.0 0.0 0.0 24.490536175495862 
7.445838743223021E-4 0.0 0.0 0.0 0.0 0.0 0.0 24.489974413558738 
