9.104102654235628 0.05781066568088446 0.04142105386056968 0.07307456452967603 0.9831837397729767 0.0038834016568936648 0.019355581194677635 0.024346390377831095 0.21588357167695474 0.028994937665065845 
0.2815465295956885 0.007399284059880693 0.05570725316563128 0.048192885622575184 1.0353682341161274 0.0451108963140679 0.03175292031078274 0.003239835590348167 0.08146985466158937 0.002917671897987775 
0.33436190618783324 0.09357423229362855 0.008283855064085972 0.06674708641502967 6.636266954728075 0.09400109536105891 0.19662123828502673 0.08402088483446124 0.15934660250175342 0.005560542835622298 
0.17312060502690405 0.015807146720182633 0.03007882960617064 0.009374659296948877 1.048683861888308 0.19623350842601836 0.26777233732200356 0.12603377405621902 0.1531881095912056 0.10246057354393343 
0.19635698393179948 0.0015362510763638237 0.08160584125358036 0.09212055258608041 1.043528291124125 0.005961624698960545 0.2137202653076821 0.006385349526690404 0.1390169087092777 0.1627413740219562 
0.17555147788380102 0.004660971303077728 0.10603578731997641 0.15507913116112743 1.2220018048362555 0.11243430233179871 0.010191381260845591 0.009615497192433887 0.4640026603343673 0.14928501171637984 
0.13351777248838886 0.045260819141287406 0.06356961070412083 0.09882778203701158 1.0240521890917833 0.0933515655469334 0.13276500487950033 0.1289422957017851 0.8420245566208737 0.06591229880687076 
0.18886551845778113 0.08684536328940966 0.11877582942576088 0.19829562794158373 1.0382678062558002 0.013792579359803046 0.42972975927964424 0.0011614224173400885 0.08412643463013002 0.011136053984031833 
0.723073955620642 14.982222162727599 0.13847939782028149 0.12995209078827197 0.7626324586863816 0.08966917325969397 0.07080039496239668 0.053161303289986 0.04152995097039272 0.11304363333557851 
2.7319723158175946 2.576086910742153 0.3634774259538058 0.4635108863791274 5.867730419848147 9.503810696881852E-4 0.025381509169521494 0.04197331758672429 2.991082558248402 0.5506338792520031 
0.11784248572236446 1.0037462968446595 0.16013141380563578 0.5186139928555111 1.417830600019668 0.42105092857917925 0.0029915672390505013 0.2324477815940507 0.29738736559845197 0.12935435882550303 
0.2798232421000874 0.07594484566673204 0.022711020533938125 0.023679449871134652 1.0355796892028792 0.002693389523665931 0.06918962217924197 0.0019590306876269043 0.10024933565439775 0.047318653107942144 
0.2889571171379121 0.26794547108657923 0.13757184947066883 0.34396348569662594 2.829101321099133 0.27635793562164473 0.38488026043919094 0.0013534420753650842 0.0805479194368618 0.011251528958893867 
0.04098540914330605 0.07380391534581815 0.04061962591976579 0.04837655011275533 1.0734542244454728 0.05623392267724306 0.004360528291177713 0.04493074476178689 0.2532662688873044 0.040731859680394965 
0.24804526184989442 0.13051997520779143 0.08344535383870257 0.0924133713501175 1.0409152829345532 0.005959265490987401 0.06395890886661539 0.04193375814907024 0.0035271124239098224 0.09114602012119505 
0.2206267574367402 0.006765195456401288 0.7912146205807039 0.03414758458689956 1.0437192029927762 0.008022137494865527 0.12566275465007837 0.11992600000751437 0.0293036927609767 0.019915842492441067 
0.46347444283155803 0.045064677360509335 0.2535795818233032 0.45301205012028245 0.9422633806123718 0.3907057498942159 0.05558659942200388 0.1293567563980255 0.4934323989303131 0.10560237942938748 
0.16169234295865526 0.37254127467061965 1.045603967628886 1.0101790585996886 0.8906633868242532 0.05548160510559973 0.4846006221236493 0.06285210641678518 4.900737428752785 0.43422151259698843 
0.08639798887307161 0.036271144799123696 0.0973218171248694 0.09126996927679057 1.0548207422384333 0.010961227682479648 0.011989015633949598 0.0010726985922653496 0.12669212130269014 0.07103876861295039 
0.4618788748832387 0.18585189556538678 0.20632239560876237 0.29640935510077976 0.9809955650005477 0.004169060231746427 0.252472743314039 0.027508660958484147 0.2799865115396189 0.023683850831048334 
0.2579857381799157 0.11562227771704085 0.353170060726142 0.047871421259343704 1.0020967300563717 0.6957918399832583 0.35778700622445075 0.003141064410203009 0.11480246740587047 0.16681688339534298 
0.05090889679896307 0.03580984027055099 0.14705186248209354 0.05982658758338448 1.041822440876869 0.005436118073483964 0.13383948092108522 0.0852719217741466 0.24954777359434346 0.010754994555745344 
0.11357484780617916 0.013757295607054241 0.0848293593816796 0.21692756560565987 1.053088032875767 0.04075506738528135 0.012341827219666202 0.031182819543338357 0.054802284913219236 0.012776862122383449 
0.18495480970630038 0.11684268002147769 0.14932273822553183 0.03203268063506053 1.0379648778345452 0.005344431873355087 0.2344110104774419 0.022143676874460727 0.01044119763422311 0.09794312132253208 
0.2703836588764627 0.0994854409823016 0.060048402761890864 9.278955003258256 1.0047675874601705 0.00878852238537702 0.009276425712828584 0.01790399984312529 0.6344213656953548 0.017452199528364912 
0.1860741531788243 0.030082159305021627 0.03758060526645869 1.551114723026807 1.1209397286639295 0.2014959698415137 0.009234998552842766 0.15274419424840907 2.043760426612643 0.03143496483832452 
0.07069672057954368 0.06800837154449287 0.012817315121908283 0.42735923025562256 1.093137547743739 0.012385874876615638 0.07722398632242038 0.0972709195254955 7.34481209874217E-5 0.002840664230944738 
0.13096115833170557 0.04043107133884575 0.05223630592583653 0.42455274242584434 1.0491153177148491 0.042642187507549056 0.0559557784325624 0.012153253719602018 0.049612677178701055 0.10690768156038967 
0.1810791724337643 0.05672563976510608 0.04285103642630774 0.18999561393323477 1.0449955151992123 0.05454255530293691 0.23497489884387904 0.02221763742745226 0.25541731365012676 0.006076058108854112 
0.46238939300286386 0.0891715318051921 0.004375899039651106 0.2408530093451527 0.9830043575050385 0.003858574538219534 0.07966102215578762 0.02496669623590079 0.20949681672019757 0.042058436167538245 
0.24194663121591203 0.09162758592022764 0.051888076978738866 0.20437014756004354 1.0239905849190878 0.26062662265598413 0.1727965186881636 0.0010602109586810978 0.0038442566175771104 0.15040950695718516 
0.028559758123459397 0.007288312559027058 0.003186461830187053 0.16553685767895898 1.0602909373808582 0.008736579488869863 0.011755219447289139 0.0010723037823057975 0.15295241577367247 0.005813212031177384 
0.21028551740947704 0.0819008600536403 0.023905156164258638 0.04877961993701975 43.17999408370207 0.014420361785825337 0.03404891315781219 3.451817767154011E-4 0.08983683019361693 0.010595213977421246 
0.029332735217643482 0.009533126937106182 0.030873468325819872 0.003792787256446227 1.0458232734291573 0.16630210045915694 0.10443295284352397 0.03247552809022589 0.29612636793150365 0.05473753262407894 
0.011413848717426006 8.365638012086213E-4 0.011351537438005689 0.015643050947224745 1.0280000720619065 0.09598794512360724 0.013894081696693516 0.0013744925753610266 0.010633054399096896 0.0036075689808871994 
0.03700828437962262 0.0013772861406067159 0.0036648949830126883 0.02665082980800537 1.0501231672355218 1.5146361220271133E-4 0.060680626747035234 0.040199631834939874 0.2294223535578519 8.305293574824666E-4 
0.12741113783844085 0.16999182818157887 0.16463783455956582 0.05738966933459482 7.750293252496093 1.0490586421746833 0.10208155926912078 1.5561944367341644E-4 0.08887746919916131 0.509442754327745 
1.896988049522157E-5 1.2272822633885205E-4 2.3146700788663522E-6 7.180196193404574E-7 1.0458907446892687 0.15982094036984335 0.1198025457831734 0.05476744729243701 0.2963858366461862 0.02149882613720974 
0.011457025605316574 0.0022012684828831533 0.042016569519203524 0.0015250569314480692 1.0780639734567568 0.08907462159312692 0.014932645479065884 0.001419265974047437 0.008370333199445695 0.005669481285537379 
0.033035699398676815 0.004506870311926862 0.028313852675899597 0.026636248150291506 1.0641286959391125 0.00675417117273447 0.20246991115081903 0.09577274361371028 0.4820275688550182 0.04914145175068737 
0.040302900309804844 0.0050818306608758105 0.06147751248516891 0.039131385271737006 1.0572689833946585 0.059852939076470615 0.019418138736950013 0.04475800139403606 0.2521219900821946 0.09720277249211873 
0.004588229110410565 0.001933402983617002 0.009491314485341308 0.007650275423147693 0.9990935248237118 5.5774382170845485 0.08102782434248827 0.016115304653567822 0.06899001378746722 0.016343944575227108 
0.2304545552846165 0.015090057303363262 0.012253725377489161 0.17992788641428015 1.0150927399847454 0.3191286040173633 0.055816825221312816 0.09903417990915707 0.22897489247703343 0.10822427019366095 
0.005414357015054609 3.4415962114356196E-4 0.0048288135017243395 0.009236611060697675 1.0253991528790156 0.5290684582671696 0.011244707362355059 0.2107505839797657 0.12136288797223124 0.008326615952010386 
6.386160310204067E-4 0.005165798515791823 0.002928658782839456 0.0018473496957294824 1.055185515700571 0.35638871304461456 0.01059941936053584 0.07474036249845327 0.731031159128815 0.10819624063153109 
0.00673772599294028 0.0229073207403208 0.03770767251090654 0.020827580131820084 1.0428934826906637 0.3442444199005785 0.03678238725178346 0.026413821697275824 0.386171278611359 0.020234033835224097 
0.008994835074101374 0.033638402001702414 0.04080701209973213 0.015461220236450293 1.0653542858294869 0.35576063934088487 0.025186175282369 0.0639929729037836 1.4723848285009042 0.05848456332912439 
0.3291917628256797 0.08342040828896782 0.007538769950479361 0.05954783580394794 1.0238053808090222 0.3047915731102362 0.19805782629017432 0.05899216955610299 0.1720844551795618 0.006523807840817485 
0.0278069395459725 0.001169560792651242 0.02195157635296141 0.18616946062377895 1.050080425346598 0.1606993854314015 0.019476607048678554 0.0010779230748274079 0.09394408741599505 0.03499704880349814 
0.01398115229632287 0.009258199097398211 0.0032032406742000764 0.005316938701311598 0.021554244217344923 0.006047668565046771 4.591385574683519 0.025975649428968902 0.0021878551801213296 0.010267139957290321 
0.18824951730062578 0.08734071243700268 0.007924602028210303 0.05083018358626333 1.0350788807853106 0.00533477318906446 0.2599584329981919 5.252695803341043E-4 0.09485994718292723 0.00725334872326601 
0.002145523235719668 0.01914490066471399 6.327245831616717E-4 0.006683374255603073 1.0492307937714034 0.07004539044807932 0.3203295242518002 0.1059230257851195 0.16796536200938797 0.04955867187516668 
1.1410222247906028 0.5326693652268847 0.023859837757920888 0.6968212967809632 0.7235253237893281 0.1508573734693356 1.027236347483971 0.10940581618668531 1.0837618545996759 0.044752975141707764 
0.03671701279339025 8.603960643495785E-5 0.005740000483753443 0.02665468220061391 1.0512897874671145 0.003977864113895504 0.13610124027509135 0.030587859729281307 0.0076933555201962565 0.021523000506235478 
0.12402369170784087 0.025957140879686206 0.014001661608249321 0.43320261523607095 1.0364391032587086 0.07937094189125013 0.2960985934016944 0.0489576698737717 0.23797627064813312 0.06340013997973734 
0.00462282612922642 0.03031636331102753 0.0033350460768925973 0.006736815284883686 1.045076842573572 0.15969806741187237 0.2021673807706834 0.055472163757491436 0.29828579059618393 0.042073974058477896 
0.04704278119380873 0.0036600794572122742 0.007265751732853899 0.06285509058586346 1.0411213883658896 0.010330875754025949 0.21222078601255379 5.097037682807752E-4 0.12211784873579275 0.11977705810431281 
0.460987434703913 0.5827648104983022 0.046089017659306515 0.09018117722303125 0.9876013869214202 0.0036909872704383078 0.38418726334385345 0.10139649356272246 0.08974442419384095 0.043299220505832244 
0.0011791195722700503 0.0024507656427288226 0.005757934544997606 0.0012151729951380946 0.006408827579216998 0.00294185935591069 0.0018070715002884126 3.602480518630052 1.465959302306398E-4 0.02028530221629383 
0.36313403156489305 0.13851831948337637 0.005485849413940907 0.056320831661861984 1.0166430589654674 0.012222999252725374 0.4041268900943335 0.44469004307326526 0.938510607266698 0.029350539483452048 
0.0012094874150148397 7.228537191550568E-4 6.200762726994972E-4 0.0018753394741608037 1.0531120251667958 0.04691290082649096 0.2366034170476783 0.30713490226148865 0.2837994377861259 0.1841482862081251 
0.01832443842178453 3.5766360383918534E-4 0.03376501220155308 0.02121343206997994 1.0414723779457924 0.051167352397862895 0.07114363323006176 0.17166946680022588 0.9057290315063222 6.348175609172715E-4 
1.659212952164415 0.08610986658332231 0.032180897582417455 0.7060140244513007 0.8476738312331954 0.13808727505814092 0.14813660341832272 0.5163455545886672 0.5591597212715192 0.267162410635755 
0.17950774557238616 0.44868426318393845 0.0094405445731179 0.03129025928995717 1.0376837300942303 0.011924701233068243 0.2444120426629273 0.16735826827277037 0.4106775549181187 0.09985717519828592 
0.09873515764286221 0.02691249336639049 0.0557207905502487 0.07240847493368029 1.0482967990798162 0.01044903659210823 0.08779762883631113 0.1258226429005585 0.37667900670679855 0.009888573952698751 
0.13313739434574945 0.014403793881033657 0.0013285541124115434 0.11675503194310087 1.0672425119802813 0.09141438559540686 0.06962175650782386 0.09064902323869259 0.18348750590853355 0.05638298813342486 
0.026926711713823305 0.01766633563769673 0.030823544443635574 0.02081894772804404 1.043550342451851 0.06533589517663094 0.19725875986137495 0.11406207625164841 0.027864790489932754 0.04624476988294683 
0.004893335704539454 7.57926134231267E-4 0.0010195281236514125 0.013831709550611368 1.0401582349915182 0.058750690935684795 0.41323847266328917 0.16459908141603358 0.1754963847892897 0.0158152914004309 
0.06568398273169064 0.02048251058147331 0.008264449632582438 0.0239613940496681 0.9686297079296529 0.08977808177372484 0.017794656394594235 0.02152684282642082 22.721566797241135 0.019819776103292837 
0.1548803328808449 0.123199631296629 0.03356863267155084 0.145074846278302 1.019682219126306 0.09183533324934648 0.12273503596880697 0.10474522759978419 0.7847782119859003 0.048012982189552154 
0.01039114851394411 7.001245492367782E-4 0.024310495673037776 0.014806184116538479 1.0362409358111184 0.041477087126213355 0.00930459425607313 0.01412017243292381 1.4268283284809016 0.015375413680716966 
0.43391074129589435 0.4255738058247389 0.046904463484072415 0.3929557328599487 1.026932591234989 0.1471828889346596 0.11949784639819042 0.009332179743102641 1.9352802905732651 0.033345896842333356 
0.17362255514864813 2.2866026891687037 0.14660977010287396 0.027824184504426145 0.8722213246858513 0.1887033209827669 0.3749171889721607 0.157821618429649 2.868367999265565 0.1012217956878617 
0.1375284378679365 0.31528055120925885 0.1689207137491294 0.6830998231760445 0.7719434566649759 0.0019482798011836837 0.5422153610523052 0.0012799529251915015 3.514885726619302 0.6175155186781642 
0.04558319678363264 0.011774420109452448 0.00420428460230762 0.003711969592336563 1.0294741865893016 0.010055494372204463 0.11132524531109286 0.027639660144046795 0.4669106204552951 0.05007131549926325 
0.018437242297738275 0.0013510010655681214 0.015851970399181407 0.002351742905625013 1.0304841341054483 0.050546365912404495 0.01637265972183108 6.911016654989601E-4 0.3463477126087478 0.012768565097717424 
6.205020545086029E-17 8.170352912486567E-18 2.0211727054791763E-16 2.597257987078314E-16 5.089088625833182E-16 4.170881918373816E-17 1.8313288363920976E-16 6.800798718020893E-17 5.9041238142285545E-18 3.1216654013556147 
0.0020802620434815693 0.017470312504314415 0.01230246216030422 0.007545751718104271 1.0633472099164134 0.12153472927067452 0.048372958503435336 0.002892653862034934 0.4174631063912923 0.17434107817199293 
0.1857005909073229 0.41299196505084035 0.005491357426105137 0.11213408139174776 0.9378693624447024 0.002695898322635421 0.4721793108929486 0.008379481066316525 1.9787143579899176 0.5234416621395285 
0.04620870272742513 0.02624695476872841 0.01876491478037304 0.0705072159070089 1.0401906547599875 0.003321167961549665 0.5451104211712559 0.19395668385632428 0.31961134506544003 0.47199154743188204 
0.02888290837428593 0.025192304240738053 0.0048704546015133346 0.009189765297266164 1.0674980893425565 0.008734104370700404 0.010522795016166948 9.03826127200355E-4 0.33625287765739625 0.10136293621998053 
0.08975812016815346 0.09647036211842387 0.04423139964853972 0.09085546408881746 1.0601323673326586 0.012057787886530905 0.01391966907009328 0.0010478840822850677 0.1481752185314456 0.15614670398402933 
0.13687879017620652 0.02779273611845212 0.014671666118348676 0.048102232387740855 1.0367219699896575 0.006480123262044423 0.022597205717564142 0.01863186588093454 0.015488398949817513 0.07175948794665561 
0.07026186364724456 0.016708920415950276 0.03706919564941961 0.10688725904941734 1.05269361416072 0.02068063605742216 0.014650363519594116 0.08354178670539454 0.47909594529582333 0.11234286824735487 
4.2789440714908317E-4 2.8988319238777997E-4 4.929814832493062E-4 3.2167581519662787E-4 1.060012029253207 0.04703607441487602 0.078558605331069 0.01968490208298986 0.04558685735652293 0.06119093038681126 
0.5700965502884139 0.4663823662682254 0.34862343567717796 0.10199641177657336 0.7893571578316837 1.0225610802193634 0.05346499520896619 0.5192075892884142 3.7978633673445943 1.1188939107886082 
