3.3192450995138802 3.036864074721067 3.0330070523391237 0.575524591042844 3.3163726701315506 
2.099885512614635 1.2785285717400512 1.4623774576895485 2.100150323560506 1.4596594286372837 
2.0120948892077863 1.593877614607327 1.24596056435354 1.7859718752188658 1.4228931394342055 
1.9947353415735143 1.319509754458551 1.2835676708822787 1.9947353415735143 1.3863932578061988 
1.9944379567847277 1.4096123293629619 1.378482212288829 1.9944379567847277 1.2007813719176643 
1.9944175674348932 1.3295702309495185 1.459244275580235 1.9947296976118716 1.200957018870968 
1.9965204362460494 1.093933313514188 1.5504486448321566 1.8547998233932572 1.4903795269985463 
1.9808291883182498 1.3616188311302055 1.5187155476043437 1.5129244123589323 1.5492290965740687 
1.9817114654766725 1.5710458814427093 1.5491587713410038 1.8944655634338519 0.9305635499520166 
1.9936757065756554 1.792336673561128 1.7486252911613835 0.603792637293485 1.8365366936406817 
1.9807984124433857 1.5082900686135396 1.4831385715309406 1.9609386082302687 0.9900279889554082 
1.9812316726454933 1.5908853691019438 1.5067560390811687 1.6525874666879523 1.1939783144814806 
1.9965437704069222 1.9965437704069222 0.5140916284208173 1.9885989667119504 1.4903969456810768 
1.9939044793628826 1.5953332428612674 0.6871013419052361 1.9712006695463353 1.728236699117546 
1.9942289930969412 1.9942289930969412 0.3815906883124677 1.6126383047844737 1.9942289930969412 
1.980374517389812 1.980374517389812 0.08785930905263291 1.980124807413456 1.892764918313535 
1.9800826682280022 1.954272815677985 0.801058050204811 1.980082792575933 1.204834843617001 
1.9802763005648867 1.9366704620868371 0.9397798508903974 1.7941748983951102 1.2702210327538683 
1.993289240169954 1.9425602261317454 1.1909837749539027 1.364422111057688 1.4893592342980821 
2.0327145311368433 1.6247317182124732 0.6950534780261977 1.747578052980555 2.0309426026010704 
1.9943463181779923 1.9943463181779923 1.300489772124063 0.6938565460539293 1.9943463181779923 
1.9952012960089418 1.9897246540949285 1.3964743063409994 0.8627381445145219 1.7366746739000758 
1.9933423606313994 1.752112850208162 1.2024185502846858 1.824748658028054 1.2008429625048236 
1.993950369017736 1.5610506537766404 0.8144370895387073 1.6124129947201244 1.993950369017736 
1.9810550303411958 1.9598674348917426 1.4755829332848305 1.8906455163226965 0.617069614838724 
1.9811767676187295 1.6297511370314617 1.0236543128023308 1.456185937899876 1.8339389151225198 
1.9807436696054734 1.9807436696054734 1.524310447258008 1.2451899856882693 1.1919869062646697 
1.9810726347742607 1.6677260081658591 1.1270636006517165 1.473296291867891 1.6753474837771507 
1.9762401970099934 1.6136901846312999 1.1581426134788857 1.6557425101947 1.518876821745393 
1.9806886482496318 1.3648564235832634 0.6168778059657184 1.9796433076644502 1.980688728487688 
1.981399188174763 1.725101242807882 1.2830692530417207 0.9546278804999234 1.981399188174763 
1.98072122770266 1.5082761923061108 0.9344530464523376 1.9805209009679021 1.518913789604999 
1.980247258649423 1.048969768625447 1.9484625287744133 1.9761589565392295 0.9677874104859046 
1.9805668885847292 0.9202211792033407 1.953920253684143 1.674256638026773 1.394029701576425 
2.0998993246456745 0.7635288783212216 2.0998993246456745 2.0997229957944796 1.3365467751756477 
1.980406239372565 0.36293153496314406 1.9252028558690966 1.973430015692766 1.6807666059207276 
1.9816827677450222 1.5291377335357628 1.8170442818487218 1.9816013918955324 0.6172651324524967 
1.9808560365548527 1.9787710524898545 1.9691789345639177 1.970569266496681 0.0240515918111801 
1.9806380666533387 1.24681491741767 1.956039281624986 0.7584219342640214 1.9806380666533387 
1.9814397482300232 1.5399546267178996 1.831979045789142 0.979873533794092 1.592512038388936 
1.980726191383574 0.6662290898197423 1.7765065154260018 1.9805259738482521 1.518917680130927 
1.9952571798660343 0.04031280263803215 1.9952571798660343 1.9549443772280024 1.9952571798660341 
1.9811042615435732 1.036603650545874 1.8177672747596474 1.1954794799398027 1.8934623793853955 
1.9923516284115106 1.8382890886235808 1.8742216240983 0.7624717576925183 1.5072761466259408 
1.9803942089255595 0.5615653122531953 1.827148552532267 1.576828126711517 1.97661356329702 
1.9814722797865039 1.9042495145742835 1.7613315228341597 1.661636289040086 0.6171995532671577 
1.9804560441750818 1.2760584004564601 1.658382745858115 1.8139475269807155 1.1930808075040196 
1.9802090502980911 1.970792531771877 1.7554168014832279 1.2512371489083944 0.9631930547795563 
1.994148920070153 1.3333737628085498 1.6675841481568277 1.5734592093151778 1.408029737461983 
1.9807526033365372 1.672560707407212 1.606137694080345 1.4702904002587738 1.1936733852954826 
1.9819223011759495 1.649835990469433 1.6285667907090995 1.162525566612566 1.5048385557367498 
1.97837620990946 1.0464791993712235 1.5744741686170147 1.7626778881865777 1.5593259619189026 
1.9909131262670898 1.4090348188687651 0.9249673338274171 1.9952326937040663 1.6607828021489266 
1.9931435287161872 1.3876246454308094 0.8946792021599337 1.9707896414201056 1.727876333020327 
1.9966593503455587 1.468933108080261 1.0418476314555747 1.9887140867258222 1.4904832247750186 
1.9800260316514995 1.162124419407086 0.985689241894801 1.9691880126577106 1.8241495855750252 
1.9940058987549065 1.2248159191401589 1.0586981257585224 1.9717450020872893 1.728713938948241 
1.9807753157927266 1.2436633270297464 1.0879106301209769 1.9720884814912338 1.638861034343967 
1.9802725499916578 1.2937969604036093 1.1486417440202985 1.9801899319839504 1.518659960749464 
1.9949398328569483 1.427628908822237 1.1757153722926357 1.9949398328569483 1.3865353845990243 
1.9804161962966917 1.38656507366826 0.9038408288780274 1.9706253394221986 1.6806257225416832 
1.9965574635902539 1.4265750454083084 1.0840775724713272 1.988612605406292 1.4904071674848343 
1.9850408369497692 1.1487502840332016 1.0487174760099864 1.8011363412434274 1.9945483127454615 
1.9814464421343905 0.8648821139773187 1.123353162161518 1.9757375714485121 1.9818064299072464 
1.9815390104265576 1.3428096940720629 1.3105436227588474 1.4562366957393784 1.8350270187093838 
1.970360580067213 1.0670536257687284 1.5220440758656575 1.3824315394025046 1.9806299403680345 
1.981382314024933 1.2744712179529827 1.2366140864345558 1.7216050934837883 1.7122823728538141 
1.981733937578193 1.5444068172546184 1.5163972378685113 0.9026638200332563 1.981733937578193 
1.9809118865967688 1.5094356959695179 1.4078208588924388 1.2012368106111797 1.824860915848878 
1.9794460347278788 0.5922587261666491 1.5127575827652948 1.941444834758556 1.8918776834511692 
1.9797176733317328 0.3155407846477027 1.7119055461967958 1.931989665941582 1.9797178900392711 
1.9803950643691601 0.8392862938453006 1.455497802619418 1.9463296532680543 1.7002356253611801 
1.996505717101233 1.4790496278824232 1.16811476873608 1.8519842153588473 1.4903685393263488 
1.9820197171046496 1.2481011811427634 1.2110257311377894 1.9820197171046496 1.5049125219287465 
1.8590214070584454 1.3489280203099092 1.1860527150094895 1.980289347312302 1.5468658995590616 
1.98064885921807 1.0930296398015011 1.3193847082437995 1.9804446057220728 1.5490880864858234 
1.9954623322601797 1.3952176234742724 1.2518883032093542 1.8496914055457254 1.4895896645511872 
1.9803855616757955 1.5533252740752441 1.4630234055228941 1.2865426744569974 1.6385583098373242 
1.9932151760107875 1.3763573037468622 1.3156027070871406 1.7706727722300044 1.5173938128775069 
1.9834950489953944 1.5414321175968742 1.3451347580726813 1.531625887580142 1.5322923837364857 
1.9941220540496722 1.3557827888015122 1.2882211120019385 1.8497730990527872 1.488589162292779 
1.9801804961688865 1.0130666450442474 1.5379848831407419 1.7515700021604441 1.6380591058720533 
