1.009279971502711 0.004963241418994307 0.003972097168087629 0.005514322933089043 0.0024367130788858706 0.010929807547217093 0.009184778562688506 0.006911707571400338 
0.5351187223348539 0.018481341209154716 0.020084461000111634 0.012307015698584707 0.38821222608259565 0.6186054487074207 0.47531938244652744 0.002863639226318858 
0.6112638385067293 0.01220355802250684 0.6728743480149113 0.008227797311261909 0.4371352118873773 0.006891165893498717 0.00942290406486381 0.0193446276815449 
0.5705274615437765 0.556859776866002 0.33256818785599734 0.11773558646768474 0.018026648203001993 0.6963496724021723 0.08124474208215766 0.08575697733083996 
0.4625010162380361 0.500661337704183 0.7540293969474066 0.010688496713504697 0.0056592132659527795 0.008027266045940003 0.011066728787872631 0.0017818356364466639 
0.21952636304689507 0.7140583512320469 0.7111533884749337 0.05418219573994448 0.06795755211928423 0.07509791097737636 0.49182224195171254 0.10207713727490395 
0.1785002612469603 0.6756067028219644 0.6555130384381233 0.002878442857723031 0.37081237108418535 0.021463270522608404 0.030263040986325034 0.017645606361742495 
0.04975451398377698 0.5714342194168093 0.047160867666546646 0.021309501214155816 0.4309745089179877 0.5575717775326285 0.4827810941784145 0.004628793107647958 
0.010517651872834316 0.5068335589244211 0.6552046408488639 0.010797409524724716 0.04988468840852876 0.003442303723112249 0.5902360260322583 0.00824221635595681 
0.003463622236332243 0.007063918788677715 0.5587282412514666 0.01780027152306935 0.42316919222881894 0.5702321031533061 0.46165061971373256 0.009472179593008166 
0.0031054560422603206 0.014314011887908831 0.46790326258217135 0.481027070248326 0.26241015905246484 0.5498109273816331 0.45065987355685455 0.006516166936021079 
0.0013406872069331125 1.0079200146813114 0.006569588613562934 0.00616126542702166 0.002783529242928935 0.00850050026918065 0.012307745863157672 0.004127565999669102 
0.1580985934027355 0.6459905543257616 0.15479475335351353 0.04478281127225018 0.07781824419894175 0.6360567142499856 0.5390781616166295 0.24737893616394335 
0.0046295495578842286 0.9217994089407346 0.01021787420093687 0.011889769700090522 0.3973551638387778 0.0075532026291646555 0.012056273337111362 0.00787618606645511 
0.05141669737091182 0.9462923071897476 0.05153180088533527 0.0488808049158903 0.04313940688550582 0.01779664231911682 0.37964078698678155 0.3352645904331902 
0.0011429168033188115 0.7922779897742632 0.0073477032388154515 0.3400903734548454 0.008894338874404809 0.005941533689875114 0.5257959012061474 0.009150336042217929 
0.04180050673651528 0.8294532872690557 0.011155614434204895 0.02452963763309501 0.42573206839718897 0.03248467021879619 0.455885072924906 0.07092835090233493 
0.0024061427896504956 0.6288818893635737 0.004278110298661501 0.0027243345608051555 0.0069425482591507935 0.0036983253584970417 0.7968617320768904 0.005872932388578155 
0.24229079518998686 0.6800809878570059 0.08809855131403312 0.08352418519482922 0.1124896089142083 0.6551235107149684 0.4865184798714216 0.053551855539782395 
0.7084613628187114 0.7098150258946028 0.004347149706937845 0.012045653133406822 0.003557568008277553 0.0054127328735294284 0.009775122914651983 0.00265085034643087 
0.1599053059281852 0.7358620580176469 0.6380197209711308 0.030735868376098752 0.058084604742128544 0.7089799545755222 0.07357831515913804 0.12635465381107167 
0.010208195354164071 0.7330019925885827 0.6937449873180822 0.003315439735053769 0.008442081574189153 0.006155019804901009 0.007839438580599075 0.0020673125189082375 
0.0017349752835417057 0.004763872665496773 1.005386840299403 0.004368112565495175 0.00770158217529199 0.0040269298649083796 0.0040012015518414365 0.007215636635598554 
0.059324295135480584 0.08591082526008618 0.6668429932437714 0.003946801295795023 0.022283337956149885 0.6280838266561338 0.4476251395079755 0.23523132722447604 
0.004850151231195804 0.0048816862236224405 0.898325795313915 0.0028773402961037044 0.011046534563143091 0.0036202629293566393 0.45518600579843915 0.04145499292335828 
0.002086172507299075 0.0036261335047416835 0.9075417551272084 0.010550447105362798 0.44105758311979415 0.00606843890486006 0.007075643577944004 0.0027496773399692635 
0.012713432279226186 0.004647132918824203 0.7883007462905446 0.017537988771672248 0.004781451091635401 0.6424837412424419 0.005676156404476489 0.0045011081458026635 
0.08024359641805705 0.1267121017439413 0.9585699010465026 0.44888181789726944 0.10141134246931686 0.028294183480063333 0.059663068540187617 0.341729407220919 
0.08126637094342744 0.05909105640222544 0.7673622571150659 0.08959792791740943 0.06853295795408305 0.7468393492165613 0.05260534804927283 0.2565802394440048 
0.008684023329188707 0.009929467436019374 0.6450210836555387 0.004811800309098249 0.011358154206573441 0.6282705940280477 0.44751594911062553 0.04016678903927823 
0.011322964063692941 0.014430632183631652 0.712996493017157 0.04866969493101522 0.3497140166055526 0.6595238891074348 0.013305824115523404 0.023426836672305953 
0.6220486617037926 0.006298009800561351 0.7966185830350525 0.01212898181736209 0.011767732831805433 0.007454660823738507 0.018555057878472486 0.008201762657032808 
0.004408672085982245 0.003628973210916026 0.6109203256184201 0.00515848341132191 0.005520170535528249 0.0033819639979416408 0.8002449013313201 0.002866171778141438 
0.02071767200878718 0.5560654361761058 0.7317220206991926 0.47525137454260613 0.01674628661971883 0.02230994236364331 0.009678651123286917 0.01700200037674485 
0.003852918377719277 0.0032367990581732486 0.004702529273120874 1.0064951744129795 0.0030838959739485257 0.006380043816895551 0.004267321623363747 0.0038112428629498343 
0.5480130851536367 0.09162153452398313 0.2345407226935504 0.72432776888467 0.1611972351114559 0.8052111811593288 0.4108429671335639 0.35453582481446566 
0.003849506970407793 0.005070977924097726 0.006619570226457621 0.8804265960487974 0.004647498433875147 0.006178120116413757 0.49340760302228703 0.004761018226371275 
0.3529530303634021 0.06390711747122343 0.45447933320667483 0.8564795032003694 0.020011207903104452 0.045620648033082654 0.0070664757943569925 0.015684575832464815 
0.06780705109806899 0.043330950617154994 0.5853060471148833 0.8385662841217383 0.027950732016248467 0.022963945158257157 0.04396146328467717 0.294716792957012 
0.6555473944063362 0.004526624564891286 0.001869396430839934 0.7615383099361944 0.007495384064882488 0.002779925803118204 0.012774965711334504 0.002029613688516837 
0.3070431340827137 0.05679849113693871 0.3967288015326062 0.7859357285449619 0.43867846435609364 0.008801008534053849 0.024845447843865262 0.01783493926722942 
0.02525764064689802 0.0077568915124770895 0.5036549530257721 0.7013990292244162 0.007109505925704897 0.008295008591224621 0.5318884631864962 0.01460566069170391 
0.04439547328181349 0.13540792078626482 0.02553583694302265 0.8847077609388398 0.12668188916686837 0.1163344342411466 0.033971139487252215 0.585892708325468 
0.001985021093105879 0.005772160615293665 0.018334816297110205 0.6752648287384067 0.7455409925167867 0.0035388616965243477 0.019413884557065986 0.005594092543176682 
0.004753024749914274 0.014805870768631834 0.3716032901945284 0.6122603190221488 0.484120804931203 0.0025178351907599113 0.5248371272193337 0.007118061158046916 
0.01467222917629511 0.010242904195759213 0.01056513053358502 0.47563691340523945 0.02770017234780582 0.4105534514276613 0.8076571886797298 0.013829501762056088 
0.005705662479673697 0.004585930972802668 0.006459891205082675 0.008856980715826126 1.0072270242056796 0.0032290771001993956 0.0072933655292224025 0.004784172694238278 
0.008001370063300059 0.0036233234499190403 0.008177061206043577 0.009183294515531638 0.7787617311958319 0.639822073119162 0.003621168598939175 0.005415454452303627 
0.005504841796398742 0.0031462513707851245 0.007949538540389604 0.010246914989200353 0.6345565967289954 0.5221248455280694 0.5834222528396461 0.006073702398172323 
0.4170092033655647 0.009171757096437253 0.509815662699295 0.022162837969293425 0.7688296111302341 0.01387005008583588 0.004865445294589808 0.005954927591184629 
0.004491848338584327 0.004170564066176367 0.6735189876014576 0.009991574495353851 0.744344041482132 0.002864904711542936 0.016418233061003644 0.004405906237262223 
0.5618413494191039 0.0270346720895797 0.021839382427488712 0.5277334022275796 0.6102650982593977 0.1032667914961296 0.5278278805325994 0.037140600501578 
0.048534272983524245 0.15559755533646974 0.8316422662188772 0.16668194947964252 0.7431532362753124 0.10211015323753007 0.5129044793714568 0.14600256263466893 
0.0194658981031181 0.04058312641390258 0.6172685939319666 0.603993395249316 0.5636707985105647 0.022951810643331138 0.021999083061875233 0.024018947474475267 
0.039006355817253494 0.34432036648495334 0.3718844109364547 0.015447187061423994 0.5379937040751829 0.5567289772631299 0.479357848530836 0.012509817860006404 
0.07830719604892694 0.4119956121164917 0.5332837927926911 0.007960854745226257 0.7519569365647029 0.01247445481868458 0.008124884627616635 0.0037911527486388856 
0.028016695759737472 0.004699496329297828 0.4640453205805828 0.02751346407466138 0.49402584906512703 0.5179609973122188 0.594472709046297 0.013336058184949356 
0.16683209947277267 0.6255957927108932 0.32513963769132387 0.28586628982418083 0.8500801160680862 0.5766465694370285 0.16164246758072634 0.13413838125901217 
0.002524797240587427 0.0018320536302611143 0.004907513277086897 0.006276716195343182 0.006165320690316328 1.0108990108082287 0.0064394808574467464 0.0063698628657132715 
0.5544810104865446 0.007193963482924802 0.0066508889908192355 0.006037762250758677 0.003994133859888761 0.8582219454325519 0.009771869810834782 0.0034047172643406533 
0.007954194056706937 0.013890024772502705 0.0042019745026997965 0.7753223340686468 0.010443601710934499 0.6471564831946932 0.007438721950750627 0.008154997754740427 
0.0021177382919795725 0.011684099538782869 0.3909119461254273 0.6003777402293369 0.009744106492900678 0.7163804304107184 0.0033508600666617657 0.005041687357492619 
0.002599103490827951 0.004470678183771181 0.009175625127202434 0.008987055616022557 0.006520433484053889 0.6112584816152195 0.7987192429358634 0.0012245204522299427 
0.3866654784604366 0.013512533399237666 0.012501660656215925 0.5945000519301016 0.33942741740400834 0.6495615310924411 0.005029975299863231 0.06147032667943221 
0.010907996330115055 0.007498089863555613 0.00838828130664807 0.5234038853708459 0.5761600055130758 0.6523755716349596 0.005285213327457627 0.0066741319512973775 
0.5263839122403116 0.00908232143252225 0.521175616032307 0.011957368319328648 0.007241117296306696 0.686173927734493 0.00618893023080181 0.01183897859146348 
0.42177191797609015 0.0038252803173923554 0.053806244900271354 0.006668594160151474 0.0064907914574944174 0.5824266498048908 0.7090309425798483 0.002611820048992259 
0.005605728508073621 0.5459127910093796 0.02110681272430576 0.00441482638287781 0.005067620197048824 0.8694418308831807 0.011962712259688438 0.005555551472581707 
0.3513739245372159 0.34210839767714396 0.20704404197643578 0.6008492642678713 0.021582877347088095 0.6526864502080102 0.006117669405889697 0.02950230945571095 
0.024073710442724352 0.43628280257612123 0.5517507764607745 0.006634864246195603 0.0021746865536892215 0.7307103374276817 0.01673562042864985 0.003333566662124635 
0.004686204666121391 0.005049756260147632 0.0024387131920485796 0.006213781657902123 0.0040862699895216174 0.00600014238790993 1.0213178277289907 0.0030501990843191866 
0.3285596743420843 0.058211548661282975 0.3838443385779228 0.0329735808721975 0.23544228607115222 0.4430594983472864 0.8378763224475004 0.2137540277743391 
0.006652621679172132 8.479240303072372E-4 0.00395749466824529 0.38821188853492544 0.265108232664994 0.010762143830199196 0.8916948498982739 0.005958530437568365 
0.07342882801948489 0.04496595439147533 0.020392425556840184 0.03300943791081334 0.03274896700763346 0.024090969939914875 0.9961793618038534 0.31036481772972313 
0.004368229793842162 0.0032583859603223255 0.0065781237369901945 0.009294959968597492 0.5748922236139314 0.0010433007563511246 0.8279490188897778 9.975245253279696E-4 
0.6137549495665142 0.0023402300254858877 0.0033393639780040364 0.00694416206040482 0.005688157767341409 0.013112465372647205 0.8032263478350055 0.008472846719758028 
0.00550298732309055 0.435243857726658 0.4225958522791298 0.00886347558504648 0.005226525431367345 0.0138346552093373 0.802255008132544 0.009703790564086046 
0.0014296897381853592 0.44156304008029296 0.005264209768179984 0.003465482916590434 0.45032818136582753 0.0068425323208894245 0.7946173288452637 0.007627893485575708 
0.5078086116268312 0.09987651867557325 0.2093004906925692 0.27928802038000655 0.5393120766753469 0.034848134638108506 0.9309535651377974 0.06007940679704447 
0.006841268900721106 0.11884357776336983 0.34006834174935036 0.016771990625811556 0.30914672430679324 0.006244456649959477 0.8901170960448584 0.00807240474968778 
0.1980774171689569 0.06450353946397328 0.7502388870781416 0.11352722736965676 0.03804108738069056 0.08017929223353096 0.7370549566948842 0.3763636936112216 
0.007986678570017735 0.0036571911426625634 0.008135013031407482 0.009290604475571585 0.6346024823902402 0.5220221428945132 0.5847560552978867 0.005436351887964099 
0.039676604254473266 0.14451091804037602 0.579868607376065 0.6805005915004319 0.13202906789024535 0.11041826919507859 0.032331115257457674 0.601777450476135 
0.023838127474291863 0.6314286593274495 0.4768847867604354 0.06837235089389243 0.08082089917914144 0.6853788854687022 0.03886601853452514 0.5851406845373888 
0.04216956508343374 0.1777897031917427 0.5938261780479338 0.048518422249042896 0.7112683204602533 0.1091987535537019 0.07122889447884319 0.5912281629821832 
0.6210322927581683 0.15180538831659776 0.06588188613458702 0.04804236600265031 0.7442681349140287 0.11618498256417409 0.031841236341991715 0.5203749834247932 
0.19064894329465643 0.15514358399250242 0.43913119567319303 0.6083713727442575 0.12376330246439012 0.12106648729821133 0.8151845285352731 0.6303428073529369 
0.06343798996563131 0.0348055823613707 0.06348848092772987 0.5259673346062416 0.5241561679872659 0.6054195902071514 0.3836887934741794 0.32990204293808156 
0.40347607054139706 0.33895713212359413 0.10622594980402643 0.017102239104052147 0.5940896620762887 0.691168565959096 0.02873963689085563 0.1973155035997358 
0.4813649060697399 0.22089639464000488 0.873545205005911 0.7241627356817673 0.46056535825945494 0.2425905896242586 0.21884799290438448 0.37974567339945586 
