4.7893045669737715 0.0 0.0 2.7974213918783478E-8 0.0 6.263907941920181E-9 0.0 1.592721686022311E-9 1.6826366062258605E-15 0.0 
0.060587981836691104 0.21668098312036732 5.283665056805753E-4 0.005620696281648128 0.05631619886991705 0.12849989537055498 0.0014414925181429929 0.008270041586007453 0.009632825505887174 6.354799822901776E-10 
0.036695198242100546 0.1758340938657721 0.20478896101644792 0.0626974150871757 0.03149608175134226 0.07209743452832429 0.011478967673987529 0.0010441829801304298 0.0024541685085902798 0.030089844394424088 
0.026685611590292372 0.05225658583885664 0.01256378330053275 0.05413656810311275 0.031652699167558106 0.13241387620936992 0.005782493846329916 0.0011795094564601585 0.0017748314555265819 0.0 
0.029524337789596213 2.737080162956694E-6 0.12671420456069843 0.08994920009582338 0.01769693905306299 0.0599032447882973 1.5276517923732875E-4 0.010845596235089733 0.007635349926722689 0.0 
0.04093554288008696 1.366038924839629E-7 0.15180643043456266 0.04143510730544232 0.18486903558216441 0.029980224029643576 0.005627403117273819 0.018131886643915004 0.0015698692433832795 0.0 
0.006641984330660857 0.038364326582631815 0.058758309684349315 0.07605732721284034 0.045969065547504635 0.07880834923790964 0.005521623729866479 5.121652760725968E-4 0.003431780792663959 7.527224011127423E-8 
0.0034485305428160386 0.09572672924931416 0.07617395522047704 0.022733245987435622 0.11162220055241376 0.15497135238564327 0.009960761917701387 4.3233527225939683E-4 6.186002014585324E-4 0.019755278987420882 
9.073376544658753E-4 0.0014039307598456114 0.010844530781221412 0.11406048728124958 0.13246557208799728 0.05122382296972103 0.010195699067459306 0.008755387324235387 0.0016040322647491755 1.35094361778856E-6 
2.9703758479096373E-6 0.18782665989837422 0.017237447306710226 0.0755927026617949 0.10235132640442261 0.10764132065101141 1.247206763127221E-4 0.002567276019325519 0.0023466294628313495 0.0 
6.763546633085736E-4 55.53165517787264 5.450327864269306E-4 9.433391593481474E-9 9.603570302042038E-4 2.5031615880677005E-5 0.0 0.0 0.0 6.926680682060582E-6 
0.023234856531642766 0.28320253153747654 0.0072056443048737545 0.05292955376295815 0.021023665796784247 0.13607677662122666 0.00477572258637499 0.017850832360511965 0.0014077262367939482 0.03041057744269222 
9.505641888212441E-5 0.9864897088583493 0.15436254112716893 0.10607280741229089 0.02156668257599469 0.06654303545963426 1.486806816436344E-4 0.03228003800021399 0.0018289121746442925 0.0 
1.742211544622074E-5 1.5609188302320576 0.0 0.09895134930237359 0.6441321971830009 0.0 0.019725341355788597 3.9634919938505194E-10 9.309662379678537E-4 0.0 
0.007438060317298226 0.3199940360904082 0.16475209393558363 0.1108713669730762 0.021782496716916278 0.06901833113786127 1.6109896594298392E-4 0.0029182391694611777 0.0018258546713661571 0.0 
0.00793871829974758 0.2842638296753877 0.15114091283673955 0.107460425579914 0.020975614583907155 0.07236437261304693 1.670017289840114E-4 0.013201363068435085 0.0018429947812034757 0.0 
0.011565687104724491 0.1956369025154272 0.027419875465895367 0.047370440174204755 0.07460244164085364 0.0525843180011154 0.014719426651001425 7.685301227600148E-4 0.001354601102464595 0.0 
0.12400351053372648 1.1565900072893534 0.030426700198358858 1.3429008442365027E-12 0.033396086437938066 0.20556228315113698 0.00754983253889863 3.130630755746136E-5 0.0019289428507466894 0.029385046363072008 
0.01398896431423372 0.2034189958338676 0.16945591312590874 0.04841286499945556 0.018282872235213472 0.15872324695802276 0.006140825812704085 5.911861994512745E-4 0.0016489990069272337 9.600659058423673E-10 
2.2527170364915278E-4 0.3434721582826974 0.047231194485099694 0.2821926542455618 1.3414645602059227E-8 0.06469512193280264 0.0016585288126439043 0.01929966904097061 0.001544402661489119 0.0 
3.594980876884792E-65 8.188464094527761E-67 82.57023164314757 5.145814861193502E-12 8.479768217470802E-9 0.0 0.0 0.0 4.019839853934233E-12 6.307096031033447E-12 
0.011263017202558989 0.02527403728354763 0.19936113556494717 0.08765188337069274 0.08078493231681175 0.10619265460415621 0.006295889861574268 8.048150796585207E-4 0.001120173653185541 0.10068304016720592 
0.0011797259398316948 0.00521756508656232 0.3237977295822149 0.048397213415130855 0.06236381811408633 0.10894580779956183 0.006977401358221239 0.005714587216971842 0.0015630670415022387 0.0 
0.06811632522010935 0.05452085779532716 0.7654991407662746 0.019228322225963653 0.10451933119283831 0.42900617807508307 0.0 0.03559328757610817 9.827760137799131E-9 0.03586668228273978 
1.5519567090200623E-6 0.07855665369366466 0.6097423296402454 0.5102540940487084 1.163655029504339E-8 0.07346828692183426 0.0022086836006335255 0.0015647440717938526 4.493807744251863E-8 0.0 
0.03254818439377762 0.28072483748758204 0.45722540103720066 0.39100761026660236 0.10175992244558678 0.0 0.007855197198563023 0.0 0.016981304462684244 0.0 
5.804494465570222E-4 0.01464101465719447 0.15028096083181341 0.1546640684668526 0.05608610632424058 0.07670904129364593 8.976796580977913E-4 4.350037762802935E-4 0.0013290093673532484 0.0 
0.008503209456271976 0.01827574899124854 0.17448390826837046 0.08744493605338544 0.051614569357351 0.066026789607797 0.013776269786078583 0.006127808411173417 0.001397000343665045 0.0 
0.013854335514038387 0.0691918586992117 0.12260476081403425 0.057271236956311 0.04049752629809471 0.08583311466131116 0.0051434808115151335 4.24960334513461E-4 0.007377899597270508 1.2759968788357898E-11 
0.0012713787682718087 3.7401360855877573E-8 0.2829659800941847 0.04657767722203294 0.02480797059161727 0.253517280478968 0.02478189518681407 0.02939866595727193 3.7169795059027315E-9 0.09934725657830351 
8.06407797235131E-65 8.381481242276154E-68 4.87758776184785E-66 33.06201644644329 0.0 0.0 0.0 0.0 3.365444736401223E-15 1.4907345235259775E-11 
2.4530226882209716E-5 0.5530385958365642 0.2128075285435072 0.8398393649715326 2.816900767669547E-8 0.04944770267440528 0.00597617286211643 0.0011421491343618798 6.202642735666754E-8 0.0 
0.0022884201444498737 0.03375725976298132 0.030163366736303883 0.2099914021318806 0.026198018335319054 0.0830156552253629 0.0046837995380956815 8.399682346171862E-4 0.0013465951448215741 4.555445822105221E-12 
7.555277504556121E-4 0.014624041181970915 0.14080306715770402 0.19267321560412384 0.059051681960507994 0.0812510876149099 9.240826178605245E-4 4.1166156542646505E-4 0.0017068283319492444 0.0 
0.014935214166896195 0.06431166030296852 0.0580316983798853 0.3094844689637451 0.1280137423649112 0.0 1.4121043867206708E-4 0.030679407499163328 0.0034208629971466766 0.0 
0.00339063109133366 0.008205965415328866 0.02775173946854193 0.12103217723310697 0.067430330943047 0.10408535803572318 1.81518414772099E-4 0.0013107397311768788 0.001359183332560528 0.0 
0.009635025620523584 4.523991659145519E-7 5.444200383416229E-5 0.19434920237931846 0.04257360996112106 0.1078459544247519 2.735576540001707E-4 0.021253537032727955 0.0038071926006531744 0.12319492199622922 
0.023662958302463767 1.0682335951497484E-6 1.0626989652062542E-4 0.19019481338474956 0.04511169424776873 0.12767501606850012 0.0017875055019038802 0.0018630059944406009 0.003286835444778081 0.11367939881806859 
0.01172316953429591 0.06037990208030649 0.053581661157003246 0.27973191233908395 0.2093281230535954 0.0 1.6494127685207075E-4 0.00255147911842808 0.0033680777724140842 0.0 
0.004530062920419931 0.007431050856460402 0.044009456729888395 0.15230076677410126 0.01834539122196896 0.18648990540311547 0.004615208063792102 0.019672612244173077 0.0014685850612330728 0.0 
9.463943100448711E-65 3.0134097400971265E-76 1.8210851690954685E-65 2.967530636862737E-66 24.141556956736643 9.082001538794655E-8 0.0 0.0 3.302410808452176E-15 0.0 
9.969451806562683E-6 0.7083035732365212 0.14658225664708782 0.09640388375058913 0.5523574846059235 0.0 0.023017173536289053 0.0012526499100473103 8.807883357151316E-4 0.0 
0.0026995588917095798 1.5269031408716154E-7 0.03144786661083204 0.04743229248726217 0.1301652301753099 0.06457443581772877 0.0016810944513128445 0.012846052297730549 0.0014556086113784565 3.2775204885561374E-5 
0.020301268038384356 0.001039172294051888 0.06820022161397098 0.06791300901759592 0.1687975275888328 0.09065431263343869 6.41122295781651E-12 2.207068658584088E-14 0.001818730176279523 0.0 
9.7843573043204E-4 0.1757110293326956 7.053529940262312E-4 0.10454283573167635 0.16070565184781688 0.07564137097651648 0.004346266734793019 0.006603543824758243 0.0018767723168686727 0.0 
0.005506498226752243 0.14026612827363436 0.11039938254718856 0.03710509348573946 0.13590752163112857 0.08052382523281168 0.009744054654200687 4.8172296171658524E-4 1.8564209529198835E-4 0.018573124281764934 
0.002794128424587184 0.011680650066615837 0.03543252813537149 0.040379950248450217 0.12396552157339327 0.12157803376313532 0.009167347832809473 0.006208822495865075 0.0016794226812353469 0.0 
0.008851669910680017 0.04830427487570994 0.05934207139925438 0.08797104864593318 0.16253656579209588 0.005637746780446578 0.0018756584494076577 6.625540865048313E-5 0.00751079946365833 0.0 
0.017181734217220967 0.2930767424254678 0.24104990951978267 0.05152153670395238 0.2416949631607157 0.13972564062241097 0.0 0.0 3.0217676269043677E-4 0.0 
0.0019728609409955917 0.004777414484194833 0.0056520396186856645 0.1248491869035342 0.14188071062566265 0.09320184486081794 0.008414033567233319 7.754690515278141E-4 3.2657532578580134E-4 0.0 
9.349405647843692E-66 4.985996957886368E-68 9.428578982466988E-66 1.5767388744689313E-66 3.1007681048289685E-65 41.03818966886543 7.1532139114255E-9 2.3639716347142405E-8 0.0 0.0 
0.0029553357530187827 0.03488212260883931 0.059118053560495286 0.03232757752039007 0.052852214505113716 0.12309796584764333 0.0064100766251866375 0.007255974420819611 0.0022819413303159096 0.0 
9.409079404485175E-5 2.514291710015903E-4 5.870943513924062E-4 0.02197991181243544 0.022909383852133692 0.26885630522981807 0.0044196833930382476 0.011150019523491324 0.003093348083551653 0.0 
1.717158841869475E-4 9.211965477854863E-4 0.0029046869182528783 0.05007010020946825 0.027804876553251805 0.24688127390401862 0.017455108477002833 0.0 0.00131963906288824 0.0 
0.004816750395235183 0.025201408738638773 0.13487817575628538 0.05670128974497371 0.03184054244986167 0.15459557536114063 7.951662114386029E-4 6.931730756523682E-4 0.010307818206747768 3.667830412527117E-6 
0.0023796377275594654 0.010884855842253658 0.01386043848219681 0.09009792776942369 0.03425471928183012 0.15685179430364013 1.2933921612891217E-4 9.143281125306486E-4 0.0012737622400826865 0.0 
2.6478822850797156E-6 0.077050516004335 2.175946846962305E-6 0.041001681777936005 0.036688945500779065 0.41440874269206124 0.01606058379960775 0.03311365980497315 0.0027756400072484616 0.13205617996351066 
0.06203084474149734 0.1264142443142921 3.03572367655017E-4 0.03956440992729814 0.07898489736774741 0.5379136873142613 0.0012754064739829817 0.017370646913465303 0.019432147365451874 7.643243678654431E-10 
0.003781759783354069 0.018983548172770145 0.024083931005989982 0.03384521950682635 0.06262297036694164 0.14123105140428638 0.0018796321045266343 4.952780681131429E-4 0.008492999170712829 0.0 
8.515092854446616E-7 6.399897153961717E-7 8.35438852857488E-6 4.291660505678188E-5 3.2185044396211836E-5 4.180233074311296E-5 5.12183002313743 1.7916028155843877E-9 4.3112775602783026E-7 0.0 
0.010757977254225939 0.024185269563052513 0.06539231693481133 0.0607528149484728 0.05392814827818469 0.04659507153279277 0.01354098567103161 0.011073848414523772 0.001495484033611956 0.0 
0.0015757758027603894 0.0027257109383125224 0.00996292373200639 0.05294374872318175 0.09510961743375469 0.07356271158641364 0.014877196928951307 4.365293107554252E-4 0.0013357170780133323 7.895487904953543E-8 
0.022166021949851518 0.02417155105352501 0.03787591645084167 0.5143630208932113 0.24087077003135568 0.010059311726684374 0.06312209963413827 0.03152418049933393 5.905368000930653E-6 0.044542138803384076 
0.0019554629359788763 0.0035869531002363777 0.01311550685798147 0.07266989209554596 0.038897807740774455 0.05766256683489623 0.025513404915677426 0.013940568817132959 0.007960810952904499 0.0 
0.003446373423996202 0.032826143513290613 0.052072718166103794 0.035100042763882976 0.05248719700200725 0.14445562462132996 0.013593250181363611 0.010387960216911235 0.0026194751231662173 0.0 
0.021016783145103194 0.043065046687113535 0.02797740168626213 0.053483114156666546 0.0674591927963383 0.05108454217691368 0.014722233835713208 0.00119043760423321 0.0013204872133692675 0.0 
0.0024669207478698486 0.004010460454719066 0.03074952353541156 0.0480077551761815 0.09961595640904702 0.05104736711032482 0.015357194448148244 0.01694242258971389 0.007949550385428725 0.06323139946596852 
0.0016774113134843578 0.003925271735071441 0.04032799208464059 0.11829931092911732 0.04292543411511341 0.05714687341062217 0.013733431402684057 7.368004380714643E-4 0.008319112290004574 0.0 
0.0048815106334007445 0.04318843958938395 0.07561063236157674 0.12387037950744019 0.012677816781763005 0.0930298787894016 0.022618318116637174 0.03340255009782636 0.0016424863531818987 0.10172752676913567 
2.2035768978648468E-66 4.4208523627085E-68 1.6294466307204296E-65 1.1230547304518566E-66 3.451119443525805E-66 1.151458720467505E-66 3.810657692071737E-67 4.499127148622489 0.0 0.0 
0.01027413436264035 0.15513500040634454 0.11171475093233922 0.12991176566871115 0.049545537076955054 0.08926661457671062 0.005838894955241673 0.02254763644724724 2.423574948907232E-4 0.0 
0.005352872996338697 6.491513548909466E-7 0.009531681563986495 0.08132122251759344 0.05492414740453776 0.049628898780721784 1.056685849833932E-4 0.02919903859282744 0.0068905575577485195 2.166413190912894E-10 
5.193280089252403E-6 0.2420874334150347 0.010185823240644832 0.09212880671574081 0.055753829062036894 0.0568527587762351 1.3228157160208515E-4 0.02714303673677055 0.0014127584910177471 7.976228052574431E-10 
0.0035799066188927395 0.006280905609422115 0.04227784187919492 0.0778946989283879 0.0880426811037037 0.06355332918989585 0.0053329792496936155 0.01765098852540807 0.0014363394177094124 3.604604011398482E-5 
4.665732390983042E-6 0.3386880673830633 0.020932822861179805 0.09517224755201725 0.18467724395674462 0.12782274982155856 1.776252619059436E-4 0.03173722166971632 0.0022110903006063907 0.0 
0.0035826279110881946 0.01704408678251766 0.021398536865012138 0.09097889282547007 0.015250753887107194 0.13396415686313787 1.1048550482479079E-4 0.014300398386567766 0.001550105887439666 0.0 
0.010456660796599512 0.149112894974431 0.12264231806964426 0.02755473040195947 0.1161059219373797 0.0806629634777589 0.0060452634320475465 0.021339945957906153 0.0014236101719004965 0.0 
0.0021242334808944286 1.202814543529563E-7 0.02390888209562045 0.03494147958451727 0.1063370968047034 0.11773191271454395 9.133647418330325E-4 0.012950513734418486 0.0013951509923283976 3.4416359265357824E-5 
0.028659320190978284 1.569476885155211E-6 0.128924159265935 0.13128252659568543 0.055072402875887286 0.08214016184192165 1.200571958375398E-4 0.018575793761365984 0.002229196551518093 0.03564874721111457 
3.516620277139427E-73 3.0968092312947037E-68 6.59866559818364E-69 7.377124520624799E-70 1.261647264245647E-68 1.6535136325469746E-65 3.246332501552328E-68 5.058307861102272E-68 1.9557948073561544 0.0 
0.013696763142939071 0.09195161468268942 0.12147114437294129 0.017172876810163915 0.06791208462446582 0.056483262333878424 0.004287435421441658 0.023863451585442334 0.018609078574606273 0.0 
0.010851524955838967 0.2261991847663758 0.1768267752220466 0.04529797935625401 0.05134909826893099 0.20658317888225106 0.00849008214780477 4.554068798928228E-4 0.010984514166408225 0.04689571362462602 
0.01252357909169929 2.408018723973203E-10 0.062318008795089565 0.005018409669579298 0.2087214586138577 0.04455259814619418 0.00559196679871319 0.007868803263328129 0.014267700532131722 0.11123617070626124 
0.00275932296353063 0.01470061386611006 0.018063960067075464 0.11973982162613472 0.04662138995941319 0.0575843825296065 0.0014664331456411507 8.896137725701274E-4 0.008249143720521004 0.0 
0.00129229179082608 0.0026321474457412504 0.009555569556316807 0.050391426475386074 0.09233810799586727 0.0757385157286672 0.004622567287755645 0.001489349736512257 0.008802941533372084 8.066947288903436E-8 
0.05041500691221858 7.980092048355122E-10 0.21365538886079688 0.024769303524835244 0.11626653414936314 0.05362499558280674 0.007952513278275033 0.01140035113781567 0.018917656880775263 0.201342324478716 
0.016826934281579862 1.3277004141636862E-6 0.11760397303131785 0.043174168730586056 0.02974781512593477 0.1480736579311011 0.006120329459362367 4.461265597392566E-4 0.007041318065417315 0.0 
0.029942131594764755 0.1324562599821915 3.230514313801159E-4 0.018760412529468806 0.04763825345660024 0.15216346074738926 0.0011111472921072902 0.006712792337035646 0.009619387609431523 6.497808774413694E-10 
0.002379350744386594 0.004835951300942321 0.014042996243755759 0.0810644100312071 0.03323928011258781 0.06393075425818952 0.00413434760758992 0.012028347289078633 0.00865844902432046 8.271773329712065E-8 
7.795098027198567E-134 1.0646613464050234E-134 4.755111558079223E-134 1.5081295589870267E-133 1.3896620688271785E-132 3.1787511407499164E-129 1.9013803839261192E-130 4.92788939224105E-131 2.627782709035416E-64 23.526336996125305 
0.0068576147453285365 3.6810266951293776E-7 0.09978093614702395 0.11142156722972875 0.13429297680234287 0.10665823839576763 0.0013601068063025675 0.025129786736947466 0.00941162447517355 0.2665221414242128 
0.01918579764280775 1.1335615191628771E-6 8.693259052972394E-5 0.14748840540569125 0.03960668910082821 0.13549563379482524 0.0014526042297929762 0.001658585877060218 0.002694697212257217 0.10941122288979388 
0.0335498992947607 1.6731606292595522E-6 0.13891529019763177 0.11918491916810904 0.058534688624792344 0.08244273623674885 1.1344102824926321E-4 0.01481505828354306 0.004113294062088963 0.12013704458397666 
0.003152085987645523 0.02576845380446661 0.026221066805782497 0.088141216332286 0.1628385034478465 0.005142223271464033 0.026313750166309824 0.04836674080737427 0.011031992034022593 0.12326223429244976 
5.955364698479554E-4 2.0905236215275247E-8 0.1826847473888809 0.04983184339653274 0.027681115064935438 0.27544797531737625 0.017585416422360826 0.02641085021881687 3.2205324523607654E-9 0.1052707854747688 
0.004882593349306799 0.0439652405735034 0.023961997223426464 0.031084953591843118 0.07058947993690631 0.17182093785225255 0.01073489052080057 0.010617145726847655 0.0031909394222912365 0.05313566664418054 
0.021359596422849216 0.2206941283527895 0.19117211955395697 0.08318559752776966 0.0244848756782598 0.1573573496720173 0.0064747347377794254 5.852211422427862E-4 0.0013980930446959676 0.08065576339097746 
0.02882428284901853 0.0010039253091652565 0.05693256941415258 0.1438093392800656 0.056092970499934294 0.058648677639539536 0.013826407800079231 0.04698014002109832 0.002204709298218815 0.10532940906592517 
0.07290437400625095 3.5819608600245395E-6 4.2637964883053835E-4 0.11000228605756994 0.04369947925546643 0.1316678145283144 0.001717317742752796 0.0015466656466640307 0.001038956296402125 0.11079913423718128 
