1.0000000016896347 0.0 0.0 0.0 0.0 
0.0 1.0171371574734749 0.0 0.0 0.0 
0.9682984358644436 0.9245691756378736 0.0 0.0 0.0 
0.9683012492385016 0.9242140384747175 0.0 0.0 0.0 
0.969801896774992 0.9137009824439457 0.0 0.0 0.0 
0.9827407689328921 0.5035023916207756 0.0 0.0 0.0 
0.9286809600102403 0.0 6.742653108675101 0.0 0.0 
0.9699576404852648 0.8661610807713626 0.2686483850382093 0.0 0.0 
0.9669552694670189 0.0 3.153963968490212 0.0 5.647096176510255E-15 
0.0 0.9836608647806563 3.1527082832863162 0.0 6.3012244675482466E-15 
0.9389029361684517 0.9896513847018721 2.587737908340832 0.0 0.0 
0.9824366330364115 7.07830021529483E-6 1.6664032401533935 0.0 0.0 
0.9720769158536526 0.4970348991898917 1.028289325599579 0.0 0.0 
0.9922836501729353 0.0 0.8538823853538658 0.0 0.0 
0.9673279455688679 0.8489769365625592 0.5419122676252721 0.0 0.0 
0.9761395314380159 4.0698874251934276E-5 0.8377781426154348 0.6872812458855302 0.0 
0.9906716321769643 6.197283575151744E-5 0.348247494493806 0.24350553988227525 0.0 
0.9969922867972351 0.0 0.28465969284500753 0.0 0.0 
0.9811764085818553 0.4598107569029367 0.2891373899941979 0.0 0.0 
0.9600499715333005 0.9977694656031968 2.7774247761956796E-4 0.2430231117851645 0.0 
0.9213212092602677 0.8066151122625391 9.960925547897567E-15 2.162507135422398 0.0 
0.9672382829748852 0.9866346094277371 0.0 0.0 0.0 
0.841493923536029 7.831372446165067E-6 0.0 6.719299815760994 0.0 
0.9999999748652583 2.495460809841134E-6 0.0 0.0 0.0 
0.9999349828700186 0.001897446582866709 0.0 0.0 0.0 
0.9999332599936737 0.0019460219871578145 0.0 0.0 0.0 
0.9999992542730664 2.2818064808593246E-5 0.0 0.0 0.0 
0.9999997548392247 7.211968263730983E-6 0.0 0.0 0.0 
0.9999333172959338 0.0019459689075856175 0.0 0.0 0.0 
0.9979550520320297 0.0 0.0 0.0 0.1966805365264841 
0.9642236086933935 0.0 0.0 1.516888844896713 5.6760953346467955E-15 
0.0 1.0149483820551513 0.0 0.22716744545569717 0.0 
0.9651260212155409 1.0170257995460228 0.0 0.0 0.0 
0.9560650977084432 1.0075200040204007 0.0 0.398102938016385 0.0 
0.9725015128273361 0.8020525227796836 0.0 0.0 0.0 
0.9903086288163446 0.3407855539133746 0.0 0.0 0.0 
0.9072034873303311 0.0 0.0 3.933265311215974 0.0 
0.9517552710339414 0.9405241176591471 0.0 0.6929567839764182 0.0 
0.0 1.0001979212639205 0.0 0.4561778215236846 0.0 
0.9943312074055769 0.0013709436326294093 0.0 0.23831524751126984 0.0 
0.9973859765836987 0.0 0.0 0.11081447222659552 0.0 
0.9816672461486843 0.4583343370455981 0.0 0.11080834116398668 0.0 
0.9704423685095676 0.8618160905590768 0.0 0.0 0.0 
0.8876810611585911 0.8418587933124962 0.0 3.930031092230296 0.0 
0.9836803487313882 0.0 0.0 0.691827749303367 0.0 
0.9999992343091793 2.2817954488789037E-5 0.0 9.412765614342623E-15 0.0 
0.9842905065355448 0.45876171418620426 0.0 0.0 0.0 
0.9916642069524072 0.24303713741398345 0.0 0.0 5.676636950125974E-15 
