221.08046346318633 0.03331562885399332 21.313237784815716 1.144673531219554 45.09635306677048 
55.45141497472026 0.6729864146396218 23.775304936392295 1.0619174627809653 3.4916858315553956 
50.69101293547327 0.39973655277244374 79.28876091057406 1.7664863232014352 3.425841368883308 
199.277997087156 5.6355950661618595 280.7603772501021 1.0100784444456505 45.36710543460798 
35.9606491036436 1.1253648345981988 3.108457074957081 1.0706343192606083 3.4737743571044812 
207.06450948024744 8.608649773783164 322.4558213558877 0.9255331289856171 45.45622702181641 
15.000092297420757 0.40972885118579555 6.566759780171622 1.0695025929135087 3.4923156817485594 
102.93072710703225 0.1770298657461332 283.7346369907305 4.220459084565062 3.4650399692905394 
16.15863933590978 0.580057107155432 71.75830252335614 1.034456981178948 3.5384128110615873 
15.399074395023574 0.9030628389453201 35.42666814461366 1.0554182435042438 3.4950164192467987 
7.98588015352442 0.18700174945051495 4.977987709172221 1.0554385021969004 3.5196937710311262 
30.966503068597575 0.6291219854572446 38.504993637212415 0.9204913409721761 45.640049978245564 
7.60373293797798 0.4098326720373791 6.3951461948208985 1.0654076430927761 3.482681249609305 
32.28759425618184 0.10995511528091247 9.593836560303734 2.451931858098338 46.52886116646943 
13.348696591083801 1.2224439576390465 4.256570222456631 1.0379619867997367 3.5126471296970836 
7.0861033967390785 0.5432940276650848 36.65821541209034 1.0369779056233686 3.5304745696456776 
4.32668330947912 8.608401616448536 26.131510750412485 1.0586053002687335 3.488158758317728 
19.83426273650141 5.333181812219188 74.88978907086108 1.0917301951953504 3.4458002720477015 
3.745494650310985 2.026199410234432 2.938256709389889 1.0413241964975617 3.511650671489848 
27.22264936923197 6.493131926000307 46.65842522479631 1.0325856865803709 3.5077223502135304 
23.18323965299437 10.969077286303106 4.604393090769666 2.132426725600836 3.4831301006031894 
4.313397496448045 1.5889670017260504 23.761451858360505 1.0627067508372654 3.5093501031414447 
7.250653831782636 1.3721785008637124 34.78379018501336 1.0673481115215488 3.4826946348163785 
3.702529216674363 1.1805934753334606 70.3335859688064 1.0592373580429 3.4904261030687245 
3.767962982223789 1.016788667248913 3.0022376527847907 1.0491797843428752 3.6527364893738117 
4.05591995870424 7.830302126308005 303.3330075989039 0.9740707797811261 46.022964736488305 
5.738519262702494 7.901836198076268 12.734003760334378 0.8265734730537035 48.83295582213034 
4.364814677341891 0.8816335486303799 36.79399569269088 1.0724471318183917 3.4938419630643356 
3.7026693016393852 1.1765249552775379 68.36830673175969 1.1860778239998717 3.483365342799368 
23.113591378063298 6.558485813839005 5.310823219641564 3.0639118396832803 3.4576474935481496 
7.081929913319734 0.7849409973341448 69.1687997591136 1.0591835449298612 3.490972554020684 
4.344075564149172 0.7943353668720291 36.84071313621324 1.098441958090192 3.4571051847333525 
5.0546855533739 0.6515883471608402 6.6533735653555395 1.0962244378002148 3.45897558112237 
4.566391348803187 4.904970423985719 7901.328810729188 1.0769677014505725 3.4667702778291023 
24.301366961795317 4.904005153413907 7897.024648293197 1.0790048588997945 3.467574266784072 
3.7430364940126846 0.7732827885215061 567.4245690605851 1.051912953683701 3.5024424499138 
3.8594305831670006 0.2836357840003421 70.57931915927338 1.0363545873513984 3.527761411722198 
3.8784967579261185 0.36226940611280256 38.503453749424594 1.061729452355357 3.5044224987738333 
16.497821404768004 1.4759029221964175 64.63011814781795 0.9138586607366577 46.47757300054856 
4.091542651847835 2.8114722781393606 37.62767611734902 0.8174904579518366 48.865873155668424 
23.739262393338787 3.4174620980736288 39.50429313751307 0.8706636177877299 47.078644812441176 
3.6230519434206654 0.39528468535854944 6.439206583871561 1.0448605919994045 3.520560637163881 
4.357046432003319 0.2877694965495147 4.921328033008552 1.0659027299601556 3.500074789834729 
3.8553970188309576 0.3893787115771318 5.712623649761973 1.5638827172948633 13.44735632745312 
3.849025647430665 0.2371817502455552 5.739957983909471 1.5667821784283607 18.221345925839657 
4.171555861373771 0.18131863871488857 3.998377010362532 1.256358036917896 8.458676695310212 
19.78904468857269 1.8358219927728088 7.277161886721493 0.8806239646595289 46.772272508106745 
23.736365114932937 4.192741388138357 7.3578606152612815 0.8731220242862333 47.72909124961444 
4.333713203043683 3.3576937101262763 4.066726152226728 0.8781990021263311 47.102997119577104 
3.8358657328449506 0.17268220402337697 3.809084405433895 3.044128761455842 48.4853915576751 
3.727281595544097 1.0180690255378164 2.9897124287362438 1.67312593686268 3.6484366689869905 
3.8343748133259656 0.20653324404992032 6.348950461999714 6.058352659974497 3.6826778260730566 
4.349733632586898 0.03138130070895048 21.304469220471468 1.687622323202219 3.5064712843939363 
4.638457316414253 0.18069474547391273 5.90596690763295 1.563490507023129 3.4961375252065814 
14.732776350797558 0.6475884038976862 5.373173884006838 4.716285792620447 3.418111321263258 
11.409834374458613 0.1799352116810842 5.462249552293747 2.117365931193971 3.5171672429627963 
3.862980916377344 0.701787130123589 413.6551162393538 3.0571600823302036 3.467495884670842 
4.171190947538607 0.18898892150634375 10.846271103259513 1.2381580188703991 3.4940782614255554 
50.5605625477314 1.9840351358259247 80.63440731305133 8.05639698235833 3.347938961200308 
3.9973561024878683 0.19411254769234737 12.352011047682952 1.1794748335510856 3.5051071382384693 
4.03834613921156 0.1938530901851585 10.321447066382214 5.498996440259485 29.91599523250279 
5.237782888739746 0.12644668658688332 6.232557525931073 1.0522895646642012 3.511832455433649 
15.212808249264777 1.5077375291829251 5.924293302108973 3.4253052101891286 3.4160593816170626 
4.358380656470446 0.19175366534950686 19.313905000393465 1.0733540051552184 3.4873692532838643 
4.214083796766746 0.19391254216802123 3.9941067493924645 1.0542047460286768 3.5387232984245123 
11.055170292220586 3.0735843903906015 5.4233353548616305 5.0473446682063425 3.3782142114198273 
3.8324719182164544 0.1728238013160704 4.15225401977498 5.326321675496203 48.460677811040966 
3.8804232949434816 0.6424801087655118 5.873923682853226 1.5638366329457871 3.487607433424521 
3.9233573277316443 0.12130980650824615 6.4580115005571335 0.8959008383665411 46.75244767736262 
4.744925317079815 0.17609964397180333 3.834136411603837 1.0693925025716777 46.762393975104494 
3.871506739139677 0.52599273169252 37.6253587576796 0.8174853054342687 48.86587562440164 
3.901993975536798 0.3863665111800661 5.426709485439096 0.9816686417543857 45.54287041571836 
11.212430480990443 0.17358218224364227 3.8402867820118227 1.0733989951311202 46.75765470993793 
9.71192686414678 0.525859559706875 4.201904503647463 0.8910631672657499 47.85299294124517 
4.17078884468045 0.10488056608238255 37.66771968945901 1.2006262435165624 46.763067501657915 
4.63984897042418 1.0130929217904265 4.628430414359978 0.8311646304045984 66.35384045888591 
14.823343100501468 0.28822388974857194 74.5352780999182 0.8800320064037112 46.74633515328904 
19.27235125608966 0.20793684625917389 200.45017028834081 0.8842155895197876 47.3376410170753 
20.35798768972916 0.1361420794895778 7.327362741445479 0.888710062543662 46.761709893961374 
3.7906657853758277 1.0616494107601384 19.020616523611565 0.8538463325228242 47.336265825516755 
4.140075335508734 1.1777308327812768 27.91889839356388 0.8170181952098159 48.83737301578737 
27.414479323030253 0.4083635455724679 6.4410671954740115 0.8223415877075794 51.31699391294799 
22.531279269760528 1.0324825569399845 2.850101834992964 0.9011920059060141 47.400255474925785 
3.6604960325778966 1.8740043864083482 71.60272953447429 0.8507819383120208 59.633520243276784 
30.884510175371066 0.465270770244111 8.377275189670794 0.967823111366006 45.959728959452924 
32.287577134912844 0.11007042306512932 7.416786592396277 1.0652224002799708 46.528824798812224 
