7.877928344377072 1.8771662746470805 5.597013161765338 5.482344736244999 5.868045477954473 
0.6341104337108954 5.3650448606844545 8.140992971398703 8.080258816629035 8.536491974066385 
1.4214201844715777 5.7959874734355115 6.446865920847036 7.48278055226315 6.042640367948072 
1.400806931657724 6.185341258854399 6.942156043291329 5.320577568153106 7.629032529269444 
1.077348529654647 5.508437740502727 6.910546727476137 6.065739257211796 8.478660138460533 
1.1926302475367903 7.0346601034786715 8.07610874070076 5.107882468796496 5.495804950209615 
0.9499197459750891 6.058637501533263 5.69781189167364 7.0170638130842 6.877752880250712 
1.1482077467302654 7.218830850758121 8.077498481719317 7.570665744174201 4.453142204948075 
0.8811564619833436 5.810155010537472 6.589821059291604 6.7890911157940685 7.3682600268751095 
0.90936636930772 5.82044323541657 7.564447421674902 7.981589167569256 5.964483826210858 
0.8143543626910384 6.172350226707451 7.533481954325478 6.732005925120627 6.422557567440367 
0.7945901901702027 5.5365694822991385 8.33214416013152 7.434110525540246 7.6297806147150995 
0.8910686867490591 6.99413052496398 8.082112885722784 4.981261138308147 6.795064522038881 
0.7655309647707949 5.383080447679932 6.861612746478502 8.034459780980013 8.478307310988002 
0.8499852171860515 6.808905758893549 6.421751542126556 8.21277730679645 5.373697328444552 
0.7156692156934594 6.139098037738774 7.516852188640696 8.053685364576264 6.1559133336781455 
0.8449992415893047 7.699816080044945 6.695936267206038 7.175173088823682 5.7311901484533125 
0.715423971733135 6.149132931051921 8.150094783478295 5.9852698383078975 8.27181174108981 
0.6612071054259092 5.997176675452837 6.372007478986117 7.030196949143558 8.290289108716959 
0.6241095660459239 5.739777068196441 6.298024971560254 8.223100270797227 8.179404774679378 
0.11265306020478978 8.399139144922739 8.220500040649823 7.290461740768367 8.604836299285319 
0.010448862401133643 8.229776138638782 8.004143341446738 8.39062068322651 8.39062068322651 
0.444380433721871 8.364160074496914 6.624808631138158 6.814073054294596 7.4068475735901425 
0.40007855688227284 8.20058451532266 7.979789326313788 7.930325015497337 5.871351425021632 
0.3798438739241826 8.339610606745033 8.281657486241198 6.024558249793062 8.326109433957676 
0.22199266656200267 7.026826472172352 7.42227568065198 7.415960494768045 8.18729822915912 
0.2937284665992857 7.103500823840671 7.606557191722772 7.938988934781534 6.999494567161203 
0.11648300867263281 6.92300823174931 7.8697478171174735 8.18826199084795 8.249724861344077 
0.38332658039567646 7.306531666606779 6.708331056680608 7.218695258340814 8.321453612493373 
0.3024691006609719 6.81283083371124 7.7777169081277435 7.248325795078145 8.065029594513712 
0.6324611593086249 8.359927574371346 6.776673811099481 6.054591039042333 7.455323808993697 
0.43965151407167175 7.517278061953506 6.860342918914341 8.37292409347287 7.8282615041233745 
0.45658128563252914 6.855420803985073 7.590807247166717 6.861809119708756 7.433183175282355 
0.6908889328213016 8.303691636562014 7.987487174076258 6.0859290531898305 6.175080916341496 
0.7269750981210121 8.555908171882141 6.389173499976973 8.712827123982642 6.121392349274555 
0.4762282307366247 6.711557581509789 7.983358008241081 7.429696282004732 6.351660046604141 
0.29799335474855215 6.139459734800652 8.12881604860524 7.73342609404677 8.078354944019141 
0.5255882927345414 6.804598123377915 8.070307046060146 6.040021495898388 8.423940027639418 
0.5457484244688212 7.131499932036055 6.590474807515175 6.789764632755558 7.368991000730095 
0.5796569939632144 6.94009670698847 6.174367279267785 8.356371878588991 7.533517438676343 
0.48600808844997523 6.24925942992904 8.555656374811914 7.231779661398555 8.506821056654614 
0.5895773740537524 6.295529028542643 8.577063549128138 7.015431064708975 7.65759897169077 
0.5408969597627472 6.25747236958493 8.316092361646186 6.995848007881368 8.689250165463003 
0.4258250275966465 6.2301476570996455 7.709518957560973 8.345935559716878 8.504478765791458 
0.49182964494046005 6.276460415491231 7.750812771823127 8.38675562956753 7.634636693839959 
0.5244439052522794 6.470788399019549 7.72616898529529 7.390150001496795 7.605519618663903 
0.42640200258502636 5.9502507027622284 7.411562339578954 7.919618048044694 8.36657622802555 
0.5530009030635563 5.7047253641705336 7.534187470256184 7.97176957183211 8.315673097203796 
0.6082891698268118 6.687492313461618 7.642883435058132 8.188717420452695 6.259126408887154 
0.6377811103737899 6.903950718310841 7.624090075945511 6.125389736937603 7.445399202819635 
0.5812204907283202 5.960156407221117 6.3672270618439795 8.313490778934803 8.313490778934803 
0.6446994010256424 6.5692159866716375 8.538988366259689 6.23919201709016 8.721783314005538 
0.41657348294160723 6.264543452648357 8.087986870902139 8.8387946379322 8.8387946379322 
0.25513979393873704 6.53319329168457 7.748523009929635 8.466921442634153 8.466921442634153 
0.38002250185991626 6.388856680084736 8.435211385108259 7.312840211180299 8.572059299307998 
