0.21174480228884635 0.14225650371220722 0.00847345026372726 0.0884039538717616 0.43918282937936043 0.9418852401558134 0.576541786355852 0.2049704068526224 0.21902492863356554 0.23708199417530282 
0.22892995551983553 0.4609626640502807 2.1502008745208703 4.35929603291794 0.15173159164721592 0.1663717753122829 0.001297861727725497 0.9415886609364152 0.6192497147805124 0.7967514698349758 
0.4976330631979255 0.02158403422814106 12.428731911193838 14.249513419456708 0.6377222757509948 0.6399497866440333 6.810276272787481 1.0111657730409274 0.07245605745232446 7.918770368790141E-4 
0.3520608620114689 0.505932017894348 4.374435813051659 3.4416732398000183 0.24436019050030022 0.2933588821463876 0.047843202916928215 0.6711454365894328 1.4779891353315109 0.8120145760923628 
0.01279066811870249 0.019036718707134005 0.0010918236485062585 0.011106397331167733 0.05594971501183021 0.8737665700012434 0.7155459418513359 0.2207789563776194 0.2187844476108539 0.08942155455962056 
0.002262888030504984 0.002911134369937165 0.0012236634321464376 0.022350862301013012 0.19091886701597147 0.665637032880827 0.8831969999312606 0.038447385082413264 0.0299180522776372 3.0379312620768163E-4 
0.002476315463334897 0.002286585547705037 5.3354868769898914E-5 0.0021799501651439007 0.02107815926632636 0.9593390295891746 0.7503208098485519 0.11977248581288237 0.027506105533972633 0.04451455883289884 
0.06527191837996671 0.40077881751363437 0.007824852858450713 0.2623966867537232 0.6661280755143081 0.8264562261786371 0.41431236298991286 0.08214819554695818 0.11810760925225565 0.0391672934905381 
0.03296532282122622 0.031743141945576966 0.03427260225387923 0.21760522640182353 0.3413946362915823 0.7828639013591173 0.7778828581361473 0.0182359825523783 0.009279700940256423 0.02211854028244214 
0.074449847379213 0.42727823198244913 0.09728676709804787 0.18884037309184779 0.9317086459893736 18.82771346572749 0.31422234375741803 0.08463364641956905 0.21230689290558746 0.037870324463904315 
0.3721822227553811 0.4256392347055176 0.10277069318799359 0.28478056073380476 0.8757701981720825 2.863862956159641 0.2736288024342994 0.08395686328878461 0.19705652273516328 0.2912291384394272 
0.019860174721209448 0.07866403166129492 0.011354629045267758 0.06428840532398944 0.6192799821119591 0.9821735446272432 0.35020831274773395 0.1273401888677755 0.011664289535445483 0.08529489241025126 
0.026592978934968026 0.05635181337953875 0.009032968361098919 0.05729078416820714 0.38452513367929503 0.9592456410068014 0.6481104376759926 0.07377847339056799 0.09146057101744652 0.008666513479674825 
0.17634719546855074 0.600460977833929 2.1256791585560464 4.403325352079664 0.21383132341497957 0.15956301126152667 9.757580039884379E-4 0.8424412694886593 0.8093263649176339 0.9441384777950491 
0.3703283485351157 0.6150497439141889 1.6260240821653935 3.38039236921998 0.3263355941951935 0.9798056085451214 0.004743704470239502 0.958975101856388 0.21783045060217313 0.6247616150847997 
0.004210329163356983 0.019179494201862466 0.008358697300810222 0.029486506666802074 0.1261081568616219 0.547915963643824 0.8967533112099425 0.018938362471497487 0.003638397836262402 0.008743773640406748 
0.05913567489621448 0.08029154081880625 0.06187151316879058 0.17116000413353635 0.4977873435989563 1.3945658129728957 0.6054070040429899 0.021282427757224817 0.140077408305381 0.13141363391635377 
5.845787588993003E-4 0.0030177332132285484 0.001171599432777849 0.002985533220590315 0.015701309489779606 0.3178898098385961 1.050399703875066 0.011234428807657935 0.009420247433838876 0.016073118707276533 
0.001399251750874647 9.060145636982898E-4 3.324591414156645E-4 8.79200968849896E-4 0.37952118390178424 1.1932840387788517 0.6385752204945555 0.06035594656392816 0.005104416549062005 0.06380269688001061 
5.051700588593774E-4 8.803714148825704E-4 8.428245432564964E-4 0.0026060206671249886 0.49583733391422924 0.9643627485278052 0.6161385216689089 0.021299673112378945 0.08178150369133685 0.13375837927891615 
4.806892640157702E-4 9.603277331591558E-4 7.630035088682273E-4 0.004484481999799831 0.5486564243262191 1.7223233799390658 0.7243755144906322 0.10908745188152989 0.08860618340427502 0.002957395833837551 
0.0010126847095521963 0.0010023358207748103 6.162973840963056E-4 0.006671735367606656 0.5531029280978428 0.8385484136232726 0.5636272441988948 0.017502502443574094 0.10090972799222694 0.017994478628699927 
9.983845180018937E-4 0.0034817119387175683 6.853558490490632E-4 0.004812417302671364 0.5537019567881912 4.766506078305417 0.48789231599245547 0.056750614943344525 0.17508906817376993 0.11105094585594621 
7.685105715722252E-4 0.003450583811588899 6.003698190655486E-4 0.005249691682389923 0.6396030967441931 1.6881999146536486 0.5982152794031503 0.1256042337234766 0.09643140218697215 0.07710948786770196 
0.0042861050628235685 0.0073834500932530075 0.00226681064972514 0.02579081668967358 0.5760819313510166 66.637049573119 0.5725886817499454 0.014788206143557544 0.02207783491265121 0.0018500454316423148 
5.077410681781458E-4 1.480476494895427E-4 1.2386973915687273E-4 7.063986692248175E-4 0.21294995188683824 2.238008796839876 0.8355698577352824 0.004317985588256102 0.05496863853208284 0.007298055592845873 
6.767630310459189E-4 2.1620536362105706E-4 5.398474437333362E-5 7.839008514338641E-4 0.10912125131168111 0.9326866290455365 0.7984563661806597 0.14492260866437032 0.021314531032734226 0.15854274652643732 
7.998018986444691E-4 0.0021079368997397427 0.0010459510731577672 0.002240570280276006 1.3418508090650434 18.53782525245665 0.30057285617737756 0.0844998177687538 0.2135052907226125 0.2825332263681933 
5.854102817509335E-4 0.002726703129720736 8.516450565058572E-4 0.0024321734087676783 0.70532300731297 2.693000763913478 0.2212780916939547 0.021359327842078706 0.4711763128996655 0.5461790155682174 
1.8854763644427545E-5 8.716029483991923E-5 2.9253450649108937E-5 1.7026144317711236E-4 0.022837267478130793 0.3857097523892394 1.0292333283204633 0.008901054738513504 0.019054337137186492 0.0015795639419677507 
8.419115348540233E-5 1.7300635822364459E-4 7.371119238903522E-5 3.6018681538975655E-4 0.03437591505972823 0.6930312562453212 0.7877859858868225 0.11876164673474066 0.04763523545754747 0.021613491900287257 
1.2711919367631853E-4 2.6028749599081466E-4 2.216367949670238E-4 4.8609032096075873E-4 0.06432612363543148 0.803880283504036 0.7410281352223876 0.0825896254761985 0.10407323772258155 0.024629598692379944 
2.5332237054657314E-5 6.59842460559408E-5 3.231827671762292E-5 1.265665400988338E-4 0.046919103925960326 0.6635528626248355 0.8595455610523969 0.03683887023984502 8.656203026056746E-4 0.016275157015519143 
0.0014763196055459064 0.003878617081667833 0.0016876293801340405 0.008299251003231374 18.03449853963691 1.0156126115203865 0.3445916014088016 0.021738073109930294 0.018786880649670816 0.01589017671501965 
0.038471592459342965 0.04115857919213634 0.012437578168320447 0.006866267165979024 0.687955323789705 2.5466034231199846 0.6953649726332781 0.056252885333931524 0.00488058914661006 0.07475061133919521 
4.403031249006918E-4 0.0021162972613482144 8.917904594709772E-4 0.004260319282629696 0.5380426309624957 0.7046948918094077 0.6631046091364192 0.012500526096364102 0.016773075207782966 0.0015795639419677507 
6.464269295103364E-4 0.002314653378145844 5.394348968425631E-4 0.0020134191486810746 0.5007011614852428 2.929238284512918 0.6073106883166062 0.049777752423235865 3.856703220842541E-4 0.003909584182439622 
3.0217566366430777E-4 0.0010970433305571366 2.5523042334562197E-4 6.34304945536353E-4 0.3472556333019145 0.9363765000652868 0.6242646712884604 0.005667581320399391 0.005359801336623091 0.05803882507342462 
0.0010211463325082994 0.009540024466830693 0.0014971183058287276 0.0024553749864204993 1.6539116635150348 2.668506925110248 0.13078097686585113 0.4259304223126002 0.016113348127936366 0.010077562830020944 
0.0010541087358011498 0.002921641568979566 2.5367581985723367E-4 0.006249020196661879 0.5831963886021876 0.8021387639615223 0.46991129271319787 0.01635564573656266 0.0894232464009029 0.03816763868756357 
0.0013891867987296505 0.0012189428535973952 2.7765528514827725E-4 4.4902507872159926E-4 0.3867170238472311 0.9958244370340505 0.559031098931238 0.06045660483562636 0.005358401367791841 0.04087145671993754 
0.015253120264810509 0.09596917935878915 0.03268390184375222 0.11526841162473696 0.4870054225337366 0.7054982956267635 0.6726202499087858 0.01910350625145397 0.016264491608884782 0.007512036562336332 
6.255588274413179E-5 9.251489672028845E-4 1.0662726968934356E-4 0.0011462474380240226 0.22823430954530252 0.8890005208584504 0.8204172842891579 0.013778630939890957 8.793701332338894E-5 0.003464902906734369 
2.0327824548285652E-4 4.1173179165175834E-4 1.2444623509387645E-4 0.001177009266157854 0.03760607134280163 21.618791647707646 0.9575824978743629 0.01542793635730659 0.20033372499798965 9.516302995966572E-4 
9.262834733382428E-5 8.700604286877312E-5 1.726148803165667E-5 3.462034208233225E-5 0.23566605479471703 0.8527016435996395 0.778316780959079 0.001372476558597339 0.015388235447859633 0.04026330746474021 
1.5964084416708986E-5 3.8490043441001304E-5 2.1305187830821684E-5 8.562916980728755E-5 0.011373295242220614 3.52008487278665 0.8641291507205038 0.06256312104977034 0.02327184995522633 0.11963306495542073 
1.9944147334648182E-5 3.8105550081087196E-5 5.092983521184673E-6 1.6965147448316734E-5 0.0032758415915399553 13.19130184176385 0.8801286632454979 0.5201975765298751 0.25628449706050077 0.21555061845484544 
2.205087119684423E-5 1.0838902081477312E-4 1.2284009996538041E-5 7.056648554631644E-5 0.02418586382495539 0.9138245261546464 0.9355303450922549 0.031489321428407595 0.005803056634613019 0.02560809916894569 
8.243621118376103E-6 2.1083717969313774E-5 8.586409534277652E-6 4.108400926673533E-5 0.04387256366928604 0.6598785273648541 0.8427058648885676 0.03554427255923578 0.0203031571291315 8.097955083176464E-4 
7.146533315113985E-6 2.1976742221163143E-5 1.04068356213966E-5 2.256680315638864E-5 0.003785755392395253 0.9995379083712356 0.964161486482239 0.035590305870261775 0.06804394287735446 0.0046051597598081966 
6.649795616174547E-6 1.3897690307854065E-5 4.5622802794383375E-6 3.0262128122489586E-5 0.010359681947321195 0.5216285399209026 0.9445254509731972 0.008001422769974169 0.03293597200189118 0.017220225482111613 
2.6032147915075832E-5 1.31661937142666E-4 1.002496589641768E-5 1.4393676463188006E-4 0.03369112938657644 1.1553278858090232 0.8883776029566158 0.13996792644036296 0.0011638412461435312 0.0813643809129976 
8.122154694752753E-6 3.391306971133437E-5 4.791533495555205E-6 1.8233667716421362E-5 0.0047120039516669945 1.3050709576566255 0.775426642865665 0.13278287354041407 0.11919247644778795 0.11392086457126653 
8.389723579769341E-5 2.948209469969321E-4 8.770704464285515E-5 2.7388582610544384E-4 0.030315219795255338 0.48304129753050984 32.76924683742927 0.023370045267301874 0.007178446786463435 0.004491614602731217 
1.1185059716385847E-5 8.111420923709962E-5 1.6368885933625455E-5 4.3867392625578986E-5 0.03767603639321207 0.31980049774183444 1.0283433123570758 0.057808711682332974 0.026603366447073635 0.05596501089707876 
9.630101349099953E-5 7.081369306611729E-5 1.865163989430856E-5 3.6116007900699874E-5 0.2517455757866378 1.1000131218794014 2.9681033250370623 0.001372477675717925 0.02308056365784839 0.11901204826726001 
3.45961524531361E-5 5.666855592097754E-5 2.7566061162794495E-6 9.979004165202182E-5 0.006949650263369505 0.4028086110921912 1.171187211556679 0.02540514098783208 0.04715021075586986 0.027654827756640694 
7.2917155240113765E-6 6.964238464570259E-6 1.1087097588338473E-6 1.7771909765799893E-6 0.0019976453030485703 0.5882345238935299 1.029267161160007 0.02000960550981223 0.015284069107328026 0.07924486709206004 
3.0607375564659436E-5 2.693134706517108E-5 8.806896134755758E-6 9.620953913658944E-6 0.0022963469841116445 0.4704944208520666 1.055321965504153 0.15160154509888688 0.0548023900996884 0.0010534665251087753 
3.3615772689486826E-7 1.315062822304856E-7 2.84797473338856E-7 3.34860801399265E-7 0.06544334764936922 0.7217969999487776 1.0304633909678178 0.054247762565676004 0.10028179212355318 0.035964864208648105 
1.1916702484409492E-5 1.0259308506887732E-5 1.8173568047323415E-6 3.221681339719568E-6 0.004321777405843195 0.8063497801238759 0.9530357673160185 0.1618915450276901 0.015889324072124 0.07775504482369755 
7.529237056215766E-5 1.3144898395153724E-4 4.554449665526654E-5 1.289291770677924E-4 0.058124948336912216 0.4910831855636449 0.97095808411612 0.004729972480709357 0.20899582609749517 0.24722697440117433 
1.3481991103151154E-4 5.834988309897066E-4 4.1035944694657963E-4 6.12310871220082E-4 0.12335865747008724 0.8301176497425865 0.4387545655476666 0.5490934537782729 0.45877524219602944 0.5133862144863629 
1.6469197000405468E-16 3.5581530389770274E-17 9.761709027296503E-16 1.512193493124526E-15 1.5628019826556457E-16 1.1472426998223174E-15 9.054623287941639E-18 2.349165412775886 0.002252367964346059 8.050620306467202E-4 
2.0185904648248395E-16 8.213458164397575E-17 7.063064604131455E-16 1.4508405710845359E-15 1.6360600695657062E-16 2.8915988189059955E-16 3.95446072653866E-16 1.0734755196382904 0.0024840855803897393 0.33280764022841425 
5.848360840987043E-5 2.3370502068242722E-4 5.018115931732464E-6 9.380553354088846E-5 0.025387696722059833 0.492638929823446 0.9132750100762828 0.256546296900438 0.013166713538872795 0.0594740101643025 
0.0012670888661183383 0.006351105997586222 5.560793237075674E-4 0.0024358457044432067 1.1540526898778642 2.6452993076982376 0.1313743287538048 0.4463387418165078 0.032369465905407555 0.008562368590374061 
0.055755919057252086 0.057832323211008826 0.03762862026998358 0.07040312850555369 0.3203849180598218 1.0061094144789675 0.5083516142643395 0.32574917158671374 0.007675266159952083 0.05901082343089836 
8.350952192968754E-5 1.7561705910495512E-4 8.642090935812103E-5 6.204581960191658E-4 0.05737929367690064 0.8437522864185433 0.730015097747447 0.14489131735755933 0.02541292780478613 0.04334461365474192 
7.204027245292545E-5 1.1512933940365065E-4 5.245031417342314E-5 3.5531833956177364E-4 0.04778261214133359 0.6430517401512764 0.8337943710782263 0.13510110873117323 0.0011199579004544772 0.011626651625397014 
1.6038256436835598E-16 7.927935490515569E-17 6.03892150797674E-16 1.5952346221747959E-15 1.4832249403984498E-16 1.1545808262653366E-15 5.167732020830447E-18 1.1107281278162793 0.0024280779568737866 0.6308280411584384 
2.505918898436445E-4 1.4075565902685E-4 6.620465272115591E-5 1.6073110502467134E-4 0.04881305119700014 0.6726332202554451 0.8560677398483592 0.32507867972769294 0.09916079546424636 4.899924425095812E-5 
2.468306583123386E-4 0.001978199254528283 9.436229881431734E-4 0.0028741212062824394 0.004698169335966502 1.2129224596344794 0.8709597146325446 0.09350748190760151 1.3259200845443797 0.04413894277165753 
0.0062887813917016705 0.020946164096775122 0.007627332490658777 0.01955778595123835 0.03676779307700941 0.7130303859055398 0.8544728777762743 0.04561455493159761 0.18316059232956092 0.1107500765512446 
5.197029224425759E-4 0.002111250298941647 3.532145896897819E-4 0.0019256781038114105 0.7305136041639636 0.8279133255850208 0.4265128914051783 0.011645343952650796 0.21239203616260696 0.016279765620993703 
5.357238992677071E-6 1.9758622977547844E-5 6.443140300471556E-6 4.4897552443429585E-5 0.003274891019193176 0.38496047320195154 1.0255271554780498 0.007827967494019962 0.16674615837984683 0.0026762564590655834 
0.0012736425928703563 0.002702656262187671 0.0011336771477379977 0.0058683718871755 0.6236527598372519 2.756818719714634 0.32043909393958026 0.03663611380498525 0.24729178138612495 0.09598112225506951 
5.334274769787906E-4 0.0019754167069895227 2.4272582592176276E-4 0.003294703543500933 0.5716099138368562 1.0604565575125267 0.6964253582634232 0.09061238084170045 0.20846469183273106 0.06169158131594007 
3.498540040366152E-5 1.998816248526838E-4 2.6969091560650834E-5 1.2395736848179925E-4 0.04217281838380103 0.8772430765721864 0.7657641663098328 0.06529859085148819 0.14619586799985196 0.022767490600941676 
1.2046047893584119E-4 7.16235391534717E-5 9.826626478397147E-6 3.413831749435676E-4 0.006940572203964329 0.3738227858025055 1.1700275393777952 0.025384525359333575 0.12047994536118918 0.027500694882064344 
2.477694545369071E-4 9.807316476830364E-4 9.924593734042017E-4 0.0011432105951355636 1.1999207095123907 2.6335990636968822 0.2849165002956188 0.4148211639534927 1.166900613130146 0.6952254136941983 
0.0017693636874848693 9.223303034842677E-4 1.2224238352237353E-4 0.0013753490807025643 0.9950611585792094 0.8470289182823357 0.3574733907116005 0.0020019019049639444 0.18026570868161323 0.0753270708410092 
8.469239266341008E-19 1.2722797627998395E-17 2.0711420649012114E-17 6.426055261247678E-17 1.7097636867705308E-17 1.4390265426393344E-15 1.00979693446106E-15 4.367414645110124E-17 6.495177007290199E-16 1.9875137735848052 
7.5887009513043995E-6 1.2451932770800705E-5 8.031472783841561E-7 4.469158888555551E-6 0.0023529515774660587 2.5324159011872296 0.9453548570511259 0.07819697031620705 0.0203415855493016 0.14718669692919822 
0.0013378502280802001 0.001334769238860107 7.127794289348215E-5 0.0016411965979346984 0.39826083237475696 1.5167162978080064 0.5909177736288412 0.006802963948671887 0.005122372941803583 0.14394875568176146 
7.115965479373878E-5 2.2984080992045187E-4 1.4671169426180682E-5 9.749420631253349E-5 0.025217019602882328 0.48961538402171045 0.930407964433538 0.04441313295450231 0.09412301375890293 0.2588491844514501 
1.6481506981881038E-6 9.051466642716196E-7 2.6598049863251556E-7 1.4139506805890235E-6 0.0032412140195227507 0.5616194170488715 1.0260356138113005 0.006083748793728057 0.02855769422673079 0.12670799414564746 
1.6090910119134527E-4 3.0220093438846366E-4 2.8140020645774605E-5 9.491650101330389E-4 0.49693141239458805 0.9577610329333935 0.6450104525712629 0.009885998070324371 0.062487487876840574 0.17253290219082534 
0.0032927514674473955 0.0026230938424275396 0.0013795552984809131 0.0019602616685680902 0.2739906917086476 0.8004805458677328 0.8117047497395709 0.2229794931789125 0.04199916987432184 0.2644523313986926 
0.0012808205516475488 0.0014448171841864512 4.184244011964647E-5 0.001944424705337769 0.38118100085335627 1.4583887824595105 0.6157974578803581 0.08412564289083606 0.11385993955685211 0.27569003029321665 
1.8842718595711344E-4 1.8319740741589582E-4 2.679698934099547E-5 6.58079284470315E-5 0.041411893295923936 0.3417506829426618 1.0197807537661205 0.004645666452444986 0.16424890719277319 0.29440725271482737 
