0.2224871190101414 0.0 0.0 0.0 0.0 0.0 0.0 23.20471403662212 
0.20765206956355975 0.0 0.0 0.0 0.0 0.0 0.0 23.20565837391552 
0.18875230975341317 0.0 0.0 0.0 0.0 0.0 0.0 23.207397193716076 
0.1877583852440683 0.0 0.0 0.0 0.0 0.0 0.0 23.207653576400862 
0.18385316723758827 0.0 0.0 0.0 0.0 0.0 0.0 23.21146515082361 
0.0 0.2528508059168111 0.0 0.0 0.0 0.0 0.0 23.20652411828688 
0.1028312411013168 0.24011511069022973 0.0 0.0 0.0 0.0 0.0 23.19321288231957 
0.18875230975341317 0.16494692658445764 0.0 0.0 0.0 0.0 0.0 23.187071389191445 
0.0930199928045905 0.0 0.0 0.0 0.0 0.0 0.0 23.220574405309666 
0.12402522828317508 0.0 0.0 0.0 0.0 0.0 0.0 23.216921949338303 
0.0 0.0 0.20355063100145543 0.0 0.0 0.0 0.0 23.218762573440774 
0.2224871190101414 0.0 0.23804160359026838 0.0 0.0 0.0 0.0 23.179423230811533 
0.0 1.0562692942528429E-7 0.20355063100145543 0.0 0.0 0.0 0.2226588396628859 23.18569181823252 
0.0 0.1225526047620118 0.09384663125877069 0.0 0.0 0.0 0.0 23.221415562682605 
0.18875230975341317 0.0 0.09405898334673068 0.0 0.0 0.0 0.0 23.2009159354637 
0.21405585799333693 0.2561171009422303 0.16199858300575798 0.0 0.076365351098584 0.08478990776792372 0.0 23.145327393761345 
0.21405585799333693 0.2561171009422303 0.16199858300575798 0.11367398676011753 0.0 0.08478990776792372 0.21642163249197033 23.135819944296188 
0.21405585799333693 0.0 0.16199858300575798 0.05159339166485921 0.07090297890997377 0.003993002777553656 0.21642163249197033 23.15101652558276 
0.21405585799333693 0.2561171009422303 0.16199858300575798 0.11367398676011753 0.076365351098584 0.08478990776792372 0.21642163249197033 23.105240759217367 
1.717533529621562E-5 0.0 0.0 0.049961560782866954 0.0 3.7810897790713227E-4 0.0 23.226960988304587 
0.10733236944232694 0.0 0.0 0.23102520271520532 0.0 0.128031594278891 0.22552356736779267 23.15355845418052 
0.05246642367082188 0.17025303967991867 0.0 0.24611474447842951 0.0 0.0 0.0 23.187739740924716 
0.04115039151782618 0.0 0.0 0.06013517891499731 0.0 0.0 0.0 23.224117169174903 
0.0 0.2561171009422303 0.0 0.22734797352023328 0.0 0.0 0.2255184232306604 23.15620375990042 
0.0551654888297044 0.0 0.0 0.0 0.0 0.0 0.0 23.225226162993152 
0.0 0.24850320510340396 0.0 0.0 0.0 0.0 0.0 23.207535993837233 
0.09889321673830587 0.17083507413464183 0.0 0.0 0.0 0.0 0.0 23.200984671973224 
0.0 0.0 0.0 0.0 0.076365351098584 0.0 0.0 23.228944293021538 
0.22019728855012488 0.2515412853202328 0.16199858300575798 0.11367398676011753 0.076365351098584 0.08478990776792372 0.21642163249197033 23.105908752031276 
0.0752484966864646 0.17083507413464183 0.0 0.0 0.09626983977619119 0.0 0.006757561509495247 23.193274869181092 
0.0752484966864646 0.17197267643855518 0.0 0.1114139052365104 0.076365351098584 0.0 0.0 23.184025693976466 
0.1877583852440683 0.0 0.0 0.0 0.076365351098584 0.0 0.0 23.200171242806356 
1.858768167295466E-5 0.2446990389019188 0.0019758124277515776 2.1770718982594417E-4 0.09626983977619119 0.0 0.2226588396628859 23.172292960822887 
0.008371270288892063 0.24919252541617354 0.003327456216505098 0.1620640903485686 0.076365351098584 0.1712896102088628 0.0 23.195616474238754 
0.11061406232613713 0.2561171009422303 0.0 0.11408585819624228 0.076365351098584 0.08478990776792372 0.2255184232306604 23.138901978474028 
0.21405585799333693 0.2561171009422303 0.0 0.11367398676011753 0.076365351098584 0.0 0.21642163249197033 23.135596327746313 
0.008371270288892063 0.0 0.003327456216505098 0.1620640903485686 0.076365351098584 0.17070879237185466 0.22650430750407757 23.17838309325186 
0.0 0.0 0.0 0.0 0.0 0.05671902565070397 0.0 23.22828726820817 
0.18875230975341317 0.0 0.0 0.0 0.0 0.17678577257385797 0.0 23.186128063400417 
0.0752484966864646 0.0 0.0 0.0 0.0 0.0 0.0 23.223472857849742 
1.717533529621562E-5 0.24275778039221052 0.0 0.0 0.0 0.0 0.0 23.204691466376694 
0.18385316723758827 0.17141119377905767 0.0 0.0 0.0 0.0 0.0 23.19063158181492 
0.08295622926744706 0.0 0.0 0.0 0.0 0.0 0.0 23.22287040122402 
0.0752484966864646 0.16875789398484642 0.0 0.0 0.0 0.0 0.0 23.204829900752046 
0.1028312411013168 0.0 0.0 0.0 0.0 0.0 0.0 23.219298348746864 
0.09886767012832642 0.0 0.0 0.0 0.0 0.0 0.0 23.22022872241016 
0.0 1.0906553526979224E-7 0.0 0.0 0.0 0.0 0.2226588396628859 23.21164403606658 
0.1028312411013168 0.0 0.0 0.0 0.0 0.0 0.2226588396628859 23.19720481174391 
0.0551654888297044 0.0 0.0 0.0 0.0 0.08216967931842412 0.2255184232306604 23.19220652501117 
0.0 0.08541753706732003 0.0 0.0 0.0 0.0 0.0651378547230621 23.220334846729923 
0.0 0.0 0.0 0.0 0.0 0.18144605681422732 0.22552356736779267 23.206256161518347 
0.0551654888297044 0.0 0.0 0.0 0.0 0.0 0.045518333242943854 23.22149320280198 
0.1299271861062703 0.17104362596821865 0.0 0.0 0.0 0.1652132546174272 7.320940898125627E-4 23.18861017055619 
1.717533529621562E-5 0.1225526047620118 0.0 0.0 0.0 0.05236717338458874 0.0 23.215741308580164 
0.1977520828060193 0.12413411351252002 0.0 0.0 0.0 0.0 0.0 23.19776596629314 
0.0752484966864646 0.17083507413464183 0.0 0.0 0.0 0.0 0.0 23.204751809178997 
0.0 0.0 0.0 0.0 0.0 0.0 0.0 23.23080793074204 
2.893655852052035E-4 0.0 0.0 0.0 0.0 0.0 0.0 23.230320266702854 
