796.5504763226971 0.012854729746768092 3.5299374317057355 0.029147465771257083 4.988520446712294 
7.641400352301484 0.044530500722185624 9.677483400372713 0.051201779836278744 4.943852674713563 
10.183834198621346 0.04710023110383951 3.661108566898721 0.042811088228081634 4.959406756708874 
7.635087610788126 0.062390332204688294 3.8197567278649505 0.05461141113830726 4.941172792277822 
7.844465651589981 0.022019988329702693 7.455292434911295 0.0542067171793706 4.94092926928961 
4.975839014921606 0.020838440690645693 4.700004652536107 0.024624542479129388 4.983982381048519 
7.590497316891457 0.04219420720613983 3.7093670437924287 0.12181036439297781 4.879321538047598 
4.6401924351167345 0.013641636567752484 3.6412090852292858 0.04160276939007754 4.9615970627217445 
4.341105985273836 0.013782781546448668 5.070505334422029 0.03131391896667657 4.970364176221813 
3.9663793217713086 0.013445481786932039 4.887518643644461 0.043269745742880776 4.95117084795703 
31.505918021172413 0.025036134425971586 184.82620475372957 0.11385288360680049 4.84173002272572 
4.94758414367144 0.044067364832321945 3.5629062651204695 0.13770554127399237 4.795505878318233 
7.54893837042353 0.03343559241455184 17.794993779128248 0.3544540841362016 4.733054141021036 
4.631120038472456 0.013285647086111657 3.844725950062582 0.15532617810077218 4.823029297814725 
3.5987008005514065 0.025205877825242078 3.460273237280886 0.024784589931738665 4.992389101168667 
5.02770300198568 0.13558271172716538 3.840309968070298 0.029647154089834347 4.975967835203585 
5.330912373949897 0.013204198336847005 16.446772624188792 0.0931948281143134 4.8807083517150645 
3.5900702689421746 0.023042597222617853 4.744853867500427 0.02247320360030924 4.988649132451928 
5.635397656150247 0.26763477898278043 3.5468628257666834 0.1362533636095868 4.84265103438127 
5.004032586072265 8.490222254677677 3.685708659247639 0.04065729241031177 4.962665905671688 
4.187685650237032 1.364037570303194 7.855178638837893 0.08586433267535508 4.893287821818197 
23.693606464129232 4.8316593710263644 3.5429905046752035 0.02765452304703769 4.984591309860206 
4.202647901738029 0.5822852466545838 3.6020186178086298 0.05608866639894763 4.941824447967809 
3.371514119586109 0.3339063872349237 3.6115489271168264 0.04009813066575973 4.963968633676647 
4.82966504714043 0.4114998566477531 3.82085385826213 0.0288686870175945 4.98898316201564 
3.40281035362382 1.3908920497582968 16.470510725108088 0.11361824779092894 4.894801855687742 
3.379741673879945 1.4286944559306414 3.4802945099673255 0.2050250075867056 4.7934930218003124 
7.2781924129007685 0.8741025041828984 3.824282089240372 0.13403128875673043 4.843153724747245 
3.383809546403138 0.5410054879131334 11.701400444088192 0.03307764142689673 4.977649989392935 
3.4298217974282577 0.2017829979602921 3.541598244455121 0.030778612066924588 4.97849432863775 
3.4393768394279673 0.44631373637123134 3.589768479935749 0.09542031398634385 4.880261990382466 
4.974564865075101 0.22956459819564784 4.680581017023839 0.023612897022575803 4.983769548025583 
3.5306235954131875 0.8987575336501433 21.98650047294551 0.10445818267452302 4.875662267275004 
3.3824073621211648 0.162908832019925 4.523206857342853 0.04403102734984041 4.95936374130101 
3.397370197276887 0.1334669911752018 3.7505053299437594 0.030665050888979625 4.975680696237277 
3.511413290435134 0.03923481075923025 24.395810054310434 0.03736757213592746 4.9762183108455975 
3.6831417372365456 0.028454449827619455 659.8447810050315 1.8202127490025053 4.698896344743868 
3.5231446418099677 0.012021912520444367 22.038263794572867 0.09433985236488662 4.887365708531188 
4.25772155830882 0.013148088297181991 16.31043624048736 0.1113147044765415 4.85346690266835 
3.434134742906957 0.0687632607342022 16.301240246990698 0.09202063193065065 4.881756167736333 
3.4315879008210786 0.4784339467310481 60.879144535189454 0.02672726421808453 4.977032933152218 
3.4061185268559693 0.019623874847910786 14.446267403469191 0.13027051480838162 4.8249634568581 
3.434487623622242 0.4792598340976553 45.97171906227934 0.043715025330448395 4.951391440435992 
4.429181273792754 0.11260715401326739 15.930411460810646 0.12567135211187208 4.8557268119566785 
3.4202923196243176 0.18685358668547367 18.822779163742975 0.10196872282854894 4.896817634962204 
3.5228173064363166 0.09777249340563163 10.129270311964039 0.18423767576815892 4.731275854716438 
3.4430555067694226 5.727669116390879 221.40295739429604 0.06219949212309813 4.9169249916539695 
3.34940574811408 0.18044418593412553 6.613187260923557 0.04134489766254073 4.975398612641051 
3.4022373993573094 0.13067426745100175 4.7800299763124245 0.027088560603732437 4.974850969670055 
3.3961430901698066 0.07358487143853937 4.4477355747206175 0.12784245688594087 4.84200922970814 
3.3859922234322597 0.1631846409371834 4.533864002343622 0.056498599485970996 4.943895831102315 
3.3605271242779464 0.10401092764272428 3.5852730683587013 0.07935241414082532 4.90549486957001 
3.4160703831582384 0.17529150440132313 4.762148517538995 0.14672386063834925 4.80065295112061 
3.419446884829737 0.10613887574334652 3.574684580327755 0.15602311982656555 4.778332382812077 
3.3671542749784704 0.01388691310128227 3.4839048563012476 14.382726148942695 4.786109534151009 
3.4292690033081343 0.015167679710925645 3.614334349058095 0.1650849199853548 4.75173822514266 
3.6922985911969097 0.013225907570650208 3.9864591730224177 0.16832206548615797 4.807152617415098 
3.4042129655722024 0.044789635276019736 3.6374899709333914 0.30605266800700126 4.644440523288133 
4.948062066571047 0.0440121311964128 36.01059486536473 1.9860032670663992 4.744748584691704 
3.4245349654173864 0.012331747473141783 4.196215196787024 0.15444192091212078 4.826974408466862 
3.4310756655684873 0.019007103899922387 3.7889130121820567 0.1363426173878366 4.823656037162556 
3.3874846556186027 0.017784839320922962 5.875542327389266 0.17317933964701998 4.773377033018825 
3.4313318018306993 0.01855391778469576 4.450052109036789 0.1348152066186013 4.828008554904348 
3.4077034199516794 0.04573977476207529 3.733396267959866 0.23650759944409594 4.703738625438386 
3.4606424649770475 0.013342035621718491 3.8692503467188963 0.12290014286636508 4.865219740969579 
3.3757006967760774 0.0490792528190526 4.777497115747184 0.2376187909839464 4.732277441994256 
3.472619298363501 0.04847232445090863 6.863996676573207 0.22980729919660817 4.705013225880939 
3.5098155339878767 0.0455935179184372 3.642150147212794 0.1631569463166969 4.765279999873531 
3.4915792244621353 0.0467875567702677 6.867676802604787 0.20049240925705702 4.732167571653617 
3.699919549880919 0.030108522274670986 140.90472878689638 4.121365877770558 4.687434158778826 
3.6573783796727235 0.06737571109342225 5.5028793627002655 0.21231796959076168 4.711777891432742 
4.25064179868495 0.06897608048131719 9.985640658791528 0.20806660306193245 4.713326057392235 
3.5525127815288724 0.458228107776238 3.5369817329180786 0.9800794567607864 4.799992684898286 
3.4176898709668397 0.08605212630182316 7.822106991099708 0.197295138257559 4.763893230054222 
3.390277617838684 0.014959490728310541 3.544133267460564 0.034124901852968015 94.81572519872833 
3.391867128159041 0.01397962924615622 4.604356886795192 0.024966910429402966 4.977560878883817 
3.498452150799288 0.016453336501561257 6.004198899806725 0.038489644317435116 4.964730121649864 
3.3877009225058927 0.009409277201992024 3.622152030808986 0.054502127170208706 4.965273442352373 
3.6248524524039447 0.03727536318624469 4.517274181109675 0.031065015523641864 4.976868058116908 
3.382062596451374 0.038787176143877215 3.5148253474651225 0.05281414821960049 4.952650411200784 
3.6902251990765658 0.009972997736705007 8.045733363119886 0.054389249987345636 4.965277331243652 
3.713018393658742 0.04098846342604356 5.295543056480316 0.05450723074275258 4.9446218778835 
3.3818803320888926 0.011989708823556293 5.047815051407226 0.05992361443912303 4.940677716746876 
3.704186210929368 0.03977124361439991 7.91145602762869 0.03034336350935584 4.976644637039777 
3.5115412930891097 0.03946955659832509 3.51309223997281 0.04105557054386705 4.970896873887577 
3.368667309591641 0.03943809571043546 3.5003515298098073 0.07334709517216767 4.92026315142967 
3.3637421335477318 0.014997531111414917 20.857536208558756 0.029324766762631724 5.277145268575188 
3.3761533674823108 0.019696481274869726 3.476996619311175 0.07341225540284244 4.913774271975542 
3.690414350426427 0.012444301594770332 7.955654256054458 0.0895263729913118 4.91889626253895 
3.818529769607903 0.033766646570158765 3.4998534560743666 0.09109279215296628 4.89928003918201 
3.5831105005849913 0.07303774880390593 4.800488717996821 0.023953886767754645 4.982275118081981 
3.7646721375955208 0.01632783914021063 5.213190496254973 0.09792852512723961 4.8771575632913695 
3.951046287773524 0.09679852001625648 3.8630670934225555 0.044944480102147015 4.951882054869095 
3.3590379451697157 0.07817867047811804 7.498070678319312 0.07698405959641572 4.906262381483739 
