4.531032998816876 7.23246195497362 5.4943395230506775 5.684878186489637 2.328649127394213 
0.4768815208194232 8.316026884919294 7.7464227892567 7.297512795149089 5.825109754322144 
0.348565810863859 7.776516963791148 6.565447689922337 7.2554477446316215 7.294959556930873 
0.409538962545246 5.996985112177124 7.360247393160393 7.819132373523111 8.33159000396309 
0.2968111431045016 7.927623324084557 7.556461748488498 7.15920432793554 6.711937978224466 
0.3205872480362095 6.267465915943554 7.939133977111061 8.028658690680174 7.386964437375125 
0.28022549001459734 8.22492728788781 7.4672415145897855 8.261010598672291 6.432814843862325 
0.2704835207943254 7.052747249787012 8.263357528157126 7.98935845337299 6.712599167092988 
0.2569923296803632 7.753666045000205 8.16199892511352 7.04549466182508 6.605332245031473 
0.28550712354642677 7.5832844110441195 6.778858192613673 7.155537162063428 8.059080174152323 
0.29369919147151075 8.146997868205574 7.9764604558681675 6.226651993365234 7.9096570098256995 
0.25836630530719124 7.036651881518908 7.919818110757437 7.170812456558522 7.282250505903714 
0.24527665121536105 8.136328196407991 8.136291466674606 7.729994361875805 6.394504481876423 
0.24540142750186586 7.7809709020970805 7.138000243374425 7.266366550503657 7.305937824578851 
0.27429733478283763 6.245988156942832 8.162362856839543 7.784439783748319 8.294718691074461 
0.22513634109862657 7.545618374263852 7.592972046255345 8.29765251470651 6.677964282160959 
0.21166876467201376 8.083895194917107 7.446678549646673 6.706451383961085 7.560447763442883 
0.2347431200229988 8.209259436450417 8.138359345092663 6.552462319814861 7.1850394867635075 
0.1964570756651886 7.931164387839762 8.152602460096274 7.473255470210532 6.597990428146458 
0.19000321941575204 7.75782528310181 7.883579106806776 7.090173529212987 7.287801786539214 
0.09080067779947185 8.133937515090773 8.156565220114839 8.228518371562387 7.099041482154426 
0.10301484206887195 8.135191865444463 7.8317070683702505 8.230244014014023 7.099919312437099 
0.09847145613864884 7.525344007658015 8.214272487628126 8.227528481395066 7.336086909039814 
0.11209792223938753 7.5526812149589455 7.91658726440549 8.213084425950738 7.2858952112646875 
0.13181602803232667 7.548892673906293 7.592440444077737 8.31084999238705 7.27309290539448 
0.1397645238788229 7.203070243422949 8.104323742280977 8.421967059960139 7.807276993088601 
0.15473861949767062 8.166778245865531 7.299441968010587 8.25190697644552 7.127639943645924 
0.11486425410136912 7.902164021934112 7.88040484175035 7.657656961631749 7.291796999903296 
0.12439602738894459 7.755424822549089 7.882228946868931 7.6595234887042665 7.2898590769181535 
0.13889787877915022 8.145640314082234 7.279268475692991 7.806440906751869 7.342787321086326 
0.17907666437571118 7.014129052199151 7.9046916253056585 8.200729223442227 7.271977024281052 
0.1587197396598418 8.140338133843038 8.274195800400275 7.868189051803591 6.7613181034111145 
0.16932230617195382 8.152417849577644 7.2886047298396965 7.814220224405456 7.115864249094757 
0.11898128250938689 8.055588772497218 8.188691572771997 7.1701024614287086 7.322752143667219 
0.15318694573026445 8.032980793603928 7.884411411705351 7.250210355856506 7.28969364631541 
0.1377430110660805 7.9048872517911075 7.52412324881863 7.119939864372734 8.325956390806262 
0.13375536152048192 8.052598435730742 8.185403313563441 7.1690940983222635 7.19291066195238 
0.18757928921185885 7.789409917727198 7.14530957836447 7.438892099946806 7.738792804932339 
0.16766648238808576 7.754166839920664 7.880231039167196 7.24636624135197 7.285828597481786 
0.15469611923700693 8.312674059258494 7.706951322485363 7.150637583702376 7.418534878908006 
0.0296200026734824 7.869753867108625 8.199986853485019 7.822532453991523 8.332954981997853 
0.015916058833397227 8.336454307194574 8.258312842366202 7.82819699796943 8.337051190997006 
0.05795411633180839 7.900035548409221 7.608690901548681 7.818360169473892 8.328510454696497 
0.015032574942166163 8.168965883616023 8.160391105493204 8.3264173099768 7.881811314378557 
0.049031110908244226 7.996567597630776 8.018926350804758 7.404170264617997 7.742018799785658 
0.04512168698087877 7.8958821713951215 7.9104990387375125 8.322161903073878 7.696088899233698 
0.05992081141768703 7.985828196121833 7.748099830731652 7.419903005515684 7.758469417673809 
0.05557718682109597 8.058491185310952 7.902417767769043 7.86597711042629 7.7231419323846335 
0.06080771017528193 8.104966850415275 8.18843720192708 7.649542040768777 7.617671246334939 
0.06154284961635562 7.548984554696534 8.190263831615287 8.224796755872944 7.694906234788782 
0.05080126670248891 8.029605916717179 8.162403807067419 8.195497654363919 7.300239432312311 
0.08285615453577222 7.534231442184175 8.225333989726987 7.48400490800917 8.326906207751506 
0.07016219878362731 7.547933725720438 7.907334931589941 8.318833135592609 7.693010553635631 
0.07378831753102719 8.109174993366521 7.843372339558141 7.653194681998912 7.62130866932362 
0.07112564148433957 7.995056050080377 7.688172190837262 8.159806867042843 7.207912944776509 
0.07597041722580157 7.557782067070544 8.225641388744577 7.855149382314765 7.7125108207202295 
0.07396960985437792 8.431092664159161 8.352013781716304 8.071819051369449 7.3791959162078555 
0.08324397037821017 8.217009112157509 8.14469316611741 7.476181872593699 7.318650179033281 
0.0862567751758984 7.891584903105206 7.707230865376643 8.244354495662622 7.402934787360338 
0.08689877941711222 7.549601099445893 8.189327850780593 8.19547890267451 7.4219045038583 
