1.0086619661856218 0.0 0.0 0.0 0.0 0.0 0.0 0.0 
0.9991576191157473 0.0 0.0 0.0 0.0 0.0 0.0 0.1627169095372885 
0.9981826342541464 0.0 0.0 0.0 0.0 0.0 0.0 0.16353971880441434 
0.9965520174955086 0.0 0.0 0.0 0.0 0.0 0.0 0.16357422644866065 
6.122611818834586E-17 1.710691071771309 0.0 0.0 0.0 0.0 0.0 0.1648698512384384 
6.19799714893235E-17 1.4795489376195927 0.0 0.0 0.0 0.0 0.0 0.1808852539874473 
0.9208168943214652 0.0 0.0 0.0 0.0 0.0 0.0 0.4695992248535522 
7.349280017694505E-17 0.0 68.17705144049958 0.0 0.0 0.0 0.0 0.0 
4.082846603460789E-33 6.282773131314954E-17 75.31458169601181 0.0 0.0 0.0 0.0 0.31607579810019243 
0.7308185245283783 0.0 57.85613117126617 0.0 0.0 0.0 0.0 0.2051726663861079 
6.601314202185763E-17 1.0280114515485943 0.0 0.0 0.0 0.0 0.0 0.0 
0.9891650330932374 0.0 0.0 0.0 0.0 0.0 0.0 0.16634135624493288 
0.9960285220309124 0.0 0.0 0.0 0.0 0.0 0.0 0.16365996620536402 
0.7079003570397018 0.7659648250531805 0.0 0.0 0.0 0.0 0.0 0.0 
3.892043043703169E-33 1.2633423853333597E-16 71.65803482745486 0.02806282140235611 0.0 0.0 0.0 4.562224373133281E-4 
0.006140290014109134 0.0 62.42787477551959 0.0 0.0 0.0 0.0 0.5987445077545205 
4.6266073767823347E-17 0.7640682030057714 52.38018770481874 0.0 0.0 0.0 0.0 0.0 
4.4358637737059537E-17 0.6796507127317255 58.97711825739368 0.0 0.0 0.0 0.0 0.0 
0.7309974488730007 0.7355286989420955 0.0 0.0 0.0 0.0 0.0 0.0 
6.162373715093144E-17 0.9843496899696496 16.606496112155362 0.0 0.0 0.0 0.0 0.0 
0.5629872368158096 0.0 59.24478651889229 0.0 0.0 0.0 0.0 0.0 
0.7753365037775475 0.0 0.4729287265259597 0.0 12.61397955086135 0.0 0.0 0.3579236956453022 
0.10114417329652503 1.0080294771113636 0.0 0.0 0.0 0.0 0.0 0.0 
6.620415528250729E-17 1.0169894119717902 0.0 0.0 0.0 0.0 0.0 0.3064551504634756 
6.091774206574246E-17 1.9954250260983393 0.0 0.0 0.0 0.0 1.4111418405114409 0.166942305897337 
6.124603716654818E-17 1.7148062294223754 0.0 0.0 0.0 0.0 0.0 0.1648538697446082 
6.163038370080093E-17 1.7079606190173706 0.0 0.0 0.0 0.0 0.0 0.16513531029573916 
6.245434951524384E-17 1.0283905472636696 0.0 0.0 0.0 0.0 0.0 0.0 
6.10136247921806E-17 0.9833358308313167 0.0 0.0 0.0 3.1581397262423256 0.0 0.0 
6.392934191452846E-17 0.0 65.72760043328469 0.0 0.0 2.6438647662059465 0.0 0.0 
0.42294365353587815 0.0 0.0 0.0 0.0 1.0679947802456 0.0 0.9163219025130521 
2.6915574046978503E-17 0.43526627516170185 0.0 22.12464324026843 0.0 0.0 0.0 0.0 
1.6149017464839215E-33 4.9946275331524535E-17 29.056914845522925 19.801850785758173 0.0 0.0 0.0 0.0 
4.50847831977738E-18 0.13607262042680884 11.96318849942505 7.627275712573187 0.0 0.0 0.0 0.9467774622039513 
7.061251641656265E-18 0.18364075776129932 58.686212791967776 7.20736713359864 0.0 0.0 0.0 0.0 
4.5855016972315325E-33 1.4743914866137063E-16 68.84722711311233 0.0 0.0 0.0 0.0 0.0 
1.751925125750162E-32 5.479319004403287E-16 3.293877001155782E-15 0.0 0.0 0.0 41.484645946266774 0.0 
1.4361281008841037E-33 1.0089425389263983E-16 19.05888788554229 5.531225847149618 0.0 0.0 16.677229324668655 1.1807008510804902 
0.38009873968442404 0.0 7.697894809974529 0.0 0.0 0.0 39.45156157867647 0.8054160348834883 
3.4212518766738754E-20 0.0 0.017006095600015734 0.0 0.0 0.0 24.062360869306815 1.052583572721874 
0.5559324981842261 0.0 0.0 0.0 0.0 0.0 39.95224825641398 0.005621696554641546 
1.731208511332416E-36 1.61937504350974E-19 0.01506531747035599 0.0 0.0 0.0 20.913140931392693 1.698688053193135 
6.084643081879052E-17 0.0 46.13541478543981 0.0 0.0 0.0 31.360010509827912 0.0 
1.642572821100112E-33 1.1666082441037361E-16 23.35206983204241 0.0 0.0 0.0 15.871193168752702 1.0761666659477331 
6.632097735913319E-20 0.001459072493254881 0.0 0.0 0.0 0.0 29.63963072836456 3.9243724979873975 
0.007481529290562915 1.003358080175221 0.0 0.0 0.0 0.0 1.337081386858926 0.3097793187378729 
2.9259991137351197E-18 7.837815354123519E-17 0.0 0.0 0.0 0.0 0.0 1.080076252004826 
2.2325207443991277E-17 0.5804881193182307 1.7677453153586774E-4 0.0 0.0 0.0 0.0 0.9535539510979091 
0.365915493280144 0.0 1.7625769560533795E-4 0.0 0.0 0.0 0.0 0.9514365322641183 
2.789831268980884E-17 0.7653028513840082 0.25085526457438984 0.0 0.0 0.0 0.0 0.9348054649622543 
0.016903156684790047 0.0 25.380664457209644 0.0 0.0 0.0 0.0 1.0004700838699858 
4.2898998600039563E-17 1.1781573606997968 0.0 0.0 0.0 0.0 0.0 0.749130855882932 
2.798478944777693E-17 0.0 31.53043124479879 0.0 0.0 0.0 0.0 0.920374579976226 
0.6925863120963996 0.0 0.4092808939944541 0.0 0.0 0.0 0.0 0.8648926475470824 
2.771322601043495E-33 8.721655440970074E-17 46.62202395575691 0.0 0.0 0.0 0.0 0.8326848876477179 
6.726543380056834E-17 1.0196170661159272 0.0 0.0 0.0 0.0 0.0 0.30423009140335433 
0.5160620964832968 0.0 33.96899299412505 0.0 0.0 0.0 0.0 0.8244449358800005 
0.8672732103551694 0.0 0.0 0.0 0.0 0.0 0.0 0.5483873503320951 
