369.8702223161047 0.00385624493875388 7.7433542105402005 0.0018033814125338013 1.4366631731464314 
355.91867427784643 0.020804038827650886 3.500755153749032 0.0684060667018647 1.697953105917476 
47.293782936152375 0.0019811467296889473 2.2577444990030338 0.013474128307217293 1.8376402268228236 
3.2077785069966507 2.581667522464618E-4 0.3900046102161072 4.304314778766817E-5 1.9712725084860256 
2.1733270748556075 1.222504439199175E-4 0.4808883325310259 7.144031992315864E-5 1.9816004249798012 
5.4099669229310425 3.726846803222099E-4 0.1119691038320512 0.00223067944152921 1.9969383267051093 
35.75123624442159 0.0038137667499422213 7.7170033923499854 8.738469685703158E-8 1.918331242677124 
0.4820430271088889 2.6774403892347923E-5 0.0900030316755496 1.5216354945915806E-9 2.003635989289438 
5.73413736170386 4.688482274912541E-4 2.3288416525796642 2.5276554155904764E-8 1.9781425278433151 
41.04320279699112 0.006747241301992304 0.5243271156321647 1.0176992378855846E-4 1.9673745962775113 
43.80630429124475 0.006948440655234576 8.14619917364696 9.172829815513132E-4 1.4564305228401921 
469.66146535178547 0.07054304813624607 41.51072678185514 0.22403530677704286 1.337652258606479 
64.09245206915905 0.002204494685284583 2.690266033966529 0.0689626250531723 1.703214807750378 
1.2172008614063912 1.861570048673052E-4 0.36408924963268197 5.2709029608013645E-5 1.9776455616434465 
0.08371706115073167 0.004970953630194056 1.3416232517139364 5.6069834537545895E-5 1.9306362917420714 
34.45076515901794 0.015788268016899226 2.80633151908306 0.004206446121949857 1.8855786036188886 
143.43748302521817 0.06897720308679722 4.932864175290513 0.13700887310524387 1.6665181850711315 
0.006862136372539588 1.3183960213329965E-4 0.3140303734133856 8.824974180815078E-5 1.9930689489353406 
0.791472012384632 4.4403912273218864E-4 1.063904120342256 2.132616262812842E-5 1.9161509286501386 
1.5336958540913195 5.122008287893246E-4 0.8758533379012262 4.918970243212956E-5 1.9662454692109381 
0.0015985135843022851 5.2156269773045686E-5 0.02658242776026571 2.0352434032895634E-5 2.0002324425838114 
0.7903652193604053 4.671093635154032E-4 1.656699921419921 0.0012127892661243785 1.9080466343728084 
0.09289331263846397 2.4056254434120006E-4 0.9574644919914161 5.365284672488441E-6 1.99567983103794 
0.016914737834452843 6.290138172738295E-5 0.19608097991961382 7.613858558767851E-5 1.9969885452609086 
0.08692904659948784 1.1599634904969666E-4 0.4350544966726696 3.228505138996548E-4 1.9850231315629236 
0.8962339231141099 1.9118784700997843E-4 0.7627809038110217 2.6309859872726457E-4 1.9548854641981182 
13.574766147967614 0.0021072582461098216 5.4843187831237685 0.004797728403501154 1.8929005854722787 
0.0026221230658383028 4.81144213978914E-5 0.25216050292464204 1.0683186139757504E-4 1.993847544144889 
0.5052060834529032 3.071623007992049E-4 1.6171785033850468 4.1837801795559937E-4 1.9447619161035397 
0.8420778948711716 1.3199019549765622E-4 0.3680377311538086 5.215531591119045E-5 1.9779024010306847 
0.09325767097104562 7.84654729254122E-6 539.1073164976308 4.3054160831488246E-4 0.8415283125433799 
1.8960000174700777 8.006776265023213E-5 8.851432356994872 4.247988364381904E-7 1.9576150289873564 
0.011598186742924108 1.4827950517863012E-4 2.4524419729096305 5.77763497996366E-4 1.9344139731794585 
0.03072321828484693 1.1772494709068316E-6 0.6738510561420834 3.887882323974956E-5 1.9839865292413295 
0.014679687401039431 3.405604604968428E-5 0.7909096500906729 1.3933159999909533E-5 1.9899200731821076 
0.013350757281304807 2.0358028369051622E-5 0.9690434982916479 4.653661578286619E-4 1.9557369797807518 
0.20110368382819827 1.9856322671788947E-5 0.5678448063811282 3.1258059014264325E-5 1.9726292087831498 
0.11292472217257281 4.374552002517475E-5 0.4503674599481119 2.0454072167157305E-5 1.9943242423677576 
1.6180679015617307 1.9989995733478964E-4 2.597993017763014 3.1263011261951484E-4 1.9543996010858975 
0.003739172872274946 1.4346417644185686E-6 0.33341252303445923 2.669415936985216E-7 1.9977396505317837 
0.013541054392386852 9.573689302811932E-6 0.33402195566782017 1.2608032036003642E-4 1.9917852174197772 
0.7790278381662883 1.4332494332463755E-4 1.0806451738395493 9.892698790927861E-9 1.9946779098099372 
4.584845982020482 2.6612214218638044E-4 4.35756696881556 5.044676184564784E-4 1.9340615451448064 
0.4152981661759738 1.9165610145891073E-5 0.42955368083828893 5.3253615844882306E-5 1.9838168175533077 
0.5522199634434029 5.9674475425075005E-5 0.5511764680340198 2.9271510942788834E-6 1.9915378012772624 
0.05804358603821488 3.1500767729334234E-5 0.23721876559453975 2.123207721813906E-5 1.9915294371489265 
0.5061239729988107 4.7213832740721726E-5 0.4242925581745649 2.2657455816794275E-4 1.9868369451185 
9.464186270446053 2.633290542348188E-4 6.496338751173587 0.0024125677366104233 1.6119752498973086 
1.4567433547704107 1.1647385778086035E-4 1.0376377902774547 8.278654683314998E-9 1.996537493348621 
0.031022920317606152 3.1487068511715403E-6 0.0014836017379013032 1.0299314026851671 0.9040137646441554 
0.00841395709705638 2.2040577590363622E-4 0.18227976301759985 0.003359211801859868 1.989747130727337 
0.09093149886232746 3.7727682727370094E-5 0.1973950662342356 0.001380237301743763 1.9947546176847977 
0.8227907550523009 5.98673877754628E-4 0.3150842103697658 0.004233742631742244 1.9888223422436193 
0.09201323511912667 2.908092386757171E-4 1.6087918122258493 0.0037801694515151116 1.9245706486973193 
5.528301987748043 7.520502688057422E-4 6.336227696254813 0.015896617907310538 1.8065224437934795 
0.18057749374469695 0.0021009626755230126 5.541149112872768 0.013194655807650562 1.8614232206244312 
24.781702601342747 0.004093970553932739 3.387002442191873 0.03475325459626561 1.705680315098239 
0.4974361502795555 2.9921287360711187E-4 1.0291815912262754 0.0017863217138589847 1.944771071696808 
0.04089626980901922 6.704013723483075E-5 0.36925280085486706 4.711894461057881E-4 1.9857770143993092 
0.03542865657915557 5.893686755392727E-5 11.412658427063631 0.020768233920365493 1.9032964788561262 
244.01083589332558 0.07484874968779535 139.84103803596525 0.3264792795272618 1.140850060909493 
0.9379961871133499 9.424957864256335E-5 0.4896756785339559 7.548189675034566E-4 1.9806106450936838 
7.129555495974869 0.004947138033529805 3.857784351755216 0.020195952673964897 1.9038645260840665 
0.7261708868506381 9.464605234330583E-5 1.231209764632271 8.341275031465245E-4 1.9448699758911634 
9.701993142283962E-8 1.5315215376482991E-10 9.905972678139778E-6 1.5662856475382925E-8 3440.0242500430077 
4.7384851791258816E-4 4.186325563854525E-7 0.016354307610652416 5.369746348885419E-9 2.0005277738871756 
0.0048048141133475095 3.963641553359151E-6 0.004063810416602733 2.352750454850446E-8 1.9984150447179134 
0.00802346694698235 3.996640485378786E-6 0.028223286871119812 2.9635749486966307E-10 2.007928423440571 
9.601335024324489E-5 7.968041880485958E-9 0.040372912218911115 5.343877402506226E-8 2.0080400009591832 
0.03945043959765478 2.9238235348490153E-6 0.027998754074450495 3.037633233362468E-10 2.008113910600998 
0.007682758723531692 4.444052716297607E-7 0.00976676990036108 8.109484136565887E-5 2.0089470068307613 
0.01574349342908715 9.880713401604632E-6 0.04028885797302529 0.0 2.006290097839269 
0.009780038056213164 7.785670492911844E-6 0.06109117364897462 9.114160024233807E-12 2.0105400199087877 
0.06354900723711979 4.294386792985661E-6 0.03228078973441351 8.868703204243228E-9 1.9992680659375808 
5.548733734953473E-6 2.3633111370854724E-8 0.0634610578696452 6.552587115643272E-6 2.0088437514748057 
3.0408132373892655E-4 3.8077791410834483E-7 0.0841170538722506 6.617552784684479E-5 2.003654498177868 
0.13266115781758336 9.9540768866782E-6 0.02580501401688386 2.0812848327086888E-8 1.9996880461478976 
0.14156487734814524 7.06509977697186E-6 0.006798565954520941 3.0264366084932927E-10 2.0037219070949046 
0.006729746227073071 5.033974568746681E-7 0.11003002259511499 3.62602531110643E-9 2.0005086202088522 
0.20413507399151795 6.4775479962075945E-6 0.0036327177783505014 1.2917456713271953E-9 2.0440420146931184 
0.00923257732625311 9.436676763898214E-6 0.15012993688364992 3.070398741111922E-5 1.9980565761069415 
0.22421589671869865 1.6746255655147306E-5 0.016119688342495594 5.333470890937113E-9 2.002879010880136 
0.25990451537779075 8.118917732968922E-6 0.00497322997082204 3.1283222563180653E-10 2.0477310894263385 
1.5048182433300528 1.0677120788075638E-4 0.8309853146118129 8.327010345236975E-9 1.9965788482168072 
