0.6219455506559638 0.06354784236276977 0.8087553730693825 0.5717598721827019 0.45079214629723113 0.4338192062460301 0.2148618185471434 1.339283084216205 
0.25243074179275 0.2432443486574415 0.15594460987357714 0.051605607456958504 0.19578671439578035 0.10851783602560512 0.03448883571543946 1.0431060983447562 
0.15001857239737995 0.4738614565709398 0.12551159598597544 0.09170943902548209 0.13171137476479683 0.9469129953738444 0.7424330397977915 0.050936593744099215 
0.18140818025150507 0.3396806838857274 0.04461188143396023 0.042955863607877225 0.020400335371384495 0.24577366012432225 0.04677876774745223 1.1625648519314693 
0.12755662660086683 0.2682055557913789 0.09063980109220932 0.06642748110234452 0.026799755577111936 0.3082391069991691 0.23052636252129385 1.0955922719531368 
0.036165457286161974 0.23977192974707848 0.047382989300239466 0.09828643172264528 0.04410378123046254 0.23034267101319758 0.2607400496592173 1.0269637193338639 
0.08636825894229379 0.24996158159439655 0.14025710130559185 0.053720343794227 0.1417044049928709 0.3059696000227132 0.9822673579455568 0.3370251182340951 
0.11664306237944785 0.17370010898539479 0.16610476902715052 0.02095358961708745 0.13102495029208625 0.03386852257954031 0.3323338912205863 0.9947228730704708 
0.10845633662255104 0.2254589950140525 0.20586711561379242 0.14110103286188128 0.10233212981919312 0.7692520355566588 0.04109359951175713 0.9187148478557251 
0.06684525533778717 0.2150045918560979 0.2756032300045983 0.08257893697538117 0.16446715145983584 0.05922151783792746 1.0215899058700697 0.34313895296263164 
0.18406309915518754 0.157272262886454 0.17300435621108456 0.07117499817801118 0.18285031112837236 0.06182746264353216 0.3942895188246197 0.9850413405841566 
0.05811487514394596 0.11054789553901755 0.139264391307923 0.009584798022081129 0.14395830341312177 0.31940252541440123 0.26854612244552856 1.0734062300491918 
0.06583271422489737 0.08287980319236739 0.09656033516077554 0.0545481820278269 0.08531903398689011 0.5485467414617519 0.2088927829396757 0.8698774599015375 
0.06529873386315388 0.10196868470435635 0.08875483262741135 0.08866372087587397 0.1508525997495865 0.3700122135082269 0.08440889956675536 1.090861335532449 
0.1218340699142784 0.020004757001455566 0.08935294465324077 0.05389909033759878 0.1402928153498154 0.036019352214377076 0.9627062101951639 0.378938952329793 
0.030816082409969595 0.21237297508531572 0.09693726803756814 0.08438099956285655 0.06692461780292958 0.882669597610287 0.5988850784702018 0.06817015597404719 
0.12029525009333364 0.037076038960818104 0.07652382047916967 0.014925018733636677 0.11301200056235311 0.7888179617293741 0.28139824089976445 0.766868061463919 
0.1176983550603354 0.07635572219953767 0.07786796976140972 0.09446899372234918 0.13746580231896677 0.5282941562488856 0.8854548029889506 0.4589996021574497 
0.08300736979969121 0.07609109289003707 0.06473089929343377 0.03714466945948736 0.0177030462507907 0.3085957603849533 0.5283916321703179 0.9287621594147843 
0.07592761850862692 0.1891643127266788 0.16281212776630463 0.14743823649619028 0.09919118504454599 0.8439348693138937 0.6659571221806215 0.07072140320077777 
0.07370320976311187 0.06651981675289764 0.10146911080099295 0.12441047350566421 0.054519155663878306 0.03155605929537635 0.12811660457707266 1.1249568682945805 
0.10086637588198817 0.17704862559565412 0.3196810133929903 0.11223018995076524 0.20317088862296548 0.5813353806299357 0.12277301111978352 0.9171955228192553 
0.058521509204949536 0.1484490353487293 0.1094120654043398 0.10089987894626695 0.12232146035229191 0.3461321510056605 0.04833677156511261 1.1189149168616708 
0.043114370854877467 0.15815178113731795 0.08601943882181863 0.04063032815259345 0.3857339866383546 0.4081658325462189 0.06284082039755923 1.0389154127253701 
0.02873251331865783 0.029212132959521183 0.02782644630731394 0.006839922136618212 0.01753408154757559 1.0474270041669285 0.02914503532833196 0.02166011686784802 
0.10376708429771624 0.08306740253078217 0.08804460445114409 0.01052802893597961 0.1964522831884798 1.0290956417915123 0.06878251083072648 0.06985970823524074 
0.07928195329331345 0.16300748670739654 0.08987024990796462 0.097484260246773 0.07419980100779558 1.0077425714875865 0.018900159217396947 0.10020055174701704 
0.08721895981591747 0.07676923684878477 0.02926692414733502 0.04499911111769209 0.1121109231519575 0.9703480511623016 0.027050230407929508 0.355019235686621 
0.09292739683306553 0.31152229539993503 0.1163050656078423 0.08263815396814901 0.08027705017117891 1.0137135506508572 0.03282778646783845 0.14565962236261043 
0.10639364999523906 0.27203453349992396 0.13655838133209489 0.12535062660104387 0.09768708911777013 1.0288935906759653 0.16659721859064852 0.06813157815243978 
0.00985406865648388 0.01523194477706787 0.012695294386961204 0.008599555595247598 0.01006210267876508 0.9009714828164644 0.004197833683388706 0.4593311205161368 
0.03149697769975503 0.40354471832800437 0.03091626346688631 0.21619747876035733 0.1765142131116644 1.0596812278207102 0.02738535160588362 0.07606877741734636 
0.14677896408721722 0.06470518116208213 0.18518015814789204 0.10704328888904918 0.1710937076364033 1.0129956782252396 0.08034497795187241 0.4406734235622836 
0.02145477890182821 0.00759322273657928 0.02006349316159288 0.009134556807613136 0.011266980706587873 0.8694665994084234 0.2640623221125976 0.4739082344583791 
0.09815185418317068 0.04906809806875515 0.03381613220902877 0.05563129923759962 0.04988106416301817 0.8308341993678751 0.05987713029511141 0.6696084787870802 
0.10346390616847809 0.08472563454087997 0.0792847219211363 0.050370359303764205 0.04626859084045408 0.8234666384501675 0.154966572240455 0.6774956250251962 
0.009437763708331711 0.019001644091269452 0.009624541616552204 0.010395038060044057 0.0206135671960777 0.020720164752279658 1.0768863906169264 0.025551533207109768 
0.014239874171199571 0.03580116539608064 0.05078341054450208 0.027756747471354815 0.02674355922391364 0.14909646414393368 1.0065681297575881 0.252352643272748 
0.061307303114055064 0.012092827220237273 0.05931599181392846 0.016788621541618618 0.030313088322089142 0.041551758625205694 0.94802899801875 0.39012287232970294 
0.02070306855665056 0.007725411117445002 0.011671544691742287 0.007312281230123337 0.008517088767491651 0.016527520538083585 0.9047732502588289 0.4676675198835045 
0.004379726456762585 0.05500779653340243 0.03163455928497528 0.012081260108343298 0.07000312405900269 0.3227521802705044 1.0186244246840719 0.09213633856973154 
0.009620201391190821 0.04660300515916899 0.012049367504700441 0.004954499147610767 0.022531231590802156 0.5288911152296305 0.8989918916371625 0.040715891144763726 
0.013575675069078665 0.01307156399313039 0.036566813816254755 0.014211249796627667 0.013637983745993558 0.029618849673294527 0.7797967340689167 0.6791405982906586 
0.01465041428510686 0.005392419467552844 0.021746446072580833 0.02569730988893693 0.01029784986859802 0.33858900164846506 0.8624599623859841 0.46213885933031257 
0.014717172532261078 0.017391997957980906 0.008882270933097762 0.004270693195572982 0.009072957160532028 0.4734490813106089 0.7862285901354195 0.4680088971605274 
0.01312461007329639 0.02134342218530227 0.03320289314122316 0.014108359170850964 0.022727610498959463 0.4230870845147727 0.6748850917925769 0.6649023518741854 
0.009919008339303164 0.01382542426294145 0.02084617681895445 0.011843763382610792 0.014117305365100065 0.7640699234331783 0.7724789958903147 0.061156223223884164 
0.04246425409583695 0.06533839136477988 0.034308661573235436 0.09827704790733459 0.06105949001706678 0.754519263298257 0.7360588641425264 0.10797397418283546 
0.0275347543486617 0.07098909556860461 0.05226925637707977 0.020495056623628206 0.04567040614143179 0.031852450410360666 0.057705307470453875 1.1475528419496894 
0.13539858834042692 0.10014479311057259 0.06235596679160066 0.07154929815806921 0.03944514241610304 0.8565356529295879 0.6189436592514562 0.28032664466434015 
0.07161721577157598 0.09944844906006184 0.05075077504240106 0.08513512334915964 0.13300885329141862 0.06342746633611768 0.2705431633360137 1.0862929195886037 
0.06707055871798276 0.1262151201053423 0.05476626601045671 0.010575046060082798 0.12224971042137411 0.2674510718914645 0.0816012783986281 1.0511819182439501 
0.010401085247759888 0.039188607075454254 0.023478995527674986 0.015019447075545492 0.018212927611579204 0.021854565402289198 0.5008406423033686 0.9428215787387227 
0.051224799545981956 0.06113509228941005 0.022267924648504366 0.025831666120065207 0.04310135243791049 0.26950701700343915 0.40503186106856137 0.9108570733662887 
0.024316085328168754 0.025579457427044608 0.03488064858852994 0.004091801516774433 0.03128974761499632 0.4792547521027091 0.05266024348205256 0.9197100057639547 
0.027501255785374903 0.038756506077316386 0.05492048952592635 0.02565597579175431 0.049751678500962175 0.4743582786599036 0.221568514102577 0.902486695802485 
0.02226293776473526 0.04938935710805125 0.025074907485101782 0.018949116555399544 0.016565527476467466 0.6566646105796449 0.4482333676954739 0.6792218010783424 
0.009507538686672784 0.01577633317320948 0.01869780349839135 0.02319227613276602 0.03146882179504002 0.7655349738487458 0.25497876246632223 0.6609252157922049 
0.035701529367519434 0.026429039901179213 0.017741119476577596 0.018599382255644708 0.0413381793042147 0.7990298899503472 0.4534851982725618 0.4936000519761673 
0.1159032854589682 0.034225462789280486 0.04806780987683344 0.023159970535613736 0.015620915301094213 0.9597969162837728 0.6346229876642283 0.06962791861702258 
