0.21669614291385386 0.0 0.0 0.0 0.0 0.0 0.0 25.97407678148727 
0.21669614291385386 0.17782514936357785 0.0 0.0 0.0 0.0 0.0 25.952907986062208 
0.18429571702440484 0.0 0.0 0.0 0.0 0.0 0.0 25.97621149792809 
0.16563256671617665 0.0 0.0 0.0 0.0 0.0 0.0 25.979948402645096 
0.11141560520762894 0.0 0.0 0.0 0.0 0.0 0.0 25.984876167241985 
0.16617237094289194 0.0 0.0 0.0 0.0 0.0 0.0 25.978545626891385 
0.15645559832682565 0.0 0.0 0.0 0.0 0.0 0.0 25.98114002137845 
0.21288770227359777 0.002713833306810187 0.0 6.650680006714538E-12 0.0 0.0 0.0 25.97599642358698 
0.0 0.17878535464897283 0.0 0.0 0.0 0.0 0.0 25.974442150366656 
0.04485364036333905 0.16734639459164669 0.0 0.0 0.0 0.0 0.0 25.97692235210324 
0.027945838405106116 0.16734639459164669 0.0 0.0 5.908341901061931E-6 0.0 0.10844265484016447 25.973453505587138 
0.09125430376382937 0.1736265765088305 0.0 0.0 5.908341901061931E-6 0.0 0.0 25.970785236430032 
0.12413231504706346 0.1831386241664248 0.0 3.266405554427365E-4 0.0 0.0 0.0 25.96423288774043 
0.0 0.16745372964168226 0.0 0.0 0.0 0.0 0.207089927117309 25.959145926022007 
0.10589672045658816 0.17873605435874396 0.05743812886278121 0.0 0.0 0.0 0.0 25.962597731567886 
0.024666608986812832 0.2448328422590258 0.0 0.0 0.0 0.18534511198841486 0.09323764116204458 25.94813752919365 
0.15645559832682565 0.16759424668489942 0.0 0.0 0.0 0.0 0.04498852702337075 25.959877765731083 
0.15645559832682565 0.17873605435874396 0.0 0.0 0.0 0.0 0.0 25.962284990480654 
0.0 0.0 0.06240357507887495 0.0 0.0 0.0 0.0 25.992479368276882 
0.07577644816307583 0.0 0.05610378648835734 0.0 0.0 0.0 0.0 25.986671344868995 
0.0 0.17873605435874396 0.11508118526029776 0.0 0.0 0.0 0.23133357376577024 25.941160226333587 
0.1641556690179904 0.0 0.12419047345890277 0.0 0.0 0.0 0.22531466593458305 25.946025171390964 
0.045818728330235814 0.0 0.12731364642000997 4.850959083313455E-6 0.1863283537111613 0.0 0.0 25.969610433255987 
0.21288770227359777 0.0 0.11508118526029776 1.24696661885082E-8 0.0 0.0 0.0 25.9712791990625 
0.21690028691685015 0.1643402039418227 0.12325890158065533 0.0 0.0 0.0 0.0 25.947376156767774 
0.10589672045658816 0.0 0.04213692976354366 0.0 0.0 0.0 0.0 25.982631634563987 
0.18429571702440484 0.0 0.062095236729451386 0.0 0.09213662753622387 0.0 0.0 25.963463514723774 
0.18429571702440484 0.12562132973662088 0.0 0.0 0.0 0.0 0.0 25.966098550862213 
0.037076899691548704 0.0 0.0 1.4549932814134081E-8 0.0 0.0 0.0 25.992459082656858 
0.0 8.763199332477711E-4 0.0 0.1667792790343796 0.0 0.0 0.0 25.98040959994836 
0.0 0.12562132973662088 0.0 0.07145415483400797 0.0 0.0 0.0 25.98156208572359 
0.0 0.0 0.11919401752343362 0.11950555199923585 0.0 0.0 0.0 25.974808439824795 
0.11046801445950294 0.0 0.0 0.12013883035595896 0.0 0.0 0.0 25.975440564341362 
0.16756706894322448 0.17873605435874396 0.0 0.1207116718368546 0.0 0.0 0.0 25.948994451565994 
0.16617237094289194 0.0 0.0 0.1805054790281595 0.0 0.18534511198841486 0.0 25.94064788455137 
0.21690028691685015 0.2448328422590258 0.0 0.1805054790281595 0.0 0.18534511198841486 0.12286307758478543 25.912596398789656 
0.0 0.003997720314458775 0.11508118526029776 0.12013883035595896 0.0 0.0 0.23050601869147513 25.959615242508306 
0.027945838405106116 0.16805995862611667 0.0 0.07128534801334752 5.715738215172905E-6 0.0 0.10844265484016447 25.967285325560894 
0.06012119427337481 0.1854082006997153 0.11954405079709929 0.11407780298731396 0.0 0.0 0.0 25.95831290557296 
0.0 0.16734639459164669 0.061239941748514326 0.11407780298731396 0.18889865708781883 0.0 0.0 25.945929719725964 
0.21690028691685015 0.2448328422590258 0.0 0.1805054790281595 0.1740215544431365 0.17598990030106876 0.0 25.918339447018283 
3.334226195619294E-4 0.0 0.0 0.0 0.1812062471815601 0.0 0.0 25.986767998746544 
0.21738701926860315 0.28698982251315996 0.0 0.0 0.1740215544431365 0.17598990030106876 0.35192518489407476 25.91004807389217 
0.002070474330420069 0.18580245752547597 0.0 0.0 0.18764616431572279 0.0 0.23461678992938317 25.942864500612348 
0.10856379413937489 0.0 0.0 0.0 0.0579287709732661 0.0 0.0 25.980731932855416 
0.21690028691685015 0.2448328422590258 0.0 0.0 0.18110704494514707 0.18534511198841486 0.21054603612673617 25.895925107467583 
0.21288770227359777 0.0 0.0 1.4549932814134081E-8 5.908341901061931E-6 0.0 0.10991886777073745 25.968955242626794 
0.21288770227359777 0.12798599412224476 0.0 0.0 0.0 0.0 0.0 25.963579766506275 
0.0 0.0 0.0 0.0 0.0 0.10908106896415859 0.0 25.989047701321404 
0.21690028691685015 0.2448328422590258 0.0 0.16170688707312308 0.0 0.17598990030106876 0.35192518489407476 25.907590452098628 
2.2182041611529257E-4 0.0 0.0 0.0 0.0 0.18534511198841486 0.207089927117309 25.957542533933537 
0.16558360689996476 0.0 0.0 0.0 0.0 0.18534511198841486 0.0 25.959470983363023 
0.21690028691685015 0.17873605435874396 0.0 0.0 0.0 0.18296869892598622 0.08762675122414976 25.92858141973897 
0.0 0.2448328422590258 0.0 0.12073329734440463 0.0 0.18534511198841486 0.23461678992938317 25.921367506303188 
0.0 0.0 0.0 0.0 0.0 0.0 0.207089927117309 25.977275336472804 
0.18429571702440484 0.2433491793589475 0.0 1.4825470628920812E-8 0.0 0.0 0.23461678992938317 25.933673677798296 
0.10589672045658816 0.0 0.0 0.0 0.0 0.0 0.09323764116204458 25.97852755839636 
0.10589672045658816 0.0 0.0 0.0 0.0 0.0 0.0 25.986083498180896 
0.16756706894322448 0.1245847061779699 0.0 0.0 0.0 0.0 0.0 25.96722574100459 
0.18429571702440484 0.0 0.0 0.0 0.0 0.0 0.20707035161921183 25.95620385662093 
0.21669614291385386 0.0 0.0 0.0 0.0 0.0 0.10844265484016447 25.96379377194387 
0.15645559832682565 0.004547152224269269 0.0 0.0 0.0 0.0 0.0 25.980855424754083 
0.21288770227359777 0.0 0.0 1.4549932814134081E-8 0.0 0.0 0.0 25.971784145413324 
0.18376088076716002 0.0 0.0 0.0 0.0 0.0 0.0 25.976683483283487 
0.21288770227359777 0.002713833306810187 0.0 2.1367085878409853E-10 0.0 0.0 0.0 25.97423740694526 
0.0 0.0 0.0 0.0 0.0 0.0 0.0 25.9932180099201 
0.11137858635221676 0.0 0.0 0.0 0.0 0.0 0.0 25.985184488251747 
