13.468632777759009 0.2157388106559317 0.11177709725183423 0.5020114908558803 0.056360194540186405 0.05111337165879216 0.2708930203714901 1.0082252579464013 0.32750686106326343 1.209614961754331 
2.763464574891181 0.5895653218121171 1.6839111438134682 0.42136472024100874 0.680473793457628 0.12457924003187415 0.5182586019367019 0.942784550817894 1.1708826883063086 1.7304707120485914 
3.92946473058971 0.19690286681828817 0.40636621619285723 0.1508699760793723 0.691561207470414 0.065422301592868 0.11237545637890123 1.0527040289538272 0.1861943969007933 1.105848576421178 
5.571650072334084 0.9429250312069788 2.123280327486126 1.0193188167020821 0.04396584026117646 1.3028338529689352 0.4536048774977529 0.9928902607282493 1.493157067881507 0.8289517296759528 
4.331124040375188 1.3284335598136812 0.15173942604170426 1.6705149370827435 0.05736544688704842 0.04589085979781519 0.8714846657538055 0.6437401330063005 1.2270827914835414 0.09228723095528574 
3.939253219009301 1.3741303913560112 0.16124844106619773 0.23750464732934656 0.03384251395515109 0.5239057700084785 0.677380469706727 1.0271540375324675 0.1560778414136153 1.6120350025709211 
1.7441115478162168 0.3039231472665548 0.2856363946748355 0.07438359496965 0.04319129148840739 0.06751857384059798 0.6954256970477375 0.8664881840701202 0.24809433015588916 0.9787911438749438 
4.4069012233929765 0.2796557976589606 0.060770386248571034 0.1681694044822456 0.11721772778179891 0.06127184055226116 0.09561255744806858 1.0403908889369444 4.271342450573953 2.6231810870316714 
1.691052934064197 0.16970123963802697 0.14743115177589353 1.0670273434059478 0.11126055578385584 0.06927594120540956 0.2876498154956686 1.0284673996060667 1.226043438490806 0.1296257566656996 
1.5539602546147746 0.2079138298416481 0.9700450844035973 0.14595565093399288 0.7087673168876406 0.03865221627444025 0.12484145940649413 1.0275809410161811 0.9732994925833464 0.38053997718815213 
0.6545203196689519 4.707023434332829 0.28302735950462476 0.22086540665979332 0.36372990826131474 0.17222423637354542 0.7972492265259978 0.7085432466626835 0.31037580413775845 0.08360843559374585 
0.3475955411133302 1.6815253784542976 1.9205805472797726 1.8182871243988987 1.4005271954843577 0.047942915162071185 0.9182448630393499 0.5772825021117437 1.382686410329323 0.6243595104059068 
0.0656399008195333 1.0833615395729141 0.11597833694133539 0.1922549055035556 0.04854717712244857 0.06689843086469129 0.08056912013562646 1.0242600766844163 0.13077741575314614 0.10327266134314408 
1.8625741515356886 1.5947801623635 0.18623306061488246 0.1962062483705174 0.10154432915767793 0.17907423743466996 1.0958380173980005 0.24426384790008346 0.6407728117150095 0.1335790604562943 
0.09300165588185359 2.633755154954184 2.319549855413744 0.6887901955616083 0.07338770289799934 2.0672865182935443 0.6683056160449896 0.8271795704794788 0.10858213419664094 0.18274825128985556 
0.2982754624819684 1.263392326717091 0.32842077646067447 0.26032611738819356 0.9626289484174629 0.2125740413309507 1.021411856545926 0.2546767171724178 0.15113557498120628 0.6447860943148633 
0.3498145365715745 1.0006925390482737 0.9332877110998703 0.15708211495235924 0.0992470406694221 0.0552567557412232 0.4153579457324549 0.9871875090663706 0.20110857409637245 0.8432371027353828 
0.24123455898560073 1.0834125347148273 0.10785756202427375 0.234863961848319 0.06088352856707252 0.1037538767931685 0.6326341901892619 0.8478305850432013 0.29158933361528855 0.16335858725576935 
0.10292028498511407 1.4775694549648906 0.03528874924263625 0.7332024697031226 0.05469106334431387 1.007552363593622 0.8095152473388382 0.7538989878987529 0.204817971150989 0.07518092874363363 
0.2813508019120042 1.454380359872469 2.5177727656932722 0.844547687958803 0.4222410236791069 0.18843271838399872 1.0345255674736964 0.23034349988200745 0.16172983130288995 0.697387984496019 
0.07487211800139032 0.18666463364690303 7.09972029898379 0.37427402002417237 0.054442070768190645 0.10591590809896445 0.7276144991427748 0.7833120315134505 0.12134995524373914 0.05903367907777119 
1.3682884343865358 0.20321845254563922 0.5978132422150514 0.35912634925034814 0.4450711383085888 0.6793833114546216 0.7259281095158207 0.806939568200095 0.7191432442996218 0.5485443681958995 
1.7518652912075887 0.5943939991728577 2.017600232633784 0.23570616527748028 0.062403541372168 0.047351359408735506 0.6705899747759784 1.0337454606495573 0.2609620535366377 0.24642964067852302 
0.08460941788861143 1.3842494364040818 2.562872863742859 0.669576837467557 0.7618887922001848 2.0567754211476017 1.007821758355338 0.34408788055293327 0.13603218491170208 0.12168778522743047 
0.6470812122439855 0.2656221351625595 0.8613978255818564 0.2680625513207012 0.059912738823822476 0.12320130770324887 0.7537400852899093 0.7605388752553065 0.14375334586585872 0.07755875784698951 
1.7118066771211289 0.20565462857435127 1.0870640988440197 0.5810788560817254 0.724236349181992 0.1038312824670318 1.0169819724927205 0.33565723029218847 0.8850571351494669 0.09548613298875261 
1.691779870023075 0.21119684582462217 1.042379501957106 0.5829496536439168 0.7265558995318467 1.394487896044147 1.0143800464674184 0.3303056315709278 0.8359024195962443 0.1864060868776854 
0.587878391323292 1.058256123149928 0.9112760962508131 0.6181890348175084 0.06385774529144009 0.09202510636358635 0.8684039309183 0.6387030285095769 0.1536086068239028 1.1172500879171894 
0.10634245535917726 0.35513039474672614 0.8960089332700188 2.28924669643115 0.17733127119677478 0.0942310063851823 1.0083715222191405 0.35638446365066684 0.1367318274952542 0.21367306460760843 
0.2345148236073154 0.6540536467769898 0.5749342476314634 0.4072992366612103 0.38854454722832565 0.9792563643569774 0.6536363080427682 0.8218510110959768 0.10075924591868914 0.11119088629834166 
0.1470193745637671 0.23773326331187833 0.08318746989306262 7.645068631735982 0.23478646294693656 0.19075025348685268 0.7451552762950798 0.7679193695012845 0.14258458280574585 0.08035257387791375 
0.2831167826732732 0.4559930165186385 0.6526433237490833 0.18357814407548884 0.9622362368586005 0.8983650408429986 1.0274102176356426 0.2263763056978251 0.7038881950384487 0.6848131954001707 
1.6566887878393874 0.2528425050487467 0.08043113744549946 2.8853495202779382 0.11684214039341521 0.06362393913894648 1.0270393249969296 0.33228044452320915 0.21429048381812582 1.397478095129323 
0.24826238833758738 0.3523209199867063 0.08146078055665545 1.7559865204738967 0.2341930673709421 0.18112077571692187 0.741806884964671 0.8322350828338888 0.6104449238535136 0.08671371601238337 
0.2771737113439696 0.3028380702141984 0.17063893802321128 0.6811378258609065 0.37371296718567265 0.6028579621358396 1.0426450338154911 0.8641994903482437 0.16659450828935807 0.7205766846189491 
0.17458845491086195 0.6622782790333007 0.13999244597122715 0.2042795599146335 0.07355193960341161 0.7014822211786376 0.7519800957146098 0.7627261747699036 0.6146484548434457 0.08021615334244565 
1.408902160213324 0.2947107128766369 0.06089380284604191 0.19014165480680667 0.4300375628765434 1.0149227097192728 1.0372106239884984 0.27164809565572823 0.7079476308815639 0.5603137330074028 
0.11184274767016811 0.2549326937880096 0.03235738211133228 0.18111461560422257 0.059689799833952256 1.0141596675947107 0.8175276021154507 0.7513690232098046 0.23383891508109092 0.9920823651790309 
0.051042193450119275 0.23464050332300354 0.2159669291651297 0.08990294598593361 0.6071753925757135 0.05109481459440862 0.8710184765333205 0.6318238805662619 0.5647742741121732 0.15581730262626803 
0.10715158501246112 0.24632675023489936 0.03440843069279473 0.10146727910011603 0.0552878572175466 0.07369065727199747 0.8474890026064434 0.6398911779966248 0.20877021065014567 0.9231062023516028 
0.09667660981280482 0.32853984954706467 0.33848259069611586 0.5264781501596112 4.998319811612632 0.06648985256996703 0.6928231410732516 0.8159971672389137 0.4237288264947891 0.14291615232647464 
0.22868586711190816 0.2968760598351501 0.04291395829371449 0.11173781543110492 1.3903287837407041 0.8001790182673011 0.6566701686322977 0.8257587763841598 0.7372104672753478 0.10022206606408639 
0.08559295354054712 1.1006395460959006 0.07634685331723125 1.1329127921221462 1.3902139067214274 0.049814771076972464 0.6243840435063163 0.8508353267878948 0.2879515511607245 0.10371599715800817 
0.08241186353691522 1.0848190352882945 0.091005858504247 2.0045228744653194 1.3898730789624774 0.03977804589821926 0.07155513870458856 1.031822047111214 0.2979918319814164 0.10189312571015596 
0.1887324984901983 0.48938528167535483 0.36903315189014796 0.6512829265831469 1.5663553903719551 1.3208727499549486 1.0221234330349598 0.28451169323748005 0.9728570387055958 0.15847348805071587 
0.11156511859622387 1.75994041174139 2.5452579211672686 1.2962902015376927 2.183785242670701 1.8432118541050626 1.027777953280688 0.2388458680700673 0.38258003093123094 0.15203041529319042 
0.2833542624527152 0.456085710059096 0.23638808842358772 0.16971484407296344 0.9622362368586025 0.19227196887421777 1.0274102176356426 0.2263763056978251 0.12544104000371345 0.6848131954001698 
0.05805829212560287 0.19528071303469258 0.24369474674013697 0.7309271096465421 0.9892927323192044 0.11440601702015933 0.7475282434676279 0.7982479438195019 0.12906053910716386 0.10091532922032813 
0.11851915615892002 0.3164160156326781 0.8453028600858227 0.08604033334381053 0.9103749448839021 0.047617588634331735 0.36283723852093847 0.9881411795943182 0.13041662179914942 1.4991179489499862 
0.05995158295264087 0.5776547236851328 0.2564926129174166 0.24880313012995892 0.052416651251527877 6.130993435471447 0.6843535706974223 0.8500788796795897 0.19645389039111952 0.11770060341258234 
3.5403233556977334 0.5213425711734085 0.12180712954583194 1.3216731299206401 1.4922164980544097 2.5183075972814253 0.8591277686466988 0.6215366052014266 1.2286927163939148 2.147472872333617 
0.211101574127825 0.5932910517589405 0.24423602145501264 0.7625092242218355 0.9734738298715172 2.700869180080183 1.0120258340506543 0.0831457407971452 0.27091065846855333 1.0240540567103342 
0.033954090080979916 0.2012468613223433 0.19614554971521014 0.1873862157143191 0.13454267315222135 1.9025197149907052 0.6449761841817883 0.8711888089458422 1.6299809698799632 0.07005010343070188 
0.07930226638666409 0.5260783556488174 0.23246771394307286 1.315618562210275 0.6648640230573827 1.8005141883960014 1.0132007719823632 0.9072745648406293 0.3227549354796498 0.1893975004646731 
4.290796089610558 0.6465480090387165 0.09339374705562893 0.7070727651887575 0.05081574796245387 2.3578751413524213 1.1221402442745068 0.18751293389162985 0.45541642755657585 1.2778007578875124 
1.6849735891610145 0.21553998147231135 1.0525714280832157 0.3094365332062352 0.05724818791050571 1.4242665651999764 1.0120357215646623 0.32067416197833637 0.7923850380198216 0.19990675273106095 
0.4017473999159794 0.6018668384089801 0.19479854095825683 0.16853266928470667 0.12139722578599346 1.8901771683116588 0.07837609697081031 1.049196523344009 1.6140126425287014 0.0587003815673585 
0.09760607904174812 1.3959216284914922 2.5867108330138735 0.6742950808296496 0.15645956845824863 2.068367774251046 1.0227856791671457 0.2879486474563142 0.1613900655048411 0.18386635440016696 
0.06872136798189417 0.20443707079213472 0.6056028221875931 0.13419876509326653 0.034061975037791535 1.4451330702823817 1.3074534937948858 0.32938800637973065 0.15690535656467805 0.490748872431768 
0.07356897855280997 0.24155306643827257 0.05157483666047236 0.1938510396537373 0.061993506731419144 0.13678752393939342 3.5140686062892756 0.17437354840044328 0.12924625758108016 0.08813001746677222 
0.08063866388350947 0.24487572166356666 0.566451431402102 0.19870631112134868 0.6540423606699192 0.0893501232991772 1.0129342067161222 0.3524972519059028 0.19546247385675586 0.19822145075357567 
1.1375244138833416 0.23760470878918608 0.17281337377557804 1.0736042520479308 0.05530686940917495 0.12910296211701447 1.0310591825302564 0.19301703002977613 0.18973781864796627 0.06987683671354888 
0.06687496237446144 0.20399904250537385 0.6314345010020433 1.0717824345206275 0.04556180083151362 0.20991554637616477 1.024799533827237 0.23039809394617117 0.288787079377483 0.4649683857198576 
0.13123062377838834 0.20492289093327923 0.13690181474123148 0.18814376435760138 0.06269767009637121 0.047457939073673086 1.0328985460291225 0.21112955021540783 1.2708768915505364 0.06980982504345404 
0.2673886256762429 0.25141837878487333 0.22386186619946755 0.7199962326310579 0.37542005257334704 0.6088259682262576 1.0379891293700554 0.2483620538561892 0.16871091137797065 0.7431453248596833 
0.084414508202134 0.2349701119913742 0.11469286792388184 0.1251453814999757 0.06212961390458574 0.05655228981530827 0.7556339878081139 0.7567173387639488 0.25409802605433696 0.0659211721624479 
0.10370936817049678 0.21827194087504292 0.8585879649035016 0.20591745628774413 0.15371019858476606 0.8470072033897442 1.3467755520870162 0.8432086713973826 0.9379607483870729 0.3186127074571061 
0.11143461301898351 0.3208902247755938 0.06528618383930627 0.16793774907258044 0.4309639913277074 0.9982023705533263 1.0343386941933006 0.27010253749929136 0.7194763057815967 0.3524058520882022 
0.047449671829769766 0.7259063916866745 0.1366904795374188 0.15071886016966193 0.04168230429244795 0.08314779712037741 1.0220019435802663 0.3168897973065318 0.6934482726417497 0.08803765914142928 
0.10438172264252167 0.23790116421079968 0.04316643191293948 0.12626720554574258 0.05816955243124688 0.06046560126825157 0.11350443599979393 2.3647185617062036 0.11992767577315029 0.06467402385172881 
0.07585550472089804 0.22580861362722823 0.05037966561858917 0.1621348709336255 0.05415121057379866 1.2660368817477714 0.8202556086702616 2.4279794397284045 0.2195863966664624 0.989255200900719 
0.08236579427441443 1.0848328728675374 0.09093098176841315 1.139982209670537 1.3898966594952797 0.03739438899822698 0.06535190161464213 2.674677431186036 0.283415856859549 0.9291625779939575 
1.7138990589252774 0.1969372553768749 0.4067450746295043 0.14981482367296892 0.694103119236772 0.07616062874228977 0.1132849452059452 1.05676638005236 0.1309847111400067 0.07723958639051502 
0.10884780817894037 0.2594315362174169 0.12448393095213713 1.589031722451296 0.06481783354184847 0.055855282001945734 0.32309707560459855 1.0223196882921448 0.19109380842012924 0.09642582141464309 
0.15593323796005648 0.1900276378549308 0.9317134682843987 0.1328174266128749 0.09962334623079701 0.03723288284777064 0.12237504954733963 1.0308222743724915 0.2836625221549613 0.1651572798188473 
0.1441590901707149 0.39576290759297333 0.6364139244325365 0.15588610041140374 0.14913338481686228 0.812178275031491 0.422697388583838 0.9594451037693345 0.7314804620659322 0.3344064360276205 
0.5811303906226826 0.2836377720952956 0.14028229595355615 0.867719971432794 0.17147836899311716 0.059347222631260604 0.37257118055627564 0.979113014727533 0.40040281330735583 1.1276667301868981 
1.77540400374807 0.18739665536415762 0.1485358037930868 0.7958472547712795 0.10225624035533043 0.08406792852721011 0.2659658746960283 1.0319670508044783 1.2263830467328838 0.12907682469934464 
0.057684208767508495 0.21088560400383638 0.1543873040047883 0.09064492663190514 0.05054078944718594 0.034687608797216135 0.0652332909943223 1.025106016200937 0.1422302195698527 0.9339493767430029 
0.14351329587962547 0.2104585576050276 0.22275042719704483 0.2846851458618912 0.050583608911542906 0.061405462236488774 0.8968483909310371 0.6547788375049282 6.4474270013696415 0.09880296801103107 
1.8037018242118261 0.2787083003972764 0.12773005110123023 0.18196233699441355 0.12089769231298483 0.138744676598932 0.9122857480027717 0.5645234875963777 2.146135011109329 0.9225858223438561 
1.107679250404952 1.0834032397784465 0.14613924086334223 0.8000986401059808 0.7976488876632852 0.05879910631997259 0.6721617525287332 0.8322214409441908 1.8650795813791097 0.4244584192992884 
1.107915376996145 1.0768796856221736 0.14509058720891937 0.7229151638882475 0.16025570732543223 0.05650988936716733 0.0889596259473543 1.0342735009561568 1.5487033245557282 0.862864006518532 
1.9306038488831174 0.20225746849622275 1.0493381370480739 0.35321443987400103 0.05427194814394522 1.3981542331482617 0.692812295151093 0.8280613782609446 1.7523234884095633 0.21431894367334958 
1.1392298192713881 0.24076093990533803 0.07953839206692735 1.049367757640009 0.0546069326188034 0.5208717430695193 1.0270412687601418 0.25316909104986834 1.1735425977582412 0.06988872986943737 
0.06306517372875169 0.3803617827124855 0.2444152113109738 0.5717652091844947 0.04194781652513077 0.8166606845888374 0.7061946551230086 0.8250972248144847 0.9561267650235193 0.11399922705112224 
0.1318144790292925 0.191891332759683 0.139028174257197 0.1875081136342716 0.05974928890848141 0.7153410370722947 1.028098293606526 0.23611286374965837 0.9911898353041357 1.1885539783719914 
1.7825175275588607 1.1787658014202902 1.2958833182559228 0.1838827919620145 0.12306837967205951 0.15777066606830834 0.9587453008233959 0.48290481082853826 1.1638652483297027 0.9280110439011486 
0.11254739413345259 0.2895304486760465 0.16752471186435888 0.12082738516377949 0.061626398220512434 0.48653600844541156 0.22651336165987762 1.0082547831296256 0.285483195816586 6.399076861975512 
0.0899052204085742 1.6114429360746931 0.7187170097826796 0.41228322425576575 0.39438363250838304 1.5461226806314854 1.5576406180214617 0.30042410907820766 1.3051790902049338 2.6670150254737273 
0.11094449371778117 0.22453930391664156 0.1671968474009452 1.7789436884833452 0.08564426105301055 0.4969691062069706 2.0697317864485463 1.0102833062329406 0.28052961978777086 5.911586257434799 
0.17078707115025646 1.8451065979908232 2.5332137747088908 0.5173134264054836 0.8089287062069846 0.3241231487801615 0.48453011875314933 1.0068605878062462 1.477843200694834 4.148729868253156 
2.834964042685767 0.29270598141563775 0.07126793154180654 0.5129127166155879 0.11731358488571482 0.056089284783245194 0.08866277526468419 1.0402219512511068 0.23027862492756018 2.6351371506973464 
0.1733093522943096 0.3021637736459373 0.06299753275948167 0.15008925942325396 0.12028190936150118 1.5035246311562394 0.09699766914571266 1.0217918488688744 0.2173396799645416 1.4142998187481355 
0.10593241393081138 0.2514629841474035 0.21729292554330049 0.1524899509201269 0.05802778794871212 0.269256004754168 1.035010912526655 0.10143402550875194 0.24252788327861835 1.2334754974854985 
1.0973270949793836 0.20801183679252636 0.29891498862978655 0.12056912305714058 0.047605732282902005 0.047038626768729705 0.1546865060053309 1.0253537112103304 0.6379941340839388 1.6175327502229535 
9.65083223507622 0.4334054597629033 0.1316089960737177 0.5528499160364642 0.07253821563338728 0.18957075695275158 0.2721754239131935 1.0240134072536797 2.460933737772575 3.4952776163924124 
1.6489056367408255 0.28706652425659457 0.07224238372927254 0.39842988035378407 0.11922421758731161 0.12065996981977745 0.7264942970538754 0.8193150154251885 0.21142401112909562 1.3901218334226542 
