6.64497007566543 0.09381835467611742 6.644970075665431 5.973773621773583 5.757539089418719 
5.661098273834499 0.12122068734451326 6.368851945229921 5.426298771664034 5.994610016286451 
6.4515719299048016 0.1383823426687475 5.957062468260151 6.526349152859081 5.372034559355036 
6.476601701830124 0.14205993743599526 5.890825161803791 5.71612006256799 6.287064788033444 
6.473866346288264 0.14912603145799724 5.888996179512959 5.7145614018382735 6.181314059145964 
6.493983357582091 0.1657640850515858 6.737809723188066 5.3192824707596005 6.372737290998153 
6.719318607195195 0.20525676591016717 5.74706912799759 5.736609834600334 5.821958427903194 
6.2470394585899065 0.18217162313055563 4.9162120265383455 6.424869637703896 6.424869637703896 
6.481127240513769 0.2484794671481777 5.770918662661312 5.603197725494661 5.265326112099653 
6.24013183457 0.22470436115112954 6.925169168969079 5.919261118819723 5.677763880124649 
5.833225550587501 0.20428288106743722 5.9816519281395735 6.552357837940322 5.2135221138328065 
5.68134624944929 0.21841712405957397 4.926311689462169 6.362554636262123 6.004415213546574 
6.573136695364979 0.29909154620433576 6.007521194390955 5.204815769556857 5.288512068751842 
5.646949251217771 0.21615771396961203 5.742029953175203 6.213492081850928 6.177748065677724 
6.634907376689088 0.33010019684941355 6.634907376689089 4.606457060740001 6.238938137970467 
5.799676332616566 0.25194035529579056 6.1953542316435675 6.941785302007848 5.6876778395652705 
6.104779197748964 0.3006230639326868 5.3509200325001185 6.674869418759647 5.38854097669078 
6.208703070806204 0.31362572999392796 5.237076117779969 5.863921989846036 6.795562044634258 
5.487933057434789 0.2451459451673188 5.618972318186793 5.614006928853331 6.221339385129255 
2.660219825278889 6.001349419686253 3.9344052523195048 4.6027920554543655 3.7356127169009428 
5.758539643913071 0.37943576005724955 5.379212400579332 6.843802407956515 5.633339895220506 
4.696333937698454 2.0645444898083243 6.9462835380012296 4.608294336931318 3.740078352630221 
4.1034095343322585 1.0456396772544387 5.32226120838372 6.070067799104597 6.120861358464005 
5.054069651298868 0.9069708152816812 5.10925702806454 5.688949962565024 4.28719807045445 
6.637471366562428 1.2411356062434116 2.940794401898124 6.845524444060379 6.444682509824487 
5.56490607395235 0.8484475169353399 5.676075350256175 3.881461014042083 5.2688432771431755 
4.034499867225668 0.8549298726693507 6.7527538841349 6.099782817291868 6.150825028163931 
6.421617273795195 0.9561516379295202 5.926332220034879 5.22959117150877 3.3071959340812307 
4.894007881901238 0.6162872153972903 4.9509335042351825 5.578129483868853 5.240325296712781 
5.943041248005148 0.7382658313750589 5.4813636803293955 4.9135619260497 5.678592063712589 
3.79573532894367 0.7039608550032984 6.4389318610390704 6.7754954000066645 6.548424733740634 
4.865048035205129 0.5495736550598092 4.922476063799792 6.494213216624625 5.228607391078275 
4.863905671718366 0.4992359431061032 4.92198836574019 5.561932747253926 6.461835789500981 
5.066606881145252 0.5825115006737782 6.85008745714293 4.762549205698081 6.8038399242389636 
6.353881850695754 0.5708327718380027 5.400719401614551 4.8660744914679475 6.926190070484048 
4.811281851117587 0.4295278052070599 4.86959189411102 6.465468736801531 6.400509155613003 
5.122531005416594 0.45243840452430956 6.677428185363489 5.30544445641979 5.492694999431469 
4.724200295411801 0.37979117064969026 5.34331100595691 5.436310472881484 6.300585275015533 
5.460853575659704 0.373372861889338 5.7425228774746895 5.352672310393238 5.235287774281234 
5.032348508190327 0.20781663141311352 6.638345004241146 6.375166875636931 6.592252060996725 
5.015548173235702 0.23505040659890908 6.004515422033314 6.346243377319776 6.560930689901009 
4.941643513252213 0.24989147991781907 6.735315502125471 6.450109597478624 6.663562079700964 
4.778345054712505 0.25229818417822475 6.508667423483395 6.233534534316753 6.120232146481007 
5.204095725465952 0.23441740121691526 6.3518925709606195 5.653929104540417 6.539908593043251 
5.810499075712028 0.2998611687737466 6.937052728245114 5.931595177455356 5.609756720800816 
4.952834786306335 0.2750084172893581 6.276978164723259 6.45614368745652 6.3707617483552275 
4.841667906211379 0.3073585665825458 6.573124929776121 5.603191314626735 6.4869357073184695 
5.96321262959546 0.3398980551534677 6.8744004346375425 6.087553206716897 5.667666594103685 
4.99124644059232 0.324894571666164 6.562690880759893 5.602889109573589 5.686248221962541 
5.413927858712853 0.2626498702206171 5.904761857596366 5.098781407180446 6.47268506097012 
5.643098915875005 0.3488171296472729 6.704013930635704 5.327655789672183 5.514564350057775 
4.9949758399583 0.2733992268100901 5.627726529147952 6.306171780841419 6.52555985324115 
6.023507763186701 0.3315092985622243 6.169797517936355 6.1536444293747845 6.18559946269696 
5.782461011383562 0.42682148104187256 6.881093424893702 4.784106222014619 6.834636558966947 
5.078503327792344 0.3458872109948332 6.01977777682762 6.394360235562898 5.466847587783121 
4.741153159706962 0.3333950144433992 5.576000234669126 6.26103181620713 6.481663714350727 
5.566016907598487 0.27990807356963227 5.101401670556698 6.650469876359687 6.66500237637348 
5.639996518771501 0.3529641448896374 5.175430982611275 5.7501799550382 6.7393554530691935 
6.138581575985658 0.039806450539416914 6.4132506515917 6.7346055840858 6.522306099568125 
6.444188589381873 0.029985457067306286 5.941766779611865 6.520162277653305 6.556819505965384 
5.6024785050214865 0.10275611114042224 6.485671951334079 6.730244183703591 6.746063132900548 
5.54917382245278 0.09690301831900301 6.667628751825929 6.667220788003933 6.682891605295482 
5.597355333614462 0.12337727306055099 6.143139053094797 6.719792431123279 6.735586814236366 
6.500821087110345 0.1013594228411546 5.99955397027744 5.643056753371488 6.613193149238597 
6.5361563489212156 0.07189543426899206 6.517964397136683 5.57164062350995 6.472523706611115 
5.4975011923730275 0.1260127071930406 6.024986964585249 6.619008872327537 6.414955574327614 
6.431629718764505 0.014428379999180516 6.679251351303302 6.679079351799781 6.317012655718649 
6.524354597247995 0.0846203864470224 5.659254907265944 6.600387099525542 6.25642143571634 
5.479712003066512 0.16754813594171938 5.616239648697725 6.57439905265343 6.529469452862209 
5.582782637372066 0.1618324528279237 6.115125600055052 6.033583837253368 6.50761662285672 
5.357017836881825 0.17478573582087578 6.57643782133827 6.55056480123367 6.754899171765422 
6.685558006067227 0.14918789305120586 5.706547802222624 5.694781426187915 6.505412543478465 
5.566844866082035 0.16981819322285796 6.673967256562185 5.697417541325698 6.689075461975728 
5.328474006598206 0.16305166864848894 6.8068513034576625 6.78827284951029 6.721960261102076 
5.564435320936001 0.12669778713985966 6.475923839950163 6.412478749568734 6.17163608975474 
