36.008466269577056 0.005044787132778043 0.0024050397219550525 7.914890259028703E-4 0.007828693260092017 0.006326268596494238 0.002233142152050971 0.009526107444544542 0.011908036333602082 0.36463161722664805 
0.022081622067468488 0.01905221402946998 0.005213590341703173 0.0036898845534519813 0.009755593722856233 0.006023876822728647 0.002559555291852733 0.009748958742969258 0.011987570907682741 0.36507531547046934 
0.20332206910696096 0.012804284315066815 0.004191808514158468 9.182893392098345E-4 0.012733257572890544 0.004222820058663403 0.009820277936423124 0.010626211334005951 0.007069499356749143 0.42631631074354126 
0.9771099606423768 0.002027465399130333 0.0031001360888004616 0.013282842178549413 0.0051184709420242685 0.5542967619310759 0.0016509743214158734 0.014293818180021978 0.018932719292800746 0.553706714141946 
0.026832744284935997 5.653441635644391E-4 0.0029461332441419697 5.112238490813318E-4 0.011759257773706193 0.007242301112789496 0.0018127318471536247 0.019325183868012845 0.0126115596658313 0.3650325576159576 
0.08094739738860404 0.0024862742949361204 0.018761058923551423 0.018821200337502668 0.01079470499367011 0.04231032733679474 0.009189250908237358 0.009240051471631792 0.009219628563501234 0.3827282058515164 
0.209940272709003 0.011706471149221976 0.1337751697682101 0.0022366026793125293 0.0019379280231273904 0.003130717842889616 0.021430836964451246 0.013627201142702812 0.03056966002692437 0.3659459144493225 
0.2074517379512237 0.012835046975835736 0.005288344566993185 0.0010422545171341483 0.13692037143298189 0.010039923761656085 0.0025576138060364618 0.010334210465874918 0.007531864135981803 0.39990503628047974 
0.02441767865144006 0.0011015290177626177 0.0038723827890612484 0.010842052713550383 0.015184653867392163 0.01227538355871598 0.001924344195949076 0.005305681638583763 0.00891046811503417 0.3639472290588282 
0.013539104777746384 9.012706816891008E-4 0.002485733693775307 4.931060675946376E-4 0.012028649838368096 0.005315929384721512 0.003068773096079792 0.009123339522773213 0.017151240858040505 0.36530601018286185 
0.007967204320879188 47.30130944903749 0.002719294515579469 0.002001575755371568 0.00988761559506327 0.006180862785626207 0.004198338781854661 0.012593526301283924 0.014551429503539234 0.36454513317951653 
0.0012656634041648528 1.1056265443359354 0.0019505082991604326 0.007369774712863587 0.009033713396971774 0.003152622011210333 0.22652919185054923 0.011857823158503528 0.016636853771228866 0.5893293390311285 
0.01711201241051709 0.05489849771970643 0.0014734051103618335 0.022000386332520393 0.0037279342869521595 0.00371289894836238 0.028151059296368654 0.020114823621660935 0.012698947219897144 0.3703776040926561 
0.00189161059785197 0.024128048017392375 0.0032875971737029155 0.013205275325984015 0.01650922146021423 0.0044681578829157504 0.0011425502693315243 0.011857823158503528 0.016636853771228866 0.3701220178452552 
0.016647230946640505 0.02431872303783319 0.005472390388855186 0.01393931605025626 0.007493405434634062 0.009064320674526768 0.0023546505693023134 0.012766791376987163 0.012436214379937163 0.3656790514829326 
0.006409658921409469 0.021416201035216395 0.0021178307794837412 0.003393783831194685 0.009071979370506264 0.026321857444504763 0.00750200763803373 0.021445685043438068 0.009103685660231705 0.3711928180969843 
0.004102827490861369 0.05467288021590818 0.0073654763378655395 0.023382315902675012 0.004816279501866318 0.048820593209020664 0.02682066792907337 0.015265914546003546 0.020880741866530977 0.3842933762015087 
0.007362561916596179 0.023665189618230626 0.001933499720405193 6.271593469176085E-4 0.03986170270036772 0.004788285367298989 0.0032576675563548187 0.018325090908036232 0.016622192204784326 0.36469469736970556 
0.006510618347224378 0.028588323516329534 0.0013394137758715426 0.0010554949669820148 0.009861738487959229 0.002279142177091603 0.013695313648019795 0.015153311489751799 0.017233639611531678 0.37031590616936755 
0.047897181668747735 0.06431431034667673 0.028967565058975166 0.01438703713376541 0.12889152211506297 0.009525091996214005 0.0020234548657355237 0.011495751702704497 0.012436214379937163 0.3656790514829326 
0.006342917621676555 0.0022525813833193103 29.91520412067914 0.0017603011830799246 0.0021625235429963653 0.009806851405555627 0.00253681612515077 0.011585822121445719 0.012047401366596062 0.36510830195560884 
0.0027259095047360614 0.07205407793631334 0.11216802808563674 0.01878690172350074 0.005121899809603183 0.001719875173213197 0.04502449738476361 0.01040991328635341 0.014284046536639972 0.42270414205533 
0.008851854654297818 0.02463065196317498 0.02006441088090991 0.0017005684038230873 0.007904223648357047 0.006169763764497429 0.0012176905294851849 0.0070073793440500656 0.01508505134940093 0.364330642466763 
0.009174260225484758 0.004746658656432276 0.6110321996946649 0.0014053171762165298 0.987007415543754 0.015597758947235349 0.0014818317753186407 0.014090497517310546 0.03289823548536944 0.7569023028705233 
0.008328879987872668 0.0011305896169342758 0.007165307527129236 0.0010537214929019223 0.00991050939485388 0.006016027635638536 0.004332256679972483 0.010593805852828339 0.006899125427089649 0.36506460250256667 
0.011355853089726193 0.0014817270102068724 0.0943710714273661 0.0016056688150532842 0.008814047659924834 0.007928781749506855 0.0010245584665462136 0.015852394383117037 0.01659888168339584 0.5284432714890576 
0.006285511476732083 0.00401421363385436 0.009537094431482953 0.0038345655345874796 0.007856860921428581 0.01590852889692079 0.0013653161332418404 0.008866275565309584 0.01115342806289512 0.3645855978682459 
0.00295913659112052 0.005307004302368789 0.012276551899322734 0.0028075205592275046 0.007296554776192672 0.01249976849775127 0.010345850650185054 0.009484165275334765 0.007807741603209803 0.36422047205775854 
0.0050675097818914 0.018091059376617136 0.009899224866375761 7.095980684223805E-4 0.0051520350814273416 0.0026242752469313744 0.015335154915613993 0.017310187007413536 0.01035400048256644 0.37098838585811633 
0.005285055507930616 0.025438608977885902 0.007479493086490922 0.004408149313312745 0.005718680760497847 0.008107820660458991 0.0014566212170911985 0.014281196880045161 0.016147349276714282 0.3690190907021225 
0.003825024385359403 0.0020526368459710207 0.0025669347105619906 20.124853409869793 0.00681865918507013 0.00994441983217502 3.296927856442085E-4 0.009807688506435226 0.013372262571591735 0.3649873021377454 
0.004444503113215696 0.003626488748917727 0.002241290165052296 0.07255812263327471 0.020038502706417497 0.042332670602227146 0.0024065582251054374 0.010221596355444553 0.09622834970720506 0.3760645406927832 
0.009641603738123134 0.01956512475663245 0.0019096372759900273 0.017242159398476117 0.012237799158641566 0.014914605536817659 0.0016732103332760145 0.018983300038691614 0.016726506721656705 0.3651362191959492 
0.0028837414742318244 0.025092616690355733 0.004760571110335883 0.048738510304419044 0.005701432001910323 0.005441127372384908 0.040035179420701596 0.014087708096441194 0.015929426151159557 0.3639915969763795 
0.020541981075113642 0.006715982082367387 0.0012169813550239105 0.013968802647158217 0.006189208672814863 0.009059685871835593 0.0023536923690991355 0.012051107376062747 0.012315373115715178 0.3647872270681956 
0.005604354073384932 0.05034443020654011 0.009244425115970747 0.025021538559409216 0.007552673654640164 0.01496370245462357 0.0011170030462260133 0.01200260088142265 0.012432296931427327 0.36393529791709006 
0.00569881844259121 0.003974644083315642 0.01101497036141741 0.025624350700536373 0.012074963340459802 0.04698624345208524 0.002345646989325578 0.011163987699173712 0.010202961367443667 0.37048310784816607 
0.02761913498162316 0.025243220668460558 0.008469723523890214 0.02001007029973042 0.005790467814061637 0.0015174216402091293 0.0017769188939912237 0.011741020173293048 0.008910453432874641 0.3639472290588282 
0.08526301994014 0.004615206840074767 0.0029549810242867616 0.05383658949148606 0.004134311632751096 0.00876977849777922 0.02753748011308329 0.010618118291693329 0.00822533522247116 0.37718926948139553 
0.002629181753451541 0.0014101255372572724 0.004246486076558819 0.00233937644755506 59.75549905978081 0.005496954096639181 0.0026659484494957583 0.014451050714415777 0.015565088870422685 0.3652414838238626 
0.007230111474683871 0.028838627524448636 0.0014701801117399545 0.0011537369679285106 0.08335117777374426 0.0024115364237089886 0.015170824123205928 0.01059548584119394 0.017207399314729508 0.3651280139506978 
0.007550847306015638 0.005826125634965515 0.002653605837459933 0.0011004145969665462 0.0480588932410316 0.011361808131498619 0.0018221994690870657 0.013609404684258265 0.013832282753193679 0.3777089245683574 
0.027337217203974085 0.03057506535072417 0.011295174256537218 6.338632766354463E-4 0.061382240263603866 0.0033193965575678075 0.0011269936584302632 0.01848190354769631 0.015771301785396485 0.3707944241356134 
0.005158417022602507 0.008277013658758013 0.0010911853943279379 0.018329197205995997 0.05169778643064927 0.0030861753110774915 0.0018619908822305957 0.019119075478199785 0.014030646210036328 0.3702803395244254 
0.016355946650644507 0.0010795307595617319 0.0033448894127001503 0.009145828387109606 0.04801989735398758 0.02492458916613009 6.822235276783877E-4 0.01470751860527348 0.05208650733427584 0.37008472745238735 
0.005551165470192201 9.650121563768192E-4 0.004367522465129285 0.005446122482924438 0.00991050939485388 0.0060852753101927285 0.004598620030936319 0.010593805852828339 0.006997610883036812 0.36559664485005755 
0.007101549399603727 0.003673990605103371 0.010772867728253765 0.005583780041036745 0.020040082826030342 0.04233663718432265 0.0024007118223058213 0.010221596355444553 0.01027338363667353 0.3646309267165066 
0.017773166845331465 5.437594314770319E-4 0.0010526394292579297 0.01046915173523645 0.01068516870995103 0.007247997660401512 9.81211864438647E-4 0.01771731225903863 0.016865692048727447 0.3649501000338135 
0.005453056343550012 9.173986691946834E-4 0.00207325927855673 0.001978554055591629 0.008703770837180547 0.028901186019916595 0.005668338416902638 0.019466796862048698 0.021548697116593716 0.36566902239320787 
0.0028368666804804207 0.0012820774949235207 9.620194683801965E-4 2.7628437732399097E-4 0.0012769439675671783 42.38835611497259 0.0017360183630308445 0.008542326893823206 0.006789270113764277 0.3642052733419282 
0.005609584696695617 0.0017838068154190896 0.003253284123479996 0.18349959714125547 0.011943166870466764 0.6205554320592763 4.3474720198008444E-4 0.009200952930374831 0.017499306548091863 0.3655551748163698 
0.004350536171669129 8.651603156566788E-4 0.001938995687058471 0.0038545145088877625 0.008741113391652 0.05123837502813993 0.006019349774834185 0.015162260580195314 0.022004508409719986 0.3841610061064419 
0.031060414151659072 0.00387109051963856 0.00459434710109238 5.477052455276821E-4 0.010772219133082468 0.04233663718432265 0.0019483714830900935 0.010460278209717691 0.01027338363667353 0.3649368290560818 
0.005971797842710881 0.08005331695883489 0.002177199876212008 0.05228526710304458 0.025218632309479478 0.17598152761120833 8.1282985606846E-4 0.05566650616505939 0.03326417483762507 0.41665185202065497 
0.0036093784990446224 0.005348918358921131 0.014147099998676981 0.022546128934451674 0.01061625665673797 0.04200386757349008 0.009389741937685972 0.009484165275334765 0.0078079753054430216 0.3644353838412888 
0.019794483277423558 0.021997539449560625 0.001995968241994972 0.0031896895701111773 0.009880372327850748 0.025877854273708922 0.00761623556942222 0.020069772879023527 0.012570441867580565 0.3711928180969843 
0.060679579993632854 0.0018625725533439994 0.0022206809458314887 0.0029057785732962203 0.004577926012413159 0.08223336678475414 0.03067598356852044 0.014226690165805397 0.11558760153426523 0.3694936774144963 
0.008689426177904235 0.003793622432530868 0.003604313702331492 8.641398090032204E-4 0.017473647589471276 0.040112327010148684 0.03522899724268439 0.00766724977057231 0.030441552674184563 0.36463091615370413 
0.008966779952033127 7.287786392634835E-4 0.003209915981175113 0.009151247690738518 0.0037361990748697596 0.021377391661015675 0.014169305540150124 0.008549150579363979 0.03011235555419358 0.36482480265273104 
0.003652795870382475 7.804676369693953E-4 0.003380173714119738 0.0013093162202110395 0.005879940630880683 0.004945463493910071 21.959160940833975 0.010499768608766962 0.0082451301524822 0.3641679317042867 
0.01568629529744391 0.011398479412203956 0.001963374849664597 0.00850472308442886 0.008405638989261435 0.0032346814491720664 0.015611922246487544 0.008926798542382838 0.016636850369927386 0.3710898403465439 
0.023746752385530805 0.0010761328539617664 0.00358058283297869 0.010501503259874874 0.014161717645533074 0.01144446244836686 0.03756102403310953 0.003852904441406082 0.008793154895777307 0.3639404823253182 
0.005566434935033405 0.003802855962332607 0.014445109898068062 0.011330511803880658 0.008246888791417254 0.07345691282289911 0.2191047381226678 0.10577983968873857 0.0232743749899633 0.5178451149567331 
0.007387184897077316 7.108626193720967E-4 0.0040888930196035685 0.00247899008603056 0.0059817238111724205 0.00521788672390555 0.014263510083599006 0.011479411577810917 0.016001565001317063 0.3653774409375765 
0.0038377394206153006 0.054592084200547994 0.004252042069435458 0.02669632889826642 0.006235095795890416 0.04729398292822627 0.06585487066168663 0.011817917617616571 0.02009532326479023 0.3842949033079926 
0.0050679153944820825 0.018091059376617136 0.009643660235662288 7.770005975674421E-4 0.005177713680729622 0.0028624132052628023 0.018383880085475198 0.017310187007413536 0.010353094824263408 0.3710269684027439 
0.003937885364749197 7.504113291020149E-4 0.0010504359193671208 0.0025716594556557206 0.040663602952889184 0.0663823478047093 0.11659612407833678 0.012336898542889526 0.21654111609691046 0.370500086016728 
0.0024656396459873517 0.0014370024473800342 0.002296823533595463 0.02393731521246946 0.0045964266697756445 0.007240023618019748 0.027778735870260977 0.023420507216345293 0.01254924719641404 0.3645012649802569 
0.04179721986395674 0.0015324504569831031 0.01767278007336387 0.019076056294541475 0.009651757410959716 0.041690061346128224 0.029997727792409203 0.008506308727208452 0.012939936013119567 0.3644525686313798 
0.0020505491823647184 9.267637376278926E-4 0.001414116650313692 0.0015944565699617243 0.004483592995181581 0.005190809384902466 0.0015029298870020739 59.68678356535379 0.008423954959483938 0.36469079453700787 
0.015904836101782442 0.02479399876021089 0.006536610071971656 0.38331847329019647 0.011712841326997403 0.006187240165850061 5.919201032461547E-4 1.5404993856168099 0.015014893605112723 0.36430443138772606 
0.006951168973895143 0.01596885351938899 0.028423407587174637 0.02506116367974152 0.003132536990779828 0.005280692556180338 0.026750624837468286 0.1463598799446593 0.020276399396369098 0.3843162902900324 
0.010317946953927019 0.001043337226952015 0.002916470475346127 0.0014152734099344693 0.008201500971516092 0.5799805199103589 0.03524938914849561 0.8195368407612987 0.0752282130211415 0.36454402728831153 
0.02103191717147531 0.06503516218981249 0.006431643294906065 0.0023046131966689485 0.01622301123354616 0.007589524420550063 0.002922609096175835 0.07901033960048257 0.0032358202571783692 0.3645721616673299 
0.004780249747135336 0.0018965077915038112 0.002227397454783948 0.004435738426010297 0.01041246203137799 0.004898158949145376 0.002552951590647343 0.022154556643806698 0.01598804128934055 0.3678955373191978 
0.161883314510302 0.003322560446727678 0.09916272176665977 0.11658043787711674 0.01592638833925809 0.00887592396141205 0.0010664010763976335 0.34089672140346816 0.016598782001196594 0.41163474387021465 
0.13336051033671706 6.517319246306477E-4 3.875072387182073E-4 0.0047057888370440676 0.04156660632628213 0.06928551092982131 0.04531461890724498 0.22543746725626507 0.2112296309994949 0.3703896422385242 
0.011607553372862886 0.0014751967550743765 0.001253684338427867 4.0721362680843867E-4 0.006334422496584023 0.005392864095766878 0.0020863190596103753 0.05638922115847844 0.047441070730058876 0.39940010486844263 
0.002972080022675301 0.0014093611346867527 0.0031367387326947647 0.0026250788964885564 0.020800378928173175 0.006053919625950114 0.0034288134298341793 0.01623889482676769 0.007801292098927458 0.3652414838238626 
0.0023537238382904525 0.0012382833597602274 0.0012332717846438431 4.6376267073611286E-4 0.0023221403681051196 0.003469158224146659 8.309396973762284E-4 0.006837879359683922 54.79495906657002 0.36401550828211826 
0.003609596362126259 0.0035901207922458466 0.0017061743460854576 0.012887859995413175 0.020125766425013437 0.007777916595321764 0.0032962110309549472 0.0167652436817903 0.09630655629564985 0.3760646866659786 
0.0018874182884164837 0.02610770539690633 0.00326925439949528 0.013143140210490132 0.016458885384218074 0.004432168234289701 0.0011410390839982293 0.012040335474540557 0.07712794238999152 0.37015183906596677 
0.003716011812865377 0.051202022179868203 0.0014924434257770354 3.441292270514434E-4 0.008807707465360083 0.009910333155760488 0.016105604930063428 0.0228057556030552 0.12014521938847875 0.3837306150000905 
0.15556614979964542 0.049810252974954575 0.10472596094587608 0.004048312652077011 0.005379858611917357 0.0038257983822696656 0.028151059296368654 0.020114823621660935 0.39326387150472897 0.3703757219853033 
0.062299851643320484 0.001312901297491318 0.0029483229474361614 0.006743991530292878 0.015316956969540385 0.025015444495087025 3.297680093926945E-4 0.013780204758701946 0.11505777765890306 0.3697919048648035 
0.023828695110108006 0.019196332347994286 0.008527236798066504 0.006877746214658496 0.007314518416998216 0.008808957526321458 0.0030937134023285946 0.012823562513316636 0.055367477409338346 0.36569170185416655 
0.004557993594884836 0.003742867462397589 0.009596173057973502 0.0018736547956619907 0.00789916595804455 0.009433351141216482 0.0018836381276073834 0.012082674946991133 0.027412725757216767 0.3655404470968369 
0.005108741224727254 0.0013854286458860488 0.003390798938848049 0.003015370749557868 0.005844353329212032 0.004852503105668897 0.005212233061734104 0.013820927558675132 0.030674979450581483 0.36475475965577514 
0.003571147987792072 0.0010083512667465244 0.023899628764596514 0.0969143451898568 0.004233434305350847 0.0031195403074326254 0.003954934625234306 0.013537651208311616 0.2532928045621518 0.36436095434629423 
0.005537957479357668 9.466646447268924E-4 0.0042527963153235135 0.0035335035439285224 0.006921099814384196 0.005024489243352119 0.003885042161691818 0.019655309940476408 0.011223013051865708 28.847538302541004 
0.005683771309906926 0.0023075685960688938 0.0021030348107984598 0.004438560876298256 0.01024403622898357 0.009665283568249222 0.007166055761550386 0.019693788759613296 0.012679831273007468 0.38316768764401476 
0.00481222704859003 0.002090019286748303 0.014445109898068062 0.00822608512868355 0.008188792779614498 0.005243250138949694 0.003951305991914522 0.020145716178627822 0.2538648314609483 0.5178961709833151 
0.0027708246606689873 0.05388016529687601 0.005174174409934053 0.0025425358207299136 0.01548694191394677 0.012409805134844156 0.0105911133653716 0.009357087655837724 0.00782590359070765 0.4143100344727677 
0.005366434982902203 8.939370154860119E-4 0.0010814433929122688 3.3108100124435233E-4 0.010135228795432548 0.01011289984766181 0.014750814593201145 0.022711570956611755 0.03221553240386859 0.3837306150000905 
0.004382600489582892 0.06696694989402255 0.007550112721593772 3.3975700866778334E-4 0.005709179263856334 0.0840352505843277 0.002864215346790196 0.020245437394955823 0.03296425514069507 0.4142724946869862 
0.020295781529963385 0.1349842236970409 0.023370217513011608 6.708590435145804E-4 0.013318105505566677 0.014523562006195869 0.0029643148570078957 0.07821938973086322 0.0031008499658184484 0.4251390472849587 
0.022261393028770022 7.880935645266468E-4 0.004975269005739742 0.0018224222844224936 0.008491264947246717 0.006583660955279529 0.023881460648144507 0.014942134821582811 0.020983155206715738 0.3858219214889931 
0.006236248445442495 0.08201759956183106 0.0041322391357929275 0.004397258251067531 0.11647680395040551 0.00786203419606265 0.042719562638188324 0.011639765134061094 0.005271013360818862 0.4258432658110186 
0.0019313336182043483 0.011409091123304581 0.0018996610490634982 0.007178414397998293 0.01049210136114872 0.0032024818541802128 0.015172099198490684 0.0100169249904513 0.01663688119317217 0.37782829810252194 
