22439.69560012529 0.016409906578604822 5.083265472090356 0.11172151539227237 4.371435818771433 
526.6522613702847 0.042757538591261815 5.128074063811698 0.0392814116221904 4.32946772001026 
270.406455088342 0.04041516147192645 5.0397249577904875 0.03784828086681358 4.397481356627594 
297.1168660273028 0.032478597812549415 5.0537869052169295 0.06507542877040323 4.499535805148291 
274.80939041201106 0.04826664933940428 5.159531326456267 0.06231006549508012 4.25705882125278 
280.89872361033855 0.017001602974126413 5.178433386337403 0.09334977756440016 4.441238378952838 
148.15845016043434 0.02720202957994975 5.076775871397894 0.06324998463310966 4.365163384093186 
176.15115096203084 0.01685638610968376 5.059763576403693 0.09966674268388945 4.393448670683408 
73.77103084535032 0.041328646952254695 4.999224079673944 0.12604937563622665 4.3405996475949 
155.29306961097623 0.3016491181510566 4.852792076406257 0.0965546164212808 4.554643550990971 
77.61816425826028 0.3067890223128259 4.871270770691377 0.2903092326996966 4.541755696280609 
3.4985744377549506 0.03854506784112312 4.672656600251061 0.028258217207206098 4.77762908443281 
3.1149741981153065 0.015206055770261595 4.520197968402481 0.02397165566284773 4.979812326579932 
5.639524977925695 0.03170613800105714 4.892882614599621 0.0901827506169942 4.452334986059271 
20.77833403142571 3.6874624087471375 4.870434908520247 2.7790126245514535 4.251067528642927 
3.1439887922396648 0.05647562540058799 5.000103063366063 0.06110235356405454 4.378710367208224 
3.6951097130761217 0.07528528988369478 4.935130087468423 0.14372327552828051 4.392558227836133 
3.688822029538002 0.08408115302350186 5.02804516585195 0.10728331252741674 4.345129768236631 
3.664579851858383 0.09653311377636135 4.9513562913226945 0.074207807365112 4.395166610416246 
3.2480238547856284 0.17639084695968688 5.081291008434233 0.09135416583219814 4.281672616092299 
3.171533324492064 4.35956696924942 5.104968017226102 0.04294299895731554 4.393686694664194 
3.5187103540394356 0.05875621114877922 5.5141304903628345 0.027763846741160645 4.369951346603987 
3.1249777398613507 4.033253156216001 27.42389761602088 0.03278957338890646 4.773887183125906 
3.3044712830995717 0.37916702561895066 4.465682944592376 0.02264873878745469 4.968765118812929 
28.00637814012323 0.37527285983058467 5.593055942629866 0.035480957626293316 4.284821524015944 
3.131903917373239 0.36294048295672604 4.9838149107737895 0.03653627006857813 4.410243460547181 
3.133865483008712 0.3618604358758316 7.46440984668538 0.0405415175386218 4.464295826854699 
3.1647062806814605 0.13522223397891503 5.1642476118500324 0.03004780459505258 4.413678749691819 
101.0747101792699 0.5352926098645961 4.635979045860117 0.039416512094657394 4.774906717639968 
3.269906565671118 0.3405874712960805 4.98207123396733 0.06445706827150431 4.393000708813188 
3.527391259949789 0.21257204680126132 5.082409371050014 0.0522143806019396 4.3388143243993005 
3.674593062115862 1.2817109708551846 4.921300280673928 0.26588190882319873 4.4723897801252965 
3.1375397714730755 0.13828933194007043 7.283045256357957 0.035045310196999746 4.4196126093557195 
3.413307345020575 0.12728870580213403 4.974911518034595 0.0460431051868969 4.426935489059891 
3.2355057429440213 0.7047940005271969 4.945957403513278 0.18259698424773196 4.43704805353066 
3.2333927197108903 0.7011379640751653 5.045597973850843 0.1979277639108602 4.350199437990182 
3.2417478939744004 0.20593874000377368 4.963951227822599 0.07201443474704802 4.393673460889279 
3.1373613862909164 0.045607403239706155 1248.232648237811 0.04574511860779379 4.369881462190502 
29.355333035175477 0.035244358434111944 6.932598565409373 0.05197898058526458 4.375546917098152 
72.56989151792415 0.028046555996528753 20.85022863509353 0.09687732240974815 4.335164396519574 
3.1345564941592188 0.054721877708217376 14.558404254472446 0.04055069971021563 4.437280846303504 
3.3798950699691312 0.02676875824883969 14.278615457206657 0.10005204572936553 4.469508962078506 
134.9054611550169 0.05175968002554457 11.944493077311515 0.031117286814920937 4.403995659377714 
3.130530307810423 0.05669026346614879 11.646376760940239 0.07570956091522059 4.384793691467856 
279.77995875706756 0.05129314373408904 11.964961800652619 0.029080792210398596 4.390821161496698 
3.1353964233012084 0.05904994897638581 7.5494365821984255 0.039399366110576005 4.39597108092155 
3.391276340283455 0.04161085042306983 15.911374538940073 0.2777670641818835 4.283532008684869 
3.1234106176396352 0.0812155996673569 6.982528046864132 0.031164380440940696 4.872833923252421 
3.4744990543947796 0.04242064669949208 5.176770343767957 0.02292988704579796 4.753988605045482 
134.90549277588562 0.051319639913845756 5.531650294474136 0.02551854621870623 4.426986393679296 
4.3776496349978515 0.04329268198208715 4.9928066990519895 0.04184067011666432 4.432264300577543 
70.74150411682388 0.04485210918427671 5.073989338339027 0.031073332190568483 4.6180768441728155 
3.9621041827180714 0.033448054276855266 5.087588182594709 0.05764709030087914 4.456059942292266 
77.94505443194525 0.029949518666268115 5.036634468910055 0.06910869628662347 4.499554360751099 
148.05404532597169 0.04065723800701006 5.134206136208587 0.03958180264505204 4.319307417397237 
3.4672398073730193 0.02741502898079826 5.1831165391178375 0.08399460512810508 4.450318981603553 
3.9867991065655057 0.015367259729160353 5.0254070456386435 4.815466200149457 4.449375579930396 
3.9203658117346785 0.021439922201497 4.87857836070924 0.33064963450182194 4.462477499127235 
29.40560140418971 0.22712040066410505 49.338757391514726 9.667647942960768 4.222893676577541 
29.295979447310934 0.13873098530028571 44.881885580600816 5.625831968849767 4.233334052835761 
3.461747283512958 0.02751398088592341 4.999777710184697 0.30341022282740293 4.436648852295627 
3.1609086580425045 0.10386744131600378 5.086868732245565 2.278392955855573 4.279942578338279 
3.9507403432691803 0.016465127134725158 4.967831887661169 0.10489157013136079 4.388364344199996 
28.661774982866323 0.16697252990638212 35.481245555472285 3.412013775725434 4.278358832452266 
19.11155665218095 0.01753492400287232 4.961246995856205 0.12307810302785074 4.381456190166099 
3.1264231716485593 0.052185834534170916 4.991891529911522 0.6207387599959491 4.44409407220859 
19.112589491484062 0.017996248461964813 5.07809721095304 0.11032539292390521 4.290542625094416 
3.1220775213324936 0.3606193563461712 4.992058158579754 4.195796691092918 4.466192111189063 
3.4785161908356406 0.01954187747927346 5.136553795192147 0.09313876959496337 4.38186254795884 
3.2160358859293576 0.030915829156230465 5.133330291993144 0.18928620957462988 4.350442487295442 
3.534761488329065 0.047683436512792554 5.2070717992791264 0.3402942753105176 4.299464928227712 
3.5919212428854346 0.044953914251215324 5.198647588846448 0.2751785678917221 4.284322615468167 
4.029960660777915 0.023958051827932248 5.001986324085939 0.1044282424228482 4.449375565463017 
8.132512455050199 0.2155135882230366 4.646777130925852 1.535136219238572 4.8761477820485775 
29.348978943447452 0.01573543984809663 5.259601056956907 0.08990796481081985 4.396897779983968 
4.005869080219987 0.027345063866338504 5.041432121361111 0.10597750370706215 4.372679048306156 
2.9898866234328305 1.1945017914386582 4.91571661365958 1.2684301778094682 16.94874516384129 
3.1090770908364553 0.1305228321526577 5.159019305162692 0.05805299423193463 4.429293197314681 
3.0701632660159692 0.45022002711085907 4.963093702131524 0.2099509565445681 4.430674089761586 
3.222382215207799 0.17885287975452957 5.024626814239621 0.19779656417336955 4.350219954013037 
3.127611141306688 0.28769815693939027 5.035331165721182 0.456771158050439 4.351257508427598 
3.2247564499532246 0.20915992225145122 5.113719739427218 0.7375304719985275 4.337569350499613 
2.9800495904476887 3.4697870578952723 39.7232423432411 1.3617340971910574 4.86012927639677 
3.149089517784439 0.1766757638686453 5.081097167513255 0.836374039741089 4.28167823122471 
3.123199602152754 0.8077679658190583 5.004858369955893 0.7665989977332922 4.3391148830096 
3.6768067979216887 0.8352225804963722 4.897315508779899 2.1989180787368006 4.425153249672075 
3.134159017198132 0.5835136719743609 4.992757094576106 2.3822927216030654 4.38855140346983 
3.250814206770379 0.8104246256614187 4.890802128037578 0.670230944681275 4.426122748713013 
3.2490063075561624 0.23703072839936146 5.05584505236972 0.1760065927567268 4.334268338685412 
3.216080967103555 0.49011734333649726 5.143002889610533 0.18013110617151268 4.351135024218761 
3.5638757500426452 1.2477497298153934 4.8489593990688835 3.6018738090884765 4.306049363150926 
3.3382459123041577 0.29334110977985955 4.901722662133283 0.35009434978276477 4.541913413592538 
2.992490186978284 1.6775920599501115 36.675561618939476 3.6634345912386173 4.262657971046977 
2.99812017335469 3.3258831031485663 4.948876838965218 1.5518997559383536 4.2258344445100935 
4.238490313473153 2.0215424033272047 5.4183220224305515 1.1883456115431834 4.281207613605464 
