0.25620224106614864 0.0 0.0 9.743919212946353E-8 0.0 0.0 0.0 0.0 0.0 19.839566331690403 
0.24125452525340674 0.0 0.0 7.711326024449618E-11 0.0 0.0 2.7643098916642622E-6 0.0 0.0 19.948449856154177 
0.24092800972449507 0.0 0.0 9.743919212946353E-8 0.0 0.0 0.0 0.0 0.0 19.84088767057912 
0.24125452525340674 0.0 0.0 2.26100184597553E-9 0.0 0.0 0.0 0.0 0.0 19.94449431855454 
0.25232880896217613 0.0 0.0 0.004210391619907618 0.0 0.0 0.0 0.0 0.0 19.83596590658969 
0.2510050823932395 0.0 0.0 9.743919212946353E-8 0.0 0.0 0.0 0.0 0.0 19.839628522355547 
0.2510050823932395 0.0 0.0 0.0 0.0 0.0 0.0 0.0 0.0 19.843212763455348 
0.0012115626136480356 0.2332039997764171 0.0 0.0 0.0 0.0 0.0 0.0 0.0 19.8441962653036 
2.2678901054902155E-5 0.23247341373209432 0.0 0.0 0.0 0.0 0.0 0.0 0.0 19.844608766624983 
0.0012115626136480356 0.23247341373209432 0.0 0.0 0.0 0.020192148874643445 0.0 0.0 0.0 19.819570819648472 
0.0 0.2304766606510307 0.0 9.743919212946353E-8 0.0 0.0 0.0 0.0 0.0 20.015909289025686 
0.0023954816277603824 0.0 0.13122037271116282 1.3542749759921698E-5 0.0 0.0 0.0 0.0 0.0 20.009844828624686 
0.13035143514870653 8.520449763750373E-4 0.07586391750244681 0.0011430001185053276 0.0 0.0 0.0 0.0 0.0 19.890215000776873 
0.0 0.006163372364407266 0.13122037271116282 0.27021469561056366 0.02465474595551398 0.020725871794134987 0.0 0.0 0.0 19.930240961734082 
0.13035143514870653 8.520449763750373E-4 0.07586391750244681 0.0011430001185053276 0.0 0.0 0.09302399604881835 0.0 0.0 19.726065088443214 
0.007076654880223312 0.2332039997764171 0.07586391750244682 0.0 0.0 0.0 0.05949868142831494 0.0 0.0 19.625933393592586 
0.013531625800997538 0.006163372364407266 0.13122037271116282 0.27021469561056366 0.0 0.0 0.0 0.0 0.18276872010482625 19.314891968623083 
0.014125787213629127 0.2332039997764171 0.07329370281737278 0.23513971283381113 0.0 0.0 0.0 0.0 0.0 19.729419775353204 
0.24265027880659606 0.2332039997764171 0.07329370281737278 0.23513971283381116 0.0 0.0 0.0 0.0 0.0 18.90781907633011 
0.25620224106614864 0.006163372364407266 0.06561018635558141 1.3542749759921698E-5 0.02465474595551398 0.020725871794134987 0.0 0.0 0.1873556285272872 19.412591612508187 
0.25232880896217613 0.11343094987425038 0.07329370281737278 0.11688543320102533 0.18090182598818894 0.0 2.2448427642540972E-4 0.09694148222870233 0.0 18.977781136337182 
0.009491718861771664 0.0 0.0 0.2339505915647439 0.0 0.0 0.0 0.0 0.0 19.841198338641927 
0.24265027880659606 0.12430917140149086 0.03664685140868639 0.2401578391934292 0.0 0.0 0.0 0.0 0.0 19.753376393186034 
0.0 0.0 0.0 0.27021469561056366 0.023930367184433567 0.020725871794134987 0.0 0.0 0.0 20.253456944185263 
0.12586522923505578 0.2332039997764171 0.0 0.23513971283381113 0.0 0.0 0.0 0.0 0.0 19.464219625032936 
0.25232880896217613 0.0013793100182170784 0.0 0.23398670961357626 0.0 0.0 0.0 0.0 0.0 19.44674128431558 
0.24265027880659606 0.2332039997764171 0.0 0.23513971283381113 0.0 0.0 0.0 0.0 0.0 19.03088530291918 
0.0 0.002351993061243062 0.0 0.0017034659923961918 0.15025055332135975 0.0 0.0 0.0 0.0 19.97071796301098 
0.10132061398756008 8.673068511908955E-4 0.0 0.0016361995059462667 0.0 0.0 0.0 0.0 0.0 20.083626529092097 
0.0 0.12430917140149086 0.0 0.0013688464317604607 0.0 0.0 0.0 0.0 0.0 20.042196890360447 
0.2510050823932395 0.11343094987425038 0.0 0.0 0.0 0.0 0.0 0.0 0.0 19.629453517683935 
0.13002553757169358 0.2332039997764171 0.0 0.0 0.0 0.0 0.0 0.0 0.0 19.594285206425166 
0.25232880896217613 0.0 0.0 0.0 0.0 0.16438301732964217 0.0 0.0 0.0 19.511664327269237 
0.05333025530953983 2.1914473422949685E-8 0.0 5.91502412855166E-10 0.0 0.0 0.0 0.0 0.0 20.190871982674633 
0.0 0.23243004415268678 0.0 9.743919212946353E-8 0.0 0.0 0.0 0.0 0.0 19.86575080216434 
0.23720740233152793 0.0 0.0 0.0 0.0 0.0 0.0 0.0 0.0 19.949739340381655 
0.24125452525340674 0.06446072421468857 0.0019682494864972397 2.26100184597553E-9 0.0 0.0 0.0 0.0 0.0 19.8455298908343 
0.13782529305507749 0.0 0.0 9.743919212946353E-8 0.0 0.0 0.0 0.0 0.0 20.211149246153415 
0.0 0.0 0.0 0.0 0.0 0.0 0.11954697696920458 0.0 0.0 20.04146798530196 
0.25232880896217613 0.0 0.0 0.0 0.0 0.09094387679966005 0.215920926818306 0.0 0.0 19.391480524338505 
0.0 0.0 0.0 0.0011368765915103754 0.028511488104675076 0.0 0.03205911308750942 0.0 0.0 20.203219254887088 
0.0 0.0 0.0 0.0011368765915103754 0.0 0.17839288460146357 0.03205911308750942 0.0 0.0 19.870168485893394 
0.0 0.11343094987425037 0.0 0.23513971283381113 0.18090182598818894 0.0 2.2448427642540972E-4 0.0 0.0 19.77842756987731 
0.0012115626136480356 0.11531492445288094 0.0 0.0 0.18090182598818894 0.02078970226937372 2.7643098916642622E-6 0.0 0.0 19.664568392445087 
0.10132061398756008 0.0 0.0 0.0 0.0 0.0 0.0 0.0 0.0 20.25597869343098 
0.0 0.11446249863381719 0.0 0.0 0.0 0.0 0.0 0.0 0.0 20.053475772114545 
0.10132061398756008 0.12708417896948374 0.0 0.0 0.0 0.0 2.2077689251975144E-4 0.0 0.0 19.847223995351033 
0.0 0.0011396682429391889 0.0 0.0 0.0 0.0 0.0 0.1537331668159252 0.0 19.96902001829914 
0.014961140106327719 0.2332039997764171 0.0 0.0 0.0 0.0 0.0 0.1537331668159252 0.0 19.523704347842013 
0.2510050823932395 0.0011396682429391889 0.0 9.743919212946353E-8 0.0 0.0 0.0 0.1537331668159252 0.0 19.53528415433492 
0.007076654880223312 0.2332039997764171 0.0 0.0 0.0 0.0 0.0 0.09852946285300886 0.0 19.82875738038836 
0.10993578699073946 0.1221775927251835 0.0 0.0 0.0 0.0 0.0 0.07711018308151217 0.0 19.827453788871615 
0.25232880896217613 0.0 0.0 1.3542749759921698E-5 0.0 0.0 0.0 0.09852946285300886 0.0 19.74929359917518 
0.0 0.22780516365095752 0.0 9.743919212946353E-8 0.0 0.0 0.0 0.0018098343522809984 0.0 19.84830278689968 
0.12993146366971414 0.0059964611567750944 0.0 1.7825037244406907E-6 0.0 0.0 0.0 0.0 0.0 20.01226072159209 
0.0 0.008614789733603495 0.0 1.3542749759921698E-5 0.0 0.0 0.0 0.0 0.18964315914703325 19.886456010211173 
0.0 0.12521678962181204 0.0 0.0 0.0 0.0 0.0 0.0 0.18964315914703325 19.771441392391903 
0.25232880896217613 0.0 0.0 0.004210391619907618 0.0 0.020604310428879103 0.0 0.0 0.1873556285272872 19.441782310748867 
0.13615770284197395 0.0 0.0 0.2673583379148261 0.0 0.0 0.0 0.0 0.18377463110165265 19.212669000908946 
0.25620224106614864 0.0 0.0 9.743919212946353E-8 0.1814302669749321 0.0 2.7643098916642622E-6 0.0 0.18537004750273092 19.11074009915765 
0.0 0.23243004415268678 0.0 9.743919212946353E-8 0.0 0.0 0.0 0.13781170430131318 0.009196350309301755 19.663263348859196 
0.0 0.11357533062030986 0.0 7.422658927291159E-6 0.0 0.0 2.7643098916642622E-6 0.0 9.89079008063193E-4 20.068260933203774 
0.0 0.0 0.0 0.0 0.0 0.0 0.0 0.0 0.0 20.267660561361225 
0.0023954816277603824 0.06464503912621518 0.0019682494864972397 4.0913306946304677E-5 0.0 0.0 0.0 0.0 0.0 20.1767517160877 
0.0012115626136480356 0.0 0.0 0.0 0.0 0.0 0.0 0.0 0.0 20.26691043251352 
0.0023954816277603824 6.067194098657858E-4 1.9879460197624807E-5 6.755672554406383E-4 0.008930083851731663 0.0 0.0 0.0 0.0 20.259783539981782 
0.0 0.0 0.014112507981677291 1.3542749759921698E-5 0.0 0.0 0.0 0.0 0.0 20.251958304792897 
