13.33296039962804 7.263663689797453E-4 0.38590979014700927 0.002452461320101248 2.144942409220352 
17.32747537923121 0.0017618730584533194 8.022496684769608 0.0489075655147894 1.8798996165332176 
8.23395276156419 0.0012084560734730054 0.25692918923757013 0.03477893669045018 2.131901566712039 
4.908889473582994 5.551246784056763E-4 0.22453875303311538 0.0034720147580515857 2.145138982473902 
7.145835981560124 0.002051483250415964 0.3630515151259603 0.017237708374735403 2.120254454097819 
112.3455176501777 0.05163762376909157 52.083811317614845 0.4079094435528709 1.1414154509641756 
8.079411954722321 8.206832907881411E-4 7.272928539564271 0.04530342229470418 1.9061292303464197 
2.8473929391168395 6.792465299305292E-4 0.15081086529155777 4.2475510823447625E-4 2.1774398719119366 
13.537832360581712 0.0022833209144570983 12.576171344379068 0.159097780246581 1.5956647746481742 
60.172515247374335 0.053767913936251216 29.300197861295942 0.3829779885720574 1.2252605504969043 
1.4613868391755043 0.0011808016847557753 0.22246645478327917 3.9868300771305913E-4 2.1597547932393772 
1.213858032436338 0.001839004712394506 0.600174805782904 0.0039509871364672424 2.0448945539539825 
4.278338113733183 8.241370921284407E-4 0.7298631966005427 0.14824779270540037 1.9057232727212587 
0.8442127091831436 1.8097273808427762E-4 0.05166873446300521 6.456426053601668E-4 2.199645749544899 
0.06697958803497552 0.02340868892913205 0.5957343345861581 0.0023614399390884146 1.9966354740022065 
0.25633371574603653 0.009140762424669773 0.8009494630309926 0.002173283002673188 2.0166073335730226 
6.3895959364931185 0.016454275347486388 0.7312284762551274 7.077366893749541E-4 1.995540203647216 
0.7902616663461812 8.448373859478917E-4 0.11242961426228623 1.4363165088607577E-4 2.195158010092363 
0.7752364484847855 5.13678409663233E-4 0.25367250195125174 2.1685998949910092E-4 2.161698357063698 
0.3895141887039566 4.372010612369809E-4 0.17893744311908277 1.681000018147844E-4 2.1846068304754036 
0.7539017472969864 4.0295766348373986E-4 0.5899061530730799 5.885197984818104E-4 2.1019256086248883 
0.08853815141301768 3.94289821148364E-4 0.30445202527920906 1.9152329170552297E-4 2.1703179791574607 
0.008578693409927314 3.413193809993141E-4 0.4554605283461575 0.001019253719580911 2.1077076785022166 
0.40090124621681555 3.3845145369041025E-4 0.12457727209859705 0.0011735072175741775 2.190361292185439 
0.618151291952312 3.335276270834514E-4 0.10418110016213604 6.715735194798496E-4 2.196907307997144 
0.02090098444093904 2.2877045693159135E-4 0.6075225219297031 7.019875428626678E-4 2.17870855805526 
0.023347592163340165 1.9484518588080984E-4 0.4002605810232039 7.322463381970334E-4 2.1096503552674633 
0.2861357922612338 2.0649958580645295E-4 0.28447601194142186 6.400365162890142E-4 2.186988066385641 
0.07434873429784379 1.646092819831959E-4 0.8014680132625966 7.653457810222323E-4 2.1857840047065618 
0.5426388146875335 1.4426461212320825E-4 0.021023700672043913 5.765177493304817E-5 2.212161066526143 
0.1852101450514933 1.2512606273162595E-4 0.09365464756600725 6.728536084670847E-4 2.1970079140886645 
0.0014667123417730766 1.3081520401149926E-4 0.5195863391169111 9.506373472656258E-4 2.12684425631809 
0.01196491633306244 8.950487311977594E-6 86.74815501801145 0.0036374097867576103 2.090741404974335 
0.08075599714112587 5.6360792905745465E-5 0.34064784509287416 6.274394217706991E-4 2.165748699149781 
0.45255210560110515 8.983438228200234E-5 0.22223397003725703 0.0012367597206626134 2.163743588083894 
0.7167473459045249 7.61327947233892E-5 0.19672420549029773 7.522558199484943E-4 2.179577630682583 
0.35056488237222105 4.8136517173805654E-5 0.19438155467780469 7.709854901662672E-4 2.18010225968708 
3.205245545707694E-5 3.696005546656653E-6 0.20346845105245662 2.2359452362284075E-4 2.2020109610623253 
0.1132997434281539 8.107753090659922E-5 0.1681460186912633 0.0012205278634579092 2.1757578281120558 
0.08786113399190167 1.2015932114373673E-5 0.1253425589394902 5.06461261076399E-4 2.192307033270159 
0.0033065634341489934 5.9976906484147466E-5 0.08903816635145623 9.258420440601489E-4 2.19513616718501 
0.002850651989971152 1.0426897442516162E-4 0.08635364109719558 2.8409867734762687E-4 2.2050101870284213 
0.2154178034679464 2.6808177942736516E-5 0.044946881933578375 1.6252072316404518E-4 2.2100581672320407 
0.09057480024857582 7.96182511396115E-5 0.09121639702569298 2.515128444773641E-4 2.1991667867933606 
0.032054447407074416 7.468678854930738E-5 0.034732177421324895 0.0012616063177952376 2.2048520860798235 
0.1491677756828837 7.359014396548517E-5 0.030092288283319977 9.885441065157592E-4 2.206719031650399 
0.4712913342322698 3.7110245950850034E-5 0.01186154165786509 9.97652857695441E-5 2.2126571601614393 
0.0011248219527502383 1.4774916210563078E-6 0.005063614304746786 0.8190753305905744 1.2269529493519928 
0.13631191880318666 9.035315684096178E-4 0.5996391404087882 0.010494281109945809 2.104828441489032 
0.6024071549686781 4.407456060473622E-4 4.453678436709813 0.11786147887462192 1.6391238485240838 
1.3406441421945452 0.003203422431825775 10.896085772462504 0.1917778810136938 1.545768967933347 
0.005141290040646022 3.068303780287963E-5 0.19533994257378262 0.018201274197020174 2.163798662279743 
0.6426257252658578 5.782326657177958E-4 0.14200842707757955 0.018929331552044452 2.1616773959184683 
8.338253126413981E-4 4.249537119059694E-4 0.5528952745946372 0.010626064551914316 2.1048279287688207 
0.38457137681633335 4.088062821303286E-4 0.18121292790108634 0.006329322548218593 2.1607253363510175 
0.12007529605867363 1.5041078208160871E-5 0.4639024092564998 0.005138837992411542 2.107675265776956 
0.2651663439791122 5.360254986396625E-4 0.6639354099443127 0.004934616210805169 2.0692444649923236 
0.015679615780215383 9.363433322565518E-6 1.5636352485260068 0.004560534763506576 2.0028174002615833 
0.02528807703076624 2.0932442297835546E-4 0.07764884095601404 0.0045086810590310835 2.1881141561820745 
0.2008743429639153 2.4361965693772052E-4 0.546821798376214 0.0029530146956227043 2.088625741886166 
0.37933132633717614 3.7988753700465654E-4 0.5270226176170032 0.002955503333227251 2.088652874527282 
0.46065680052671004 3.4591215254116196E-5 0.3033007009237224 0.002633297448612965 2.153060654444699 
0.0153534292795217 5.030468936581234E-4 0.33706490890338026 0.0021734433384299396 2.1500426402260326 
0.2635645814822102 1.2921786528515445E-4 0.057253682266346154 0.002278922223696705 2.1928710041828503 
0.2850843394843132 6.319285699219297E-4 0.6984171329432063 0.001636627085745909 2.0760334593666587 
0.02274096557433295 6.863803452684371E-5 0.024879274359869374 0.0014871372372755813 2.2076127368492 
0.06515977974103104 5.31973148499366E-5 0.1617669032617471 0.0016650716219316834 2.173814357895652 
2.84050646328144E-9 8.085034767334275E-12 7.802026193005448E-8 2.5422706120149043E-10 23.54426947603592 
0.13040595224379536 4.483347172014485E-5 0.020407815697181107 6.176360656971017E-4 2.2098602698132894 
1.643742351284261E-5 1.569289451354303E-9 0.02268477188510676 3.0220351376268655E-4 2.209564088143688 
0.03479310702526804 4.627201175417326E-6 0.016625209377789447 9.890496044729301E-5 2.2122654196492206 
0.003427107174427296 2.6324119311742392E-5 0.028581493955559083 2.211684303117137E-4 2.208094248829933 
0.005227628715028954 2.2214411375920045E-6 0.0412122015310154 3.870809170211204E-4 2.1998374287822573 
2.868749178401058E-5 7.17647813414338E-6 0.045950402195138504 1.152422872547021E-4 2.2058365097087793 
0.03154215782813496 1.4820006283660075E-5 0.05876476331448379 3.219519347003509E-4 2.205505831719914 
0.0986616347126743 7.908366921647337E-6 0.01273859686955055 9.977177491507832E-5 2.2125711598971263 
2.5324786259151672E-5 3.5124938140086524E-9 0.04586506061264861 6.981705547341304E-4 2.2011700176976357 
0.045108224089919546 4.546980597696545E-5 0.03792293212174402 1.4247037640425223E-4 2.209210693784711 
2.3845263108697975E-5 5.789019205169879E-6 0.07968513389667979 1.1886890942597527E-4 2.2057734998819263 
0.09765370526362903 3.731164387003831E-5 0.0418436016097126 3.807510902640311E-4 2.201018347572773 
0.13182810266058947 2.8335689096819512E-5 0.031771015532952945 1.652039892157617E-4 2.2095083690209245 
0.099221492949157 5.559772401614266E-5 0.01407590948658084 4.6862786850394823E-4 2.2119141574546517 
0.014864960565745051 6.558048029640509E-6 0.037682981010056196 0.0012402756145634532 2.1998149492419645 
0.023177082605179377 3.072400446065536E-5 0.10630864065638067 6.695318072483853E-4 2.195300418883953 
0.026741998436602157 7.870492442140673E-5 0.041678482015073244 3.4439710984796674E-4 2.2052928726121914 
0.011198504913725123 4.9890131131340426E-6 0.1457619447440995 2.4320291094821086E-4 2.1951948169943964 
0.03212748234423628 2.8386252444609154E-5 0.13868295079473741 1.9892761168311234E-4 2.1967109867877324 
