455.5217199961593 0.7853954394807706 0.7853966068725418 0.7853977742660482 0.0 
352.60239640271766 6.638694822533491 257.2411315423064 0.7853977396391942 0.0 
361.1487465426731 0.6524940940244459 6.883627228649009 241.86106432943797 0.0 
396.6616473255396 0.6902851716057617 7.598716503018857 0.6904128647782878 215.14682027899835 
387.9308614605425 0.5987668758495999 0.7093438068414698 220.2596728015389 244.78402806569378 
225.76826770389766 0.40251436620468334 0.4025150059218634 378.274767749322 0.0 
345.74508000471866 0.4608191786785854 281.7278487811753 330.20254521546394 198.23468352255577 
225.56287568491823 16.794018684512448 380.9861048042396 0.7691002893252036 91.6949422912908 
193.64205512967126 0.35379926526702427 0.4089759036870874 323.30354430897796 206.78994038064053 
184.92865928168854 7.232164348651646 307.3442247919467 0.6833452549389613 203.2608170541059 
132.63835847959814 0.25517295028240233 227.98691647190316 352.52735708127494 0.0 
138.8725118654756 1.0651223695593992 233.86764828142188 202.79686623541969 176.66544157804088 
42.21984787629316 45.78619887746501 279.5303506882035 191.77951537803733 175.63217580093988 
0.5874797647742819 8.610514834409443E-4 400.8271878757444 301.6235937235481 188.44061692100885 
1.777454810705526 1.1871997149864113 186.9844583502987 261.5848833971365 0.0963050288728325 
0.0019589763419872275 0.15194892850919345 0.6824156987665739 374.2736585604865 191.5793833789972 
0.7853962208283738 640.3483698263043 0.7853968115783262 0.7853974023286561 0.7675128027456237 
0.6831068869498389 308.26524773511596 8.113158898149434 0.6833451088678382 174.71148544079 
1.2531550658253003 230.0218260794048 1.850191923051269 289.43570018501555 0.11057159658598843 
198.31471196513306 319.2103917761146 305.3332039122023 0.7811621393252718 50.49192672846792 
1.0808270199107597 198.55227745127857 334.3743753519469 0.7853976294759125 0.0 
182.77682696084378 294.202553118851 2.557542290003733 256.46752774187746 233.7178500069611 
289.65180907445244 249.09916870566133 0.7853959504326093 0.7853976101558879 0.0 
0.3510340920695038 177.4333471398133 4.628939168764699 296.30990439524624 195.69122729387095 
0.9746409667108341 181.6836917154798 301.7173839782127 0.6833452393894807 199.5408684738902 
5.361481358960166 132.6526940593487 223.58206399985713 301.4767072733955 0.0 
275.0834291555573 220.22017950153636 0.6976269237366454 0.6976282909308859 182.23340298962333 
125.66853264382844 108.07580395312498 3.2109928091561417 330.1712953154958 0.0 
142.14019461460396 98.41152741775849 105.78324437057124 285.35814411534204 99.37965792183418 
492.11497452185574 202.07132715804838 0.7853964594056312 0.7853973153289346 0.6368453097038272 
0.28463638742248043 199.02685674368317 765.2616565085807 22.92478673864106 0.0 
218.0653365664766 131.78376784576656 429.22992918782785 0.7691142601516909 103.25689223672899 
351.7135923047665 144.45809718999507 0.6311934170718598 281.5453220621527 0.39995468060464817 
144.83024939975274 148.8751881548435 349.7984697982979 0.7853976755069166 0.0 
321.8283285830543 132.13993802348458 424.48652096294177 0.7853978953393204 0.0 
0.12520035641787938 57.70339121060867 0.12520065112016396 357.3525839152723 0.0 
0.784802432226137 0.030578243359244296 1142.7949258911356 0.7853981015699938 0.0 
67.92879576179496 0.13317317523191355 289.654668276681 256.7523224440916 77.8251064150082 
0.0071383094748480634 0.776640614550964 454.3328640002466 28.642427641621342 61.9924181073219 
0.20896599544565989 0.7225012324609622 409.5471279510371 123.18252896772233 0.0 
1.8175280722554914 1.092770925132147 861.4046159982578 0.7695319245338256 175.82192313320374 
106.69065731752454 0.18327164470746807 444.5888520631293 0.785390866775215 1.9179671127971996 
6.3261899107476935 0.009818165943751438 476.77487758756473 146.26499453364264 85.72665789646118 
9.640651353291584E-4 0.6886966385995893 491.9828623062881 259.3042740194808 74.19938365554147 
81.0103744222684 0.17601995758948374 345.2022719475953 0.7704351741049631 70.22009567498728 
0.6619508852902214 0.0011528384388093784 380.0876378712531 242.7053025996286 1.0070639881132226 
0.09782301769493838 5.687323046378501 474.2939222009958 0.7279211925861437 192.17901259065687 
65.7046642445741 4.912635225879737 296.10378805566853 224.65593446110233 0.0 
0.6180687328927758 0.001196240667983054 319.34182167455214 240.7613048390637 68.74204384007082 
0.1880902997628633 0.6647754103226121 404.9885997028365 0.8011468941169848 218.9780389412763 
170.54935972999647 3.0405826501838 287.1879977230612 0.7853771281063807 2.402328514781236 
75.6410814249 1.865552544941323 352.8810739703333 376.4740228864807 0.0 
0.5213144010628348 0.4173106742683587 388.8644478928068 117.58020269878345 210.09601759082204 
83.35210326326282 66.26016193596189 478.8911975328632 0.6997819556520288 249.9883785776845 
86.56873728087777 0.14989019602487944 389.50809000963727 0.7995158786400401 215.74627625214015 
5.063154661082729E-4 1.941078964566675E-5 0.7853979454765424 1217.4173873783482 0.0 
0.06556012570059272 19.939787710904387 0.0313675794237112 498.8677934805283 0.0 
12.558817737054294 0.01700401801511402 53.614998122980694 577.459670479928 0.0 
0.010632199244681409 0.07408536801550476 42.24651803439414 441.30713552355076 0.0 
0.05639424124287103 36.70415863580547 0.05639430780749241 509.8568840411165 0.0067182632272729075 
10.718576234078464 0.268603509993882 49.93200028987009 407.1105076000223 0.005761815397035771 
8.277654638338386E-5 0.02119926568225288 0.7827235530810736 357.337169751687 27.923045986965313 
29.525562458656207 0.04855209691476301 51.47451132810095 473.91700901753615 0.0 
0.8248335160899442 0.0014991849249736035 67.21220538187703 426.856837292862 0.517289046477562 
0.5479128036498481 0.3792729848833837 0.4076245357015277 448.24494543580755 46.742305548082236 
0.16558674961883083 3.059353531645921E-4 89.62356969825214 415.54012089963976 0.0 
55.40328533169523 1.380094914980655 2.653802125020804 442.7611465650171 0.006266275089042441 
0.002397252634137315 4.183971647050695E-6 0.7784956759197987 446.04978604253864 59.511917094453715 
52.48830285599071 36.42492887147442 0.4233614498203766 420.49588954505856 0.5097839370440053 
0.17040546141987514 2.989215394568685E-4 55.17983995505136 440.3540844958342 59.211378620187254 
50.08558861587072 54.24148780490055 1.404514893592261 459.78204542273863 0.0 
61.888197545628366 0.11801483802030986 0.4142046124041163 407.1946282843345 0.49366195169172755 
0.3136784739528691 0.0059284077653055395 0.7076149047670633 413.322841885723 71.04384822217413 
57.46713463445912 0.0967494565542197 0.0967495936664555 458.828031880346 61.69498279647825 
0.09945671380125305 1.4963637988020284E-4 0.7570212115933638 507.48247510291554 122.33482283558011 
4.597603186462278E-17 7.714595960487009E-20 2.7399989482154926E-14 8.40739060583699E-15 468.06760925744777 
70.02913260255407 0.11090097823772596 298.96955145768675 264.9736139836545 285.4183839980605 
6.246824331882755E-4 0.3361455352676656 180.88233315219927 95.37643828841003 369.8639868431661 
0.19847142676909618 118.91406377763346 3.0665870563336477 198.62600746534702 409.67687127633246 
1.9902738954829147 128.85548771016002 214.07123970409876 0.3821176363010057 448.69317745601893 
50.44810443908392 0.12472586844413595 226.99124365529102 172.1858380941437 351.2214461001618 
3.7005072484409927 0.08716632906703735 301.129714494041 0.5534839599601167 303.1911175028864 
0.0011421721524132048 0.5625702817475483 0.001142174506436133 277.0918777822259 269.94062181020183 
0.18924125873224715 0.28482245017364655 170.80692268580938 225.2768982663342 271.9868806839846 
77.88895646356389 0.13170970243767308 298.90456485547287 0.5223243842249007 346.86058666871253 
151.02703199943656 109.99792985248179 4.890441650921478 0.38641655566030325 330.7244634937853 
0.39385549701318 176.85106758697074 3.443574641230271 0.39393113033896315 305.09599886360763 
178.09037576360458 3.6004875265674974 3.465627518845916 0.393931134984636 307.29591706292155 
0.14577765687225908 89.20996677853995 219.88469249185727 247.52948222336644 336.79156037274424 
119.08530333964895 82.43564065135261 0.263545829961105 242.66294892615792 326.2464302465407 
128.7895437096625 0.2635768626111058 0.26357741459981343 215.7463159830587 290.0709596924044 
0.2107345558770036 108.77985680116164 268.00166835450545 0.5603262926928231 284.087203055756 
261.19237202983106 0.5963439013415874 1.1462883719683636 193.39816994782905 394.5090193841752 
0.0011683042704992146 0.5979853124147622 306.0736191418417 161.40217462299623 204.6243548457669 
270.3521658687798 0.5431962962637052 7.65952861454814 1.573817681687557 282.2225399568088 
