43.08822063057277 0.006829681964338641 0.0024978667456915303 0.04262148116608003 0.011463468768332711 0.015306245681651755 0.016867253814363676 0.04849390715792008 0.02283937370897166 0.006517546339264539 
0.08594688923098036 0.07982872063278745 0.02590539586392644 0.10320696071434995 0.015553334639425792 0.01242293000082376 0.00620174502771672 0.03922140677657405 0.021813979348637456 0.001414035293760551 
0.08910277019924999 0.007197065127210872 5.011887712256594E-4 0.03847173550424918 0.010296689905504097 0.014937806505746377 0.015703645798047127 0.03324857071569917 0.043539186570057405 0.0012447663593398953 
0.7816846700412767 0.004043560031800191 2.0057368006072437E-4 0.01015497322090669 0.10947794137749912 0.22906513232034625 0.021881011597046255 0.05420951782283227 0.005894515733950433 0.28585644562178314 
0.7811530862500079 0.016645708734951605 0.5390531861166656 0.006327827957805329 0.057688842122761805 0.00696543538632097 0.01123107490622513 0.05647311874865511 0.07516512988795895 0.27049961602977396 
1.4014232451088933 0.08640405954262448 7.309226492417228E-4 0.028938986749225775 0.824882440610304 0.009531284996677655 0.018066569327466763 0.048786998573463886 0.02299631261692543 5.809495371626353E-4 
0.20450717298612972 0.0030139800201845614 0.007462606871655467 0.023176201902902923 0.02692662669875169 0.11379706257540062 0.052837375681814215 0.09707367050561405 0.024047468415453074 0.06191006344202134 
0.08832528567302034 0.07874048061375508 5.245747232708968E-4 0.08026503966433289 0.012120095059704421 0.033948664099017783 0.02148058749446617 0.039198531921111675 0.021597113277928615 0.0010744743821924185 
0.1250169258044254 0.01483815919704051 0.0012966440212092924 0.029055272343662147 0.018350664409959416 0.005894527918795418 0.003839216882325976 0.10353635455556827 0.025370970668481506 0.10630266063076549 
0.08504079012674512 0.0034274102753445094 4.0843526995983255E-4 0.018097795543900334 0.022163901166325307 0.03134016612469887 0.03707038898791194 0.0544634687472768 0.01969945674148633 0.0028380840316105326 
0.004518793283622958 53.02671773676305 0.002001999584317946 0.04285383418113969 0.015607437418105314 0.00878322914084704 0.02682221713653062 0.03546215628589371 0.041303101365266756 5.581239093047203E-4 
0.0859773250742167 0.08156602281653286 1.0983255406517978E-4 0.09686460744380938 0.06471110911886499 0.05127819062442684 0.09239866501284483 0.039331601252682896 0.021713304387567873 0.13049100469033237 
8.795290130331303E-4 0.08765475135935016 0.005103086774146042 0.04815678942010536 0.024172914984527276 0.011913864262648188 0.00561663330540179 0.0363869159727201 0.032111375398961584 5.843412397995513E-4 
0.10128923333762123 0.12935687187457212 5.439719328555305E-4 0.03925614288147117 0.01078748049349473 0.014710853139627195 0.046208856225638015 0.03132164501738038 0.04366055804306135 0.0010523618840922566 
0.01044222040525797 0.08660041791994438 0.005102060423137865 0.011552887415292217 0.01685739796763911 0.006112133414524106 0.06612879521451506 0.0366281575468725 0.03225310320392416 0.0013486110599831218 
0.0019161160667588797 0.08669058662843498 0.11235256910953435 0.03183224905459241 0.03580353247509384 0.012633925456673042 0.10883651068058514 0.03416824687179004 0.042921015552937467 8.312985671953376E-4 
0.08136413748302387 0.03585115727161096 0.004981509732562388 0.04623599069970954 0.045049993864711264 0.011282824215217983 0.011992361767696868 0.04935552144356382 0.022120434623228793 0.05257922695657475 
0.004201205886210731 0.011900403131672219 0.005137595563355955 0.013930925905288105 0.02327633816410648 0.019919098757274045 0.04186082497666227 0.036589727750017335 0.033077266433835885 0.00808421959924475 
0.08883785120085984 0.007643349153141054 0.0029628941728162754 0.022655726031295356 0.03919382698234603 0.04683196800160715 0.03214297487832855 0.029912603093583554 0.05416539910043783 0.0013293518833343474 
0.08606336273724477 0.009747635926387081 0.060690724283278805 0.06833215700499583 0.010400663215216167 0.10142786691691688 0.12235123728090423 0.03953051873043135 0.02241407149604619 0.004579829413657496 
0.0028593993867315607 0.004381670547581596 36.53467011643802 0.04835656297207657 0.014371790527738999 0.009738309923312562 0.013671063793705432 0.06145970655388983 0.04848340117154597 9.759604432508188E-4 
0.056515204515622856 0.03534962446907916 0.10482943982340769 0.07730750097110965 0.02688295937662635 0.011598090609369706 0.005619804251708609 0.04871666409297766 0.022481924963890648 0.0501456587441938 
0.005038130008825133 0.01665426597223438 0.5923790585832972 0.015802000325134888 0.02076194966019348 0.005415050923814837 0.025608331365487673 0.04140262395800556 0.0251045750826508 0.46030543629233944 
0.08942946579149104 0.08524988799450335 0.10328879828986078 0.019347251996953894 0.026882125128296488 0.011304782524727034 0.030421488075041987 0.04639360035545628 0.043853578483871995 0.0020809896438327303 
0.008392267458106622 0.03191712398828994 0.044346712090944124 0.04247149927371191 0.022022628112007767 0.015852250635373676 0.012657426229495406 0.04822866962435489 0.023348419598128896 0.004122092485458484 
0.02890425771366743 0.0028323142889448965 0.1085695072715892 0.012743706145968793 0.09372882955577752 0.009202619320951195 0.020217903119582048 0.048955919073910274 0.02243619252987944 0.0017743556936686998 
0.005633249788390879 0.08900608357112388 0.501298864661601 0.049189244355208314 0.023638402541293676 0.20976169540910458 0.3040405634938999 0.03408673037093989 0.04020394254479855 0.41992837899423946 
0.005068252670141674 0.11860907622441 0.06505015805832923 0.06668396885883696 0.005669959103821781 0.017339503278080374 0.018535668206976684 0.03896445322872709 0.02315005965841898 0.0021814933011814882 
0.002513845303204403 0.030294507589954507 0.11235242087510271 0.021930930494331827 0.04885424031315749 0.012626895288087761 0.10864785679775646 0.034232251600415764 0.04207529694760669 8.262542115778056E-4 
0.003820157694063915 0.007479951594985163 0.13208619729295798 0.3079582876539433 0.007540341290970382 0.018632936570858814 0.04889878884370012 0.041944513142143834 0.045449250212909985 0.009832276038192794 
0.0022983927651753625 0.0078951786306357 5.50543446060669E-4 57.35446580648954 0.0055909605522026186 0.00895133324028071 0.017293969751851632 0.03344288150503155 0.044915227894526684 0.00804596895390904 
0.003776060787837301 0.015143413745156561 0.004822156851164121 0.09502413988566757 0.012764023240099736 0.01544442484169478 0.019520108192061562 0.04309916192047388 0.01570317115083602 0.023385333648840375 
0.003590007765668049 0.0034239157830464424 8.142748034365346E-5 0.19935313694872348 0.006175617455575222 0.00639635941243011 0.08099057496370583 0.0313632336793107 0.053196703450164126 0.001662915933063071 
0.003941609060050157 0.11946698371870772 0.00483065577428722 0.35220371644973947 0.008831044811426955 0.011514323209695027 0.10383442040072498 0.2877524861118592 0.015153523490426854 0.023181507965356028 
0.0019104147588700237 0.078672280066015 0.0012079925135782498 0.0871627443606253 0.013254699796319384 0.016725274569158306 0.005082874251917892 0.048809609534969364 0.022191199524005032 0.0013674113146395102 
0.05319048028478711 0.18388352607174735 0.00683220195471657 0.17548515419094468 0.0038277784537901773 0.009467606670817282 0.028395972203268834 0.025829326909757543 0.07939966764646907 0.003010696119607799 
0.09214704297747858 0.004591093714742204 0.0029627160345649453 0.12183010351161543 0.029257416052446084 0.005360993556410626 0.031825359046649696 0.02961571445786083 0.05377909840060639 0.0013366032176428662 
0.19980606751154728 0.0031978713068766393 0.031633571169240954 0.3662107143316244 0.16190835712558815 0.003743935225624892 0.04565605449559758 0.04185434534535711 0.023286970197026174 0.14957990348181996 
0.03472827264237062 0.09390484987965526 0.037115545706554835 0.11042706178476111 0.0043327827864399 0.01656669087129296 0.004646167175779975 0.047236764453361585 0.045152337812571136 0.06728932153919409 
0.002893117504326802 0.0037165536724689573 1.003972892501293E-4 0.14399569471473334 0.01049561863698709 0.006328761457210714 0.01033192929135939 0.18359213251527234 0.052151872931680034 0.001978949693706426 
0.0018947355840508075 0.0051573708901334865 0.0010886023803730958 0.01712081572880878 22.017170053995596 0.0018771732427229687 0.00829743407474737 0.012545742400064078 0.023064765481114025 0.00585350993431543 
0.00754203702606017 0.010967911996824542 0.004859996247571839 0.01725034757650214 0.03976530479526382 0.013863759906988508 0.017694347430510255 0.03642956416245011 0.03022928189503712 0.02329394040619661 
0.0334660197585268 0.0035130310839604326 0.10901228442392694 0.017222964834338186 0.1115447676383575 0.009906936263587275 0.004943514848733571 0.04872455601237473 0.021143108567872756 0.014395644073206898 
0.003091123016848683 0.08496900596002441 7.299958332836507E-4 0.04541522558846872 0.05687995301728111 0.013446469329226676 0.0055183288998533475 0.048786998573463886 0.02299631261692543 0.0014017209440794712 
0.08187664766893614 0.0815377192633935 0.09857686915471654 0.00415637304065544 0.10741618134141995 0.03221036701624371 0.009537700182126666 0.038835234533732124 0.05988315573605598 0.0010557880710967153 
0.0032016971397109475 0.024008184157507703 0.13215850997784725 0.04530114934698563 0.1927746179233435 0.0050225788734288915 0.005544609414758004 0.04172508233485779 0.02330859241671498 0.14576068795056427 
0.028689044297964747 0.0037812467706995843 0.014592673396204445 0.008020059254665392 0.07458348346199735 0.005750953067170229 0.012011768482346112 0.11805580501892644 0.03203546875197547 0.0017744028167864336 
0.0030938476594258592 0.4933169231340098 5.287377801859718E-4 0.06078927038139652 0.3881261488170181 0.20099855818862608 0.2918606454388475 0.04314689501377402 0.1368091889373153 0.0017827072690362385 
0.008258390748101061 0.07076016831249911 3.248465132701673E-4 0.06050318361645451 0.18758739345131448 0.19523471004793794 0.005989158784099184 0.041899877601815745 0.022240842964140056 0.002266542920536387 
0.002516389075900004 0.016949212157738956 0.0013106463778899918 0.03912401524440328 0.02395038244822803 0.01157869408484899 0.005291911605706022 0.04917645492915444 0.022436699128169535 0.00177902843363812 
0.004098679237798305 0.005678483029740413 4.389340504437184E-4 0.025459588310663018 0.007176738366537755 23.588017630667043 0.015504318903230114 0.028558357328480475 0.03530959742069885 0.001259134237542251 
0.006217811999725235 0.08587503786039041 0.12748291996323208 0.036637239911429705 0.003361472365142997 2.2260439204184133 1.2170474609811535 0.7464240052270354 0.033200793763575105 0.019333510096317095 
0.0017474315399226795 0.0033599551126203917 0.10595731260897276 3.2809540824185257 0.011668929679040067 2.3942028614213147 0.02668276361503282 0.040836414066847154 0.8800482987034968 0.47381438109243446 
0.0014771777065934583 0.006475594906206947 0.0012459801750513287 0.03712091518785032 0.014075886414025438 0.04676975758831796 0.005839696176163249 0.0563496205416545 0.02298051884290679 0.017974776476205847 
0.026208755769054844 0.030762669964825025 0.026898431403033687 0.018505621901532765 0.00565858752703598 0.04725127727392477 0.012514004712038675 0.04823557295748873 0.022623397469632635 0.001570975591521145 
0.09190700954688727 0.0035429353972414356 0.15850583111660002 0.11655747529557518 0.10970732522605009 0.2744942185526262 0.021937103502964517 0.34522403580343386 0.0287361176801324 0.0011438015726826013 
0.08611570121040912 0.07823353270063818 0.06054192111131339 0.10176872914223196 0.015394283779236387 0.14124382555547169 0.09571832318598136 0.03950540194724671 0.022067216009392165 0.013781675918194588 
0.0029171005484092587 0.052643505241698474 2.847169401812519E-4 0.024491808200220583 0.010407898991983078 0.040245365016905614 0.012271634434144224 0.049034579526465207 0.02323263946126667 0.025509893614288154 
0.0026663566478994667 0.013231043893879907 0.0012220245611051775 0.03162754537684105 0.021237951862412566 0.22669121387313304 0.018701574485175447 0.03873821504706795 0.021904838903951406 0.36946013972650465 
0.004011086030129682 0.009047254433981428 0.0031251570450359224 0.035111161483419126 0.004036422270906753 1.0076495018389897 1.1647434655811748 0.7306659370005907 0.07000194658264543 0.01571716419202269 
0.0027467991377985016 0.004239313679771199 0.005166818905346376 0.03820487880394156 0.013183798232203628 0.009655688937644505 23.112561773162962 0.029222864186577765 0.03163214207403354 8.441314210775625E-4 
0.0025804982810423128 2.074298625732022 0.06420858232579757 0.03957094931102807 0.024342519861680307 0.008890104929144412 2.0453265926222586 0.02913224736539282 0.04001300756953083 0.04407853003778851 
0.001941718202771923 0.006657292596973622 0.006631720729491973 0.07757745823656965 0.010791925633087214 0.01320553449493871 0.10586122163124459 0.029583087498219737 0.04416948730918881 0.013250965442642846 
0.009782551984999121 0.009667216923071192 0.005102064949455319 0.010784056023743 0.017254575683563582 0.00799400301056662 0.06613137247543961 0.03660273754503708 0.03225310320392416 0.0026088462163862554 
0.00485601821590294 0.08264674097892234 0.4853333283779841 0.03846879717371637 0.023010121865843714 0.011002960267307474 0.9409639026783119 0.03033626564739015 0.061688744472721914 0.6719257915820215 
0.08213663721463767 0.0374764884217231 0.00466167833455724 0.04566337728806998 0.04906841915987976 0.011342329232739711 0.13914357475107567 0.04922621021255758 0.02332872430849115 0.051658871151923504 
0.07458671932172714 0.0018356369250584086 0.01368223926241797 0.03570210492832542 0.018517075278062695 1.3287607978003817 2.059323482481306 0.03334042115338095 0.024020253877262913 0.012959772757305546 
0.004772206116994956 0.04928983155039532 7.028900856223564E-5 0.06860097400826555 0.25933246935507864 0.013534644049394558 0.44992794708468814 0.03044026800548832 0.06147073280988525 0.12439277523155993 
0.004627418781620858 0.1211636244091881 0.00483065577428722 0.09509005025558653 0.012087805706052418 0.015470635683237552 0.10811372933767181 0.04313477000283786 0.015691939978225978 0.02334259712866945 
0.06449041546462984 0.0104337052955576 0.005102064949455319 0.010770747329646774 0.016028247630837242 0.00799400301056662 0.06613137247543961 0.03660398296943151 0.03225310320392416 5.18292847193683E-4 
0.0029035649796990116 0.003885105262936373 0.005319658387765563 0.0343075984109733 0.013856553276174449 0.0070905493768952145 0.013282142446474245 49.99577321827053 0.012579159322114368 0.0013440985259217347 
0.005316568656118661 0.0842369534632235 0.005102859370381896 0.027150730760660997 0.015661566345721963 0.00818308740739648 0.003579453360628133 0.11829112333017001 0.032111375398961584 5.879367941182837E-4 
0.20861195204892227 0.0024960829366677487 0.004742561821401438 0.04158912248489627 0.010881735224231128 0.03517743709671688 0.039856830650500094 0.45250515402568525 0.022787802665708345 0.2543051269465965 
0.07205737960051423 0.0017541022153785548 0.016606321360029718 0.022913255868612346 0.011723546039638176 0.002782228365497594 0.024399800665862965 0.10347606311823851 0.024031848571041695 0.013409494307878026 
0.0048204102877208365 0.013367303743227687 0.0030955662617972767 0.026182609796260973 0.009811262371481784 0.01328027129253102 0.01737534029352297 0.048742865995566334 0.02325196729505316 0.0012140367482459937 
0.003297178924341823 0.057009146907715996 0.0013106463778978562 0.017856044274279642 0.02292302369278213 0.011164892331335477 0.00537161893714274 0.047187196232647964 0.028601254073862277 0.0017833023948938729 
0.02618319227303368 0.031538147336245284 0.030388035971002675 0.01942759714691452 0.021798170345490378 0.015743485885787053 0.012493908117572602 0.04817162494981672 0.02252473149453823 0.004120571854567354 
0.035479021387579995 0.08985240964602768 9.323587982412324E-5 0.05873346376803303 0.005064835599060281 0.020682689468898778 0.017464092686575342 0.048865268800299816 0.02268034225030984 3.595005814741154E-4 
0.03699790749088423 0.0022832695617550024 0.004822156851164121 0.03733085380767823 0.022899881784051623 0.017011711037734533 0.005198376520556755 0.03696562373425224 0.03023580529216273 0.018717311354793188 
0.0028837869866418543 0.08333523986272759 0.0034676759917478127 0.00981949100565144 0.009049546228533087 0.06095824610215775 0.10162212832898743 0.0765387533792314 0.04365952776439307 0.0030163462909798306 
0.0028899147329462696 0.007644342476964931 0.001871737868392443 0.0227636677606596 0.008633853700036736 0.005322433508041825 0.00754101965778718 0.017687726955581524 42.54679616760856 8.084564061265658E-4 
0.0038596742662732227 0.015978108275419282 0.004822156851164121 0.03598008655667397 0.011415592619062692 0.013867737182450508 0.01735730911015025 0.03643473294625939 0.03023580529216273 0.023385333648840375 
0.6187607253067996 0.015666746084393182 0.03917158036092456 0.02415518998518453 0.042180731592603875 0.005547907508565089 0.005714086325950344 0.3014139332012793 0.8465399696007908 0.17177564738133377 
0.004321391156980227 0.06773570688514642 0.5923075728849932 0.015702397408203412 0.02343149149947253 0.011326032923424215 0.01210989199285618 0.03881950889311519 0.8019539839542232 0.0256200364222473 
0.06048634116813988 0.016811266357852146 0.04136390310366102 0.03786354371637095 0.025822415850628146 0.010131073553994546 0.006657742818451203 0.04920965778277286 0.08174947129922974 0.048551917469261706 
0.08886299726575782 0.08300649378454321 0.003005765318950075 0.029415560510873316 0.04722660759280959 0.008354031288880522 0.004272430553155524 0.026999345394455185 0.08543471863176523 0.0013106662493314386 
0.0028461753078040954 0.005011895688799204 0.038622255183291564 0.03968459132108002 0.0041781407278383975 0.0071658888859045325 0.010825246235188261 0.09320532957760558 0.05492044313050584 0.0013321070015771853 
0.024194423714461805 0.005602605249246466 0.04607669708076179 0.08295865056769208 0.05245113534168921 0.008676883793354621 0.007928113976110748 0.02962474867623106 0.06831940258599593 0.003144875920444839 
0.06102123079313394 0.07367133783183755 1.614732977963412E-4 0.013828985632730887 0.10151634329693776 0.02874146690337104 0.017551513897770113 0.03869494419459781 0.11838123827936244 0.1290073149072414 
0.003860376052980924 0.016201987252254434 0.0048221479278910545 0.0387946346773671 0.012258680567667388 0.01491064150091635 0.010746575687064277 0.0354236727295284 0.03272728180282445 34.022504408955314 
0.00866715064455881 0.01625263248824814 0.038376395298939596 0.040808444428666435 0.025148253780585543 0.01589501708956478 0.005142538781451302 0.044888106351641255 0.03513581094952217 0.05628959849053505 
0.18494030582123208 0.001454852743714414 0.018398740810707755 0.023187141675424797 0.01152492190515839 0.0031094112542063377 0.03590842245187134 0.10359065024980624 0.02486207139620511 0.45943464875797596 
0.005523655667397148 0.005201310096539546 0.05651931999561912 0.110347950656047 0.013143337992378313 0.013604219316711734 0.10205248727223032 0.0391645234464247 0.021055711397240235 0.41544363790592037 
0.013417407690989504 0.016284918572544695 0.03831664425166683 0.055375277101495674 0.033790338235841065 0.004001412072358331 0.005362458302871198 0.038394829529728496 0.035108835989522066 0.14720183217274724 
0.20660822489950953 0.0026233685292995647 0.0012851759701592925 0.057485820245007514 0.060342832823338466 0.014097325160707531 0.015388008291682556 0.03602486824122607 0.033042372900612293 0.25398543988921235 
0.0034465737237750677 0.014901761462126135 0.0029320881038435147 0.028415581130058362 0.010721549743351775 0.009919537031392523 0.017209911825781736 0.04868314056049674 0.022273915872986418 0.05764817365640585 
0.003908940766309955 0.016949212157738956 1.8232862031269926E-4 0.039124919846376616 0.02406387869283563 0.01158368313844285 0.005247565611466099 0.04917005245461363 0.02212721217189281 0.04630908698846692 
0.08172505004061205 0.0773963637700164 0.1022225474282936 0.007264318361232311 0.040838594013330065 0.027795692073768457 0.015795517598945687 0.038835234533732124 0.059720934128115945 0.12900613564096677 
0.005123895622321104 0.1473963632237911 2.055467021645789E-4 0.017158242659555387 0.018512437982345472 0.013659200116060342 0.012695581532403669 0.21307323168156 0.03250927107608176 0.13410199572382575 
