7.757646212558082 0.28898308297815356 6.016360148912211 7.850801029912996 7.270600535416489 
7.908613302618139 0.31792304100561897 5.6896874866850204 7.90861330261814 7.84573289235404 
7.706726845252558 0.3138296583555477 6.378312205631751 7.255424475225701 6.552262588171981 
7.516867451716957 0.26144547750984104 5.837078371726891 7.651474348345202 7.793903469679996 
7.59014734904233 0.2831296894740958 6.405279292751756 7.82722212817368 6.667969741549945 
7.740416866397751 0.3314892271411083 6.583802334155949 6.341896725641578 7.248039567653309 
7.68982082527347 0.3122940635329956 6.607244456960523 6.290876086006674 7.9713577609922615 
7.791767310184478 0.36882442826224504 5.9895360331878775 8.03007629358228 6.781446240128542 
7.635010989528386 0.33844035238229436 6.409654427039724 6.245126799160219 7.913387467542269 
7.695123087470974 0.3608364926403479 5.914875975126869 6.889189919717338 7.382863483735249 
7.4474933764296765 0.302949897783252 5.858176428804929 7.132487596747345 7.839662995011847 
7.71593348522585 0.3631318084853518 7.151928325844006 7.898262543356684 5.726306854074817 
7.492951064999358 0.3323445741525546 6.366139868568591 7.899949660334018 6.280586340540675 
7.968359875878873 0.45537147512182974 5.804505273895556 7.2877321731228575 6.718297994651205 
7.418325356142986 0.32081685429826273 5.7633234663296085 7.103569756853759 7.80787799486508 
7.584787986166473 0.3987650069381837 5.959653606732392 6.730149478739692 7.429148762138305 
7.376844609903175 7.10680157615927 2.9902791307960617 4.553972844926428 3.1376219643322347 
7.5736880288213895 0.9102149297587356 4.269223687410252 7.774239504356647 7.9243023032200774 
5.756824363231242 0.778291904977436 7.024248234701111 6.717515579612162 5.713724199457893 
6.134761834979596 0.7411031903942047 6.090825306383929 6.429300768585091 7.380538230677225 
7.430921308169383 0.5235804918004714 5.8945584878159965 6.610487130197048 6.219827231780893 
7.5543540942887 0.5781600725697955 5.93921240036179 5.593723533741268 7.81994310735368 
5.709676828706439 0.5714490043680691 7.123300574072351 6.7030629849992795 6.6670573926642085 
7.005226264918945 0.513091923920437 7.007862367053055 6.6935694123664495 5.70027022901213 
7.353052519183059 0.5375148559093731 5.245742598589634 7.2385811466401915 7.3772606123653235 
7.557418793323292 0.5306379108954563 7.051023638845762 5.276767838981326 7.9427120353380065 
5.6547628319234535 0.4712657146219394 7.084787734879015 7.728788896238092 6.680789216023376 
7.555230378324742 0.4345048715889007 5.906626480392431 6.17671100359359 7.826695761091778 
7.4563642625708795 0.40054900055557624 6.480861863812511 6.639115750336097 6.24676398661334 
6.308862054513386 0.43051284856286404 7.083474301246842 6.340061760078017 7.446156990323282 
6.7527923872667035 0.3898715639829622 5.875664754037168 7.182828159742944 7.377125536365887 
6.9553491217135335 0.33827084123031215 6.427261109185119 6.765052464217175 7.483575476521483 
6.8279778545434 0.3353822447356061 6.408380148328118 7.972475191285262 6.759935133643004 
7.301617889686378 0.34987662173591716 5.735073121676323 7.971690873429149 7.905765740120845 
6.7685049084885724 0.29172139892331767 6.334631626526199 7.215501486140695 7.407476881659513 
6.842360994330624 0.2560958685590247 6.416241027282347 7.976759529386631 7.604741658321377 
7.882632664441775 0.12799562977008078 7.800610651427975 7.270654360227825 6.759387897275856 
7.820526071060564 0.16095475765185727 7.167021339909386 7.212988792165925 6.7057773247558154 
7.674817968005785 0.15343507742920018 7.00037768268663 7.750481063897899 6.69048166517385 
6.276475065480232 0.2158205574371159 7.75130741361429 7.848134953223104 7.464765897001203 
7.181186934029574 0.19202490396394178 7.141089316543773 7.1868904473971185 6.6815141942274 
7.801917873326449 0.2400947825177707 7.1008047257730125 7.877931632623444 6.355589834653417 
6.861308695419885 0.23982274343604798 7.03471437269231 6.743131930011873 7.416960752595174 
6.830405525411427 0.21899957918936735 6.83524968551761 7.301477100719611 7.487226246252716 
7.687673023442801 0.24722499624299854 7.029343332454366 6.291611851081137 7.389254448643119 
6.814025208083456 0.27023447485576413 7.195079853809298 7.137815904209817 6.66564427797559 
7.429908035300709 0.25412277348988727 6.9460260833456084 6.610921620614724 6.632688195383321 
6.160981227573094 0.28982728864243756 7.3032329022510725 7.2287410677406765 7.3575207905797155 
7.765647576658482 0.2339957340820469 6.5627499490271015 8.007467688127102 6.766314879500377 
7.499510863348725 0.29469541360369805 7.071443729988609 6.583708695459134 6.232445831115889 
6.320704941915882 0.36411640111862237 7.77021331643779 7.865378254828854 6.381986849263407 
6.923984444451941 0.30871739872878096 7.097227258937998 7.5834580920133074 6.381510302637693 
7.360769088068541 0.23140909442107935 6.393642911513385 7.296802189791184 7.602222814977922 
7.888031756903321 0.25924758720413804 6.545794191193161 6.6880361932612304 7.219724636035887 
7.759055063899848 0.3492072061576696 7.38027441054646 7.836953603878047 5.758631766384266 
6.877681689294467 0.24436199618587326 6.352632653020824 7.9158996447001355 7.389002762657331 
7.685952130396667 0.0909446217188515 7.003983000367406 7.196596823033841 7.910128554487376 
7.242302588349394 0.16538189247364737 6.570973299302175 7.960897072871207 7.563959864331863 
7.493919457013497 0.01740583956739515 7.635837925297015 7.75722266688354 7.897931071195965 
7.795358455943924 0.11287608136253785 7.0345044166647686 6.803840434733601 7.783079650655937 
6.750086323705148 0.09204267961278093 7.6526347693545045 7.748458066086586 7.8419939303473525 
7.1940994606502455 0.09831682163378506 6.9809359599524425 7.914609197425229 7.519979942361549 
7.683622305364539 0.07695416320422097 7.001534515557384 7.760135328850226 7.3941907788011765 
7.59627557649607 0.028363556164208867 7.61646439185533 7.711244204121078 7.348075435601033 
6.778394668435687 0.16654398856364308 7.163412545859173 7.1055530116034475 7.889451584945824 
7.22176255119573 0.11104728007732607 7.258083712851889 7.178186328291782 7.3060654205405955 
7.76958871812953 0.19946475027681745 6.407843200314487 7.271845345553575 7.992837854633415 
7.676855172721946 0.1358511678020457 7.082424925026336 6.85082955004616 7.340449861811104 
7.828601596522432 0.11564143569371067 7.710730874970564 6.759438249150521 7.436153862883493 
6.810957452948343 0.15984317397844122 7.02562705053739 7.813138746178563 7.496710241420371 
7.195977379099068 0.14932741233887747 7.6824459383727115 6.734642897657326 7.408876145121836 
7.621627969359723 0.16580701596444092 7.062711244961941 6.627940601293763 7.316808709314698 
7.292252099980588 0.19156560633453545 6.717118965584699 7.274965027085659 7.450714195334211 
6.784614687471779 0.18385076234048003 7.168986966713384 7.111224451355509 7.407878376909459 
6.921819522893857 0.18577182920157656 7.7201352125517495 6.767682349506887 7.445223314582188 
6.800615572257546 0.24358521728909066 6.373518771672154 7.950598179951991 7.884847481233712 
