145.4835818051969 0.004666444413126437 1.7417815169150856 0.015951197022306678 3.459777733344744 
292.38147190843097 0.058534157478916965 52.33291826952944 0.26804708988823 2.610381594675221 
1.5395876387988872 3.0662143155377034E-4 0.25399713213894637 0.0035635179257991205 3.5132024176854593 
5.0205586181505995 9.213999615965614E-4 3.3275067932603113 0.010932940838762008 3.4755130160931853 
4.100619247250856 6.739974887722573E-4 0.499202639970651 0.018895806247363638 3.4749385157379016 
1.847770436383291 8.12509508243592E-4 1.0294309161677675 0.005124809084082986 3.5009496348454774 
80.48191783385339 0.039579690936752364 35.20038185410619 0.34335116841353486 2.6103974902564766 
2.1811012017738136 7.538263583346127E-4 0.6407126646230425 0.01203089979240395 3.4941678469259148 
0.13868340798591758 4.1269861483963106E-5 0.01202587797420252 7.360094547030669E-4 3.5191337924695643 
0.6699899090799103 1.453756895171978E-4 0.5804944891846072 0.00257939849976682 3.5127948911594764 
0.6384411860791505 5.229104057796316E-4 0.3084686895383067 0.0030853662176615454 3.5082245206698737 
0.17366804056228782 4.664830550449468E-5 0.19147488243596336 4.2843252851937347E-4 3.5190245953494945 
3.365880174911257 6.517306779856915E-4 0.1998890994806594 0.028796402493144715 3.4553829644881495 
0.2966485416533886 4.5017056010505E-5 0.506037411201443 0.0017194693352831111 3.514197692453136 
0.9661175877824554 4.249983207206047E-4 2.0414507666389943 0.002383285682889448 3.5130454906305637 
0.30768535301695116 0.027127729286339636 12.513020712883149 0.051869024506999165 3.2364401184199454 
0.1991281476640763 0.001448487009805632 0.6311277532863432 0.00456104701198111 3.5020823635996168 
0.06731739224932391 6.75142877989562E-4 0.5791598729239992 0.002090020154281758 3.5145805646971526 
0.0895691275439934 2.5675267596701366E-4 0.29014465697724734 0.0012700339559034556 3.516149663880445 
0.09129661044033655 8.954860333489289E-4 1.0063884263175495 0.005980362252023925 3.497333107543066 
0.8555795281804712 0.0032658760808065646 1.2453104768869252 0.03498611522010104 3.435876778596946 
0.41382587051671677 3.4693525259405584E-4 0.7241276767197987 0.0033160178077681255 3.506552840303974 
2.1185940481258845 0.003472708987168122 5.1532317109559225 0.04775875718324659 3.401492203038069 
0.15377049666289866 1.7514391324225718E-4 0.41076261540211967 0.00265896519046542 3.5134784079780843 
0.08228862942241813 7.541896602546336E-5 0.14695324296807893 0.0010966491372491041 3.517021597949008 
0.02588675254301648 1.827435949641596E-4 0.11431602055319165 0.003454031025345648 3.5143874365560697 
0.029421056555960723 4.292979356032799E-4 0.44234992130201944 0.007777625921026787 3.503500566725748 
6.459451260773945E-4 1.250032026960295E-4 0.5929217469706055 0.001422822526651275 3.516466053405707 
0.06528520400619053 2.8089142016481855E-5 0.06435990704829637 3.6428482766658147E-4 3.5193050411173066 
0.02186785435708668 2.1783723380664608E-4 0.822981273829763 0.0038596626478312837 3.5072586512423176 
0.006885404853181251 3.658465398234806E-5 0.13878418676416704 6.605237498177411E-4 3.518990522212601 
0.08339035969171155 4.4647173033072376E-5 0.207173994907708 8.77836685586119E-4 3.517179822265512 
0.15432802784758556 1.424348839075251E-4 0.14170464687155415 0.004457094344775041 3.5112905933276997 
0.05560878541413264 1.994752350747759E-5 124.55686803265797 0.008164032456947128 3.4892704281688425 
0.6819119780491517 2.9048893341877526E-4 13.355592135119513 0.010932276309009718 3.4697440651889604 
0.051328522256378795 0.0010585053878599962 11.302677955677435 0.006195342999854679 3.497821539845792 
0.00465454988598316 3.7007414228231116E-5 2.618468283449815 0.0031242398562798287 3.5086740002757706 
0.004177092715472529 1.0175166204994854E-5 1.3032291343638738 0.001731039673338659 3.5161622723135313 
1.4982955270000609 0.0010756212569626178 10.12337416428194 0.012190401138227648 3.4711452391355753 
0.2274055126398141 1.124548827408532E-4 1.0617743241511475 0.0011427248217668127 3.5170215734755548 
2.571729873209025 5.268996903805992E-4 7.086718515949768 0.010494507715676135 3.479761872021925 
0.23446845594643426 1.2288321915619458E-4 3.081512981722903 0.005052631588244113 3.50030359823407 
1.2450067969703058E-4 9.7828394168163E-6 2.272361928869201 0.005465926405259048 3.5017454895386098 
0.003068247342610046 3.1263460311538884E-6 0.7711875944099414 0.0019128545582729147 3.5156726563616822 
0.0017884228398201347 2.6284563867943863E-6 0.27423928995452845 3.431155446395231E-4 3.521599601194984 
0.004542767604488193 5.8186993502634885E-5 0.9416437420876058 0.0025387124830340444 3.5089900512246768 
0.011721633576129866 9.314236824980614E-4 17.07419573123571 0.05053796277603261 3.320774293704242 
0.8025106210967083 1.284821500553666E-4 1.450289715802025 0.004827234583821944 3.500174717606965 
0.12862041781678937 4.7508327245296704E-4 3.636970476032335 0.012798693997729862 3.4652643682540973 
0.14061193824783583 3.583986683559628E-5 1.4344363552964514 0.005378991806632029 3.500238752043317 
0.01790066738625042 1.205832253008882E-5 0.17969929892000297 2.317637498634099E-4 3.5200006748086072 
4.929120084761756E-4 2.771498276363504E-7 0.004953301762291126 0.4636627405173359 2.611790716251569 
1.2169254788297313E-6 3.6557700557786863E-9 0.01784624563452579 0.00848935204658055 3.6853572132612595 
0.3281722018677289 6.017524894205142E-4 0.2488435278371485 0.032449147366767225 3.462601553946958 
0.018151099878908335 3.5439049923446315E-5 0.021739142931921775 0.004063785311574945 3.513161173851351 
0.00422189825639708 1.5105376017667885E-4 0.09218827776623342 0.006607834311668834 3.508493631027669 
2.696073282601669 6.52398609827727E-4 0.19950714498622701 0.02859890071101588 3.456324725361143 
0.0543857844531668 1.8930636710541214E-5 0.4537985851564177 0.006974071911990757 3.506052872230522 
1.229219873861482E-4 1.1337024830239881E-5 0.7439570333741617 0.006562184687197265 3.498396847967302 
0.006057690159103216 2.3481563072733595E-4 0.737528981905279 0.007672074770689203 3.4928648260244057 
0.52091007340405 3.441492764896582E-4 2.885199665644324 0.02357770071386458 3.436330080063963 
4.844969760896339 3.5095222065441924E-4 5.4122303795405955 0.04040269338940433 3.3671700963077047 
0.0042674435264934835 1.946576252147779E-6 0.5440830478043845 0.003899347281762667 3.505508549899747 
0.18657317529475878 9.441186956561372E-5 0.7701173646927428 0.005388998651748538 3.5003079660501797 
0.009692690906847965 2.1189674525901001E-4 1.6636284950678097 0.008996991599275906 3.486283838724996 
1.7610268602343409 1.736336713127169E-4 4.349991315477411 0.022761307120502658 3.4382638014194407 
0.002344979543118604 6.0821963737227025E-5 1.224978697670346 0.007221765217418888 3.4902081143189236 
0.18197418827002831 3.9741864003247127E-4 2.7559781011834694 0.012425776949186243 3.475235344353037 
2.356684850118822E-6 6.9329378450115E-5 2.581475552736925 0.011233022192673168 3.4776663156243948 
0.6231907850131964 9.436527847780792E-5 1.2230706359304637 0.00534591631179613 3.497333107543066 
0.012790046279551095 2.6230164139905685E-5 0.8925501577111004 0.003631733363798339 3.5069798966351162 
4.680634790998804E-23 3.834365755121933E-24 5.857459183266944E-17 1.1264366603996277E-13 4.0460900898700345 
5.519197434581498E-4 1.2523358605937031E-5 0.04053012691600261 1.938093703823947E-4 3.519845133225621 
0.04414303705338619 1.2442590698979475E-5 0.008750589130283917 2.9222721628699227E-4 3.5208456537904853 
4.918054694858348E-7 1.3722967066439442E-8 0.0033919540310887995 4.330748309523091E-4 3.793107280196682 
0.005336606702191113 1.2315413647812968E-5 0.044734213227062725 3.3365609444973E-4 3.519539055417541 
0.04223415857783861 1.539953791551084E-5 0.10644117786171751 4.7481574032074667E-4 3.5187473356156582 
0.0025707822338785174 5.626827327958028E-6 0.0037242579694030755 6.47860423500374E-4 3.5205631324822795 
0.002093279538272651 1.4412440884085574E-5 0.06388856122069139 8.165672571273565E-4 3.5186312072513033 
0.04212993122938613 2.627519944754196E-5 0.11554338882145095 6.375603783727591E-4 3.519164179398157 
0.009049833150064013 2.953807562629082E-5 0.10676871953986512 7.824036289920569E-4 3.518132589210952 
0.01642510177477426 7.6846717604045E-6 0.14008926523211182 6.675574191307675E-4 3.5188681054105087 
0.02915337880090956 4.180452405237916E-6 0.0950674148439366 7.136333132091794E-4 3.520059991017285 
7.953556955048307E-4 3.25126494237412E-5 0.18725985981815993 7.334783879912876E-4 3.5196541129034933 
0.0012367703377125772 1.5045913522850953E-5 0.039464060456499 0.0013609718081453374 3.78808382441276 
3.9186490790989707E-4 5.139720037398383E-7 0.2820234231629454 0.0010351845308997955 3.517074869199172 
0.02141081717498189 3.8346553326155736E-5 0.09646036790103472 0.0013980134435249312 3.5172377541206044 
0.0012016549577397921 6.367316809825572E-6 0.014425607937329964 0.0014195709707688364 3.5204809960673082 
0.024345320824217597 7.951029230638983E-5 0.511445098349331 0.0023005020763842902 3.5131940419046566 
0.012066203747329226 8.007814838685715E-5 0.1538423605324646 0.00298135410447515 3.5160383317510373 
0.01642837430973364 3.936972870298564E-5 0.5615427760405368 0.0032495375914542504 3.509812581295313 
