0.2355788666826708 0.0 0.0 0.0 0.0 0.0 0.0 23.87490976752249 
0.23110514643723157 0.0 0.0 0.0 0.0 0.0 0.0 23.875664480131913 
0.22304183747743345 0.0 0.0 0.0 0.0 0.0 0.0 23.875880419886542 
0.2164472216852662 0.0 0.0 0.0 0.0 0.0 0.0 23.87622808158662 
0.2082699285087699 0.0 0.0 0.0 0.0 0.0 0.0 23.876721698232473 
0.2164472216852662 0.062053842291131645 0.0 0.0 0.0 0.0 0.0 23.875588183674353 
0.042256899506364576 0.0 0.0 0.0 0.0 0.0 0.0 23.897235002776362 
0.2106986530950774 0.0 0.0 0.0 0.0 0.0 0.09303693925701317 23.869335744588934 
0.2082699285087699 0.12637060390587251 0.0 0.0 0.0 0.0 0.0 23.862354845552577 
0.0 0.0 0.0020306306093065274 0.0 0.0 0.0 0.0 23.900269844855014 
0.1788250376090108 0.12490088689137302 0.16073578695061386 0.11260726687484102 0.0 0.0 0.18288043448685976 23.81566977660178 
0.0 0.12490088689137302 0.16073578695061386 0.0 0.0 0.0 0.0 23.86814840966597 
0.19574123628103557 0.12641656982080818 5.190354813446874E-4 0.12093947058942867 0.0 0.0 0.0 23.84979858835121 
0.005892914967912333 0.0 0.0 0.12022187623122171 0.0 0.0 0.0 23.886694338975097 
0.21886070313607853 0.12773075258516364 0.0 0.0 0.0 0.0 0.0 23.861513304876745 
0.21081560300078905 0.0010791653533264167 0.0 0.0 0.0 0.0 0.0 23.876715414163815 
0.16940286549524508 0.0 0.0 0.0 0.0 0.0 0.0 23.88015505045629 
4.645654547630329E-4 0.0 0.0 0.11510432132421933 0.0 0.0 0.0 23.893585236602632 
0.20940341941935614 0.0 0.0 0.12036251724239655 0.0 0.0 0.0 23.863189927301722 
0.23110514643723157 0.13992053512966507 0.0 1.0455032660061647E-5 0.0 0.0 0.0 23.860191605409216 
0.2164472216852662 0.12547790212003207 0.0 0.0 0.0 0.0 0.0 23.86194981723878 
0.0 0.1717333404017527 0.0 0.0 0.0 0.0 0.0 23.880282975290896 
0.0 0.0 0.0 0.0 0.02576489714178365 0.0 0.0 23.89869595070159 
0.0 0.06430466811757896 0.0 0.0 0.026537167074121015 0.0 0.0 23.89179568446409 
0.17874889207555 4.392918249962463E-4 0.0 0.0 0.04921749341646198 0.0 0.0 23.875559839670846 
0.224392599841595 0.10143548896327026 0.0 0.0 0.047664653530093304 0.0 0.0 23.86137578907114 
0.1788250376090108 8.892118104171232E-4 0.16073578695061386 0.11348388108508445 0.07149698029514084 0.0 0.18753929997859586 23.834345888342362 
0.005892914967912333 0.06448706376631463 0.0 0.12022187623122171 0.02576489714178365 0.0 0.0 23.881632889455975 
0.1788250376090108 0.06448706376631463 0.16073578695061386 0.11348388108508445 0.047664653530093304 0.0 0.0 23.852740128920747 
0.1788250376090108 0.0 0.0 0.11348388108508445 0.0 0.0 0.0 23.867260878328874 
0.09787154456900993 0.06180183711785858 0.0 0.07269378628695655 0.0 0.0 0.0 23.8818952332456 
0.2164472216852662 0.12488975919102963 0.0 0.0 0.0 0.0 0.0 23.86200995884586 
0.0 0.0 0.0 0.0 0.0 0.08211513012996186 0.0 23.89261609675234 
0.22304183747743345 0.0 0.0 0.0 6.062399322672718E-4 0.12409765633931436 0.0 23.86177898757824 
0.23110514643723157 0.0 0.0011838720972239258 0.0 0.0 0.13031998135281242 0.07119409272588406 23.8541239641034 
0.0021157870838148796 0.0 0.1577469808595211 0.11348388108508445 0.0 0.13031998135281242 0.0 23.86695014191018 
0.19582346101417514 0.0 0.08036789347530693 0.11225236143838657 0.0 0.0011019867246719883 0.0 23.86281485142704 
0.19574950937206737 0.0 0.0 0.0 0.0 0.0 0.0 23.87758969497691 
0.11481822663479946 0.12773075258516364 5.6492647004802166E-8 0.0 0.02576489714178365 0.0 0.0 23.871313475098876 
0.0 0.11661982359925815 0.0 0.0 0.0 0.0 0.0 23.88754422627967 
0.09929468426207322 0.12490088689137302 0.0 0.0 0.0 0.0 0.0 23.875748334819015 
0.10943035156804015 0.127730511521305 0.0 0.0 0.0 0.0 0.0 23.87391911718574 
0.0 0.12490088689137302 0.0 0.0519220225202357 0.0 0.0 0.0 23.881911878519077 
0.0 0.0 0.0 0.0 0.0 0.0 0.0946291030067794 23.890767308721905 
0.0 0.12641656982080818 5.186965876617933E-4 0.0013305257003999316 0.0 0.0 0.18240426314804736 23.868318480083865 
0.0 0.0 0.0 0.11348388108508445 0.0 0.0 0.18288043448685976 23.873248477557333 
0.2355788666826708 0.0 6.794285091871188E-6 0.0 0.0 0.0 0.18381499818699254 23.861327882122264 
0.19574123628103557 0.12641656982080818 0.0 0.0 0.0 0.0 0.18240426314804736 23.8585510369081 
0.1788250376090108 0.0 0.0 0.11348388108508445 0.047664653530093304 0.0 0.18288043448685976 23.851039455509035 
0.19574123628103557 4.392918249962463E-4 5.20072358771273E-4 0.12093947058942867 0.0 0.0 0.18240426314804736 23.845965178868042 
0.051660320156400985 0.0 6.488838912179773E-4 0.11348388108508445 0.0 0.13257210971917033 0.18381499818699254 23.854413457259394 
0.1788250376090108 0.0 2.5232036549027725E-6 0.0 0.0 0.13031998135281242 0.18381499818699254 23.85684360243729 
0.0 0.0 0.16073578695061386 0.11348388108508445 0.047664653530093304 0.0 0.18288043448685976 23.85850054988388 
0.1788250376090108 0.0 0.16073578695061386 0.11348388108508445 0.0 0.0 0.18090703415691145 23.84193420625529 
0.21900847733695983 0.0 0.16073578695061386 0.0 0.0 0.0 0.16122814810378827 23.843427922840167 
0.0 0.0 0.0 0.0 0.0 0.0 0.0 23.900525030627875 
0.0014026059146559078 0.0 0.0 0.0 0.0 0.0 8.765476995780119E-4 23.900524316323697 
0.005101083312169408 0.0 0.0 0.0 0.0 0.0 0.0 23.90002270592939 
