1.0083812555143825 0.0 0.0 0.0 0.0 
1.0082191245961845 0.9343774372056798 2.6703463613018283E-15 0.0 0.0 
1.008194390985759 0.9343778655004816 0.0 0.0 0.0 
1.0081728576142326 0.9343805947916268 0.0 0.0 0.0 
1.0081658990282414 0.9343802511298761 0.0 6.560351083990053E-15 0.0 
1.008227329772439 0.9343775501605215 0.0 0.0 0.0 
0.0 1.0000000104194446 0.0 0.0 0.0 
0.20444596525461345 0.9867504842181626 0.0 0.0 0.0 
0.0 0.9995863112873532 0.009942957239134307 0.0 0.0 
0.12138574816258788 0.997935117111961 0.0 0.0 0.0 
0.12405916029083894 0.9920729610060778 0.0 6.55964670665273E-15 0.0 
0.0 0.9995787462298031 0.0 0.0398346360215407 0.0 
0.0 0.9993264649970217 0.0 0.03984267560582864 0.0 
0.0 0.999326351695348 0.0 0.03984366823696297 0.0 
0.0 0.9993263265337335 0.0 0.03984375953334592 0.0 
0.0 0.9990732291396391 2.6680077364424505E-15 0.059028667925300135 0.0 
0.0 0.8772366173025844 2.9639934508115173 0.0 0.0 
0.5413068594111665 0.9624574175255782 0.055996147414912836 0.0 0.0 
0.977414887476397 0.8937462472170172 1.122887353436332 0.0 0.0 
0.9743478240829414 0.9034819512278381 0.798545073703667 0.0 0.0 
0.0 0.996505084493822 0.08398456490032004 0.0 0.0 
0.0 0.9988742268233319 0.027055406652858497 0.0 0.0 
0.27218782645019607 0.9818699904777977 0.010201363886342343 0.0 0.0 
0.0035117935716455478 0.9795357006743202 0.46319755594733025 0.0 0.27479429404233674 
0.9787348454301682 0.9204888550616006 0.45283882165337835 0.0 0.2914369979228863 
1.0028057769097745 0.9309674411148208 0.07926970732915324 0.0 0.06613264803701993 
1.006879894194124 0.934869355942884 0.0 0.0 0.0 
0.9391479482877322 0.9393061694982744 0.0 0.0 0.0 
0.8025403317708223 0.9507719870649011 0.0 0.0 0.0 
0.8052991068540069 0.9479828178242151 0.0 0.0 0.0 
0.0 0.9988775555958206 0.0 0.0 0.3623705297680613 
0.0 0.9995666411231942 0.0 0.0 0.06610374681725438 
1.0047241684599033 0.9342814826755409 0.0 0.0 0.06603939735477214 
0.3880059155795917 0.9749982039151422 0.0 0.0 0.0 
0.051188447072452924 0.9239628943773343 0.0 10.054003746114198 0.0 
0.945697956490806 0.925358041948677 0.0 4.188509322549801 0.0 
0.12308407608008048 0.9742052722791947 0.0 1.0521000554132263 0.0 
0.973549774838166 0.9037650807628596 0.0 1.9470120955137988 0.0 
0.0 0.9963689467292317 0.0 0.21475109169680717 0.0 
1.0059776162818599 0.9309250551031425 0.0 0.2146410619004355 0.0 
0.5417753547182226 0.9637582989753332 0.0 0.05906750630053638 0.0 
0.9818104329982219 0.9101496185724426 0.4450174120816567 0.43529590656678147 0.0 
0.9736787548373845 0.9359530673436985 0.0 0.03980873956068004 0.0 
0.5527767489536778 0.9513302563925341 0.44778003639290703 0.09656286687116215 0.06917915586949468 
0.0 0.9885983220412438 0.4458527294333654 0.04075726554455462 0.28297524794909873 
0.5326890587425467 0.9607789329869515 0.12109836469649923 9.940951936133703E-4 0.0 
0.5360076386344469 0.9646097197370271 0.0 9.911101877359528E-4 0.06584438642384016 
0.3891374256563777 0.9742624972032866 0.010201376453969185 0.0 0.0 
0.2858291559980679 0.983105250473723 0.0 6.5628736072256916E-15 0.0 
0.9981605295752105 0.9351159083139713 0.0 0.0 0.0 
0.4922560130715617 0.967967033527314 0.0 0.0 0.0 
0.8122111932661648 0.9471654775728777 2.667885124919842E-15 0.0 0.0 
0.5013154527051243 0.9673773152077811 0.0 0.0 0.0 
0.5668835795818988 0.96314442572295 0.0 0.0 0.0 
0.5048995694377194 0.9671566673112186 0.0 0.0 0.0 
0.2932632830417067 0.9809341375764037 0.0 0.0 0.0 
0.5008730731344361 0.9674263641812985 0.0 0.0 0.0 
0.5017941284944676 0.967358760807238 0.0 0.0 0.0 
1.0071576492617118 0.9345247518415432 0.0 0.0 0.0 
1.008124960219333 0.9343806038893712 0.0 0.0 0.0 
0.9976378122414805 0.9357201967029682 0.0 0.0 0.0 
1.0077525670975904 0.934469798618253 0.0 0.0 0.0 
