11.729608078348855 0.025749312716216156 0.03076576940553344 0.012176793609089265 0.006519803583979769 0.008426705383318866 0.003171336961123991 0.012086067004916755 0.0037922322498047897 0.18425002403446045 
0.8821690776364102 0.281596811261045 0.025945252402828006 0.02802280119358286 0.015694991752346205 0.015562089887644681 0.007405809034313147 0.008908819819532586 0.006308757938911513 0.38924171583870826 
0.09464321884573616 0.011161711652187531 0.02098710398867553 0.00798123994016823 0.003512262697727657 0.06594882900551502 0.0020458691598149855 0.019091200365168322 0.005008635921318845 0.18224679882929629 
0.09745545959310492 0.12251370564823508 0.027776590194062985 0.005742708250396226 0.0021955855330219615 0.04093278809648248 0.002519913552159792 0.0049790038261593025 0.006058065371594803 0.18242222032544445 
0.05343879690550976 0.027653281126306054 0.06762942876480406 0.0011342579330765445 0.008110318679938862 0.013882568556132974 0.001216071123446774 0.00481194760004875 0.012042372656669747 0.18381461652825407 
0.07740423173456693 0.007137773802254447 0.008014829817187666 0.005252527181715394 0.020097918494943856 0.03040284097567911 0.01497883229104063 0.006002165013719921 0.02465770116899893 0.19413003584835184 
0.09446444064292055 0.023695043440918655 0.051249148328736144 0.018849194194604534 0.001470244525565934 0.025870008231417666 0.002438939856028624 0.01281518497789344 0.06946880638116856 0.18263932858667462 
0.04389070572368589 0.04027275941780657 0.025246151394782555 0.04408272350241521 0.008647389551545414 0.007614599091105403 0.0012626321290443684 0.007368854207491736 0.008349902193948142 0.18221438463124523 
0.07739263917117901 0.007344013804074743 0.018274572193053243 0.006852191451324061 0.0028364916712758405 0.045941640896201404 0.020854263238670713 0.014206318909952241 0.006851350649857899 0.1940725846379045 
0.04362782003498976 0.04799615240608631 0.031706241534556444 0.0029118621181800585 0.002835961882435639 0.011273311645174719 0.014168556638125553 0.010269408985767517 0.0078312890111381 0.18331904324068307 
0.0020210162660678193 85.38760859208561 0.03617005575507428 0.014831950337926909 0.0016165128747697472 0.005884372757815242 0.003165325198267049 0.017572984442590495 0.007486808005896323 0.18241957882861648 
0.003759438286346619 0.03463819070388867 0.022568416537079836 0.00825535610468403 0.005887777669953468 0.008810910384868765 0.003782676342538747 0.010933487813579376 0.004696210676406652 0.18325794399231807 
0.0014764871205679 1.204149026306856 0.04358944364566882 0.013834226414348852 0.00526681724768551 0.01896882131098427 0.017836356193246958 0.0056516734369952614 0.004212974661003289 0.3960837376817 
0.005505518189401327 0.1163958677905203 0.03597051088697172 0.0023740025724133303 0.004385898243836769 0.006209436997534249 0.004326002200536996 0.022001336516611077 0.008728266562771675 0.1840627249343997 
0.0010310401524188737 0.3265336482879133 0.01648498311763482 0.007613585073823251 0.001487185387536924 0.06958715834313431 0.0018041478912299877 0.004482872263413584 0.01145310877668383 0.18249092188040802 
0.009788745093986553 0.040598455872342475 0.03063519526492744 0.007979816867754001 0.0033395116971196414 0.007070470544030871 9.395689926158725E-4 0.010872449602032142 0.007819165104626262 0.18286465884650502 
0.04379807623838257 0.06175798125099383 0.025557547321156386 0.04323330923288651 0.003387941228237016 0.0071783381537106165 0.001232078636470623 0.028184299714481012 0.008889278932190615 0.182731051019199 
0.00533922531798279 0.011554837899177795 0.022894488059758224 0.004771072064207099 0.016496791234020224 0.0062487200435299255 0.003711640674055026 0.015289808156893082 0.012183587770410072 0.19705235457772413 
0.059827419803723095 0.027914677339305465 0.03496745275375354 0.013620533952166197 0.04966780995815402 0.02437806960356435 0.0011011534859951123 0.0064560430991548075 1.1899225745218396E-4 0.18286120936352432 
0.012121566796054455 0.021830405728515044 0.018172086258427134 0.01463468760040935 0.002656293338464846 0.013959629354812294 0.001672152766684582 0.013017660704265731 0.011098692387395758 0.19900739720257063 
0.0030928360501343705 0.03612074684256272 98.88749533708187 0.012915101716541113 0.007709945256619031 0.00867220534125461 0.00310460647574338 0.005706063403499648 0.004167720961923229 0.1815939536986583 
0.003213523723692268 0.03541565043326324 4.076504734104853 0.022745427062377956 0.009355225788943248 0.015169683526218083 8.881679629530492E-4 0.01748752221965045 0.004878784337243065 0.8342746562679363 
0.09848947426416695 0.17978812117628903 1.1687336006200324 0.0028538813071438077 0.005309952899657561 0.010331120253888826 0.013570408476488266 0.009087195677714715 0.01993213455749312 0.18267583683580058 
0.002561687313084956 0.019873881995955443 0.07876160618165035 0.001269212980542571 0.0031430220617047677 0.013857628483931822 7.98829012740149E-4 0.004965476339981179 0.01279405730093348 0.1825622827189499 
0.003010271356219964 0.0316406109576814 0.3953124255113813 0.22449688973271636 0.010904817021137865 0.016893782295647395 0.001571735061774813 0.09489983733434562 0.00876426321503081 0.18265215572427326 
0.002783656324224669 0.023539397561841584 0.1032944082223991 0.0011691869856096857 0.0038607598803631106 0.00977499750972876 0.001047647873685075 0.0048559544389678985 0.05205913696490587 0.1830753579856483 
0.0016141119793874983 0.02922490049842577 0.05557475138950683 9.382802804070764E-4 0.008845452678425673 0.011389533501019958 0.012474057620886086 0.007297761133977432 0.00567497377830851 0.18472681655265008 
0.004113796597909746 0.16499554979321346 0.09336285795987807 0.003006482635952189 0.0034897017568133403 0.005533188629549604 0.015681489829978443 0.003937626314340588 0.011658490551531309 0.182526481104111 
0.002532492353295635 0.019369870288486905 0.02945553694818301 0.009690729698447757 0.00764657038778502 0.007135536057784532 0.002057085069596736 0.012939381204933141 0.01305563041349534 0.18579153387344463 
0.0016884442218257987 0.03303865595235744 0.11007613471394179 0.009129267270251143 0.04568780786098114 0.008795946352805945 0.002963632818432662 0.00500623941200072 0.07223234768567775 0.18283881605993985 
0.002199071958944191 0.01199946471956321 0.009829409471502308 39.670877109224605 0.0016550354627801528 0.005609081674360013 0.0020669219890403394 0.007072881793754949 0.005108774351502247 0.182874041742582 
0.0018395351447562179 0.013196735888719634 0.020229718755878378 0.03256450853228691 0.008942375526822574 0.011718154657825393 0.0018414192296518752 0.01152677813658968 0.0037859834189951933 0.18248226198816156 
0.0015074147122070493 0.01383467625897386 0.049844177791794626 0.06760900415685397 0.0033438384961448956 0.0056045651669675844 0.0020206492010554364 0.011158952657529437 0.011754799913718616 0.2152924350224623 
0.044418107970992125 0.029888357698368048 0.05795216177529522 0.22246458494996943 0.0038700309463795568 0.005769055313154168 0.004358634339722935 0.018538385489888405 0.010002529220728498 0.2961588406421201 
0.001127593247861465 0.16593904052858763 0.04607569660316836 0.06394434205766782 0.009002523836134785 0.004783446353152921 0.0010379532649625828 0.010352245861183124 0.012278445418471586 0.1829207641341511 
0.01438793671394921 0.017478930181973502 0.022414217216236553 0.03516297883593661 0.009900725964554862 0.01300203710813156 0.0017998813798522013 0.012508978375585626 0.0015875383683324011 0.18365320904816435 
0.04292760343422968 0.04499355778985828 0.0458046439352224 0.1146651099498576 0.002983949358536354 0.005380507985573536 0.004611556423283021 0.019166792269131972 0.07947356318369342 0.18260905887012682 
0.006353906916655235 0.012753297537230894 0.03536880379378521 0.041468642795048 0.0037273682598114445 0.03367265651238687 0.01548954752997703 0.009417596092931213 0.003925374054751978 0.1824831745878769 
0.0016832423871393628 0.01823860800559239 0.019215166084238046 0.027331314933759687 0.0027363540674833734 0.008567543479875121 0.013876683221807642 0.008466598071327054 0.020209539250442277 0.18297321423776677 
0.016658832378924727 0.03216635662004465 0.03699361760384513 0.04073890155765389 0.02427373450486034 0.02146829259833366 0.015408378669288032 0.010664060449212054 0.016794657200214842 0.18223931090996082 
0.001700590259116183 0.008319078590937844 0.01577184801616151 0.00407298018443031 22.136700849152813 0.005624748618535027 0.005531295094340618 0.011061169513801218 0.010916479494460953 0.18162045307444413 
0.04285693888618829 0.053865437497367066 0.06410267768078452 0.10912813546907946 0.32287113221534924 0.0051813820010046824 0.0027376741878140693 0.010916174930919894 0.07995516113326435 0.18260905887012682 
0.0024414088167198414 0.07594667916830469 0.09484128551281566 0.003462258305492594 0.041659010305855754 0.009898819984143312 9.569221091241176E-4 0.002878199348390359 0.00949134558106688 0.19004509165123196 
0.011691612724316491 0.017349682243717295 0.08378096130595393 0.01302410510665403 0.041055958547025845 0.011354980299189743 0.007167805557987401 0.014479200206121957 0.011169281122309277 0.1824709575089379 
0.0027190339581680744 0.04991436490374336 0.020344179847134394 0.011227675109542406 0.041914788279188445 0.002348810662818647 0.0017374417113195215 0.009141176876336596 0.024290424831579324 0.21489013552786776 
0.0022212232008785443 0.03593076741175511 0.02273649302597725 0.06550515067762289 0.044545123648629774 0.005081828925858981 0.001976614008858093 0.0031829408882946466 0.023736052137498454 0.1838792245991346 
0.0025378038352348005 0.04930291912854103 0.0358546498558669 8.00999309375438E-4 0.030358082720606572 8.071269467703151E-4 0.012606767271298738 0.007621088905861547 0.00311226607490894 0.18504563185843387 
0.01010354457811682 0.028814544852302216 0.03785639598385276 8.224553873122605E-4 0.03232408120647705 8.392340058843987E-4 0.01274272407810731 0.008687394292291609 8.0046428471915E-4 0.18194141041295747 
0.09777678637768275 0.0165117329910302 0.04837096268125717 0.0039634977467366845 0.23770156292088776 0.02250645528251697 0.09930773576727352 0.18912473258396575 0.04754224043152147 0.18439058059817853 
0.0021725392947973083 0.018564942909655074 0.01703104777608582 0.009842047431911631 0.030996585714523826 0.028116331546551066 0.001423299279831718 0.04181019781880413 0.008163864461358647 0.21077408454752888 
0.0012426940979380259 0.0018817987041815417 6.470431338481275E-4 0.0027648276084254048 1.3948431947534613E-4 34.316021867408374 3.519468441741695E-4 0.0058297116402380635 0.003427708860903003 0.18168856376937575 
0.001843037834270087 0.020396662506715308 0.03260351490166816 0.03516202679086699 0.003321940267430207 0.04256456409265522 0.002820258185362785 0.007031831983957392 0.0025604254326233177 0.1817590140941715 
0.0010310401524189002 0.15755413897205656 0.016489231257362073 0.007613585073823251 0.001487185387536924 0.06894192414012563 0.0018041478912299877 0.004482872263413584 0.01145310877668383 0.18249092188040802 
0.08321579225126363 0.010873601318772842 0.0811201421997799 0.009212061354428364 0.23715740044257946 0.48639796434356397 8.937232411570176E-4 0.06834523540819981 0.011720050885930847 0.18559954213422256 
0.001448777437914021 0.012801925395539865 0.034629414554368375 0.02087440708063205 0.006181457533344305 0.02775531077650519 0.0021636119912339016 0.010789328736413436 0.008133270299069687 0.19735781795954188 
0.002553701663152499 0.023396009110636978 0.03724040199599056 0.013266379137263015 0.0064245331413251726 0.027903511051212127 0.005507555654389973 0.014527618046242799 0.019588665952990632 0.1845715292760183 
0.00262901588649078 0.14962727656014196 0.007625374849058397 0.006195308056083244 0.02347799362570134 0.06895162642519376 0.0018007218258570938 0.004482872263413584 0.011418261959321531 0.23044256935099267 
0.005782507650607208 0.010580493454874053 0.08187731539165213 0.03375154213880135 0.002372173157205847 0.04380815381373957 0.015473144746299525 0.009131656329218118 0.003034083543407751 0.18318431083320733 
0.0026045937033452563 0.00849350756391559 0.014699012783067733 0.007826617821459323 0.0012283620352970526 0.03409043430346812 9.810936361139058E-4 0.008636092365073105 0.0428392865584977 0.1823341858556226 
0.015613466827641705 0.020973021511789324 0.019271961210899764 0.005321280767416733 0.004365585665438532 0.02773973668545349 0.00219679597838979 0.021265730144248315 0.0043251327791216515 0.181979651296253 
0.0010586800580153852 9.64244157612679E-4 0.0013284129701144447 0.0012434210685284828 4.919325119466538E-4 3.545788499253024E-4 10.663993454555063 0.0025650421484963533 0.002102072609799182 0.1824232661116376 
0.004868765515453835 0.008134478002676807 0.024721239100600347 0.007161858423297461 0.016109862640044898 0.0060572648732217385 0.0073119983356730875 0.016514417731369836 0.008116655619917397 0.19705940133213073 
0.002659986712357429 0.011330674556931531 0.011720914287377513 0.006362628195334502 0.03850207102594707 0.02403038410628371 0.24329670169463447 0.011454310265563728 0.005679053542464326 0.38554343621244647 
0.5128633135930019 0.018499082553405148 0.020121112698068922 0.6896456704272185 0.024923117866156384 0.0028178252831969116 1.08951777534583 0.48797174025932116 0.02103174011387808 0.22405928516034707 
0.004361334135183001 0.029428159460764505 0.023050872936428726 0.0066139227526868846 1.811935247725503E-4 0.008406684607894907 0.4538269626333772 0.8319027899483679 0.1464547414392986 0.18286783834035183 
0.0034549922272382417 0.02320064018503986 0.03267156429337454 0.013027378140663898 0.004475027563751869 0.015078399989165433 0.01627242802572345 0.016114254620831894 0.0015188330566786468 0.1829449058661157 
0.09790895966889893 0.02252854385398307 0.021129687860730495 0.015439357052134048 0.023094748022136832 0.37097528635271504 0.19938532494233838 0.010977705411500787 0.005620134704936494 0.1826312768195943 
0.0128947958063899 0.016765348812188947 0.04823078870030355 0.00171633880067267 0.003228567592296236 0.015132386321790347 0.016250592270240824 0.012053368701950774 0.0017169864889867337 0.18292508918977005 
0.004897381384662386 0.010457966892371738 0.01696165150430352 0.023298600832379498 0.021158373690157464 0.009335635919867573 0.009620564513967906 0.001965244839896305 0.01189138275285889 0.19527908707885655 
0.1738925736488249 0.006815583352032853 0.20178831345151987 0.005071527314995838 0.23517298543507614 0.03606926153736753 0.09930773576727352 0.015741434197269165 0.04754224043152147 0.18418325613659783 
0.0018951098071548435 0.019389121275980043 0.01534343990768674 0.00458694877369267 0.004944332056380121 0.0063196205926767885 0.001140746292023091 34.585330124884955 0.005766670069516736 0.1824445594876204 
0.026037500426711498 0.012775089257141123 0.10595111373290426 0.03894185874227249 0.042452708727412684 0.00638509183295718 0.015047603801200928 0.09273667674486855 0.02102463131805343 0.18414256695155073 
0.00186582699939579 0.008856259679645853 0.03112392438496662 0.031404280418759783 0.0031632475063293137 0.013022783114431717 0.01659175255010833 0.08846963046000533 0.012326013984952465 0.18319620872298387 
0.0011767678341794642 0.026170820852136567 0.03756868908646929 0.017591964830877646 0.0074270269974763495 0.008794160392564525 0.002948078765319189 0.08857609612395306 0.04932219345621165 0.18283881605993985 
0.05239401663067504 0.01663265857074628 0.036441652418823196 0.006609832945112004 0.03089709814460921 0.012198824808985306 9.549085908917319E-4 0.1881913827995641 0.005259743079597959 0.1833113368586576 
0.0020441507672545136 0.011424044009595753 0.017617747158281877 0.025756308707419722 0.047121521918003784 0.0129319123304728 0.01606483434287159 0.08843300040825375 0.012888343618350154 0.18287140860985873 
0.002623180256957622 0.02981544882212695 0.39892668801176795 0.013401085091583975 0.010464970036614351 0.018876191405390895 0.0015275398898028222 0.10558624255133717 0.008792576301434095 0.18322010099072977 
0.0011767678341794642 0.02617082836690555 0.10145681564312442 0.017591964830877646 0.045421633952740445 0.04537590816243969 0.002853212201643492 0.08857609612395306 0.06733032547469242 0.18283881605993985 
0.0011673800813354837 0.2319319284257234 0.03999884213115499 0.011056495020119473 0.005224111598784744 0.005830930488220761 0.020998926115205443 0.09287714924650085 0.050265863464300224 0.18222479167739278 
0.06277477405025218 0.010865895484728067 0.08960182034954947 0.06023081605059377 0.0023344432053829427 0.034947102305681516 0.0024798695713625623 0.1301856010278481 0.005812594674306686 0.23878989441843468 
0.0011281102443766713 0.0019339439197406012 0.001728307673231465 0.0018427012724394462 0.0010601362602312625 0.001215711542934361 5.40722662039002E-4 0.004779122175645461 28.17138507863307 0.18186700446342502 
0.0016824779347552204 0.02289008542918764 0.024774389280579286 0.00971261722284555 0.007643098989453283 0.006998367428604481 0.0020045918883351103 0.010498635794753932 0.01216069014182382 0.18579067400135807 
0.004130960061337993 0.0447854591665235 0.0644620901079954 0.0016908758790336836 0.003862309248374725 0.010029460033595682 0.001047647873685075 0.004708474403162772 0.052968902848758506 0.18304915837062546 
0.0016342661438181593 0.008581620635519597 0.01245842506351604 0.02519079061589328 0.006061581989946484 0.008286554290888804 7.233586904670143E-4 0.008628371737602388 0.0427905220018194 0.2001276762212374 
0.002999310578060737 0.027315895858646407 0.022438765526390687 0.010850857145568936 0.007396658673611308 6.994548603104754E-4 0.0017467531618570614 0.010127049320712712 0.023607379413349505 0.18345097420670772 
0.01327659249314522 0.018984734840579758 0.030820106386815135 0.008635967117777102 0.0035143786101727277 0.007527579568172838 0.016482224348688547 0.012372691807017874 0.07114207578339536 0.1827611631276055 
0.01740485203622996 0.01174813798868751 0.05653017198990493 0.011695978616001985 0.005968390025067153 0.00881206793670019 7.286672825775462E-4 0.003846604678945981 0.030504587186996775 0.1830753579856483 
0.002806709932249022 0.10384256274369176 0.020441502892454208 0.010087953769051205 0.005795385186069601 0.0024573176972809683 0.0017114375505314769 0.009141176876336596 0.024564501174398824 0.1840241893323616 
0.007872736841524355 0.028684530246947684 0.03604719467568029 0.001504380437198644 0.0025559362957526454 0.010500074323435016 0.015577939941342616 0.009429543330606312 0.02086075076195499 0.1947585381236288 
0.0013860454681079563 0.011496153377138076 0.008496115015748483 0.004076560641733826 0.028950842076204294 0.03393144422187211 0.0025778932922662628 0.0023674087483002565 0.024223193019361745 0.21440032926221914 
0.0021881932721710393 0.029763388016701732 0.02767701210518195 0.009936914452228857 0.002226791337072638 0.009587095790190639 0.002994325917525536 0.012315569749180872 0.005633591152447574 24.496170677891588 
0.0034902165859820363 0.034729060366562016 0.03228795740360426 0.0069182003590472115 0.002331458113592378 0.013365833626476604 0.007793068637994716 0.011677180515778447 0.0034717843909794375 0.2115039664800406 
0.004127556599310849 0.02080519948830274 0.019163348466809504 0.005233098649475272 0.007036006917900461 0.0297454698482606 9.433270632892758E-4 0.021704036879243823 0.003360807132082856 0.22440393486402102 
0.0028025780040987327 0.023954803289697055 0.020562609468498163 0.011227675109542406 0.00652472806705677 0.0022911508701452706 0.0017374417113195215 0.009141176876336596 0.024291169971250665 0.21489015227313213 
0.0033481154086603447 0.11794071224308114 0.03752278516714953 0.001327465318713483 0.01072357363257558 0.005978172771263506 0.001152574045757865 0.022002102043635063 0.008705494940476373 0.2308507584834307 
0.001194169210124071 0.024855292364919235 0.7527192070159334 0.011772041648985557 0.004425359595770197 0.038208524066353104 0.01765695503235675 0.013635456690640034 0.019910507246350365 0.39351312549923123 
0.04467256829091681 0.029473760599873423 0.057433789705269384 0.011671540631726497 0.0038116468502780426 0.005807954857077443 0.004315737446261988 0.1694208414477436 0.010032300934613226 0.3073522267498076 
0.0019652102887273053 0.019983818984069736 0.07119205263956889 0.05629435198103918 0.005296360806017776 0.005424042441914704 0.00197273305114913 0.01116178416905023 0.011749924933814793 0.2152924350224623 
0.015813447005156793 0.017369643518595605 0.05544019062506125 0.0071895352154837805 0.009575213683288874 0.003352265903268796 9.038160315472424E-4 0.015185670859628787 0.008829563073963438 0.22505524848145633 
