517.1897231644405 0.7853960503306825 0.7853969559300686 0.785397861530499 0.0 
393.2722628792629 8.164163541216478 167.22136314389277 0.7421787761778003 147.97608869765008 
160.73765168355445 0.33362724684375594 11.166306764141272 342.37618803919895 0.8592052919244025 
168.8639216070149 0.3187407377037453 380.28434020815706 0.7853956723177384 0.9448003058903871 
236.53063860872777 11.015332881546543 243.01578983199656 0.6885447673394198 186.18708127722562 
192.1834455395748 97.18354088940183 400.361798647815 0.764617550769358 106.70554658506342 
127.50998018712471 0.21067114325842795 338.4799823148559 308.4574383743429 0.8023371236352762 
114.96124632940224 0.20615145016472625 303.36411516546946 276.66921699587914 100.17840131517508 
100.95340368639152 0.35810492595305693 466.88128518936645 0.7853935123762299 1.5801253666209667 
249.36183117343433 148.8766593462189 123.4231445974728 274.8421746076373 314.62068374461745 
78.85965612619647 0.12493219543127071 364.7793970743463 326.3346140037735 0.0 
94.80562452114596 0.1525568710934623 451.3739727058749 0.7421788288329572 159.67676814837085 
126.61189092555533 128.51523927284117 296.4354380911907 5.302001292184599 276.50916776802785 
81.20549587177359 0.1474104923294202 0.14741073520507877 373.7688857536798 202.23172353360562 
46.222766304840896 0.0812396546924737 423.5275210226173 134.82551674220787 0.0 
43.495719326410516 0.08067722115370118 398.2302314747837 126.79975112288074 52.33709324622053 
0.7853953544404718 448.5732658542877 0.7853965582780217 0.7853977621174071 0.0 
0.41405269849142257 240.81665483592218 0.4140533105083612 388.1604575336672 0.0 
0.5233487039889775 266.5820883618802 113.49794349629144 253.3657967386472 109.13058492684159 
193.42240949761194 376.1294247043048 7.330170016303541 21.618274448052496 8.611284047063634 
0.3185626323494402 187.6899529482814 422.9651625180613 0.7853977863071613 0.0 
0.36219236571097974 207.2359453893748 385.2402272013873 6.547331696355512 102.6880115237371 
6.413418201414659 186.12696134400906 258.3773342843039 244.57965678325365 0.0 
0.49402392217167485 307.353783658995 312.20611047348945 0.6885449564665573 240.40678543635718 
88.424327053626 170.62715462344374 357.1883900678832 6.145733135848764 9.707739711240437 
83.33035331693469 169.56594559944912 4.028188706885454 417.55934500014064 0.0 
145.13547241512833 282.25905984204087 79.33313525089322 269.74534852827657 146.79592154019855 
111.55450284415578 226.99683427707382 107.52012917921243 240.32086360592697 274.4835825779467 
514.6531630373023 370.0565152919585 0.7853973595817223 0.7853979624434705 0.0 
0.8015262374144592 68.36691307584034 315.8287604214685 231.94633341473087 0.0 
3.1080020222744773 90.09458131231803 416.6875474100522 0.7646175013550995 100.06752710307603 
162.56447154069556 97.1649236030875 426.80185953349974 0.7853977930539549 0.0 
3.378603671343542E-4 0.7853979938346553 1825.7544411801766 0.7853981391741377 0.0 
38.905132608313814 0.06535238204051785 344.13552988761825 295.34889409609565 106.94351357286776 
0.7841055755332028 0.0010640147307264456 577.8323381160562 1.3083051910450705 33.15422456125493 
32.01093238637226 0.040291459196304745 623.0063381535074 0.7851988619711902 14.049056685603748 
0.6179520008428404 54.44777127058804 489.2722809766538 0.7853978302242364 0.0 
33.58870996404695 45.47573805001686 500.54723043829745 0.7853967264789672 0.8502102344465612 
0.0015910462214732328 0.7186760466355838 324.6269773620965 143.09132985305675 0.0 
0.001560935135986748 0.778624099524717 388.3932731358856 2.6659280734662807 51.266856065213744 
1.7783707600417449 51.72502646783823 464.7686952263221 0.7822417981880585 42.049823724880035 
0.7317567955114765 0.0012140680892550797 441.0533062325331 165.4115339733759 46.93953465660648 
0.0038591512132349856 0.7646070527737711 515.9417857936239 0.7646176313856514 121.10182736784321 
0.46338249145231086 0.4606709046846951 319.53495508878717 207.44315448159804 48.82584119667925 
45.515262572631414 0.08596325869059497 401.95986062736364 0.7640205380241999 96.36166072858812 
0.0012703568553497874 0.5779246445504602 262.9164397976238 241.94953388808446 0.3378510710721408 
0.714205805861368 9.754922774915816E-4 523.2278862009391 165.44293958054644 172.9931893944676 
0.0015713557776259436 0.7421735387819002 350.53983578331093 1.0598728564049495 121.35861649944715 
0.4483362460945106 0.44571217701707694 335.1101733197811 217.53438927875266 117.06474566468454 
0.18338391153557243 0.3731726918033041 246.78049675040495 395.46005009275575 0.0 
0.00793443494740219 0.7548978252348306 0.004805716186642136 444.51010529100654 127.50137670151247 
1.3229639561645672E-7 3.2234349027379937E-4 0.7853980751999998 1913.6422950682527 0.0 
20.553032056733414 39.95882368295027 83.5067325279567 366.2403332881624 9.053596563631794 
0.0056975058431755245 3.9714232564701617 12.999657055776426 547.2592813982992 5.817020923163138 
4.428765046334096 4.495357144238944 10.540471490392068 491.4822426942964 0.0 
0.05097465284749483 7.000324197772165E-5 37.11853350984702 570.7023148347827 0.0 
0.008148383239840504 0.7851155054414286 0.004893865811465114 501.74603896366153 12.007390784249154 
0.019670804799893426 11.872901220566412 0.019670831797319446 473.9022255664303 0.0 
9.88573834911206 4.999546354460466 0.019768065596770974 439.99936540600083 0.0 
10.957266520430498 0.01978413356529621 0.019784165814300175 434.8482352476737 0.0 
11.389266076958279 0.018048476638002093 4.846514765761899 495.4286833718042 5.706468269635773 
19.4580787763954 7.962087117702999 0.0385655160388263 427.64547835457256 0.0 
0.01944014950838853 1.8111694282412787 0.005168952907160414 391.0576151813357 21.026249572944415 
0.051467173816792305 1.1193417671302726E-4 23.664588627846367 359.7550649203464 20.686165880060138 
0.19837470555704123 3.8892975403025446E-4 101.18176619339167 387.6061900719094 0.1886225711345909 
0.005809185741251638 2.8685127191115303 9.377150207980185 385.8969065875409 37.32305648112287 
8.724077403170768E-6 0.005206969245260556 3.1077861328891667 464.9521483476148 59.590990353715995 
0.7780253835059913 0.0013113574432497715 0.0016797787628890445 461.6024190420702 63.68405062471139 
0.019886704783761987 9.090713753218349 0.024188746592730872 355.5408718730581 49.06744405991114 
3.5569948710378365 1.7998321413147822 140.7457363526752 310.249697817121 0.0 
0.8425550963612084 78.8887371888472 0.2681622422642213 454.7069863967899 2.190351331822524 
4.917722238909955E-19 4.808899030634875E-17 1.534273515893728E-19 3.221933484257013E-14 526.1822552711292 
4.914363440386893E-4 0.29821257160226955 184.96973698257997 168.3271750779106 418.0538739245973 
29.949076064421035 15.38895705260679 110.21417870809884 254.1980165439165 466.53874667538116 
54.16312582987953 0.08285790186584427 257.9482202560445 0.40321045537532163 440.5831275622278 
0.2246570481420274 0.45714673842555575 297.31101080237215 4.4398551856185655 348.916119657629 
0.1598212969664807 86.2478994614522 144.03488946775855 138.4277626701504 363.72412487841046 
98.39085128146459 50.559884587626 0.21889309308466673 243.98620087495934 447.8022662942777 
0.01976895551082166 0.5761716673669973 299.25479654715605 246.73478408846353 301.17797184098924 
0.6175232852705471 8.635291816793682E-4 441.60103535913805 0.617524492808194 347.04399291157046 
9.653371250055939E-4 0.5887596911356778 359.0853711771826 113.60795381992368 295.98341575963246 
14.56871929646723 6.317827088689162 0.5461747225544855 322.4640897864334 239.94400466117392 
0.2890485439984754 173.8347714931303 176.5789964359139 3.6793015168676275 414.241330636204 
0.2125551354937708 133.37224780931288 0.2760798145156939 214.99393775809932 422.913910790026 
1.0200895394796682E-4 0.07598814313024595 0.6843391478492948 526.932414039896 289.1475896781107 
76.04106860632402 77.1841151356896 178.02813610679104 260.0050120026527 274.1139290322355 
0.07778116839862705 41.3000507403318 370.37112611114264 0.6885448481747084 204.49637921885912 
0.41026837321556875 199.0783339491398 0.4973922782242927 3.0339807323877976 332.8146875216412 
0.24477208159940775 130.2319628886863 217.48464653811698 209.02061597311683 258.20470104318764 
255.26682974512667 0.40044207012991456 0.5211228117055992 3.775511877654012 430.9941002392411 
152.62984423436802 0.2476830803246905 250.81890241895263 242.0805310521644 299.0552496898014 
