7.046426713689147 7.046425734551094 3.0322493099258705E-6 7.046427740244775 7.046427740244775 
1.5345720932965414 1.534572062934752 0.9075067334495925 0.9267925997103404 1.2348450591068663 
1.5342818842592898 1.5342812520210822 1.162388691590388 0.865492202380161 1.040686246790318 
1.5342714501996042 1.5342714048483899 0.8946811438518885 0.9143520758575998 1.2595101867685792 
1.5342573656049125 1.53425712769715 1.2112000338485276 0.953290946918171 0.9040269909945648 
1.5343820792378007 1.5343820792378007 0.8483307352261639 1.0507648316596125 1.1696685915898248 
1.534335777455797 1.5343357644637423 1.3321711611920901 1.0601857359327256 0.6763148095273283 
1.534202883966702 1.5342028179471836 0.9883587833759033 1.0435911476393946 1.0364562190347466 
1.534296315503865 1.5342962658323083 0.670695662264174 1.0249668013288415 1.3729308439930363 
1.5341783507747564 1.5341783141088383 0.970259578186303 1.049784152170194 1.0483133976215648 
1.534176597105642 1.5341765918492483 0.9701839012739264 1.049857211777593 1.0483121422921868 
1.5342789659503047 1.5342789680066329 0.260003504853903 1.274276295899385 1.5342792449034086 
1.5344345618530644 1.5344345618527495 1.5344207526616942 0.2509963245591908 1.2834520464865544 
1.5343229690346833 1.534322955123614 1.3522395771331948 0.3120908898663555 1.4043156139170194 
1.5343223133310886 1.5343223025903319 1.3519104690955674 0.3098854935942285 1.4068488102726677 
1.534565993341732 1.5345659743199835 1.3472290907294366 0.4870628902191413 1.2348401381086254 
1.534506670410289 1.534506670410289 1.5330958892812696 0.7772786323702154 0.7586388191690928 
1.534269261258297 1.534269237624076 1.3015061294948063 0.23276326102625033 1.53426929646781 
1.5342632650644843 1.5342632640016023 1.4120450349554856 0.7038136310745916 0.9526678781093452 
1.5342548018926916 1.5342547808516962 1.1749201199890273 0.48680282306886263 1.4067869346731618 
1.5342292283830972 1.5342292283830972 1.1766339877626373 0.5207174195779505 1.3711070494256066 
1.5342671344041034 1.5342671145290123 1.180351728418645 0.5413072319382545 1.3468755672173525 
1.53037185460804 1.5290762469865697 1.1440356974249475 0.39989570268319846 1.5344598339009186 
1.5344608534940336 1.5344605616069644 1.134567699904114 0.3998962084160335 1.5344617744737152 
1.5344581351417628 1.5344579505711353 1.2815914000696056 0.8170323553961641 0.9702950288618739 
1.5332443328551033 1.532310574451517 1.1591320201332846 0.6472347256975818 1.2652900078588634 
1.5342344538157506 1.5342143828808705 1.531166953785616 0.0031526356831083446 1.5342561420551153 
1.5343707458751452 1.5343705601564852 1.3919135117795323 0.5663941802573759 1.1104351343096905 
1.5342511034504367 1.5342511018177762 1.3374212742028964 0.1968298457964762 1.5342511084225285 
1.53422393453629 1.53422393453629 1.2242851017012784 0.4730604489406087 1.3711023184306927 
1.5346905994389772 1.5346905995665776 1.0329857329411132 1.5230667697933666 0.5133286983769527 
1.534571557967464 1.5345715110115048 1.0721227993625808 1.092808922675967 0.9042117206663363 
1.534193581759884 1.534193581759884 0.4206915559914435 1.534193581759884 1.1135020257684405 
1.5287534290286522 1.5236585675837855 0.7500907643885513 1.4368255271318113 0.8977070378778841 
1.5342731325695214 1.5342722179040897 0.8921573362368771 1.4130899603882643 0.7633046445075923 
1.5343397897743027 1.5343397897743027 1.2282843992361556 1.4156041124052077 0.4247910679072422 
1.534280116909723 1.534280116909723 0.2967702912914778 1.534280116909723 1.2375098256182453 
1.5343141867180878 1.534314106939484 0.8231594066523309 1.3177996028130652 0.9276698680478456 
1.5341982719278782 1.534198263479157 0.16564583354167275 1.5341982804926078 1.3685524725291152 
1.5344813966313042 1.5344813966313042 1.0301551139484397 1.2768511598114791 0.7619565195026898 
1.5341973136171814 1.5341972175170877 0.739649420841666 1.2922932823964348 1.0364524802172987 
1.5342626237547239 1.5342626234909456 1.4793784686825755 1.4127588624230984 0.1763879182993134 
1.5343280356444189 1.5343280356444189 1.2186581022421357 1.2632517240776664 0.5867462449690356 
1.534254618585089 1.5342529076054419 0.481016126027792 1.3223309108561554 1.2651717166847507 
1.5343658707999643 1.5343445657028514 1.3932058539904295 1.2927524628802598 0.3828421497977731 
1.534247850549971 1.534247847078979 0.03064347135201275 1.5036043987729268 1.5342478559179633 
1.5342248766028959 1.534224821854331 1.1442776149071558 1.155277687444461 0.7688947163333121 
1.5295386740740107 1.5251847525029179 0.18028369546715386 1.3677231744414806 1.5342434321618543 
1.5343641920763882 1.5343641896653142 0.631629625326059 1.1695790769458243 1.2675197100410054 
1.5343518084207246 1.5343518046370408 1.4737839476702752 1.1277910773254605 0.4671286104948193 
1.5342477182230219 1.5342476697164422 1.0505909046351787 0.48365708714501143 1.5342477932398848 
1.5342051162595787 1.5342049089874215 0.9848455119538275 0.549363737856513 1.5342064250191136 
1.5342943380258989 1.5342942579019279 0.9683478721989627 0.5659467772377726 1.5342944151215208 
1.5342566623287983 1.5342564706839574 0.7551475645893558 0.7791094822764267 1.5342567266261795 
1.534204165220812 1.5342033738542737 1.031399611103959 0.632822637972069 1.4041904608089701 
1.5342472699579932 1.5342472092880621 1.1020138939484985 0.5953577152004221 1.3711232249592702 
1.5342039832530354 1.5342031587555767 1.0103492877177984 0.6538729129455405 1.404190328633495 
1.53422300848415 1.5342228346577733 0.6970746471397137 0.8371490369402236 1.5342231757406202 
1.5342473605765339 1.5342473012088516 1.1112916517371931 0.6155105873533155 1.3416927699400785 
1.5343653100228631 1.5343653005469953 0.6665046553467291 0.8678607240897807 1.5343653300021227 
1.5342425361667187 1.5342424459159425 0.6343563103020377 0.8998867348419579 1.534242675742219 
1.5344640214343364 1.5344639993561866 0.8212831751017645 0.8432175880400584 1.40442752609919 
1.534273607297287 1.5342735450756397 1.0611219338196936 0.7247000758798655 1.2827255499912904 
1.5345253324454768 1.5345253324454768 0.5188486674567442 1.0156766649887325 1.5345253324454768 
1.5343649437380353 1.5343649437380353 0.7392572493603223 0.9237336226180516 1.4057390154976968 
1.5342935830816022 1.5342935830816022 0.4147734553727223 1.11952012770888 1.5342935830816022 
1.5343578356092933 1.5343578296504392 0.8949936221395943 0.6393642669359937 1.5343578514451068 
