1.0064258022687902 0.0 0.0 0.0 0.0 
1.0040866367302126 0.9860312407505494 1.1970544426970634E-14 0.0 0.0 
1.0040879464065595 0.9860312409012688 0.0 0.0 0.0 
1.0040879395629347 0.9860312409029163 0.0 0.0 0.0 
1.004087470864483 0.9860312409145985 0.0 0.0 0.0 
1.0040868801245706 0.986031240706258 1.1970550965411073E-14 0.0 0.0 
1.0040867778321019 0.9860312407171231 1.1970553406427228E-14 0.0 0.0 
1.0040867425680728 0.9860312407275198 1.1970552069357214E-14 0.0 0.0 
0.0 1.0000000002259442 0.0 0.0 0.0 
4.146820699664243E-4 0.9999942312145286 0.0 0.0 0.0 
0.0011405812240875956 0.9999841334480923 0.0 0.0 0.0 
0.0011405812486392085 0.9999841332920467 0.0 0.0 0.0 
0.0011405834003588072 0.9999841325619448 0.0 0.0 0.0 
0.003619743251358648 0.8418302879580312 8.524314072575793 0.0 0.0 
0.968688791430272 0.9514630331483107 1.8901391708201358 0.0 0.0 
0.0 0.895260526143462 8.310176674537342 0.0 0.7311668322075663 
0.0 0.9892193079851582 0.6336781178103574 0.0 0.0 
0.9836430435991034 0.9703535211928583 1.1501781349083986 0.0 0.0 
0.49577515875567596 0.9818193942320927 0.6082965354251093 0.0 0.0 
0.957238018572187 0.9761985458090838 0.565222718529421 0.0 0.0 
0.0 0.9967345213396694 0.17604347865423967 0.0 0.0 
0.4986477327169145 0.9897973809024337 0.1760438980566627 0.0 0.0 
1.0011339351146247 0.9821297707877301 0.22623591753869865 0.0 0.0 
0.0 0.9996206612916567 0.0881516856331202 0.0 0.0 
0.45790938628682865 0.9916289790242201 0.1118298324430571 0.0 0.0 
1.000716766438809 0.9840042328266146 0.11224934995985505 0.0 0.0 
0.018504048529604165 0.9808654324070467 0.5604282134019004 0.2843866896156709 5.019072427792148E-15 
0.9999846919015598 0.9686974947049138 0.5579950137982246 0.28524431584998794 0.0 
0.001124205205039582 0.9856267576219931 0.2735596753314094 0.3112657702933543 0.0 
0.046308276745010236 0.9993557648662725 1.19705624565746E-14 0.0 0.0 
0.9733173545098645 0.9558140842837328 0.0 1.0275306453806912 0.0 
0.0 0.9908573961172421 0.0 0.3121844423883033 0.0 
0.0 0.9972950259205237 0.0 0.13175533672326462 0.0 
0.4644871962635587 0.9884733415924211 0.0 0.16981890285702167 0.0 
0.9996572966865591 0.9821769083299505 0.0 0.13129615353237847 0.0 
0.0 0.9982912550979084 0.0 0.057293943675434056 0.0 
0.48945964014584104 0.9909023669473271 0.0 0.07672644287691961 0.0 
1.000084574273161 0.9837985864269342 0.0 0.07672724124369389 0.0 
0.0 0.9991619002018856 0.0 0.028101335016009022 0.0 
0.5016232219919782 0.9921833742505293 0.0 0.028101386800000294 0.0 
0.15091280590803227 0.9983403990318342 0.0 0.0 0.0 
0.2513134477077517 0.9970036054574937 0.0 0.0 0.0 
0.9877318427363867 0.9862587667327126 0.0 0.0 0.0 
0.0 0.9994850653575241 0.0 0.0 0.1886618410246986 
0.49640470987571106 0.9924970575052605 0.0 0.0 0.18865940117637792 
0.9845228818731959 0.9853985260781359 0.0 0.0 0.1884495223540491 
0.7572092195616728 0.9894654221581364 0.0 0.0 5.019010056415479E-15 
0.459434072485259 0.9936620001094049 0.0 0.0 0.0 
0.5084697178173062 0.9929261760545971 0.0 0.0 0.0 
0.7552271187148638 0.989493333285192 0.0 0.0 0.0 
1.0035744430018785 0.9860383609485689 0.0 0.0 0.0 
0.588522967671273 0.991812914570379 0.0 0.0 0.0 
0.7980256674865027 0.9891236519074348 0.0 0.0 0.0 
0.7177958438222274 0.9900597076081566 0.0 0.0 0.0 
1.0035743390050684 0.9860383610130362 0.0 0.0 0.0 
0.4916870340245932 0.9931597631616705 0.0 0.0 0.0 
0.5002227328095263 0.9930414943744833 0.0 0.0 0.0 
0.9920696322988019 0.986198419323319 0.0 0.0 0.0 
1.0023783419699124 0.9860550042657952 0.0 0.0 0.0 
0.5025405582977824 0.9930084830670188 0.0 0.0 0.0 
0.027936976939584333 0.9996113445229617 0.0 0.0 0.0 
0.027936984251071224 0.9996113437831834 0.0 0.0 0.0 
1.0035821081543717 0.9860382591722392 0.0 0.0 0.0 
