0.1794550126127561 0.004007198499138553 0.0 0.0 37.177363173857415 
0.25457319305021997 0.0 0.0 0.0 37.165915572583486 
0.23248529375113947 0.0 0.0 0.0 37.16633807175901 
0.2306430566385984 0.0 0.0 0.0 37.175306167992844 
0.15657237759464238 0.0 0.0 0.0 37.17856854579531 
0.14676582014085682 0.0 0.0 0.0 37.18491423538856 
0.26300846701642655 0.003764837301801549 0.0 0.0 37.165607964429505 
0.0 0.21648040155776016 0.0 0.0 37.18305982660639 
0.0 0.09834939865807257 0.0 0.0 37.19058361833477 
0.14667266768834253 0.19669879731613804 0.0 0.0 37.17599181227066 
0.14676582014085682 0.19669879731613804 0.0 0.0 37.17227595179819 
0.15657237759464238 0.14797890526820368 0.0 0.0 37.16121760823853 
0.0 0.19669879731613804 0.13135707815296627 0.0 37.174832744124075 
0.23086904314184054 0.14836640235976972 0.0 0.0 37.15743518843832 
0.0 0.19669879731613804 0.0 0.0 37.188124835205635 
0.23248529375113947 0.14797890526820368 0.0 0.0 37.157139833831806 
0.0 0.0 0.21290167880923505 0.0 37.18051348478738 
0.00351169107933913 0.0 0.21290167880923505 0.0 37.17506232576391 
0.1433153441028594 0.0 0.2166547280149338 0.0 37.166912616865716 
0.15657237759464238 0.0 0.19340966360194756 0.0 37.17349184162134 
3.3596266134594543E-4 0.19644757406626212 0.21290167880923505 0.0 37.17151158170429 
0.23248529375113947 0.14797890526820368 0.2147215375856284 0.0 37.15219715593125 
0.012392298831692017 0.0 0.0 0.0 37.18781420324937 
0.22883819175119413 0.10439682534892114 0.0 0.0 37.17574232597058 
0.23248529375113947 0.019734378486703008 0.0 0.0 37.16501115723826 
0.15861824716524353 0.0 0.21416934672360455 0.0 37.1567790800852 
0.2306430566385984 0.0 0.2102803043511301 0.0 37.168708714561006 
0.14676582014085682 0.17864159914396538 0.0 0.0 37.18440686078836 
0.0 0.0 0.0 0.0 37.19324291178643 
