1955.6778401694246 0.1466952183405622 40.01366848893212 1.124608854864599 7.000422471646639 
214.31410516874476 0.03315707788934723 40.097013731924 0.7845907915247062 55.99137004458889 
225.69585366337665 0.32062605449554243 38.365512119030285 1.3389262939773825 70.19138585280133 
263.51009316741266 0.13758050126092455 40.00285545610282 2.2203995203836904 28.515919017379364 
175.83941468254923 0.5402200731133149 4.8543828276986885 1.5655428089769199 19.95130499552076 
256.43217521314546 1.3022577352658797 36.318519217977695 1.1601491790525202 109.87044444077061 
63.42197612640756 0.589797811833526 4.751736946164571 1.564468007890437 20.34551196914545 
97.02365827015029 0.37805060082576164 39.953393663262844 3.066337153762517 6.038216368834911 
97.33102464409836 2.5184590708817014 36.29796961381795 1.1030095149737393 112.54493977641576 
44.88430740852944 0.4578043826014707 39.96352280613504 2.405688486443449 70.98603489181461 
60.59186456879958 3.1159944651991816 36.598349256550485 1.360750871847744 65.49957819376739 
23.073780601972025 0.529436536422327 11.143728013550902 1.9454786302596188 22.934160219223397 
5.864089651262671 5.724698118761276 39.75692860533023 1.4302635407469708 6.720903830709727 
6.1163258098249 0.5816634997401445 13.840043852137757 1.5987454415877307 46.66313035334593 
3.833210427256659 3.1643693955760126 40.08607788886702 0.9147715270059225 54.59046247545048 
22.232434877477733 2.3935171512975377 4.175546747963834 1.5564582005042162 23.34972422744959 
21.10552538764149 4.626610326193152 12.726787124858836 1.3202037399703128 114.27230289171669 
3.5318655762073505 2.597205340420025 39.98873425473976 0.7953374087066098 75.26148739047242 
4.135562775016472 1.5980799486577255 39.78324691544513 1.455856170009477 9.078180498048695 
24.84444888418858 4.843541709378713 4.180402379521984 3.2293073677322837 18.525500568499204 
3.5501340910912362 1.9655967395089557 39.99712587937771 0.7967191373265704 75.2236857970351 
3.516846094559133 2.0523296330362326 44.19532343181924 2.0553673427633927 6.575221580299106 
15.059706618153987 1.692380390377502 4.648184799097291 1.499261055754593 61.384935802519685 
10.817422214135195 1.2748697005740575 12.068866399261767 1.6224643724859227 17.061430543818982 
6.557263766111605 5.367422129438868 5.366629312033292 5.004022778092375 121.69709032536156 
13.334555027707063 0.8179167568369105 3.9410357239634592 1.5650421675294943 24.607066472016193 
4.999306185312412 1.0077583754438668 9.990156110271892 1.4159563192280065 62.57505509125219 
33.93783313540421 4.760165449318821 37.06956499686887 6.624054104625882 11.718749995724055 
12.447738530310287 0.5475130045105382 4.752923039356521 1.5349794121834615 18.532588227911262 
5.148321012803952 1.122284378951394 3738.9561563028656 1.0456653166719279 5.537693420592764 
43.062023561134644 0.284149101657266 40.03340885785049 1.0514829534742978 7.0142308077421385 
3.648474266297748 0.18517862160774726 707.1008202835571 5.227241486072767 6.954184298674261 
4.664420506026879 5.225074662176294 707.1796851288177 1.0409509838232414 6.955967378326303 
42.10884442172646 0.03207709426676815 40.033963573314715 1.0466976332037736 5.538185453925325 
4.042715173095524 0.03032066436508996 40.02000543093461 1.1845270612599395 6.494784372051419 
3.913882139959295 0.3139679083521078 40.12279523694429 1.090493646743011 5.755040386408342 
3.5445034601247727 0.3159708201232801 76.02484246001586 1.7371301307424485 50.66250237327251 
42.10885626543273 0.037154834547456585 40.034528214443256 1.4236850490335256 5.537549008474253 
167.76904628438228 1.1978731060414394 72.20180487329635 0.8319108037305689 53.35414992916554 
3.545920306614643 0.05396142584018123 40.26098140919973 1.727773414085848 50.61491117379114 
4.5422943221010526 1.1719741804752604 40.073355814042486 1.0584175377610465 5.537621403658731 
3.568541874367794 1.1256334995443342 40.06646215469803 0.7835694726718385 55.989721103129575 
3.808275473473923 0.0477153553513695 40.008389214356335 2.255220078468455 6.571272660412242 
3.6825092274318467 0.4148933595326798 39.99300073278865 1.3754664503161955 8.264914705586095 
44.916522161840255 0.4091911766042483 39.98486918334931 2.048561942338174 55.81803615365377 
5.00197729706938 1.3802815788822118 39.984807532053665 1.044281529561758 31.30704419293228 
3.596736126391487 0.5903222086568221 39.95761457142816 2.2847629671722434 8.26431561622438 
5.9081730220862445 0.9251185375091019 40.035636458123626 1.0359474777578843 31.40182734888813 
5.211592386728029 0.41123072607496974 39.98712866187777 1.0469392632569585 5.541600440815917 
4.864924031973348 0.41753539694440694 39.985429664556925 7.235938254023182 22.663295815412933 
7.227812538934235 0.16990188869814454 39.974323839065995 4.983585146662147 54.29130108658998 
30.22016518472556 0.4934713483958148 39.954420852003146 6.056838773596752 56.01483772526696 
22.722009726581348 0.558525935600136 4.183683247479871 3.219971900913732 18.539037992335274 
31.064788365553362 0.036527778248670574 40.009495992954605 3.7601805803732358 54.410035438006844 
30.995015571614374 0.4890884138557402 39.948949474838834 3.7660954474693495 54.4045385323417 
54.35132159297734 0.3541081043790836 37.747794208002844 5.3325476455613 112.87356288070173 
8.115370621746113 0.7822454268088848 11.033128092091497 3.0713834690765265 16.617861109586435 
57.92374160764199 0.3273925842890624 36.31705250666672 8.940906301684894 234.6376221404362 
11.697527567781362 0.7659958198569237 11.06223291824247 3.057166570422703 56.70731005741464 
29.45488076091289 1.3429968622129518 39.78725780722363 3.5344670704703938 5.831868617194281 
14.040973206527994 0.5738170422935632 4.75012969316051 1.92775306141845 16.148975576393234 
6.591951234206069 1.4509672954999933 5.331654136973145 4.991604739473472 121.79660326198348 
6.116301233469594 0.5860344177954805 13.840128854491805 1.7838457451992706 46.66307091446789 
3.8252747004916774 0.03441063983168982 40.034537952911066 1.0536563115952746 436.5390745850327 
94.34899281575619 0.63235435197626 36.301497487626314 1.3820917465558795 63.75524914782731 
3.594553830872935 0.02720771677540859 40.27542803892748 1.8387485412927977 437.33421245315617 
3.59087756649862 0.037234511801909134 40.071730418270725 0.7852657805531081 54.96694385261674 
31.073867814701252 0.05307736876851247 40.005174277992566 0.8860195232940236 63.36922451429881 
4.1166577990721285 0.06320151737156317 40.22587972280413 0.9776975584795322 49.02551958554445 
56.18678353503461 0.3653855789608001 36.252183748500556 1.172812647554629 109.85589263546943 
19.257419325461196 0.2979703795310861 40.28605360744461 0.8370264060086353 53.41093811584111 
33.39327427854482 0.2977105490022933 40.28817907874959 0.8379961167655616 53.70232887082573 
3.590876366132654 0.443957974110453 40.071812559864306 0.919335976087086 54.588131409208046 
42.18913424337969 0.28962545697939507 40.04061727091601 0.9929120870400543 50.19170990565089 
97.23181928899909 0.8081104451048837 36.298376343808556 1.1006711729083882 112.32668516930008 
45.300247120361874 0.45039959555139164 39.98888900919902 0.7799381154331657 55.82172926408352 
22.916183733964637 0.536607742774441 11.18899435847056 5.23787996110513 382.9479057112566 
57.9237389185958 1.0179696776314577 36.31689811338257 1.1489092402205372 110.81929905122814 
3.8212320534214395 0.07043925049496416 40.121189146047875 1.3176100092175789 50.505305945857096 
3.757803331529768 0.034766666424477004 68.63890023407562 6.125478972518454 397.9918992054237 
5.343165767401574 0.5917969004979725 9.73350424977285 1.407315865697594 65.35515818860189 
3.9258294383177446 0.04550104187003531 40.064761235266396 1.0326986113262633 23.805450591318216 
56.24438369792912 0.6271335324584092 36.30175043189784 1.4110880055200707 63.76821973333523 
