11.465419961670605 0.16610095594129842 11.479355947478465 10.491273548380942 9.803237387751311 
10.890329306635493 0.0566597135077996 11.260021386176414 11.190758508222066 10.559559482602054 
11.516260084560725 0.14364733332954008 9.983740678370426 11.46657569921076 10.647343899883486 
14.228671008439232 0.04700908660882646 14.011748687008494 14.167718735973834 13.155503230935704 
10.60664977480785 0.11968324831480318 10.897147944010536 11.481163288026686 10.268482986868115 
10.946807513817815 0.16690553128002775 10.582997386330613 10.189888392169964 10.63313207106452 
11.187593446115752 0.1997122895760482 10.663816971136225 11.240514345548533 9.622111074284376 
11.176974255705764 0.20201998306562705 11.304569146415382 11.230605442991727 9.423917137660656 
11.487097295220684 0.2221689317254664 10.670414800740181 11.203999922223716 9.475343002759239 
10.338926266394383 0.12740652753727486 10.63537173687776 11.184763540057034 10.560640794054901 
11.396392547503108 0.2419514745839513 10.923263632703005 10.701609216833674 9.426302258831551 
10.3500802992613 0.15913657480810892 10.621356094181122 10.649051325109307 10.547770975215757 
10.910625490454416 0.2218716764723784 11.278588370611896 11.539289954468991 9.394909065285232 
10.941073259810143 0.2364610700688595 10.656939337731075 11.189850604758055 9.463376773093694 
11.479771533477237 0.29295129618682064 9.972288646103449 11.430898833802297 9.451785393348919 
10.613310400534395 0.2456456460213113 10.897291869188983 11.477874822668266 9.405306870867298 
10.952843514596244 0.2825657812743305 11.501670010592866 11.201759951003142 9.076860816191967 
11.538902776956883 0.31501114361937704 11.552745734610511 10.571259171866728 9.0596055920033 
11.537971217173515 0.30188904585357546 9.113326063199983 11.487667427072667 10.666928725020423 
10.96075148235397 0.3005626754421187 11.411625161372356 10.055473943658711 9.458593044631519 
6.792801216636806 7.653747695067246 10.90113339879471 9.939384236939123 3.236513769155103 
11.11375382588947 0.46685600936746086 10.831130286204065 11.40124296591349 8.592477767175252 
9.124599664045794 2.3913111572808905 10.27997752221873 5.663446798957917 9.100293752454998 
10.581968042239646 1.1701165926450134 10.691552064446364 10.70857074034761 6.623993109559735 
7.613383789354236 0.9782068416487301 10.632292378149028 10.004346513960114 9.577218836761897 
8.650810338195816 0.8171407355616963 9.97534165634187 9.869994480237162 9.443357464686104 
11.016794938376611 0.8550810644645159 11.402522480879624 10.117505951357993 7.428443517847514 
8.105715780518036 0.7389864437316971 10.920868327942348 11.438451635416147 9.418413193846412 
11.554745811012621 0.6683190911492004 10.257502591528699 9.934589072064957 8.323518070771359 
9.564996038829301 0.5903958987949182 10.288080716491814 9.84238320694302 9.160137321870675 
10.54847118934607 0.6128408256219557 9.038305077912353 10.498744343600205 9.035965963155315 
8.571268793134848 0.5917352239660939 11.211208847451756 11.265549017611988 9.436623911829276 
10.967111968221271 0.5983158592290613 10.691870681125222 8.125148302406167 10.579925005827034 
9.260924332239018 0.5461299956301706 11.378902167250878 9.83118184860315 9.423056423006987 
10.906631383775222 0.5256784676830499 11.404951109512673 10.06062986298146 8.476383856892632 
11.165924256525932 0.5475122016080213 9.085933699094895 11.227843335343914 9.013991331312686 
9.20376011795421 0.5634365715380221 11.047133142689455 9.129589915773726 11.66101087301252 
10.463537363044534 0.4846807841832804 10.980692817956953 11.283944707422274 8.501221131201362 
9.521202590764394 0.47503133167890815 9.969533217441736 11.214190166289503 9.411414486471191 
11.474460443764515 0.46985235056540037 10.642767904422488 9.124209843423355 9.403605943771037 
10.39613315255829 0.2868565511751853 10.694783606878541 11.523409139019185 9.38837576835513 
9.628715923232232 0.24743217534955045 10.388586062858638 11.339020883222778 11.639564097707009 
10.406166233365958 0.2900697446533712 10.699841519684044 11.244099439484273 9.392583172776497 
9.23995151656733 0.31346788763354694 11.237705392138189 11.471946834159425 10.2722402919371 
9.845916483181611 0.28936462335610824 10.32873523482708 10.09789185766303 11.561762156768513 
10.560522692948947 0.32134352457703474 9.004218681737978 11.22378220150797 11.5146247195774 
9.852434967024347 0.31449495389759907 9.9760711592498 11.278333918522218 10.293275352416904 
9.250701071254555 0.37551102118294044 11.224626013311164 9.829891231716292 11.059376808095633 
11.6721040359832 0.33537136597843825 9.225739412521976 10.859636261321233 10.7908427557476 
10.426355322525778 0.29910660513791015 10.63408527379328 10.666721659582354 9.428834888186183 
10.413875224181883 0.38523843869616625 10.928717485084984 9.038440154349543 10.590239699366515 
9.791270305321172 0.32631754349005837 11.170717971565345 11.224432838155188 9.402541966943211 
10.941545156550507 0.3147802764430558 10.656714353387809 11.188507263038012 9.066122074724014 
11.435261288042579 0.3418082058454535 10.002136595437664 10.756210610634518 9.422458928548918 
9.530600654544902 0.3627984120771774 11.49568975094631 11.183077802098998 9.434061292764067 
10.96443076289371 0.3367639526687391 11.402257458340609 10.393959176203122 9.08418258480558 
10.290641190339088 0.3865285117979664 9.79120196370412 11.10976974969583 9.39225457327051 
9.46601220747173 0.38905471162824756 10.888717951183821 11.476084710149019 9.380161307240419 
9.481892165304961 0.4121478451184486 10.903467329035568 10.66769286897983 9.429693387483614 
10.456901741124993 0.38626846944596854 10.978813534296155 10.568459479458589 9.068063691868918 
9.536744374424512 0.4113261452632718 11.22791792067061 11.488279412702704 9.1633292921343 
11.434037866318347 0.4278970178995396 10.00724351822328 10.586536146746507 9.060357409268015 
11.176561590126049 0.4200432564595862 11.293960510013836 11.22170049476332 8.457166670285744 
