10.368354317053678 2.1052115447018243 8.196156184036719 5.898876381609784 6.556718838260776 
0.7081175660581628 6.622911962035421 9.776868261203111 8.595525584711382 10.025388622684956 
1.613942594916402 5.405631598262511 9.258724744477806 7.819590113412284 8.803402616816292 
1.5020748165884332 6.671304680471481 9.241249473505405 8.635922901556132 6.367849163144848 
1.3758709801383442 7.852640928856451 8.25750331794034 6.732907856764734 7.649775507340665 
1.2734046009194895 5.814121029872434 8.324589628479291 8.538857396584273 9.438403924427803 
1.2275191200341717 8.564887873017419 9.173176450515312 8.573538092985302 5.6806073455476405 
0.9420755474688 7.383042140316629 8.280336500059951 8.552384957542104 7.63228489905455 
0.9894009761950155 6.790100174687235 7.714397033960273 8.682556838386466 10.126897498647601 
0.8858531606540434 6.429407547940414 9.185452279486771 8.536291599456634 9.281707591676533 
1.0460683161874416 9.5470289989451 7.668753963229186 9.363179411575413 6.346109857518259 
0.8914301250051101 7.609247441584415 9.556515532006628 8.888708043425806 7.909129862068531 
0.8610949284642626 7.160678956906339 8.777242950655399 7.221899209527714 8.508771700256345 
0.9046197208099039 8.50494696866615 8.29835132147861 6.459801426244022 9.966295505599122 
0.7863273363873768 6.406180107785775 9.200157498573233 9.683235602545034 9.306522738532358 
0.8419707932270528 7.569169663277282 6.950964782932307 10.038834932186885 9.289362980680728 
0.7165166872272829 7.584719582254919 8.1229427208074 9.40062939266708 7.409267410790122 
0.6835291327458651 7.511159737024943 8.498501119111996 8.480878305177432 8.524016613797032 
0.7964295258230658 8.490374921774341 9.144574329991569 6.470578677706068 9.982922839122493 
0.6872060718531838 7.7505254936151635 10.004312426482688 8.507951451967054 7.570334469872797 
0.11273109091108159 9.061306573055262 9.511189904782313 9.65949842113412 9.106679075914913 
0.14878848475062548 8.714781195348586 9.480497928236453 9.628327862880713 9.077292428880547 
0.11383559571925525 9.066511721456534 9.499578311761695 9.661467322407901 9.111807185677844 
0.11646381322989661 9.052134718449034 9.524578217428688 9.638053020091574 9.11942750243459 
0.14979422742263193 9.493256276775986 9.943242437594385 9.3154328745399 8.554677656450815 
0.05996947065808275 15.918832786514082 16.749907543252103 16.132674146068464 15.997328769970359 
0.19483460076428913 9.453723468993326 9.102316178611627 8.59665010287824 9.05754892951778 
0.19747400511756968 9.461153703664177 9.109564584477258 8.585657100932018 9.064538251291458 
0.20694889720409712 9.036764034949744 9.107642575037342 9.58747147187273 8.500402929895534 
0.2604854391831113 9.485834329666995 9.131260274745308 8.621513353863119 8.538377653849224 
0.22487963409114994 8.424445375460783 8.949345398293689 9.66163704975178 8.53737774429543 
0.2682356916391422 9.104959265241604 8.015921298639524 9.31740568084505 10.013414500051468 
0.24738323260449666 8.231475104297532 9.500533152386192 8.232473310280792 9.61745235909239 
0.25958262598253073 8.262011107660301 9.2674239486357 8.257434324508969 9.650999688801189 
0.3342221061593541 9.049162228166763 8.253173046152407 9.294670752924018 8.523465395746104 
0.3424130998368838 9.092411527756084 9.180495963602043 9.63439078125132 7.814224463185015 
0.35043247505837033 9.092651646610301 9.535979311765878 10.03978073926501 7.6391853733340245 
0.28866267967321035 7.806227522409379 9.99314614423682 9.587032981278213 9.133826886648093 
0.35766330550428005 9.099063741708653 9.542349887883422 9.675228064219473 7.643996790738659 
0.3168111065326817 7.532064034185491 9.804456313134626 8.99911648302295 9.708054235923237 
0.3834064797287889 7.461915552063706 9.157975857870753 10.060552570130122 10.058975165949176 
0.4095267410468963 7.4530415129549175 9.140716939506033 10.038831548191846 9.2893598493255 
0.3803419869720459 7.54677962722229 9.852579903370836 9.44796572685434 8.485242321747652 
0.4496866600460514 8.475713752805877 10.175296563356113 9.799651045783628 7.742298232881178 
0.42888716556483814 8.653315636485344 8.480174553010418 9.533369438299435 8.757682875662596 
0.4259996715556121 8.687804242773739 8.156012609291736 9.132273688925753 9.162360958506127 
0.5421697105541892 7.242472441682043 9.109180210464956 9.996163041618775 8.52112569027139 
0.5535852274344879 6.936643954809515 8.9206866832393 10.029867486348634 10.028294893312912 
0.4074843992998304 8.638076986618346 8.038889560259978 8.602588358698217 9.989056125454159 
0.43540475111721094 7.523910494819974 8.9360324215286 8.265006537448302 9.657152791004755 
0.5084840561110016 7.582246962873737 7.899945140697083 9.003371052229848 9.712643974114647 
0.4906459882213037 7.247719806515308 9.123370655820263 9.304753480935766 9.280593082296077 
0.4751743988023214 7.868527826713117 9.968004850136067 8.046166119747507 9.139404426496796 
0.6115783775192114 6.586570610930327 9.772626309647714 10.025264125561568 10.023692254291426 
0.427928570629508 9.074417607505156 8.30739655595279 8.472441537546457 8.515536932228052 
0.5566325254607155 7.237298605445276 9.09853559317351 8.592205759955739 9.241874419222018 
0.6674254917345049 9.157407230689618 10.079426813687794 6.618274027745776 9.74696433215935 
0.47728012102617345 8.430426719848237 7.851437371093272 8.396134382152566 8.50614773383238 
0.6122352269837523 7.495325409174864 8.490686782307025 8.472920821521221 9.17061014824889 
0.5296518863794317 7.2579278282291755 9.9364854771271 9.309102543959712 8.548864299379638 
0.538836027524783 7.272243484826924 9.96494590892257 9.15749224136808 8.522115510243202 
0.6864747132988995 7.313166089585845 7.730551232047522 9.63433363593196 9.222760285997172 
0.5507731980867643 7.544364523176692 8.089186803428145 9.105955205172524 8.350408115541413 
0.5784873228427321 8.43023064935691 8.759330215145368 7.206803164967669 8.49098568676991 
0.4607061258596208 9.746655148448623 9.155204207784475 8.515440278246722 7.5769979916434504 
0.5285912065038075 8.46926611266531 9.482142548215627 8.477733366510655 7.700241157887873 
0.5601288531808728 7.569687681778088 8.966082363013918 9.427653021838719 7.654607260521701 
0.5638729856198458 9.76644508630047 9.173097096316278 7.980690358454908 7.5901370122275065 
