0.6842322507745109 0.2829762573780526 0.3357654918959164 0.04015236460168582 0.15611382096889254 0.03495274912714772 0.32421931562858763 0.2911100598280937 0.667040643109041 1.2585725474191425 
0.2994755636856486 0.23793608798018218 0.4086302873276031 0.07109521080287468 0.09977152525641242 0.1299941104915886 0.3538622123877111 0.18817793856008164 0.6859727938094544 1.260957546947476 
0.47145423640153583 0.39643224512643643 0.34996797420692416 0.053343605293934435 0.10097606866039419 0.0636432561017549 0.2781744041124834 0.2620390315195894 0.6251549019797353 1.2356951672041525 
0.33119314646198045 0.4340869675075549 0.34652706963778085 0.0332593163576362 0.13749832618294278 0.06571696977753884 0.2945524903098636 0.24550999760317005 0.6220528447949556 1.2333709559342856 
0.26467709273901974 0.25732595174419054 0.3451108700952323 0.09387996260925745 0.1276127325744894 0.12346928266612871 0.27251467627002984 0.23771041840257234 0.6332461744282671 1.2274931139392116 
0.25599661360007053 0.21333438039598315 0.3413070370119588 0.05966647337373504 0.11345789040602244 0.10684509792008659 0.3385373202175018 0.2326387579608326 0.6485582616547871 1.2003971392474493 
0.23616018757912016 0.2770693841110996 0.319552926238326 0.18090377850362488 0.07311760152394402 0.09426993047243526 0.3188186174463763 0.24063134764090247 0.6051712780640777 1.207318033632275 
0.23030990654752426 0.3019376206057019 0.34261446532713696 0.06029211569897548 0.08446071287853221 0.07191698837871899 0.25683742618586874 0.23335783703182836 0.6828920233341582 1.190019780031501 
0.22195271581901801 0.3240132616889326 0.3354898153566687 0.10596942764968681 0.07323501285965203 0.037314975998544525 0.2920030335135371 0.23735205685443114 0.6207258698209092 1.22153324087095 
0.13925335874839695 0.4207203255120962 0.32421901327879044 0.07271153993932482 0.11328134242858992 0.09500033885417702 0.33830510186793084 0.1736745414641069 0.6076654711351815 1.2724410838965547 
0.18231512861613136 0.4834106353888552 0.3303737985461162 0.07231041765040898 0.12286305860462667 0.08185190049014213 0.3260323741248167 0.1892139650727685 0.6815241914757822 1.259545088826336 
0.13961536850109263 0.3623423110636751 0.3584395660278529 0.09655321872843696 0.08277637185721921 0.07844136284573683 0.28083736642096124 0.21769347147103768 0.6390019754601551 1.2059364451861039 
0.1580895721854229 0.34370827171199975 0.32752248270472833 0.07615289445185516 0.10911632691803408 0.09793183004985562 0.39498118753663913 0.11979103500514514 0.6935542606469624 1.1948624714926115 
0.1402267050048006 0.29976742808234846 0.3268055691907532 0.0850256464493856 0.0970456079976095 0.07965265635546548 0.33673898337803476 0.16772891612198837 0.6198243986084069 1.2495733407035607 
0.14685000953613125 0.3351878308296022 0.32229027766170437 0.06093884712918146 0.07243790032458758 0.057219853006492793 0.25737194458378093 0.24014247853546436 0.6884880357570843 1.306146589233446 
0.194565875915662 0.3635765153513893 0.4024068648396747 0.04636847217648388 0.23583038040652324 0.07968357295464314 0.2614743437190303 0.2785688393087319 0.683944602033404 1.2362419280848425 
0.1793502314412877 0.31595270523400754 0.3649411043124687 0.0822762043472881 0.08405207405410904 0.10156541742381114 0.38334321054317066 0.1648540804095474 0.6352897511693887 1.2461433751252866 
0.19972008571202707 0.33117417042835834 0.4456945343816376 0.09563036989312823 0.082322547857098 0.07253197574765936 0.3511921811618674 0.16366043782789697 0.6542663959292959 1.213913941082089 
0.20575529246426674 0.3034055390186509 0.35247640489329546 0.14329557940012075 0.08262851345958268 0.06472954796674614 0.3594755880309243 0.19737111721079978 0.6007063137367387 1.2029070755588511 
0.1431138549789901 0.2548902835288675 0.5106662322634848 0.09364866737800275 0.08655003452214449 0.07257505331350318 0.32172907720483074 0.21309188384920655 0.659718540602422 1.3137979118194714 
0.15569742465966577 0.29376198639967716 0.3818081797616773 0.11744122882967654 0.09384598982135464 0.07401549154484234 0.3905379656524118 0.13731608594978187 0.6553743712212414 1.2831735411663499 
0.18227484167062452 0.24710077837774105 0.4192799681276052 0.060135429076921224 0.15857302260275638 0.08593732868481638 0.2745831092808825 0.22705287779015532 0.6713562196111992 1.189366765456569 
0.21559646824890183 0.32718162992343147 0.43584885834212295 0.08546746483383905 0.06435104752240109 0.04894595807933155 0.265805642050011 0.23626382215839195 0.669328442964854 1.2152033932874629 
0.13759504124414226 0.2384753989753592 0.3731709701482931 0.12484951597092966 0.10847630491993304 0.08637953983335891 0.32965222674049854 0.19165486377245522 0.6193879647405403 1.1998823196244799 
0.17053119623870044 0.2550354016099201 0.38655498571023605 0.1277938193630814 0.07264845770892032 0.11657611398904137 0.2687274091771913 0.2262144787419473 0.6388467541901363 1.1946167446982008 
0.1796417062622682 0.2785049382670072 0.3834283303248364 0.09303440859074273 0.09088339795314904 0.048688965673306675 0.32270382971076583 0.19879968482308794 0.6630757992673345 1.250848973872114 
0.20839590875970404 0.33594892522424613 0.40948576468596093 0.06492724012553044 0.0806584860316501 0.05179082135588595 0.2534230373324918 0.2306797712467502 0.7133440825714803 1.2113505311723367 
0.1566701385815915 0.25212834795733163 0.3671562540250127 0.06527590188898061 0.08725337041908691 0.049094490293356496 0.320966155178938 0.22695849466875906 0.6421620745262383 1.2420011827389774 
0.17321575593333158 0.24328485204848163 0.33763834996401165 0.37199741938989556 0.10899554419211459 0.09395460199746687 0.3315634065166905 0.19816198651946434 0.6166495448681878 1.2095790893000642 
0.13184316569463142 0.22877015473970663 0.32129397505242363 0.12150416058781202 0.0719192437654683 0.05193287268986286 0.3452699372967858 0.2053958794396025 0.6108135765129901 1.2335393240879702 
0.16266180339716085 0.25369842450739466 0.32778851452868646 0.1337091139228786 0.177550170147438 0.07960461444619116 0.38837233520939585 0.13750026060729004 0.6033315381570272 1.2031568133073458 
0.15326225926360607 0.24964565671664882 0.33124367968493884 0.12578682216446738 0.07759751043370715 0.05947129928220522 0.3815170003742392 0.1761370971258525 0.6209515464255513 1.2313730776853773 
0.16296460215082448 0.2834672734863119 0.3478380259375692 0.11755691588869091 0.08767708506245822 0.07057925435976878 0.34475382467684323 0.19278847611507963 0.6048420167226908 1.203854933391525 
0.20298659590459675 0.25206935762373933 0.3856525723125067 0.1494879970622163 0.06626283288373754 0.062216295076434766 0.35783389096904633 0.17944521221745177 0.6861020601523359 1.2280242025361832 
0.13534127948583194 0.22276246553621915 0.3505845902365731 0.09727042293317517 0.10154047295146243 0.05679251460088488 0.3749769183267642 0.12911883807872543 0.6164399455017543 1.2493573372366598 
0.18844564967806152 0.2532343058831197 0.3025750417328662 0.09806438128088568 0.13097136942443496 0.0739679974011623 0.32179022778928545 0.18764402544920783 0.6114466992608274 1.1955546136836994 
0.14000405892916964 0.24569902921234651 0.37333045147833 0.1341122601494391 0.19322271283914105 0.11320181315210157 0.35299729114075806 0.17196965342141216 0.6704146475630477 1.2332112759257643 
0.18397477211362837 0.26102376376185926 0.35509236383128095 0.12854999711158188 0.11321674747596762 0.048805755503051315 0.3114636678592564 0.19779379445577383 0.6254317593474608 1.229175425841103 
0.1794156335769301 0.28165535209283965 0.3237801534502393 0.0731902260595394 0.12305416187086513 0.12830728430672683 0.32394298072652566 0.20734422437614006 0.6901797566997047 1.302096570522144 
0.1658211443025935 0.23416375166565645 0.3126082930994317 0.07347880101487064 0.0825415730811052 0.10192762097889498 0.30811482491545994 0.23902710535821955 0.6679571004622384 1.1901761119952083 
0.20820202193804574 0.2732263773472051 0.33179091494779983 0.08700516509714895 0.06912450143019529 0.05063698884696679 0.3206626938240564 0.21476486621502147 0.672797351538984 1.2718087427945903 
0.2071350503723328 0.23096717164153507 0.3903754372467945 0.12963133546474037 0.05013278925329537 0.05142976819167776 0.28271540890238644 0.24803706350846663 0.6799393487560105 1.2167989753303479 
0.17216698106501518 0.271328878946783 0.3014221696214949 0.08649845347825286 0.07628338961670655 0.2834748058381612 0.27867190940600095 0.23720717489759305 0.6129365366961053 1.2522378868045976 
0.23453936725124663 0.23623654572237227 0.3221637370086041 0.0760222998135934 0.10316046884906059 0.2014406654405344 0.35324186591474427 0.18988321816191692 0.6526478392226965 1.2975567558325731 
0.36720747927432423 0.28106296105855544 0.3096761165240902 0.0445725926382311 0.06314595462132347 0.2637181390918495 0.2647958671005493 0.24489389842493448 0.6382230819048934 1.261523848133502 
0.1720872818010211 0.2998385834078142 0.32728971159085823 0.14038034530213633 0.059127206652448985 0.18485794544371517 0.2620490103935784 0.24363415224972293 0.6499038842474189 1.3044067760117326 
0.166312430674591 0.2675424778246735 0.35899432605711723 0.07842605789037072 0.11177384454317113 0.13807607348442452 0.3518082917260203 0.17322372394837693 0.6179719919635124 1.2409826585625545 
0.14278245284370444 0.24356397661663698 0.3022981763585028 0.07200419619901705 0.11310184677357754 0.1065675258105469 0.3262738556592605 0.20218520397384945 0.6257550074762881 1.2173160707380413 
0.144877922265175 0.23431675605227953 0.3218467489488433 0.0756302154619028 0.10398392848341056 0.1003183507047675 0.37968161394728583 0.12157368306798497 0.6222864620384674 1.2323480432020748 
0.2579020992816446 0.25051797175100415 0.33731082250644806 0.1010430282478543 0.1498320733325012 0.14301753873724082 0.4037647324275154 0.10907623548283056 0.6250773374699172 1.239962946574153 
0.12870282636546682 0.21732907019571293 0.3416011220203782 0.05967835929641886 0.050654617839361725 0.12855456597760362 0.26226695369549485 0.24732988687885918 0.6686528695618253 1.285146542731558 
0.17219726227308674 0.27684438575731163 0.33929325158861745 0.07792112194036516 0.09816893191772229 0.14483339900281128 0.3814368902371441 0.10360559342877293 0.719344439735108 1.2832607632890345 
0.12563198184323138 0.23244593367496377 0.3412246641721463 0.03576446412006241 0.08466616081288245 0.041035631131778744 0.4522297229942349 0.20240115064320166 0.6387120327979983 1.1954810421184905 
0.16649996188072744 0.2432484911890652 0.3135013855579425 0.043102264820086555 0.14201338776058056 0.06589122338884093 0.32844017281866755 0.20513189780656982 0.6533747942795615 1.253509182095439 
0.1335040088050626 0.2329782773852474 0.33268272767597834 0.0800187771924821 0.0963688849956951 0.0561717628429189 0.39085611531145403 0.12376342152669491 0.6267859740620143 1.2490491673571225 
0.1916691100971857 0.26558226155612447 0.32261943628831885 0.08099869544061275 0.12148694087861042 0.0590282544225368 0.4314669754454684 0.1068902976394115 0.6320447488255289 1.2207598659032595 
0.13715931153692817 0.26786375612471214 0.36028245077770354 0.055102874768046525 0.09068700756431926 0.08078596155062888 0.42428665439681335 0.13115518377642527 0.6670646816666292 1.2407908412911104 
0.15077273049582698 0.22427487018393127 0.30211629297511305 0.08538971489757868 0.08992551452012434 0.04665480539928133 0.3740376276683546 0.18705463121432087 0.6257392504187714 1.2516485487470626 
0.15300582572614488 0.25220998806500183 0.3138932682326462 0.05638013733130626 0.06428348920076724 0.051150425703931246 0.333776252013951 0.1945550173374034 0.6202862354057399 1.218330672238662 
0.13253305697737794 0.29586523587317404 0.33090898258481094 0.07901058896524768 0.09495656498855279 0.07131192948687826 0.3579646858191554 0.2017239392352117 0.6869952696519207 1.2980672995453553 
0.1956745900241573 0.2531363325200775 0.3252851135764088 0.05878895969314658 0.4613693199452874 0.08642756897847162 0.38762542329932237 0.1489080713180001 0.6649289133800302 1.2625361329258808 
0.13552439594578594 0.21646018205536915 0.2978144487169295 0.039331461674182736 0.0686480442201024 0.04303262150479491 0.2615768013309028 0.27952242620810563 0.6151972019049969 1.2201374554603945 
0.16097312624400018 0.2947569457389501 0.34015796892209216 0.03195392155084245 0.04110656978671813 0.08106955274749654 0.30432173401473855 0.23894098833627458 0.6308381711562885 1.275694929794751 
0.1298590766114649 0.23967080543268332 0.3303387971495467 0.02217992293231863 0.05306608903635786 0.03694851419238473 0.3012510956203366 0.2334070722527518 0.6381537345284886 1.2434925681520308 
0.12770168689265973 0.23205440148245024 0.30565718909741435 0.03794239718683108 0.07887643394036825 0.05521891863395783 0.3279040729747589 0.20987810170763244 0.6076087210300599 1.2419765580871251 
0.17568288349627242 0.27041816705698674 0.3570684866584924 0.07193239259175635 0.06835600094279085 0.053810469495666494 0.2580156180369204 0.23638517234989617 0.628499838241732 1.1935938133791615 
0.1287911332201022 0.23922075374946972 0.3661134577800832 0.08957841801212815 0.03580276155249108 0.06523881659418304 0.29925224236971565 0.24793890393779774 0.6285035876936593 1.3000193096335084 
0.12999408028809256 0.2598606310264178 0.3038412012844875 0.03848259100147912 0.09226720903323235 0.041688915649666286 0.28477197709358537 0.22851629301854126 0.6240303219434961 1.2465471884736736 
0.1304953584446316 0.24472110708658026 0.40104879219252915 0.10189102162053518 0.06569282814646157 0.024383096945426043 0.25766100853328394 0.2613910841929065 0.6176139870373399 1.246590598063531 
0.14017869411803172 0.2585625121074878 0.33622153186793813 0.027018295800576367 0.23296910948795013 0.042927366942176554 0.28636134599382457 0.25777850953654047 0.6242586446175219 1.284797372078577 
0.14526767945667557 0.24083517510058977 0.33500097530799017 0.06953547588182092 0.06558900410705096 0.038963780211883306 0.31142627964262265 0.24492393108289912 0.6729794988774686 1.2356379110478393 
0.15310184788064954 0.2688277050556316 0.35159695732315277 0.07788240857308848 0.0958907242742701 0.06091033443038772 0.32042125100543245 0.19772588751389536 0.7697002651671666 1.214095471749276 
0.18592848009361695 0.28058333642817884 0.3102572256746845 0.07133717728390118 0.04796962933799886 0.037216680101285975 0.29413690202131937 0.2259548448359074 0.7407875662844818 1.2571757985012288 
0.1355778956085828 0.24857730437393635 0.35021215510126846 0.0928567409625366 0.06861660217110521 0.05435220505137038 0.32204328330286247 0.2230177763461869 0.7155125441659861 1.231239262729757 
0.16230282674601315 0.30629061417653297 0.33768271003203054 0.08001136654053123 0.10032557680643603 0.08185912545450297 0.39331364096695426 0.10304086440973398 0.7107461623063555 1.20468522794647 
0.17201471730017578 0.25652413490493403 0.40629401680692434 0.07937942689939304 0.12146328188059072 0.0688061956237789 0.392353369442507 0.09940382298709527 0.7110686617607882 1.2066295561170224 
0.15828065590426654 0.21737775162796347 0.3616076274921601 0.20504338251955267 0.06456098568462824 0.08868559029967402 0.3649091729735122 0.2256795125659969 0.722680768548167 1.2323424219376247 
0.19800585519557348 0.2379196599609434 0.3489802472217461 0.03731356320179552 0.042617656347783875 0.07269046017230472 0.2761423945086574 0.24011846142191037 0.6890228800609203 1.2228252867247362 
0.1775316811529008 0.272706910992164 0.33105312631247485 0.06371213924823951 0.11394253654386967 0.12272472915164676 0.31964375677325485 0.21159769013290772 0.6966925989332502 1.3164293747128257 
0.1611496384408386 0.24892382880891276 0.3180542018187538 0.06272088139912324 0.09248753269611598 0.06181597440041879 0.33147006881881147 0.18712659984541857 0.6670452291126264 1.2269000966650818 
0.16513929872606664 0.27692519790606507 0.31298361478661274 0.04735483680731875 0.06526687079206002 0.07503052377335138 0.2628172270841782 0.23234584933599742 0.709745406373942 1.339530209325361 
0.18722039147915387 0.2847911292410798 0.3435104387735332 0.05145327538971455 0.06838696477267402 0.07687996539676632 0.39592742570113615 0.18131491828990232 0.6683795664782466 1.4057782655631814 
0.2040733904435178 0.24290659138245035 0.3491291573260442 0.1135569505681718 0.10192860014529233 0.10288458332702417 0.37693500638504646 0.15580238438278085 0.6405525363817463 1.323453607629777 
0.18695815635848645 0.33768919019821747 0.3313171759966063 0.06407760399479762 0.11577110492629747 0.08405329529449905 0.4395309132409545 0.18508862020056976 0.6268121432627212 1.3785128817970103 
0.12723989868446753 0.22546237115015694 0.4275790411004577 0.12864966041921572 0.1272939139558978 0.054963769535008034 0.3211949730974481 0.19698662967300315 0.6510776989182055 1.3154132184049283 
0.14410704428679239 0.24015589207752025 0.31975944346111107 0.07827688165591956 0.07868652886370965 0.059389626200849165 0.3741090739562793 0.18861316728035837 0.6244231681210027 1.273363047999101 
0.18756629700897845 0.3424863594520547 0.3266685841156101 0.199871845516705 0.046449701234101734 0.11772372431663017 0.27690745867759625 0.24961416756868712 0.6542376633619212 1.333039125872585 
0.13642941527254585 0.29944547171631497 0.35723741700054384 0.09865758371809459 0.09396970997133426 0.10421577024282894 0.33173257628741437 0.1961990666000016 0.6473055418347546 1.3047861708158333 
