8.522517748344889 5.177399820427801 8.09698710197791 5.119852206434604 3.1203288313654123 1.0816713104024502 13.429308300450431 4.950961161903053 
8.38962618270211 5.25541698739259 8.05989064950858 5.084927293734426 3.214943946899435 1.129025196584246 13.340284733642537 4.929983720401133 
8.252221729135705 5.04918175061942 8.059509752049069 5.117681898424759 3.2075114187269542 1.1259436808649042 13.447632153175348 4.886592638021623 
8.24101128408182 5.074027316762531 8.112665929115794 5.1521382298357485 3.1091174882258916 1.1136183736092407 13.359236713265421 4.91937146634472 
8.311253645895235 5.104805923530943 8.0401267755627 5.331300278777535 3.2015177745911387 1.168230150369914 13.313379805919693 4.936394423013877 
8.271220070267896 5.181793792456632 8.157262565815554 5.117249859961792 3.13191142083452 1.1048766492046531 13.472769674604494 4.938740267850428 
8.238271537841813 5.10566210355681 8.029190405336832 5.13738995914354 3.196910915652917 1.2411041637052154 13.310468996397296 4.935845409605617 
8.358614274262232 5.109597493031382 8.079246076918738 5.12364841899704 3.2929692641320405 1.1769451628617926 13.330118641461384 4.926490119006056 
8.239239375132243 5.107512450489056 8.023261359462666 5.168387642575113 3.218462684749809 1.2460167263797914 13.420720134536293 4.878747762447632 
8.174811719765223 5.070475865010594 8.086598279781821 5.111811454761019 3.1403839384729486 1.1738205022518402 13.37530748587774 4.9054174155932735 
8.216857282893466 5.184962852549508 8.011744024405887 5.165928768048627 3.1816317360537725 1.1068419697350653 13.41664237057781 4.88412150311877 
8.19667311226407 5.008288133879989 8.0756892710238 5.148856180826252 3.1298711427992787 1.1832191682664934 13.38172652905192 4.9089145905348435 
8.13208626678534 5.376695598074673 8.092807898152143 5.099326171390862 3.215962957241622 1.1797952134180238 13.367582193713371 4.91274785086025 
8.133311415605027 5.298963901536455 8.16789054976689 5.157472535726353 3.1895079310002323 1.3120706810409837 13.469667421078585 4.861942322262628 
8.111970328635469 5.209979153629415 8.128728838441857 5.0685304918514165 3.12904468718575 1.1359798058970587 13.499254310656976 4.861855298724383 
8.10113621618618 5.168647208905601 8.058398922594805 5.089513088240099 3.113807980830984 1.107807211100461 13.404442447072903 4.907543625662627 
8.234284577795888 5.30396876517594 8.212288998787288 5.132991954313488 3.2496584337775585 1.2823280485381778 13.445609304386219 4.8649298561286685 
8.081654702536705 5.190735334337757 8.164333127664984 5.091034856106315 3.1380816199710657 1.1181194068753308 13.368934850675405 4.926015459042484 
8.159516137698652 5.188454241398165 8.09247914823109 5.061977961237608 3.1445112662849515 1.1577794099498444 13.463610503606962 4.874737503606467 
8.198017363747816 5.199930605701305 8.082451166052122 5.0894115622899765 3.1687204349436087 1.1263065807780033 13.388435679221859 4.92751474468629 
8.123953165263105 5.2703005577221935 8.213198862590747 5.149160300276169 3.256923163108481 1.2433129782997456 13.402431567740853 4.892756711148485 
8.078023887700704 5.249666841055336 8.190272543522308 5.084436954061961 3.198643653164594 1.3103471248704226 13.42319531613141 4.895469588147853 
8.08961060308904 5.1757682914168806 8.130840563104002 5.101828595590111 3.2196347293397847 1.1450824162180921 13.35260859530031 4.916899900462127 
8.175318252867806 5.176832456433779 8.020837812009487 5.100279226054136 3.1321196634935866 1.1935714738571406 13.45661728201646 4.911169504310776 
8.104793569731829 5.058276332832591 8.278344526679438 5.054663773083408 3.1917778594942354 1.129660682725947 13.403815015396319 4.904492296218688 
8.148917783161236 5.098868500997635 8.22695598350025 5.227084033708482 3.1176451332979247 1.1222100602313283 13.493471458570353 4.9159399885161985 
8.137301534710485 5.069363848863441 8.177781602182236 5.0510853343017805 3.174323502665578 1.1896672956098984 13.36542183514838 4.924946226518276 
8.150752661171717 5.144654962069264 8.22514246651746 5.029610083375728 3.1699882715682484 1.1147162525236962 13.533746912684059 4.962152026570003 
8.075353124203858 5.02930693159307 8.19259465191835 5.1379231898743685 3.192227893858193 1.1611420823664562 13.567261158719111 4.811343770200374 
8.086287468466553 5.048584749475526 8.154163534177199 5.0381029252856875 3.217781439857614 1.1484272490679748 13.375853606079785 4.918154476722813 
8.15299596084748 5.008832276295746 8.179683474247701 5.112596675929177 3.1398062180493427 1.2249843919808403 13.418069401956403 4.914061852491688 
8.049512026765765 5.116218636260978 8.161950413260419 5.0343605178447 3.190644664006225 1.2332201024468075 13.408922659242975 4.914205048707131 
8.203783237661307 5.196552550616881 8.226170271419404 5.150989659947568 3.2218979088289945 1.3145166540728752 13.37640271486792 4.891401233784621 
8.15601747740085 5.125479876437396 8.18290990878258 5.187504930689166 3.094333794470898 1.0779313136362627 13.409585328113183 4.97069146880589 
8.153676276402258 5.084210762976338 8.156873111997616 5.142226658314747 3.1959517088813514 1.1128891083661203 13.41919311729637 4.902892769710586 
8.097856412902006 5.074066726248818 8.056707415033202 5.496053749763041 3.1537023490104827 1.170867920683753 13.355507222126528 4.93385636427911 
8.191003547312214 5.1489108120311355 8.044153232667245 5.177851337316679 3.20211750283817 1.2410532392906966 13.455244278393652 4.8456817591086825 
8.166803458879025 5.067877657424201 8.100592780486867 5.27658462916947 3.121357224547683 1.1288969958744541 13.455205786127664 4.912031575124931 
8.133017072653757 5.168411070280017 8.025955840274905 5.2606736884637035 3.1375214617618763 1.1402307429650935 13.468884636923123 4.944613172053594 
8.115008447145765 5.1514709484503385 8.026763351610246 5.231880203350076 3.2180674977082493 1.163722362374532 13.49645298654178 4.901551274989077 
8.177301303027274 5.009896859344048 8.103969387645334 5.214888580094226 3.1444946482878295 1.1715339426101985 13.597450980782153 4.827072207223384 
8.087653295629684 5.003724765410015 8.068700341101547 5.145727113959223 3.1384044530444037 1.1542621806017725 13.443895207448952 4.9077287301971415 
8.103131830050415 5.095180313404808 8.113862908758856 5.156174586789634 3.13991445575259 1.1710391466204797 13.46583389074283 4.869111916221071 
8.046378127955503 5.096662758183274 8.138895968686573 5.186930733063278 3.2765565198528357 1.1680021709056454 13.339980688657013 4.924545883957745 
8.223579894135009 5.134813073538729 8.206486721239425 5.213362167619046 3.1085912039328596 1.079936354856083 13.511275850770094 4.927718620539994 
8.120130794885094 5.083797967731022 8.06037269470565 5.207054617127509 3.23962784745981 1.339539531235303 13.585960989799808 4.743472240386503 
8.085060163334783 5.10419604713525 8.089515687514412 5.164962927732606 3.477176783570716 1.1437708220781668 13.398272292229295 4.8723715661377565 
8.14601212320195 5.082561098828605 8.066203553067593 5.021759297798173 3.3540912573885997 1.1858866355356987 13.344661856025859 4.928486006295119 
8.13349297635729 5.0601767581346 8.055039514338384 5.091244657260065 3.31866985953308 1.1142574940517533 13.422404659257523 4.879901787311409 
8.05319242395056 5.185445169492201 8.157921614967178 5.04188160336426 3.3673476423158824 1.1095583851334296 13.379711913693173 4.908809654836351 
8.12569186920352 5.035682867108452 8.076016147877732 5.078497676891031 3.2563576373888434 1.1295646974835811 13.368449422852693 4.916389110717212 
8.170292324537433 5.029159983154338 8.127979523717812 5.092529714359585 3.3464427777614514 1.3172830939603786 13.52521463704917 4.843438118772582 
8.095229136933934 5.192282654982052 8.09478488452294 5.052391381523214 3.294269749723023 1.0890695962038959 13.305584161254059 4.939920781326088 
8.180548164292254 5.146456387690619 8.036312557386905 5.103672210536753 3.28018073431061 1.118325558820764 13.43036415848918 4.8717420090887815 
8.164320871325959 5.1448247001189715 8.009935365146319 5.170536540795647 3.288040733868939 1.1311062228813862 13.310285425956785 4.95323318583882 
8.101094280862078 5.076542453457293 8.159068461757087 5.1055482899588105 3.2557002796536705 1.074353572582876 13.382832086737993 4.926863695393736 
8.135628919018748 5.081637404086805 8.099285765285249 5.149401798774615 3.2605604131562633 1.112406625056369 13.394282946298256 4.900858788973893 
8.111332340122726 5.071085888350841 8.028365786129067 5.110818520062143 3.2671128020662494 1.1844601314052365 13.419321305491021 4.898391906420262 
8.128232739889267 5.055646400780902 8.027161364624218 5.122957945747215 3.159732044942974 1.4811044957910988 13.365204137801804 4.955131131420865 
8.12229520546923 5.0224956763067485 8.031578386226819 5.190851883894662 3.210930942200183 1.4890285534872878 13.36793574272982 4.938424085910421 
8.08824642436637 5.106933830859503 8.144547782608267 5.089676764105649 3.199181429347279 1.2769896823943585 13.40133846065668 4.916529401309796 
8.16533962295583 5.006192924571031 8.052934443588109 5.101641918983607 3.2326996394487924 1.2652573143374788 13.31889366271136 4.934760657277815 
8.03827346791185 5.056018549795628 8.079767674122653 5.103638420056743 3.2403667771037292 1.2428935720957344 13.365755805408135 4.934035563302441 
8.107572406433786 5.038773021191503 8.026234048812666 5.126333135426069 3.2037808339325773 1.226420223422156 13.503898210239674 4.8647553459088035 
8.11977915359185 5.1112185778119255 8.109039740532788 5.0796050908317385 3.151614288868018 1.2113555202240611 13.43017666491962 4.908726488025257 
8.085106395464688 5.039891334017511 8.066464722025477 5.15366460972473 3.240275071490841 1.224795456729792 13.529993947700827 4.821366796009862 
8.138448626900773 5.098410694165536 8.076455444590666 5.0354305771749885 3.221600398855757 1.2198809338103955 13.464976871035674 4.924786159486198 
8.137035252780572 5.1117753960152275 8.052018027082454 5.080128635524343 3.2537278425471095 1.2156561221854398 13.317045681867986 4.944989084254063 
8.1734604438811 5.064146046105023 8.106751019854425 5.131832523273301 3.162401002887484 1.2006239821089195 13.38493570161254 4.9342727615371835 
8.081209736829452 5.067786224036026 8.06737851334825 5.076122479163269 3.2345997333974874 1.2057347274642267 13.49550941748922 4.928123316192701 
8.118119324462178 5.067060842062656 8.084679173780469 5.146747642900069 3.2062822765942802 1.1880654240566166 13.912670344755881 4.740973943140208 
8.131736612619802 5.098786846407949 8.099829772395815 5.128262533934109 3.22181336019089 1.1766946046467541 13.422081797999688 4.891742028204836 
8.191880801502458 5.054767468465661 8.047335156252386 5.087297401588534 3.1489517966532286 1.1082159658522421 13.614209424168843 4.924343521799252 
8.169843149889141 5.021582783327683 8.190712291205733 5.158989652788191 3.191348866901458 1.2039666670154663 13.667648302558478 4.766612237778961 
8.142120101565327 5.3038625072077155 8.188040977962569 5.081173783050303 3.1974117948520444 1.2301043743624231 13.786987375552668 4.75293714725203 
8.083034051839414 5.129007006980996 8.098952797962387 5.151043749349814 3.19484598409434 1.1692605464465191 13.57068199861966 4.796338186815383 
8.090256202219644 5.075422071603873 8.076388066327723 5.067920369706063 3.154833752192876 1.1385816397140558 13.46268056018058 4.884051297288066 
8.138698519627141 5.0785841353790095 8.044966659194392 5.099390991530831 3.223658273496734 1.1308627288110997 13.445894083950922 4.8625665422562 
8.174296662733525 5.083370032100574 8.07718839867719 5.0383812819743765 3.2096887380666494 1.1847277984250404 13.435801837573194 4.915591306833585 
8.147902691551886 5.032166359257421 8.087956161156264 5.145300961604783 3.1796690165581425 1.1956218177028863 13.427423199516449 4.93570996496916 
8.190981744541755 5.1638433721493335 8.152593407381884 5.078650117446003 3.1661045029542874 1.1205808629344503 13.412852211794657 4.928514110145924 
8.165384090886624 5.113093741025033 8.04099949668711 5.108045011447063 3.1725407835800796 1.1135365126954098 13.413059905533748 4.900575708331461 
8.039763730866868 5.0407409449823035 8.043369461956988 5.065974794096603 3.1450919786082014 1.1248454458930919 13.368967055622601 4.95955637714348 
8.117900889234399 5.0901966778710745 8.132821290301385 5.085614583292411 3.144423653699159 1.1281797203412078 13.427353612768043 4.919113051720769 
8.105727762657198 5.042734199218224 8.007137705589228 5.110735885340727 3.1071050701877305 1.1376961299589292 13.356224192141935 4.967424183364366 
8.076371499492987 5.026376487256696 8.15209000362917 5.082087413477099 3.1324664724138365 1.1100393412719933 13.362219344245009 4.94270790099433 
8.050878373770058 5.066578220102757 8.062322970728244 5.076776082271397 3.2455584562239737 1.1728903141105838 13.315161245454872 4.9735152478427995 
8.052641183440805 5.078040155624872 8.015469511420335 5.114576278843622 3.1903909123165843 1.0969206690271722 13.456656313962064 4.947227648723064 
8.028586938306976 5.098236325036421 8.101210128550605 5.0245077381551 3.195471637965458 1.181142527364319 13.394831023669816 4.939390192254016 
8.178045802915783 5.083940845315322 8.08721589404993 5.145841816862799 3.140706590434752 1.10682473902762 13.344621622969079 4.92624735224416 
8.119487609520132 5.138326748410811 8.054327266382005 5.096198669122039 3.1733399582500086 1.1381509873794047 13.296974209875044 4.977417729986898 
8.13973187567521 5.048516039050408 8.066760542428728 5.109902696639434 3.139442771206798 1.233118389041188 13.34753781218654 4.914921192637303 
8.087484474246784 5.008289961998912 8.069310391345823 5.148697404614437 3.135174316357481 1.1362419627721816 13.408134308172398 4.917750664124311 
8.221905073789607 5.145511137708209 8.005608727918208 5.117352427003712 3.1445961874838533 1.1015344962689908 13.357312819745507 4.9333756049460185 
