6.768196747883481 0.11813617936288394 0.06866959810776793 0.1406721035796043 0.10508485831874435 0.0764334625090432 0.11934700795257014 0.10006392917235118 0.09121441154876041 0.11580271112872767 
1.0691765654808718 0.24321667774029668 0.22799239483981817 0.10212678866774495 0.14612032474029177 0.5252276217556906 0.6642648815318243 0.07209656808728993 0.2629647748738235 0.13297466240479225 
1.0492863131789947 0.6821492271362469 0.04090301950911851 0.10683425981639365 0.11192003565895423 0.08455686895957526 0.10301570721265728 0.08731058231695481 0.09675568178226839 0.14635589661981593 
1.051812837076801 0.09577050881519897 0.0582138269751841 0.1033259231698534 0.11412450163382064 0.39543448835697603 0.1608427446867549 0.11725477887578398 0.07860719735118425 0.29539068327393764 
1.0473301149248342 0.07600314301129879 0.03288917484521313 0.2682372794618284 0.1409939965818771 0.237897416798667 0.11774373182960603 0.11639294256703415 0.48309235117263744 0.13295296473617535 
1.0311022110807764 0.05942450192364844 0.04623787149187276 0.5820865934462943 0.10938939388759036 0.061327473387650995 0.07431256209176833 0.10066276618423499 0.09762516680839232 0.11735344532956908 
1.0394526109651265 0.2919736716024935 0.512050337227039 0.16196228519191191 0.10350582549231976 0.07610513334186872 0.08933972142834475 0.07965794192100689 0.10881491589697093 0.4875561044642711 
1.0491698577259259 0.12613803156719844 0.5310083017037506 0.7552001225112115 0.20248554561443755 0.08199181309306769 0.12781232083076563 0.05167441447807126 0.10292175269442863 0.18426309944246072 
1.0395965885998693 0.29420536027323124 0.0744030401400292 0.6635684740702263 0.11606204816339927 0.5393245186527488 0.5133768958886653 0.11649408555738788 0.08373827417790147 0.1618588179990017 
1.0506598170080286 1.1363789843291072 0.0349736828652957 0.11230790737545887 0.10469893363216447 0.4359834688725777 0.12093428796805462 0.09421477429201658 0.4707163195789629 0.12032036467328243 
0.9004329551195355 10.785787258521296 0.07102575751418094 0.22112413674542553 0.5679113653122345 0.09519873784319677 0.1532543235774382 0.12638680759082452 0.09527528305996016 0.24361400508426675 
1.0402114201303994 1.239696656363993 0.04651937953807228 0.1290969224099629 0.11571136690308069 0.5246244993940803 0.521505759411773 0.09864431870245449 0.07756196802133301 0.13809260907354454 
0.9987718077829766 1.477382469062732 0.40039989844954876 0.15812927075574776 0.28417946515183 0.04963932126890437 0.8459658093281774 0.20643431509666477 0.4266968825325532 0.28292949969421843 
1.0484291876175282 1.1364463170368786 0.03515968627598907 0.11416749553498573 0.10801216656982635 0.4452057591734749 0.12069835655181488 0.12622885790142865 0.47889179999391124 0.13735362085527542 
0.8721541152531157 1.1444038295313286 0.08259209573604506 0.3626931285322051 0.1058018436232976 0.4322172856131906 0.11720015887025166 0.613565926562409 0.48829150431010004 0.11122931551846904 
0.8149449492649102 0.8279592078102919 0.07143512783125736 0.10427719692565127 0.548484316394021 0.09154861109428476 0.15759922544939498 0.7106603837385481 0.09491003282623281 0.10508708743455719 
1.0395396012946225 1.2287406888646517 0.3857524074173361 0.4656913322893977 0.22712863773126324 0.11091197363496808 0.214633086470035 0.07098358067963997 0.0927157399556764 0.47386843663286493 
0.8708192778945386 0.5558996322887733 0.090704478802676 0.46633731852426435 0.591011272521817 0.3360632182901971 0.11595529195717588 0.3474044690336506 0.09284744101867295 0.1337485883441572 
0.9094297499612743 0.5408387118672888 0.08835847757839213 0.1213631475592827 1.677106253000907 0.059611320795321866 0.06971242715144362 0.5322593161094817 0.09014880760345119 0.1170086556011107 
0.9151439690866401 0.24707529253802324 6.16859089333065 0.24445993164744328 0.5728294774695184 0.06273718262679435 0.13404598151458 0.14287434931708715 0.08484578159172437 0.15012710697380452 
0.7585304638992245 0.09611561790779244 1.1108729554699253 0.4773527173802307 0.5184535068079037 0.06801964446494813 0.09718646969791177 0.5954090471195682 0.09124552778534252 0.1627088594337893 
0.9273495109060701 0.8580436894945956 1.210082674708643 0.8212319536013573 0.614966589129335 0.2285141731942893 0.4486268103490488 0.12322113600857504 0.1213445830716865 0.10161172955553682 
0.895975757277174 0.7367124435359144 1.1375161401902678 0.8189266302737924 0.09324890970739616 0.8521126661485108 0.16513973024225018 0.613990841369841 0.5087438546505317 0.5847124468224293 
0.7619513329319664 0.9084394331626022 0.9275088059715314 0.6359277302926492 0.5426047328234187 0.20315652413321206 0.9733653598430335 0.61315850431946 0.10369717464397613 0.20915272496410736 
0.8188749138598501 0.0740998109238134 0.6047813624043987 0.6286491967979475 0.10867914969019708 0.1360871766885796 0.3441261834038343 0.6895016616020777 0.11141089130626484 0.14368786660851737 
0.896076442608791 0.054883198584089785 0.5550966381734725 0.5085609508569869 0.6258786129654605 0.18321319749846227 0.09483857469411454 0.1029508322007578 0.47811175726313426 0.16101820884373924 
0.9204207307228514 0.8453985452776135 0.5346607945318304 0.16211422739441184 0.525381278419754 0.0588717866648972 0.23821030992755823 0.5202241206442473 0.1040740640896962 0.17071413948586467 
0.9755574890219205 0.2292719141030382 1.324193173453862 2.208287576641142 0.4994300691427226 0.05679643540733257 0.8814343050145299 0.0592632978565121 0.43415265597865843 0.13951779458742009 
0.8188902699914462 0.5159866227436101 1.1769787409765908 0.16497007136647873 0.41790348376391356 0.05313528559543495 1.3909632381885384 0.5862725451040384 0.9931456969015654 1.0995160951148104 
0.9207643834558071 0.10981033454608614 0.07445688257916178 7.228447412749513 0.5717315260907305 0.07312696373331501 0.08665840174107398 0.06550399947992945 0.14494033263074702 0.1342586739527833 
0.7671723393996659 0.07759265803290286 0.038805968984537094 0.9502711322438006 0.5322242523042736 0.5687888443778154 0.6911768325420442 0.6022115317811095 0.2072773196094223 0.56255565317573 
0.9034060241437071 0.12608326313494944 0.404457421215539 1.1724808754620992 0.5994244535587551 0.05367871742068017 0.10223155474407405 0.077539925218434 0.5719076100817707 0.13857767805317794 
0.9296180377171479 0.2598430325554386 0.06079542064993619 0.787376466069648 0.611349485602278 0.07709231150815865 0.16492111421786793 0.09712268828355777 0.13140214871951852 0.14402534214616847 
0.8274615128036201 0.07076120999287894 0.48704249876503275 1.2567408407221394 0.09391578949626225 0.53588724977287 0.8365213935079168 0.6789325331603671 0.09642590975948706 0.1313002180226775 
1.0517395214409064 0.15310767405733788 0.04712051812001187 1.621322744816886 0.09491959971076017 1.0656265062772938 0.7312667791848021 0.11976588346742004 0.29024715746199853 0.821432394848186 
0.645757635396224 0.04937446568994909 0.29370800806209996 1.05703592662848 0.11299057834859251 0.04199653974083215 0.7680916025710788 0.8077092309284302 0.38112966406874715 0.1079648216847793 
0.8799589617814186 0.19616872081176415 0.0739748066538566 0.8375089407565524 0.08977474934774297 0.6334054138325145 0.10185097515725769 0.6292183345980483 0.6159087733084206 0.5531229172454256 
0.8671275502147041 0.2941466190943598 0.06723073675615515 1.2495956974657167 3.343784863080602 0.059626127010186644 0.11468566638520025 0.6674265510640656 0.2597029882312052 0.5391174656809649 
0.8868219012499687 0.1536369820551045 0.05209444464114968 0.18613142698907 12.597913589957718 0.19900623424292058 0.2741023338788726 0.13525194105568694 0.08861282918180265 0.17061236718259198 
0.8663273631975495 0.787015016945376 0.6904363606104322 0.8243030198633321 2.616830052464765 0.09989437290581693 1.3875247103782438 0.48909547213007437 1.0046824878131466 1.2539475226704926 
1.0277976109253568 0.06936887000573551 0.10464355651901412 0.09356521571069384 2.2810102703809703 0.7277849838042181 0.3483650312938253 0.06314281539617007 0.37311298296914475 0.295178706383062 
0.7615041700512477 0.24227170543715004 0.09018305370598369 0.46331613148759737 2.6522071247552543 0.09564515219577216 0.4947604334978486 0.7002112007207759 0.1063112592393512 0.13278683024795773 
0.5747283911944081 0.13233626900492113 0.07520676418088452 0.09373254231059325 1.4580778416083484 0.2151248034761313 0.11693067315512383 0.8047078557392823 0.3980696149604039 0.1387155285748036 
0.8030950582969403 0.08875058480816721 0.3021406482716543 0.16203805084623557 0.47793546127894865 0.06817977091461766 0.26161405082666944 0.5914556430990807 0.10234137530707353 0.18855233125384635 
0.9016607896564912 0.1361806599021128 0.3748180533990927 0.2720661119805751 0.5976790477543054 0.06188660178807994 0.7318434778772468 0.10860048069185227 0.5719455262254486 0.11302094025006587 
0.8855498276085734 0.10527396896760632 0.259106491169688 0.4846156529506299 0.10988206590849008 0.228613611055468 0.06825592582269238 0.5708510179790636 0.11898948968752404 0.1493918476928133 
0.8785441724052375 0.25827171574419355 0.05522629946894794 0.3918041998596726 0.4847618670633996 0.5097161390225249 0.5657450336606139 0.4591225926027798 0.3607365179401133 0.1475284529982883 
0.8817337415057653 0.16619077638977495 0.07481468931815864 0.1118583372330171 0.10919959966717638 0.6353842243724904 0.12472355901453452 0.638504955262497 0.6316735157428441 0.576330550581606 
0.9120600599186206 0.059270048023973475 0.04582112894728145 0.16693710651014657 0.5282948359819979 6.894708838058367 0.2762023253666633 0.17305873337061453 0.10507719265432312 0.15646749155702766 
0.8960311256712786 0.07118600217183561 0.06518455543863583 0.26595025867387156 0.35159137703692067 0.6434656826982624 0.6791162626625842 0.5982778421048942 0.3960812231385072 0.3624270022699895 
0.7796558636293585 0.2504667636644061 0.08242622868784479 0.10486161196142094 0.49138530750725046 1.230989333784494 0.5283112532217925 0.6293064291065452 0.08503209401804629 0.13425582721042523 
0.9273333649748464 0.14257377846512964 0.04626170682527059 1.0043557674062416 1.1901532086982707 1.751134988671265 0.12703683050751727 0.07518755107821584 0.14178469818053163 0.1959130521366858 
1.034715233523259 0.08760806985311066 0.08041889221843304 0.08735164834319373 0.10839171246210956 0.7263928798365534 0.11524724836224542 0.12500308201402405 0.11405732966736695 0.29307664950154527 
0.7597491513164683 0.11532969475021536 0.07817849369733254 0.12554044191860522 0.5464395548957905 1.3070977875734395 0.5235543880469208 1.398706082136929 0.08630520053669863 0.8666894025273425 
0.9300023359007719 0.13486076543152326 0.5544313958642805 0.4657977674628108 0.6179253009232397 1.0451744074439784 0.21905911818055301 0.1193332260704181 0.9587765791836945 0.13814161023338822 
0.7780387864410498 0.1531274068533945 0.28602370814104366 0.244107870809877 0.5274890219717652 0.6738730798438265 0.10417327691419428 0.5873853393028605 0.09064319367979004 0.18774543718364642 
1.038020909912947 0.08692395750078503 0.07430507040868982 0.8343367162362433 0.10856249603996676 0.6409688843186256 0.12830964965977742 0.12251498521481291 0.10591648269605117 0.2837698886771159 
0.8778140766458914 0.19680768989551486 0.0747559932269311 0.10858576845068006 0.10932533347467359 0.6364139628276669 0.11403245705112287 0.6280454919033533 0.6315171523592914 0.5598385714260531 
0.9526405918512363 0.10694124309567356 0.0652554366355601 0.1876491545013496 0.49485461074406667 0.12605040452841015 8.327712893103186 0.19025980702052592 0.10285888560380063 0.13342634572780576 
0.9361687767904904 0.08686964714865689 0.02707865716890824 0.29913324712306527 1.2070820655569403 0.0592590656813591 0.7574490645317268 0.06129658200364142 0.11393593246336776 0.14344944734184498 
1.0486298512296233 0.1597720073373635 0.09125260486014612 1.2382667144689936 0.06935044503111434 2.4074298440699784 2.6292321780922157 0.14449084659532827 0.7496847454667498 1.4136739952973807 
0.7735335340211126 0.2643292462826315 0.05706477482418102 0.30860402518929153 1.2037110037753176 0.07216334007074438 0.824850582518715 0.6091704651397206 0.21048489142260807 0.12344192407029259 
1.0364088873338526 0.12592290070107282 0.09304893637328343 0.10808228193039505 0.10420622729600458 0.08385511301992399 0.6425788870345164 0.1484089223274534 0.09867837813862936 0.11804407354386737 
1.0321056924184928 0.25179526715090655 0.4282031211684199 0.6494945519058587 0.23167704799996028 0.049705236820026394 0.8655902568822204 0.2057584507524089 0.42647830072750015 0.17256517385713763 
0.8997397664686568 0.08368447989286362 0.47365036871817046 0.20436369809204394 0.6019543976174988 0.903373708898357 0.9291068426541074 0.11918652986371689 0.11217139350228045 0.12706683017619058 
1.0279924520913224 0.2487095594096605 0.4062576117149094 0.5195338856894665 0.228880870010923 0.0503146446842487 2.22461044841692 2.7540995989853085 1.0990592174257776 0.16424137037067693 
0.8842333939862083 0.11129758798456063 0.046802986900814685 0.4803481080601312 0.11330570237612135 0.22860996793259086 0.6563328631931696 0.5841541131718291 0.12024110433763942 0.1505072644650012 
1.0419307714120394 1.250078605808528 0.04655308942438101 0.12056092000764532 0.1234115288787569 0.5324182021375446 1.4558847764005525 0.09864134202251196 0.07491571388869557 0.1485319326101066 
0.47326115334300134 0.10976684931054065 0.062003466180082505 0.09971496799452091 0.14947743645827216 0.06652950397946666 0.20221304539717636 7.364888322364939 0.13708368617211103 0.15885130752632487 
0.7793849737109919 0.06474739069969912 0.1102770540194977 0.32232214914472196 0.5376888175489829 0.09151075166261842 0.11318082246270855 0.5916088162221254 0.103938810276576 0.1370688834041293 
1.0009841663581889 0.5372621705761306 0.058193811835150024 0.27781998503488775 0.1409512614591658 0.04068766307002882 0.12803091979114836 1.8231215360846964 0.5083007410080665 0.15833248015865634 
0.920097985583222 0.20188060847802713 0.08746907925355404 0.08156327611306641 0.5860503125095637 0.12862355478985374 0.5171524799705064 1.1638493109284263 0.10434546728813672 0.12489524952111834 
0.9302284702567948 2.0951978264344966 0.033346647812430234 0.4181883319939252 0.5762586357928059 0.04899723728670386 1.899016726858421 2.6434972933752325 0.2630627571963266 1.0083106407956075 
0.884314714094119 0.2538721094411026 0.07941157054556253 0.11243288672789521 0.1721243765766497 0.06152457477256366 0.5281094026052874 0.7219066822595122 0.07684873602873028 0.14945107221458268 
0.8699087635967494 0.11426666794106698 0.04179033217966524 0.2906049015819474 0.12757645880686516 0.05917135288907127 0.0761850112247613 0.581720632876894 0.1080894997353273 0.11758122748524599 
0.864125932010872 0.09154771604476225 0.056278531067243384 0.10175392955028531 0.114790376126164 0.30443353163801823 0.11815323167832396 0.6675214667497253 0.07405135832895056 0.29751529583341835 
0.49849883773076575 0.12956245262374858 0.07491163729650765 0.09490135132634092 1.3990175424669715 0.21469602957169828 0.11928691811457598 0.8771048477296965 0.3923918468125041 0.13723909402543633 
0.7113470536855848 0.11244962950497481 0.0812057535064713 0.16007561710918797 0.1436640819491937 0.08651270900948586 0.12902064779949374 0.22048560491578945 5.727279736747955 0.1491813998166046 
0.7749247915083427 0.1715426390244724 0.07481014551143869 0.07779475322391148 0.5215051338862803 0.09958912819776779 0.5516241799552075 1.5060949912005208 1.734759085526841 0.12810091964033665 
1.0272606980640342 0.0572641019339816 0.6429376878251452 0.6291025539992811 0.14150445378309018 0.057543071418602584 1.29179093418906 0.10378842945254368 1.6234105501883582 0.11366931249380065 
1.0118780449991696 0.6143620595437467 0.04142937887368278 0.4603425371197679 0.14473238331022062 1.0163973033574047 0.14237943148222 0.30440757547415276 1.401925622932365 0.22914258688103262 
0.8952643831634195 0.060341795107829534 0.6582271866328097 0.6250581314192485 0.13967388447858653 0.30741544464329545 1.7254318866055436 1.4206767017973112 1.9724099386907012 0.12176500910480924 
1.0389121994074737 1.1354268393126075 0.03713016625669339 0.11073774197889072 0.10356886481561259 0.2552912544599107 0.10096448682812044 0.12254795426425044 0.8473967614919581 0.13435409813320254 
1.0224500774406722 1.5616515046608324 0.67194172599656 0.9983029677763081 1.0487145675430969 0.051069983569230544 1.2864991536885524 0.1264724007225289 1.6420933290073831 0.07765541801948857 
0.8990011557515304 0.13719849204518647 0.05408147641868047 0.1262805867986511 0.5886010265036665 0.1752340642526259 0.20978525045857585 0.07778957308455013 0.6169172820802789 0.15234701286984362 
0.883999456692928 0.1357848447056467 0.04633369462165604 0.5827427331633458 0.5940802990327799 0.17546345173733363 0.2005549292233953 0.07850386466829312 0.625247879101321 0.11761239687998297 
1.0645457240754497 0.21601680666772682 0.06707714348659961 0.10350481807678369 0.10839385551236216 0.06796652327765616 0.6704231832501147 0.10293710762753819 0.6614522294811781 0.13291005945191647 
1.0411934816978679 0.1986893039989991 0.07505525586872008 0.12912609134783412 0.08076301862542812 0.06274032803306796 0.15715512893083844 0.16678741587886453 0.056335389741272765 6.421886547999226 
0.8862744267788217 0.9293323362415844 0.08367575853878989 0.8010253696307346 0.46618791165013457 0.07978507161842513 1.2696768339677034 0.4789143546467287 1.0497945471667063 1.05331240500755 
1.0034920505833194 1.1200257438608088 0.0523871086384628 0.0892445204676694 0.12789048656874022 0.419268847841112 0.13686535100793862 0.3459509071280127 0.06400896157174261 1.0711041552597973 
1.061817122306537 0.06157144152374509 0.06781683972803526 0.11466781726711871 0.1270734353029794 0.050911320677403595 0.06848899628457222 0.06117277100359059 0.09865709650369085 0.5682748614569505 
0.8737623101493208 0.07971991198093936 0.16868058331800037 0.13255754935312086 1.7052637181723294 0.261055380036364 0.1347796327133129 0.626557027858118 0.2833696148733591 0.8898350038606281 
1.0348661904278056 3.0078883506867133 5.20657311088865 0.0881399834689315 0.08767621586528472 0.08682375185206335 0.12588750444677996 0.15770704990896803 0.09075197695706631 4.050535619801217 
0.9071825355723996 0.1470216208736991 0.19084044764954528 0.18653405651957838 0.6138057450613226 0.04871556005726385 0.138766622290089 0.10812090858788703 0.09442700485172191 0.38736375734723993 
1.0458038104948075 0.17735916257226475 0.10974311071078872 0.825676920839135 0.11673020449971115 0.08227838730661091 0.10165789736673563 0.045117398491731915 0.08146931453206657 0.7966128021678017 
0.7335501601752521 0.108328436416389 1.0970127671311163 0.9103143553060401 0.5352741362464687 0.5105786237640597 0.12106123372147319 0.5973514066060246 0.07466717589297821 0.9431038609940176 
0.8750418612840523 0.15870818919322466 0.04543061376170494 0.45351381385581546 0.12794837253012023 0.07934504750582325 0.6364138184120617 0.609449668909056 0.08387867353822923 0.5465109425249169 
