4.149335072566551 0.28059830922713147 0.17286068138802885 0.27342957480130337 0.15359725416192144 0.192854343575076 0.15601087270661823 0.13199810030682785 0.15097745857290562 0.10731733186264905 
0.3509822348257046 0.3297377225766801 0.30696681823648764 0.3768535914829776 0.6081156038395181 0.35876441929058334 0.49870386052811605 0.2139338325288584 0.4981744626598024 0.10764403103093115 
1.102524404216366 0.25874593835754 0.77094085704726 0.3832660165211088 0.24557237586382843 0.5459389483018356 0.3192449468922961 0.17180661311309753 0.36106338505578206 0.09618475564843185 
0.9732836101276789 1.5120613029762486 0.2909871077707727 0.9914180299315225 0.6913380981022009 0.9787881910351639 0.6718210799435048 0.13299226655750343 0.06341567513082046 0.0568828112679908 
0.4801155067175177 0.3272936439850035 0.14661450071315507 0.16585642330399766 0.5787165872322657 0.5660131060738088 0.1369376262922186 0.059431322885658014 0.7139130335965764 0.08737463568561234 
0.5772791738660491 0.46244769801199515 0.17643845547652554 0.14921483838114225 0.2707160167981404 0.12572769050050825 0.7476965599169175 0.4303123548572984 0.18527515641391573 0.5139129125123656 
0.38369656375625344 0.28376405307331276 0.1353811147395375 0.2732836521396152 0.26015263415195433 0.2356451843989193 1.0446083219433338 0.08931554142377512 0.13115916983685233 0.5485917591141183 
0.4853780051689495 1.5100647938347773 0.6799595613729035 0.1456149539775955 0.2930929798051676 0.22253604235225866 0.9190554717980923 0.3779518380568619 0.2362853597522076 0.09873332135636585 
0.42411707461420245 0.22868622919081003 0.17872520791063845 0.25758031924642194 0.1374658514611995 0.10488851374161505 0.7786231103390339 1.0212320302421953 0.4362082816555223 0.036619369805743256 
0.3517953933292432 13.368597889082139 0.16133988179945832 0.2012361060676896 0.5529650810475918 0.12406844762684868 0.8891760988340168 0.1560718102810974 0.27323112085959883 0.11674103281695325 
0.02819180200892268 2.5579918676668307 0.3434932049447379 0.13065432164402266 0.03270608356059706 0.08123564328318526 0.15143273048109687 0.8077139309467418 1.0836051205034525 0.1826121845626175 
0.1422962585459116 1.978866457439623 0.5659275225748305 0.1813168561608568 0.11203118499879455 0.06604659222286476 1.0885299198796161 0.05964890421454269 0.1670523046244572 0.08037442268442734 
0.39131718803821397 1.4571981713372497 0.1517861709428106 0.2347466887680473 0.13616922545216692 0.055198932901599135 0.6567322342394003 0.6223823134406291 0.6314566762267353 0.07327872941727473 
0.2925428760100161 2.18722796261019 0.08473373793335225 1.225945420008418 0.1185745451914273 0.1222520555645493 0.8714834037444171 0.5625257296532034 0.39765880971100176 0.0986750456024451 
0.3922737391930448 2.285404248083349 0.257613035592186 1.2724377710491506 0.5418414364513289 0.36801375802595104 0.771754328308037 0.08591434439991535 0.30670689476751517 0.801000986378378 
0.017958829714992817 1.3852575534453826 0.05981700537121898 0.10843584662625069 0.053940407934156366 0.06362315607683268 0.16015987076481086 1.008484901063182 0.42886819582469754 0.07473232365179379 
0.3392682293842622 1.5515014070083333 0.16360468127084885 0.24411732487430887 0.6547057359383454 0.7872559616038435 0.1956102204120207 0.14863171408723594 0.14604088759815206 0.08750990476712012 
0.1349488144546727 2.8759203539862126 0.10539924831321634 1.1218298508239686 0.0597393601986565 1.1183343331872257 1.2674144933760902 0.4585716140680378 0.3733030312971021 0.13315989524359742 
0.0204001714487905 1.4154041784080598 0.055850277413894305 0.08690405622730576 0.03858321981915819 0.07289690160751038 0.16332143227517365 0.6871852296305658 0.6069527319655879 0.6316254631026773 
0.12957493939442255 0.21907058352067876 5.995296517200969 0.20454935820495626 0.04615856790820394 0.03675846303232895 1.0732525303556089 0.33803827625619304 0.23531040277282014 0.18339933540041276 
0.1866629688750611 2.3330232883547475 2.154917241989508 0.19243151550940366 0.4479358669341545 0.17325207036752355 0.6355526754089875 0.2127275334547576 0.6009098215221499 0.6104446961077935 
0.18896436084697288 0.19634539384513186 0.737625803767763 0.12246925662829314 0.06658830013860523 0.033445062617110194 1.113578582294521 0.1703551135409878 0.1084977692041568 0.08665939681581519 
0.11417630962805575 0.1816155940560089 1.1970483373085843 0.1665579857923366 0.3522139983666894 0.8874317711182335 0.16222492609135947 0.3623849848155585 0.47127611737614206 0.11439389485288538 
0.1723309892901046 0.18127953588864779 1.1137116217688163 0.1759595267004769 0.07747398668816076 0.1346569141043981 0.4187975654429351 0.8229514644656302 0.0698304833488246 0.6382206733612956 
0.476812626422906 0.6526775503017037 1.1972389911091441 1.0595169628000294 0.3474387760642004 0.07036493646389615 0.7275822021740028 0.4042008590587337 0.8432180513665607 0.32025818607963497 
0.10781961713771336 0.18024850140203658 0.86717959057147 0.1749458080375578 0.3874526440908387 0.46819336355803043 0.3934437162148825 0.3483756769191989 0.6195205265015666 0.66800488374804 
0.4177772063285009 1.5352284840032235 2.10111493416882 2.8404686307874867 1.809620667577309 0.2240941635928924 0.3724354149761201 0.9309989719424722 0.230238605626509 0.12095674275204976 
0.06356945090117513 0.12760787403462304 0.7430120944333968 0.0879508811197909 0.05497037033003602 0.03893068169649579 0.09446814199976693 0.7906187035899304 0.7824845916037759 0.08133599310618567 
0.34999816947018525 0.2557118435437726 0.7558036025353838 0.453834516354496 0.6863630302431103 0.32192609828271074 0.6855687941429562 0.13895075310309085 0.07432801183197824 0.07357339672809188 
0.0735833703136386 0.1132646600792991 0.12331879915999905 10.454214323761109 0.05608654725510116 0.05382565819678109 0.7434323651706759 0.5414898969295654 0.7285795024749427 0.09675737771608406 
0.14729619767017527 0.38066974028654166 0.11729132966601835 0.997949027457139 0.4272375621195841 0.24410629577975168 0.7264517886333283 0.4360937946295643 0.7042001856974834 0.09345270021993952 
0.08236183815813337 1.9191555292285525 0.11376124076681599 2.7982662835306296 1.324022082418855 0.8581320608652953 0.17830840564443382 0.26187738708655495 0.3126642942335528 0.1268949159794615 
0.05143188444808928 0.1361268200933845 0.05811140829163486 1.2003799693136363 0.04729411725305968 0.038053260185833555 0.38846995018753017 0.839340706357444 0.651096413086374 0.09762513803807046 
0.12296141537707712 0.17582159786628748 0.15527286727034945 1.22349106153247 0.04769510238203342 0.42184447592406665 0.9327842232080273 0.13783543948699226 0.11366471582845034 0.6472776298557992 
0.394055365105553 0.25137886242856944 0.1636224401401868 1.416317165269327 0.4310312772223161 0.7122700286093281 0.6404301251579385 0.12384803179202969 0.3207232284945122 0.5462698246447596 
0.29097748014569513 0.24198722290853053 0.7170885381448943 1.3276336968793685 0.5544377630424996 0.27740409058892934 0.5610995984308695 0.3940418687511173 0.5737407005534112 0.09465720326718834 
0.21866255005139967 0.20012131039499648 0.1911223910859024 1.1332045097197456 0.5717908457218978 0.8908184328175143 0.20400392900629122 0.09746184076019287 0.11789770269793651 0.16828191462310965 
0.1267529784467629 1.9307133246044001 1.0237732893440334 2.2436219195935916 1.5123230772443752 0.3506127999951579 0.6874906922582555 0.28863081768110904 0.10434171845123785 0.11530373943405187 
0.20791898479092719 0.171033693216645 0.07708031148778655 1.1168394912899522 0.1512763370802659 0.07518917080147608 0.448011699257435 0.5610676410916347 0.6099404139953956 0.6376300456130137 
0.08752873823039356 0.14829464577901375 0.10716618277661441 0.19310670142744024 7.343370499532359 0.3115506097726037 0.6843600105490674 0.1551205764781243 0.08089668185246415 0.08913439205283254 
0.0827246277560902 0.723442198771825 0.5632729213703346 0.18382330616229264 0.6600126200376726 0.3010522685470893 0.6412838815544664 0.5744711006359907 0.256338244600929 0.26804536674244756 
0.09452886613738501 1.3430625766252482 0.09853110530743023 0.4779796034126918 1.2617871471873148 0.21221865665519418 0.7213354141596743 0.13112156265147498 0.731742746339021 0.08078388677086602 
0.09184140387640162 1.3676968518180284 0.2444301702838292 0.5508713377201645 1.0919672983260686 0.772977286418703 0.12685613837618817 0.39371259950381654 0.5328775057592245 0.09998039555445437 
0.2795723935224988 0.14218122452202006 0.708263524804274 1.39745517435441 1.4881363680588524 0.04257314546466514 0.10902932040287007 0.8208763220488843 0.4073693369367435 0.6493202143440052 
0.32655431631050663 0.3262291639654041 0.145227159239521 0.12610614923911154 0.672940291111213 0.49213876107384963 0.12983340511141148 0.06669176605494809 0.6669225843817906 0.044623731981592606 
0.0629698513187839 0.11972603001986647 0.059790532547807904 0.42771340911616174 0.7797931781728696 0.044009677442653335 0.5153188790907183 0.9664955412412849 0.4199180011272112 0.20340702475021882 
0.09755024724976362 0.13718088167447462 0.07089131065743853 0.19432256893398464 0.49911374898056926 0.2068237170554507 0.7188692471803811 0.1292370823775244 0.7216291242923686 0.09686684539751912 
0.07288913158484704 0.7427325127354522 0.061963414475297525 0.428972940034931 0.778714757459621 0.043300505904838714 0.47008077974828466 0.729814369852117 0.5926105768715901 0.5789691708251199 
0.1734017805808668 1.888070278005064 1.0042440255479872 1.4069174850214534 1.265922680792362 0.5461735663577698 1.8774898261014163 0.11556788551343254 0.11281614052357755 0.09013634962058806 
0.13544167047870714 0.14996492970839287 0.09144531160584785 0.10848362405638426 0.3564319422062621 7.798797974473428 0.2693514698270738 0.18425777771815371 0.15064293981624005 0.12991778625333428 
0.10501297499830248 0.17325216327456192 0.6997133097588868 0.11214540440694998 0.05963952085462494 0.9779415953625918 0.9299192698314377 0.1503271459166462 0.11909471170560242 0.6485536462011227 
0.06618397214932802 0.13275812021828673 0.08766643615811948 0.14779582175495462 0.04870640331845152 0.763060373253891 0.1749347306435473 0.9861155733535573 0.4485781922835368 0.1331697882096838 
0.20230808054425872 0.15990703065779216 0.06124727087640081 1.1918808505735903 0.10748205071543979 0.8923711812563133 0.6011353085680868 0.8058152663700887 0.5189148563628907 0.18479026347594663 
0.15847507161464733 0.1907164174333727 0.5861608888732177 0.16288321267553957 0.06991511494789318 0.7984970579711022 0.44623165792132236 1.0010009990536592 0.10309336228134075 0.08840048633173732 
0.26774371688367005 0.2038120034885736 0.1308352632738909 1.2542007025036754 0.5735701543248257 0.8907749120605633 0.17660533979016407 0.10133226423663244 1.5142369410145717 0.21693477177725262 
0.19120719938949443 0.19231556125026558 0.10631577928418419 0.13060685036818986 0.566863291215707 0.7340029111293096 0.3880192671139156 0.12239825321947201 0.3270888207589681 0.546722211601358 
0.17559723898607085 0.15690213961575702 0.11910685144782293 1.1453314919672206 0.6088140142938878 1.3606497602530059 3.2741002685410683 0.08604554347912473 0.16152131930936636 0.12981929640724074 
0.4408979422877137 0.7815380877474879 0.6468932473005511 0.22307657104471312 0.36943348291944916 0.7609146425652253 0.6190232340656356 0.220717426322098 0.5749224751962883 0.15801786626837824 
0.12207249893778047 0.16923093107270187 0.08058304469829404 0.11034798190274195 0.12903830317664564 0.10599132745005736 11.547494984694929 0.2105959897761244 0.3836825150439814 0.1227431017115341 
0.39902177748953455 0.28864430512767675 0.6215690916583122 0.5456375442601897 0.5244457715838653 0.40719773603702686 0.861445572584503 0.4275806766218988 0.5977385900074712 0.3104711304047719 
0.031914418888718175 0.16373292749359805 0.5200022402437685 0.08781661168646397 0.05295379661141825 0.03711064963288333 2.2632989798314562 0.7784947661002689 1.117931303313739 0.07458306518388139 
0.020671416765894745 1.429686401809055 0.05604370261172889 0.09427221604482094 0.040376196241313535 0.07004724781275368 2.153947130462243 0.6875008823680601 0.6016437584422488 0.6196909002885398 
0.02165669473703183 0.8840690171394125 0.8768913111050028 1.0687913062107137 0.05737547823562461 0.06791732051042329 1.715818200936905 0.9989617240310918 0.4459693427766063 0.15051628738428235 
0.08903383621738353 0.2158655418934976 0.06655461447284812 0.11296467347114088 0.054613276645133775 0.06714563033602315 0.9444471573782772 0.09015834350616975 0.9673538693931982 0.5290000277496096 
0.31415844305951224 0.4019369696505638 0.10264527734967041 0.1038547462577856 0.0749724650559665 0.08930741656209137 0.8701108181677847 0.398471216653962 0.3007551878438273 0.5340685518062556 
0.33226055284940575 0.40358428020433124 0.15620945614521803 0.6985917080032074 0.05289184743563726 0.22575489618791886 0.8628784187242257 0.5967896879432951 0.4173632871157717 0.09926585776764967 
0.08916849372363583 0.22710058582709547 0.08428652715076566 0.15802522497345625 0.0564744455851991 0.06836947328014935 0.9960031894825079 0.44904765351589837 1.4263382196900554 0.08383729258159597 
0.062226351064446773 0.14978249583327274 0.10267825300049406 0.10987438075311719 0.040530579282718575 0.05046679995556043 0.3385838277851786 7.182618873072097 0.27649923944147176 0.09229148392412936 
0.019811504132865542 0.1356352976513253 0.07699371004193672 0.10045859398617302 0.04680139524076179 0.04054495125162881 0.15812523977580703 0.8174265031248443 0.7552542659933749 0.07460262942137837 
0.15691910296001355 0.17136323790357244 0.06196291770935513 0.6587139423745443 0.0845054229155395 0.06455211575985698 0.5219586039718395 0.8504802490703081 0.528712270282341 0.10144515849631329 
0.03250376964268451 1.4120582946571703 0.3578588078741638 0.08740909388131152 0.03492310652536712 0.07367446443560106 0.15120929980984282 0.8145320901890499 1.0847515757989867 0.16886036356268053 
0.2092960481877783 0.18112775775023277 0.09511099054025669 1.2365756870983087 0.7946323844260035 0.03298957275778378 0.7471869967473682 0.911043840209398 0.08526727692300366 0.3011690084331098 
0.02474068696260207 1.609961016087117 0.09568661690048594 0.940502720405056 0.05403384272225496 0.12643608671676385 0.533007384753281 0.7887858237254377 0.1372906442786525 0.6351254893563348 
0.1135395495166687 0.1826656413459946 0.5611253112814152 0.13232839239847577 0.03309290708018778 0.059036445349934116 0.3546884878430285 0.9583404474644668 0.5030114048044618 0.15714352157071418 
0.05747823222840246 0.14105036106898777 0.05753555110767607 0.12887676191582406 0.12634701380290625 0.05050034549348611 0.13241725369247584 0.6864875723236715 1.2237506826472848 0.6592616136887186 
0.30954332044364496 1.4964684111603335 0.7579574417450543 0.42518047172235285 0.47551283774807274 0.41858113179626977 0.5694434876577377 0.6989282848515358 0.19147647865307418 0.06820972983044539 
0.30889769974876763 1.3698038071640186 0.7081982932478786 1.397433937526731 0.7676924662818888 0.03701781450158542 0.15700869868012393 0.8207571602356231 0.414654689902316 0.6556745337709936 
0.11987673673454535 0.4755034652573699 0.09514834013134936 0.23637145299833262 0.15091300024603388 0.050797116672943655 0.7680058993913048 0.3617401568201013 8.975072798317854 0.1276854011470124 
0.2553874348698561 0.2764817915913695 0.12920464740103355 0.5459123898841335 0.5092839971829433 0.16552350467205307 0.6283946244472203 0.4274342939246768 0.6101024931985327 0.23592620984600624 
0.10703924511670479 0.16892001820444336 0.09023522986040165 0.15629346590005375 0.048508980634009755 0.7256003885559007 0.10873800957832272 0.644746084181242 1.6413710588710138 0.6644113667787886 
0.08917463925426586 0.23019236367401177 0.7854074754078264 1.2004864954643666 0.05658479783083502 0.06300026047786815 0.9972974196728928 0.46212018620578293 1.4339290271548653 0.08382673939646487 
0.30261955359718096 0.28121857139757034 0.10218855452935113 0.2108494579995793 0.18708146329934328 0.14406206903473678 0.8165993900236131 0.4053026427079425 1.0942661725767406 0.6391946272606547 
0.13692921742078212 0.1943046014892463 0.6364689439540654 0.18964103846723018 0.4772319057778518 0.5396313771823531 0.45848367476243657 0.4420836951465015 0.7046562097974313 0.09078218996253191 
0.2621173709420733 1.4326810861859443 0.08033155481208426 1.1827919079580063 0.11135705065551514 0.09242825620373352 0.7263498756237785 0.5104084939987317 0.3924205945890452 0.6571782780735405 
0.3432533335468848 1.5135460146087398 0.300942380807128 0.23688213122690477 0.3185588894663153 0.33982101673984455 0.30711131098025257 0.5035498370877982 0.4980555404018403 0.6184375040523835 
0.3305667527922053 0.6843649933080039 0.5693570657285233 0.9827932494782775 0.5586631093919707 0.0998818808336684 0.794780728161705 0.18741874214241966 0.36819887485036973 0.35008847667664583 
0.34783831262010534 1.5056927519194532 0.2624132932840497 0.8662633059601851 0.6782409085044914 0.3053902967735593 0.7073679493584777 0.15021905966918733 0.302460561725814 0.07564289784820039 
0.14414881352240144 0.1477178964666769 0.10153599317596938 0.1528555317933233 0.27303276402055215 0.48334884577660775 0.2547286774593421 0.18859853916363584 0.1116975114401238 4.914010394520108 
0.09394979691944262 0.21725571432070082 0.06518504277662944 0.12880801698474964 0.05080311308140342 0.05979041207030738 0.811982716210928 0.5139630268739137 0.1178101515866549 0.5930911345661595 
0.06513624836715819 0.21199192894105198 0.06743884698070206 0.16659629338916782 0.046785766687485825 0.06757684823304351 1.1563617976084015 0.08065128569658472 0.09877872813678053 0.548652059219398 
0.44692963882485703 7.57630055643965 0.1799076994616725 0.23721105613682736 0.7740199352358929 0.19365018828398506 0.39883322673890287 0.18203676043504075 0.8860128158314244 2.958384118409264 
0.10874978449400831 0.18050862514174393 0.6980560971519587 0.10679991868059745 0.04910885020045655 0.04142594415162659 0.9431762958638749 0.15175837380383506 0.10036318889003447 0.6390616785524192 
0.11100605766038305 0.12143052870421249 0.08880327861773041 0.10553061326233742 0.049810879787188164 0.7253803746550302 0.10395804759457497 0.6539384704664284 0.6559096897708007 0.658553250726272 
0.32728151757365215 0.3344748956815565 0.060583714671536955 0.12419892731578132 0.06324124963375513 0.06351921286250953 0.8873568680637733 0.18959502207461135 0.7633908515887213 0.598857853850997 
0.04096227273527641 0.13641465037791542 0.07182474817835831 0.11705711058565303 0.040986812202285026 0.08970880387554736 0.13631157528209076 0.8486918335607258 0.34116955886095524 0.5913559638351538 
0.24389422647687564 0.2846532933746157 0.22723238917578809 0.2916215944509245 0.4014142652683154 0.2433906166178639 0.6132723309081224 0.18905971947178912 0.42411916406660544 0.6698888260422328 
0.021467670953521686 1.3863476234827294 0.059782344246201304 0.07974341654172443 0.05432673658233499 0.06568686182402778 0.14314445622073305 0.8324837822621217 0.37164316465100045 0.6817918161093839 
