430.4537229926527 0.0 7.318148381491243E-7 1.3727477837559687E-5 9.465622673517572E-9 1.8358993520530751E-9 8.678870979675154E-10 0.0 4.103963523217062E-12 1.691239405542421E-12 
1.687653444002565 0.0 0.008054374112832975 0.22049954252253579 0.030206342147958334 7.833790232585978E-6 0.019380299754353795 0.003665621139523379 0.0011245765163851115 2.2310596199723385E-4 
0.751068456330509 0.0031667328419081216 0.06334142986902537 0.09421725566871088 0.04539527899833748 0.03118655794520293 0.015017366687855995 2.1236279668135688E-7 9.67913762867121E-4 0.0 
1.0357742600663271 0.0 0.023823855113145963 0.47366295958432775 0.09068727130270796 5.012861893456781E-4 0.04810300564803568 0.0016963267021157477 0.0 0.0 
0.4637642216371979 0.0 0.013259744337308421 0.30141110534283033 0.04247032835288395 0.015914995727109055 0.009931191767373712 1.7370752622298697E-7 5.940901315429395E-4 4.145510775337757E-12 
1.3787086247857052 0.0042473213029423475 0.020518292431674086 1.054980735084945 0.021723385277355355 0.012200964250287879 0.012115979038823305 0.0030605099556002416 0.001086029189753952 0.0 
0.21523891174531662 0.07420283040373189 0.0310214657750252 0.2129879799211663 0.0069638107284373234 0.030623903593819106 0.009385294758433062 1.3956196550746463E-6 4.879843402505185E-4 9.584702981093054E-9 
0.43759441996744347 0.0 0.01346990817887381 0.3007045803541341 0.010426081718124024 0.01589773710515789 0.02508873008774555 1.2343991642489063E-6 5.940901315429395E-4 2.08836330790449E-12 
0.16077353214064935 0.0 0.032398053710743155 0.14941062971292662 0.04078731633412786 0.011032427843206174 0.0235607254927949 5.049874827009526E-9 0.0 0.0 
0.52258128305658 0.0 0.01706704625638611 1.0440763042133057 0.008725177273061102 0.013819709320220464 0.014724709639795022 0.0029102192847386367 8.734382333906987E-4 2.415588029482673E-13 
8.060230209816365E-5 485.1086762279758 1.2902230202978153E-5 1.9915696865365958E-5 2.5866855095473754E-9 3.856077433067741E-6 1.0069081742974249E-9 4.638227538388441E-6 0.0 1.8705868689610223E-11 
0.0029723639001162953 1.9080218337650872 0.00573302205141504 0.11831890554004251 0.03121649690544121 0.033150184340206376 0.009402546700957266 2.4412004227253132E-9 5.500191070547676E-4 0.1902966891498936 
0.006740031131293865 0.7619698782039571 0.0076343437318353875 0.16660964667517086 0.006577002450353274 0.03091021241332463 0.010786089755980378 2.033177619033723E-7 2.2419866508873173E-4 0.0 
1.2594718135936889E-8 5.421074898728937 0.5136993090984002 1.4051499618690568E-6 0.013416986933597306 0.021576379618619176 0.2097032200048438 0.004348692892904503 3.311303652281493E-4 0.0 
7.520282595315197E-4 0.6170201688347846 0.005553120913413364 0.04441912468181728 0.053895384166678266 0.07309998974508963 0.03143323584478716 6.806602078434617E-7 4.327344332829859E-4 0.08098091436306273 
0.1221391073621799 0.44292930420533344 1.4815313240439835E-7 0.33784020127877734 0.034153169641061486 0.03863195997650044 4.0519848183542854E-10 0.0018000630946093902 0.0 1.5174748828712817E-8 
3.6420062684965564E-4 0.7776090521960519 0.0033477790131945214 0.2758832691695403 0.02319098424289528 6.898991595591091E-6 0.05327913939374058 2.8119002065722203E-7 1.8625246561698917E-4 0.02716680463606175 
2.0981171102359834E-9 0.22359843584309996 0.03202245919862252 0.16753326663955467 0.006825791739445916 0.03207693035959795 0.011135544453938332 1.6756163663884467E-7 2.2833837293236277E-4 8.234424372520187E-7 
3.494095091613514E-4 0.7716191518049114 0.002739457748684118 1.1432439653877737 0.02398157941298056 6.903524516050933E-6 0.0541989095929011 2.709057563267607E-7 1.8748695498164403E-4 0.035147808197027196 
3.2507764973824863E-66 0.3337645740079548 3.77230344114201E-4 0.26177507366024244 0.034898964821372086 0.03374218714203532 0.01010625639756196 2.545592019836769E-9 2.194392783609681E-5 0.18965243720663272 
9.023473455433732E-66 1.088352812916431E-63 31.4233334348846 5.546551914703787E-8 2.398590756473529E-8 2.8406055947215745E-13 6.802656346993438E-10 0.0 0.0 1.0162677836246275E-13 
1.9904438520088452E-129 9.193416270431525E-65 0.13027672668354617 0.14096784099344678 0.0829788183308673 0.028684867151556045 0.011006295823761374 0.0018091036741014793 0.0033391653070360804 2.0979413224242984E-5 
0.0718185873642883 2.9490548467779874E-10 0.2618725729811637 0.16594879213831112 0.012836997897667424 0.09613481295973866 0.016882762194699252 0.0010609804113270497 0.0 0.025812267725106544 
0.9495806474144739 0.0053720804152379235 0.22237412930085512 0.09690260174569754 0.044379566616366 0.06485788659893292 0.012081275279075586 1.9831465238144688E-7 5.485919400456698E-5 1.3851097224724555E-8 
2.2232982006545863E-4 0.2701966336571961 0.11598929959425579 0.25095085809643114 0.029835212093189747 1.6248909929154104E-5 0.009420368663257586 1.4017094016185318E-8 0.0010097980928918517 0.03995125601851309 
0.8767633994030902 0.001038260980017384 0.20578422456822842 0.08624452574871819 0.040944785276218865 0.05982769440326682 0.011146238232579358 0.001997075931626745 5.753318572531277E-5 1.3388659130316655E-8 
2.832190322828669E-9 0.0 0.6627715418454836 6.64931978426829E-5 9.142374875984519E-5 0.11720052504197555 6.059339424303813E-10 0.011200174162014253 1.6033860290982062E-12 0.0 
0.3979224605426651 0.0019065455626534511 0.11340156055276142 0.19531800411124364 0.10329372151515447 4.692074581420646E-5 0.009541251147752547 1.6227684435785364E-7 2.677222813367067E-4 0.0 
0.010250431561277563 0.16218510729443195 0.09703510823223162 0.3843386592480483 0.028451933412610177 3.0132318213114864E-4 0.010783808636414866 1.5444155435875894E-8 3.7433087851512164E-6 7.355859230042992E-5 
2.810067983770274E-9 0.8430041341930392 0.19059797360872432 0.13986444678680268 0.02429640632514197 0.034025849701214535 0.010228661241009858 1.9731591604610354E-5 2.309522009618077E-5 0.24606966082948817 
1.4189829426691168E-128 2.0332607794010408E-64 7.2647986747235926E-65 210.69381987091057 0.0 0.0 1.9081420938298812E-10 0.0 0.0 1.416410311318512E-13 
1.6228939589017197E-4 0.06373657732975437 0.014151225543312678 0.30263898400595957 0.01882910332438419 0.016132897104819383 0.008920733141777106 1.2336659305053013E-6 2.2847384690172277E-4 1.740303646801323E-8 
8.842421133221541E-66 1.5268025617585543E-67 0.010677376786125884 0.31883336019985936 0.029010156202679854 0.031283684560086 3.131334096234587E-15 0.0015953418955858799 2.574446857159921E-4 1.6201137860173278E-9 
0.21605367055569108 8.602749468630695E-4 0.006673923001711377 0.4620962610095873 0.037043706156356306 0.0449170454928806 0.04812994959568218 0.0016953395959014704 0.0 0.0 
4.024239631301606E-65 3.6542769519267447E-66 0.050639260593547855 0.323907224449628 0.01905836245338857 0.04510005858722904 1.529726801691005E-5 1.3926077164025349E-6 1.4581598260664664E-13 9.971065234669596E-14 
1.4552268370015795E-64 0.0 0.18511414205023938 1.1938689874526427 0.024173481097979795 2.4586430618601127E-4 0.02119254952373258 0.00830813894590542 0.0014502840615820648 6.135443233457865E-9 
3.3540551297821274E-4 0.05600472774370764 0.0023721118802205615 0.1624420639971905 0.04144695571349409 0.02605728927901667 0.03145561809915906 1.5820461824477804E-7 1.868134731769114E-4 4.68246791991383E-6 
0.06703580191568126 0.02929487484265021 0.05074480291948929 0.3540880612048898 0.05975268598646851 1.681180214988615E-5 0.005382239455569974 4.76048247080522E-9 0.0 0.0 
2.5489752937739854E-9 0.15520200276791157 0.004442575949577503 0.14897937875228162 0.012978476015657332 0.08714356970624329 0.12527496977364855 0.004472059975217291 0.0 0.0 
1.4362653141112249E-129 1.12556531243061E-64 0.1009899447227174 0.1227246639270003 0.06381028382893264 0.027888345385825204 0.007582096731445965 0.0018982236684520445 0.0010152683677634806 0.0 
7.445267329929646E-11 3.8040997605591037E-4 2.6948628750718238E-5 3.119006504128326E-10 61.57709401549099 2.0324727844991844E-5 3.7081010304462794E-10 0.0 0.0 3.5084506511969713E-9 
0.21523891174531662 0.124148619361228 0.019673782374856796 0.2138898194532899 0.06178515379851342 0.030623903593819106 0.009402101174049148 1.3956196550746463E-6 4.898354560598232E-4 9.584702981093054E-9 
1.8241851493740076E-130 4.2920848009853357E-66 0.007051261119348285 0.268074094336394 0.14849231453018313 0.029865402082182486 0.009797073608181057 1.8069417122492327E-7 0.0020343023846894244 2.0737471067365496E-5 
5.365639339793859E-4 0.16267003909937144 0.013630150908365482 0.12276540255931902 0.0965360373747975 0.02686126588936589 0.011310616410003103 0.001814659925898441 0.007360138497014859 4.2829268251755945E-5 
1.0674418604595611E-65 5.330434505590058E-73 0.00853884309384333 0.2629030366994331 0.14359542437989747 0.1677240184606692 0.00939479981500057 2.510350743006061E-7 0.001766287478158645 5.5258482966900026E-5 
1.324637184031441E-66 0.027172436897089064 0.0913101715827121 0.1207445967095951 0.11774155543002016 0.028353093531197186 0.015923097510203793 1.8069417122492327E-7 0.002001022196225835 1.3928189327243988E-5 
2.6291777149868072E-64 12.252475280576965 0.1481424908778354 5.680185789216261E-6 0.8894144113307818 0.031983272620057936 0.0072829989923020085 0.001827678327250683 0.0011683944662129486 0.18260299519059797 
2.811260642416806 0.0 0.1796984748789589 4.1098712321291055E-5 0.44486744619161184 0.11719064711140159 6.553169289631785E-10 0.01119875160409752 3.074694793389494E-12 0.0 
8.20112042362963E-4 0.09827499014813648 0.039154788613424 0.21063908383632038 0.06250653038881089 2.3564968743641956E-13 0.01522010095327971 5.456560971641647E-7 3.60988590081224E-4 0.0 
0.008313442114775414 0.01228960958001655 0.002508240797437139 0.32737422009215705 0.046795834635141524 0.006102543416456362 0.010223817136649193 3.227160313021139E-7 2.153966384138662E-6 0.0 
2.4445245451088593E-129 3.107577008258704E-134 6.052659825516789E-130 1.5742429392005587E-63 1.5365993558190555E-66 48.256505516848364 1.8651666422405924E-9 0.0 0.0 0.0 
0.7894053109126202 4.747109410294088E-11 0.011166696985134256 0.19516511384737562 2.634022685343775E-10 0.3544041574131063 0.045070803658819485 0.0037540915898443944 5.379233297838706E-4 7.056916674828806E-13 
9.766042184476189E-66 0.35424757966306303 0.014093701845978666 0.20296334971324037 0.09350533702801582 0.15044254776938035 1.19750582918977E-7 2.5264385165597864E-8 0.0 0.0 
0.34538566816203137 0.0011213027593119707 0.004341719925277052 0.16623072723715915 0.01290818957507868 0.08777116591074824 0.010779299863394334 2.650250268931879E-7 2.875417165300648E-4 1.1002844697130111E-6 
0.11990704138935047 4.6397092465743267E-4 0.020059223917767748 0.0872887056862769 0.02329744282525039 0.08101254668839195 0.02419949581263196 6.970259537454747E-9 0.0 0.0 
9.006777754781633E-66 0.3242902853890045 0.011487787296117526 0.1187190396073034 0.07982101906343386 0.10982339865426924 1.0587620113193338E-7 0.0018306756676280183 1.6563195926338354E-12 0.0 
0.6789485578861828 0.0012437837616558515 0.0019293567164042076 0.1277497424825285 0.010697102013611815 0.0703141189901309 0.05027837703919179 2.8747648315839433E-9 0.0 0.0 
1.7286635366087288E-9 3.013759622303136E-7 1.144951439098258E-6 0.19827228604494262 0.024602873454901045 0.08835582437415293 0.05966970813632748 4.251755885290709E-9 2.997647030635848E-6 0.05837817385159448 
0.88472285197181 0.005647374520125376 0.0212970702761689 0.0984824764113965 0.036447713627700246 0.06486087651612041 0.01181137326889233 3.0658924303613955E-9 4.344572583635789E-5 0.0 
3.920382317226304E-4 0.11977100425060422 0.003324799130532314 0.22221899750142293 0.031223114367762546 0.031247895067248507 0.009649569889946719 1.653037658145474E-7 2.5570010948292965E-4 0.0 
6.115870515307248E-67 0.014937654134847402 0.004090423068738623 0.07764671426459797 0.004960006551432443 0.01087754650796967 28.602515477316597 1.606757745141213E-8 2.2154522251490472E-4 9.614932612221629E-5 
0.19321460915227007 0.00211794051420028 0.0018924765884031796 0.2499560068594202 0.024950904499933646 0.0075442082838817915 0.10194430439268418 0.0015728765956758589 3.557320120299697E-4 2.2456370822808007E-9 
0.20510554337597256 0.001134341863069556 0.05074301912866624 0.11092853289940147 0.03469868401982293 0.06943330115294213 0.11280482534104132 2.5682562222779414E-9 0.0012957947252543519 0.0 
5.5472276455475835E-9 0.7763008475297964 0.016284377580594766 0.16671074002308234 0.006660779131118572 0.030910075918700326 0.11964717924854971 2.0576713894014534E-7 2.3013756453761267E-4 0.0 
6.972791537662143E-6 0.019864778611496346 0.002511098847803301 0.2443310945305797 0.03535617617646043 0.005172854494018315 0.05551039138944585 4.851382559664446E-7 0.0 0.0 
7.17415632904316E-4 0.7345771723575564 0.02968828296407302 0.3713244616680649 0.02461724374649656 0.0 0.2514792653444318 0.007445441086531847 2.5957107991016803E-14 0.0 
1.0000468787956861E-4 0.044199888407357384 0.06075716362036648 0.3900878836302413 0.038139910862715364 3.155080869170865E-5 0.10453280299656417 0.0015825082719877316 3.050931888693035E-4 0.011882601829908237 
7.4524848847635E-66 3.635919635068563E-68 0.009732424604677766 0.21165262828014886 0.031398481552073434 0.011937520537655122 0.054001830034828995 3.091328593373222E-7 1.5395076062568452E-5 0.09415335276222327 
0.014836542692482822 0.024893123747633993 0.003114427085261968 0.11966241907493094 0.009564954109425499 0.06316586357685243 0.058778672081119934 2.650250268931879E-7 2.875417165300648E-4 1.0996068493234842E-6 
1.0086016862841137E-15 0.16107114774816386 0.02297917707312044 0.14913764259125756 0.03259439080240096 0.0045652128001399195 0.05078917087801557 3.637145104918936E-7 5.597956512814597E-4 3.221903498967114E-9 
2.3566127196317604E-14 1.1491290871596647E-9 3.1137926102439456E-11 3.686414370740316E-10 2.6312064423166615E-9 3.4588954818549097E-10 9.167976554192786E-16 1.0713159009166178 1.5865420377958869E-12 0.0 
10.399848932907476 7.7153893894932075 0.4021305700363071 1.4660077709674653E-5 1.7954024992181135E-9 2.7071171588495525E-6 0.011107696073615623 0.07814963576054484 5.577946459269553E-5 1.8107484161806293E-11 
1.3598834197241962 0.002977895342730579 0.03561889411217809 0.6650736805226736 0.029799631905891223 0.03065765595196798 0.009204749813426378 0.020912184653140195 0.0014069364358141269 0.6512934713995702 
0.24508379922630905 0.21069835631415124 0.01695684994143763 0.15228272796952377 0.019879280852241284 0.027522259091259885 0.01207262501491036 0.0028190876160122105 0.001086029189753952 0.0 
0.009815563272683117 0.09813319297658561 0.005159507542372787 0.18408221650433768 0.016650544406229106 0.02634569706347233 0.019322343619077753 0.002756067524416219 5.004692760982144E-4 0.06703739323550326 
4.50717828082292E-9 0.3409280785343153 0.023246302038922823 0.7393697739993088 0.03484668790619066 0.0 0.01064127938602831 0.0054098891779976056 0.0 0.0 
0.5979726440102819 0.0 0.004509238340801011 0.1400889977746661 0.029120341727803246 0.026086158052829902 0.014870097996997284 0.002955720229205361 2.7549691344335933E-4 3.2258327788871977E-13 
1.1832538395984489E-130 9.248850733272382E-66 0.00677970639956378 0.21559166901345725 0.05060717824750705 0.027988695889653706 0.00975005976213823 0.0017181830490884033 3.8393029043046504E-4 1.3907193653547516E-8 
1.0008619995682382 0.0 0.013309056175992887 0.15694764526202376 0.016961856436315658 0.028785055971961265 0.015104309664382799 0.003570192609048672 0.003746516136309962 0.12168848157944112 
1.4469024887116256E-10 0.013554295963987762 0.04204061141761767 0.1343655605338718 0.020554086180396242 0.029000601781217068 0.010046589971555265 0.002904214256044996 1.5768233726397087E-4 0.0 
6.309156741609366E-82 5.2173697858704925E-83 5.0890593504841435E-82 2.553469122486572E-80 1.6822979921022945E-76 4.3953172434527494E-64 5.943347777571632E-67 3.598450327131095E-67 4.224984156228388 0.0 
4.734658964198742E-72 1.3896270138399756E-65 0.003829066999481827 0.21041871843575607 0.04760323336806405 0.06643201944031153 0.00971062472521229 0.00199248449564024 0.0033906124594135826 1.7371534271576758E-8 
7.10583879376213E-66 1.0296593593408565E-67 0.008258208740635327 0.25588588789827743 0.02342368327448778 0.025107326897565885 0.0360488055414974 0.0015446823150864876 0.0019133754807131927 1.6201137860173278E-9 
1.3918340317116455 1.1195674635990154 0.004392247465299307 0.1681629947163359 0.016454037272578024 0.04880139243972411 0.0067001191581248214 6.035668576158857E-4 0.0023735360105667804 3.2291191645470204E-5 
0.6374734247094876 0.0028254625701546127 0.06592017608839815 0.09386652067600902 0.04536299507249278 0.03145138302055022 0.016469985213663996 2.050729582791135E-7 0.0012160782306164244 0.02784134408603699 
2.176746895413611E-4 0.02147681425076426 0.014155782761788216 0.3038626894942449 0.010426093922193519 0.01611071630588265 0.009119091193540891 1.2333664957472673E-6 0.0012733169108515407 1.0019640445378537E-8 
6.102774804010398E-4 0.22354041355870868 0.027804206666754934 0.08905405241311698 0.014542022424674677 0.14063201189511948 0.015042149559453002 5.722026000875595E-7 0.001191591976059958 0.027678115874909943 
4.434402941849528E-8 0.8389999221333064 0.0374061096077582 0.3251883960040853 0.06938020054358388 2.8525101727767884E-4 5.016015945749966E-4 0.0016409848517214935 0.0011950937936760044 2.8386942257300614E-8 
1.3613390792540933E-65 1.4250910013022657 0.010376655395535828 0.15695103557684054 0.015525694100379291 0.028785251247883437 0.015104657265372001 0.00357029401152753 0.0037467188434285714 0.12130306427235313 
5.78526663653139E-131 3.604296322162145E-66 1.988702017143036E-65 0.17944997508107705 0.007382180209221307 0.02485005198175208 1.8886441777865755E-4 6.670619292692293E-4 0.0025261930904623923 72.14432722525136 
7.457249061563898E-10 0.04290368206219452 0.05107056996810643 0.2437077489739611 0.024339161757434807 0.034100098045542926 0.010061346261670403 1.795446201442121E-5 2.6812992036594904E-5 0.27361892692272294 
1.3156556730329574E-8 3.0225733759404578E-5 9.123260248654393E-7 0.20047184428231624 0.02917847477838369 0.08308929161467635 0.08031782991504283 0.0013820315878878611 1.2773525925866355E-4 0.24598077582513486 
0.041714848341435205 0.17428779839354763 0.029357057533467755 0.2192455200152396 0.007894354493108562 0.03352048507215962 0.010555546989914254 2.488809035047929E-7 3.770095549760582E-14 0.081070996486743 
1.5107024075328395 0.0054344718142878045 0.011694975892531887 0.5377572531349881 0.03520483587799295 0.028450606663997926 0.009855921268557838 0.00325637212753457 0.0 0.19806849660859738 
1.904269262003192E-130 1.0346673929116394E-65 0.009394589081335867 0.2805922477887386 0.03839460441641988 0.014822991243855638 0.010631869326882187 0.0014605823890438047 1.518160642246634E-5 0.07047636845229165 
6.896075975397581E-66 3.3689017775129973E-68 0.004417786622511251 0.20896304625460688 0.029498049407951945 0.011180464075898835 0.0500359962411159 0.0014599143117106732 1.5395076062568452E-5 0.07164689051053123 
4.9682877815484775E-6 0.002737619831364624 0.0022021286035584123 1.0604114493982975 0.025490072072181822 6.890383141623047E-6 0.04941908757850936 0.0 4.293523932025924E-4 0.23539359499567264 
0.9342481410143613 0.002728998272815599 0.05804542627947866 1.0986108033652537 0.023090488958325394 0.014063895496731937 0.01889504070005882 3.2363503580592484E-7 0.001208030369676597 0.04577962124232772 
2.437695291006853 0.0 0.1291875448669033 0.5174960593637675 0.045794621827120796 0.06503009869965044 0.013305939019939032 2.8676704582562196E-7 4.903495937148209E-4 0.02820938018544412 
