1.0000020833755359 0.0 0.0 0.0 0.0 
0.9967274480414966 1.9357059601639363E-4 0.4859319690699594 0.0 0.0 
0.991201884179403 0.20936524053383349 0.0 0.0 0.0 
0.9905904918364125 0.2103982969239282 0.0 0.0 0.0 
0.0 1.040913450304061 0.0 0.0 0.0 
0.9513616002184099 1.0255396755383446 0.0 0.0966750760524668 0.0 
0.9383396055581833 1.0157798085984566 0.7505210567553777 0.0 0.0 
0.937539253042922 1.0149226668654663 0.7908591846384145 0.0 0.0 
0.9276045878030209 1.0152139210156268 0.0 1.01447185720957 0.0 
0.9317899100237294 0.9931189811030993 0.0 0.9991103970127089 0.0 
0.9566757464105519 0.956660708232489 0.0 0.0 0.0 
0.9532616450519943 1.0315160883829104 0.0 0.0 0.0 
0.9353590622004007 1.0094604180254667 0.0 0.7640853684826263 0.0 
0.9284047709945606 1.0006706579842863 0.0 1.011654919791809 0.0 
0.9307858635782423 0.9961059079566474 0.0 1.017693156944806 0.0 
0.9586789841168987 0.30077869954327 2.2240343384448167 0.0 0.0 
0.9477043840530319 0.9143150110538153 0.5238626225192532 0.0 0.0 
0.9485668826930936 0.9133132500136181 0.48478176115036653 0.0 0.0 
0.9487539174937243 0.9094793135842745 0.48431367270320463 0.0 0.0 
0.9557675477462874 0.9356504852776444 0.4772525264056375 0.0 0.0 
0.9876497328255276 0.31704187915056026 0.0 0.0 0.0 
0.9579675758133297 0.9293247490036946 0.0 0.0 0.0 
0.9879262399099688 0.26656702307281127 0.0 0.0 0.0 
0.9581659459011177 0.9234471924459725 0.0 0.0 0.0 
0.9758982068224303 0.5358592162865708 0.0 0.0 0.0 
0.9750062582509175 0.557473793443814 0.0 0.0 0.0 
0.9762779403585246 0.5242474939178495 0.0 0.0 0.0 
0.9485138735841674 0.9150781687317263 0.48430931162839697 0.0 0.0 
0.08272576804376282 0.0 0.0 35.1500553514176 0.0 
0.8962102695685958 0.9277559082699963 0.9608164546831561 1.5939820695192817 0.0 
0.0 0.4944758777468694 0.0 39.965552721269304 0.4275427970485568 
0.8097981440198054 0.8142961560191366 0.0 6.3821644150262165 0.0 
0.9176800188265102 1.1704289618838752E-4 0.0 4.689520010401582 0.0 
0.878906335873556 0.45826142697949535 0.0 4.548489251540139 0.0 
0.8591031456609989 0.8312414402994925 0.0 3.9705771010769317 0.0 
0.9373442701506036 0.2881515519267132 0.0 3.4590972003142753 0.0 
0.9491222193399108 0.0 0.0 3.347425981599222 0.0 
0.8894930393652686 0.0 1.491551092500451 3.0896480835322233 0.0 
0.959152779048206 0.0 0.0 1.565463465546752 0.0 
0.9364870845118339 0.4952667458864635 0.0 1.5743785625953577 0.0 
0.9206287404935339 0.9259345042522119 0.0 1.6072101928734042 0.0 
0.949446147723505 0.5715446385070347 0.0 0.9513761115551195 0.0 
0.9397629165892815 0.9089572054541131 0.0 0.7754684643057409 0.0 
0.9867631825957663 0.0 0.0 0.508923202468717 0.0 
0.955333562617767 0.3102222732467377 0.9921392706540982 0.3517524393586321 0.054315507772156206 
0.9825514258310731 0.21424046374780964 0.7383131978304504 0.0 0.0 
0.9897998369715914 1.9497473693729314E-4 0.48451850257739243 0.0 0.0 
0.0 0.0 0.0 0.0 2.8166429241489697 
0.999411309393073 0.0 0.0 0.0 0.054332171966703986 
0.9849535244796037 0.31991583023572584 0.0 0.0 0.05433052871389725 
0.978326277778232 1.3335667821653326E-4 1.000756116723094 0.0 0.05432291609983017 
0.9999867996055846 0.0 0.0 0.0 0.001303992991439275 
0.948502253709011 0.9150847564246632 0.4843088820523609 0.0 0.0 
0.9595264601549454 0.8934412169110248 0.0 0.0 0.0 
0.0 0.0 19.349904259356755 0.0 0.0 
0.884252627044399 0.862072943610479 4.083538865961046 0.0 0.0 
0.9429585944318576 0.3060366865632408 2.256387696364341 0.0 0.0 
0.9592545772372465 4.5509105642130304E-4 2.1299798610944203 0.0 0.0 
0.9121715516059504 0.9810704720204657 2.240128035029852 0.0 0.0 
0.9598085093212484 0.20261202134926204 1.5954565955478897 0.0 0.0 
0.9808160748932443 0.4235468288745568 0.0 0.0 0.0 
0.9666792448492131 0.7355798334592942 0.0 0.0 0.0 
0.985460229684668 0.32369418172599584 0.0 0.0 0.0 
0.9904515686958169 0.210878547238111 0.0 0.0 0.0 
0.9999972393937843 1.361493398289432E-4 0.0 0.0 0.0 
