0.2397673868081327 0.0 0.0 0.0 0.0 0.0 2.5474755929622006E-5 21.861883386635732 
0.23883589198405275 0.0 0.0 0.0 0.0 0.0 0.0017589515440104009 21.862517340037904 
0.23883589198405275 0.0 0.0 0.0 0.0 0.0 0.0 21.86273275804854 
0.23267043334114312 0.0 0.0 0.0 0.0 0.0 0.0 21.862737407183815 
0.22942081227170696 0.0 0.0 0.0 0.0 0.0 0.0 21.86318117625783 
0.1864601484834676 0.0 0.0 0.0 0.0 0.0 0.0 21.865865693959808 
0.1728867148678077 0.0 0.0 0.0 0.0 0.0 0.0 21.86714993055847 
0.1712051967344692 0.0 0.0 0.0 0.0 0.0 0.0 21.867623733174508 
0.1451922405459598 0.0 0.0 0.0 0.0 0.0 0.0 21.87157692205999 
0.0 0.23669502841002377 0.0 0.0 0.0 0.0 0.0 21.86198528248417 
0.06280626961568636 0.22867693845156545 0.0 0.0 0.0 0.0 0.0 21.85716528014002 
0.0 0.22309519415387413 0.05534210412409024 0.0 0.0 0.0 0.0 21.874329932445953 
0.15945232960657485 0.23669502841002377 0.0 0.0 0.0 0.0 0.0 21.845480229268347 
0.0 0.22309519415387413 0.11185850851983226 0.0 0.0 0.0 0.0 21.866641044931335 
0.1728867148678077 0.22867693845156545 0.0 0.0 0.0 0.0 0.0 21.839036405470544 
6.876618544389146E-4 0.2528324212639408 0.11068420824818048 0.0 0.0 0.0 0.09571516630496113 21.853460591870032 
0.0 0.22285699667365755 0.0 0.0 0.1260249822714865 0.0 0.0 21.848511768953795 
0.1873626303937428 0.1787570057105068 0.0 0.0 0.0 0.0 0.0 21.84462534146776 
0.17686085255721373 0.0 0.21706939233937206 0.0 0.0 0.0 0.0 21.839120193136196 
0.23883589198405275 0.0 0.1266159418881898 0.0 0.0 0.0 0.09571516630496113 21.8350009964665 
0.182453539238983 0.0 0.11569620521561852 0.0 0.0 0.0 0.19143033260992404 21.84017841063541 
0.0025044174818091847 0.22867693845156545 0.11536079946263555 0.0 0.16652812700331765 0.0 0.0 21.827546437217933 
0.1728867148678077 0.0 0.049864365713851555 0.0 0.0 0.0 0.0 21.86259837335757 
0.17133322518008498 0.22571731590786293 0.12727220251957405 0.0 0.16652812700331765 0.0 0.09571516630496113 21.795235183073896 
0.17133152837214638 0.0 0.06363610125978703 0.0 0.16558683547062358 0.0 0.09571516630496113 21.829336040002065 
0.17288417198666117 0.21929423134477055 0.05534210412409024 0.0 0.15418660370804105 0.0 0.0 21.814788274868295 
0.0 0.22867693845156545 4.333211659179881E-5 0.0 0.16652812700331765 0.0 0.19143033260992404 21.81676121674517 
0.23479690188972846 0.14610380216340602 0.0 0.0 0.06405921485049682 0.0 0.0 21.83669713579775 
0.04830669656418962 0.02580206160208043 0.0 0.0 0.0 0.0 0.0 21.88434316338315 
0.0 0.23669502841002377 0.0 0.11660909704849232 0.0 0.0 0.0 21.85099047338063 
0.0 0.2694696050823371 0.11267253386932552 0.11739834993405296 0.0 0.0 0.19143033260992404 21.81519539100125 
0.1728867148678077 0.09320901627407707 0.0 0.07091688454138989 0.0 0.0 0.0 21.85304026499194 
0.09525999156107545 0.22867693845156545 0.11536079946263555 0.0 0.0 0.0 0.0 21.853108843011753 
0.0 0.24329329059691673 2.824046539000591E-4 0.0 0.0 0.0 0.1916666068329711 21.845110553124897 
0.0 0.0 0.0 0.0 0.0 0.0 0.08095887699620796 21.884153524975453 
0.05206305667429412 0.0 0.0 0.0 0.0 0.0 0.0 21.889709962033358 
0.18735243574927019 0.22457826222026966 0.0 0.0 0.0 0.0 0.0 21.839273542540976 
0.0 0.0 0.11565450547173484 0.0 0.0 0.0 0.0 21.88301460267376 
0.0933888177154909 0.0 0.049864365713851555 0.0 0.0 0.0 0.0 21.876450956770476 
0.0 0.0 0.0 0.0 0.06813876446376987 0.0 0.0 21.88651191471524 
0.1873041111695759 0.0 0.0 0.0 0.13218648335490002 0.0 0.0 21.849508914085355 
0.17133420827876478 0.0 0.0 0.0 0.12635406335444266 0.0 0.0 21.859689032585614 
0.18664889767064885 0.0 0.0 0.0 0.06813876446376987 0.0 0.0 21.860311042177674 
0.23959252509203566 0.11032942424655445 0.0 0.0 0.0 0.0 0.0 21.84954643371745 
0.002113898116920865 0.0 2.9358385944533438E-8 0.0 0.0 0.09261423406796254 0.0 21.88909948433952 
0.21471134696111882 3.50757019955239E-4 0.026993747857027017 0.0 0.12026769987135211 0.055183793867708886 0.19143033260992404 21.825417327878625 
0.0 0.22726464609164232 0.0 0.0 0.0 0.05581970620183263 0.0 21.86778351056619 
0.0933888177154909 0.0 0.0 0.0 0.13215013349737426 0.05581970620183263 0.0 21.860023496158874 
0.0666480007215462 0.0 0.21304563474696003 0.06492679732483886 0.0 0.07494256423926693 0.0 21.847791153644 
0.0016326208983556967 0.09320901627407707 0.0 0.07091688454138989 0.12635406335444266 0.05581970620183263 0.0 21.867042090965082 
0.19085546441441714 0.1787570057105068 0.0 0.0 0.0 1.0751758662053135E-5 0.19143033260992404 21.822651451444607 
0.17133322518008498 0.22571731590786293 0.0 0.0 2.6915420523465627E-5 0.0 0.0 21.84141751282049 
0.0 0.22309519415387236 0.0 0.0 0.0 0.0 0.0 21.879662994759887 
0.0933888177154909 0.0030461723908050686 0.0 0.0 0.0 0.0 0.18958158841758355 21.85941902389568 
0.17133322518008498 0.22571731590786293 0.0 0.0 0.16652812700331765 0.0 0.19143033260992404 21.79493224700573 
0.23267043334114312 0.0 0.0 0.0 0.0 0.0 0.19143033260992404 21.837451091935115 
0.1728867148678077 1.9360141233448758E-4 0.0 0.0 0.0 0.0 0.040956136331645965 21.864571400710773 
0.23883589198405275 0.0 0.0 0.0 0.0 0.0 0.05598579953617033 21.857168348883732 
0.1864601484834676 1.8607620995680918E-4 0.0 0.0 0.0 0.0 0.04095613633164419 21.86210669851107 
0.176119246578887 0.006863915865645609 0.0 0.0 0.0 0.0 0.034044431887549464 21.86522344099698 
0.09131525456514389 0.0 0.0 0.0 0.0 0.0 0.0 21.880116170284015 
0.17133420827876478 0.14610380216340602 0.0 0.0 0.06405921485049682 0.0 0.0 21.842352152274444 
0.0 0.0 0.0 0.0 0.0 0.0 0.0 21.890662975317202 
0.0019034891456186642 0.0 0.0 0.0 0.0 0.0 0.0 21.890307505582726 
