45.98144110173241 0.0 0.0 0.0 9.776638066101389E-11 2.005902448918898E-12 0.0 0.0 0.0 0.0 
2.7759017452706725 0.005707755291198691 7.064006348077341E-4 2.7441798294461233 0.2379074393072274 0.008519808380834567 0.07022973385875406 0.005155360361473181 0.0 0.03221077781944055 
0.3702520516225521 0.44599516879636386 0.16556160609537654 0.29113453537492034 0.016823167860490325 0.04787026936361457 0.021812194368337843 0.017995246433896304 0.09564836910392213 9.593939315049148E-6 
0.9389708124921637 0.9549943144743375 0.40437603436068736 1.5298650499909063 0.0702482583606905 1.1171396256922026 0.0 0.034451748951118924 2.546234747555014E-8 0.07113246841194762 
0.5707976031880593 0.16690947596041952 1.013943927213296 0.9382525734703419 0.0 0.12620979012442354 0.022593858669039936 0.03498791384886042 0.11406673876512977 0.0373813069497393 
0.2180223345146707 0.2683116133866752 0.10738993254118034 0.1729045625648142 0.009045663945327014 0.025523384868823877 0.01260643245009167 0.0011412137628368823 0.29140606430668287 9.288585126872896E-6 
0.44832782386238035 0.07625480292969467 0.14691006453091307 0.5729952787618139 0.07644815885047149 0.10553189195999879 8.433743387353762E-5 0.0020105448760039816 0.48520767749250676 7.264581351947682E-6 
0.45478554703584584 0.3256308955805002 0.1330839954529483 0.027158647162365376 0.049428677743369336 0.22865053867194396 2.2210194263060495E-6 0.0 0.26244054632193464 8.111834017694972E-4 
0.4923459335978502 0.37541908694250786 0.23263145167269947 0.8256828582707818 0.052591172392605696 1.0119268619987947 0.03388500255911422 0.003010299368714667 8.403285257019589E-8 6.0111633194081146E-5 
0.2693348436050629 0.29891704359138516 0.15331457365333512 0.008509112819424652 0.015292263436523325 0.5194310932544449 0.012659967188963192 0.015763171076293127 0.12216511927430182 4.8359907284399264E-5 
4.4978869299516606E-64 56.675788880481335 0.0 0.0 1.2165469232370309E-12 1.6422923577314676E-9 0.0 9.995990952048834E-9 0.0 0.0 
0.008765360225006905 0.3299152163781013 0.5176067440897003 0.42932687040644185 0.04122268337112954 0.13172272027185308 0.018790824183659998 0.0032183001178097063 0.14926429389448567 0.03531726772580779 
0.07806300795474375 3.8357378490030913 0.8590592117309845 0.0752422333156941 0.0 0.6972614646602294 1.700805875734898E-10 0.07205163124786117 0.006295602494611418 0.0 
8.707241022904283E-66 0.4338419802896086 0.08611221336204038 0.3615873036367358 0.009781108137761311 0.19292709587720655 0.016938122915630995 0.022119569774600063 0.34286884134000223 6.016427710171477E-7 
0.20998444424243087 0.16870037539204127 0.6844754864566733 2.9652270792993772E-5 0.053258195496171355 0.21735455066914192 3.0424603967592825E-6 0.0 0.25947222285997423 1.1250787580178275E-8 
0.24937143578789497 0.10128405165733732 0.6560749997554687 0.4936195120772729 0.03378698569480231 0.1377543913599764 0.019809188976883343 0.02876586614611907 0.2159093758533914 0.04861443318590196 
0.0829024379841744 0.12892359107412937 0.03890291425122073 8.925322018097683E-6 0.036287372821166515 0.295065636264359 0.007496115145849541 0.014856883944276275 0.3036266025953818 1.495234040894983E-5 
0.03372854609189758 0.043378051797912494 0.020862428700280482 0.029313786809406755 0.06593128024362274 0.3626350394567259 0.012474573017967405 1.1871141181243613E-4 0.44644229804895064 1.6317723512955517E-5 
0.017625796088109998 0.061456764083709294 0.02500112538001133 0.014741036282266404 0.07090446718652996 0.6133500572152911 0.01673939565333843 0.03128110561666502 0.10087342040675891 6.829043228145774E-5 
0.028984281951461504 0.034286711832888936 0.5178633124389967 0.21661670487213586 0.03223796730302973 0.07375550573916252 0.010900971749254135 0.008708812560141126 0.27576803077580403 1.3034494890421338E-5 
5.227229236933519E-4 4.8206651066118837E-4 67.41380196715704 4.527743699576307E-6 3.5646676473975354E-12 3.333407895204362E-10 0.0 3.095599322331969E-9 1.3667594971820164E-8 4.5274484529164994E-5 
1.433630930568785 1.3730230703686643 6.374556962847605 7.5837557186186615 3.2447157701124857E-12 3.3967858154417636E-10 0.0 3.3909051914461633E-9 0.0029854353909668885 5.860156419253148E-5 
3.734950991574456 0.6616581632387115 10.275930467290722 3.5992180417408 1.6231225483968724E-6 0.0 2.5498420134366018E-14 0.0 3.069012137847774E-7 3.409071424932912E-15 
0.33223364477708384 0.3705553878534344 2.2135314010806444 3.2160149270238125E-6 0.051569294948339645 0.03323966190791326 0.0 0.00129955379623499 0.4715699359128732 4.098371675644816E-5 
0.07989847737688005 0.06356908391045347 1.2065943338645684 0.5103831951818801 0.03284677463113033 0.10278156400916293 0.013877932362442839 0.00743490242348702 0.18161860240818542 0.0 
0.5106758632850588 1.1511962428308873 2.3811168658986532 9.774240862134E-5 9.274325720136279E-13 0.17704055486030998 0.0535321586186201 9.502704943882344E-9 0.07921466058346088 1.372772062060101E-7 
0.39291131033856286 0.21812967547953777 1.4419222185118232 1.0567516599050804 1.9858723681293978E-10 0.12101923945286042 0.017211341263959748 0.017847397729303698 0.24993453054515716 1.5057216269597915E-5 
0.0410452587024168 1.3370260146427235 2.2472987294458804 2.1046295876459347 0.0 0.775800545664634 1.1408086774444977E-10 1.0671573113679836E-4 0.11570042451470562 0.0 
1.4473896981293113 0.570150556528168 3.819607646451002 2.30195885326613 0.18405683003832704 0.0 1.4492969042154406E-14 0.0 3.16669162599228E-9 0.05593043223747487 
0.416450823001485 0.4594458865998115 2.027790856493445 8.60563993332711E-5 5.825359311931906E-13 0.9010255459958896 0.0 4.500041124938282E-9 0.19141098575318388 1.671050823390586E-8 
2.0138333511076462E-65 5.3910715456556556E-65 9.352769782519677E-65 240.46389017251298 0.0 5.864023384490504E-8 0.0 1.2359540065697093E-8 3.5338895247548484E-10 9.932998037830237E-8 
0.27881605776909824 0.30240325958114045 0.10966630364273054 0.556476432674873 0.019032755222315054 0.07634835698116713 0.012701796775537278 0.007907084232127591 0.2261952485267378 0.029890591543702428 
1.7243133778889924E-66 1.4228111639902643E-66 1.654549635613504E-65 18.61813361551272 0.2520028003729724 0.0 0.0 0.012150423357272138 0.23072375529212294 0.04248293075184075 
1.0282296494881973 0.0 0.0026455741113142204 6.560233385739511 2.7225757918313093E-11 0.7177813414056804 0.04126671970061451 0.002245683131299563 0.12266381648002408 1.9782931504063692E-8 
0.04569478393828743 0.04091027598809397 0.1707922068970942 2.324905410054623 0.012397785643688333 0.06992632139656287 0.010498120146710524 0.00977978892849115 0.2432633782657588 0.0 
0.03128403768099468 0.01951284375169133 0.07675536800090071 1.2137135477826335 0.03269242087000205 0.07932366747953433 0.016468280581668448 0.007932318988642401 0.264366467834806 0.0 
0.03141247038299403 1.2799264667653987 0.3459157440760094 3.111110134832873 0.0 0.5505878427669311 0.03138608176741951 0.0013188932456278941 0.12456597429092077 1.9184306881071277E-7 
0.7951224743149401 0.6121824241761276 0.4786772991836688 1.8881435083136802 0.1534999327295103 0.3528880814174368 4.633103015249222E-4 0.0040387640859061175 2.2559396559755888E-7 1.0265141531830906E-5 
0.037820192946161846 0.8408468553339422 1.0780833521784323 1.5671699867477504 0.06885562965520799 0.23292736188777072 8.702142520694771E-15 0.0 0.292530218250467 0.046223562817219954 
0.010872499398557972 0.41461582921069573 0.12792443106205123 1.1077488836496379 0.09754558177453071 0.44579938681246417 0.03677323370500008 0.013085895338766463 0.163140660903423 1.9277425143598756E-7 
4.689568931305408E-65 1.2467355275470325E-65 1.4120039575576155E-64 5.293150139046015E-65 4.277454336034581 0.0 2.068551564564385E-14 0.0 0.0 2.767458578844184E-15 
0.22838193698784268 0.3266464902987443 0.14656750517512532 0.009601921930235277 0.060478562968144856 0.145992105409719 0.014801298282106135 0.012465279902877196 0.12497081115483884 5.97363541369928E-5 
0.06161934434115655 0.029280993239353827 0.14426316328762684 0.12695171953436377 0.14559797880438244 0.6853045438551392 0.03412748458667888 1.4797698859033155E-9 0.15792797227403793 5.558977116739169E-9 
1.031899885406157 1.3535627403537576 0.5672901141748 0.08641889073158641 0.28406303100056646 0.24878106420170043 9.706220561293643E-15 0.0030750912123173233 0.01797532126756554 0.10150483163237688 
0.07231717529254784 0.1138814833279797 0.41750088104535266 0.4062054063947612 0.08069456352772944 0.1262976884988896 0.014398823246342502 0.013718407592604117 0.12864330763574983 5.385562384351051E-5 
6.011607300294276E-6 3.0128037408441867E-5 1.298483692502133 0.3038516058263734 0.2602161040253528 1.7340829036738164E-9 0.0 7.49752173954474E-10 0.29429714574040977 5.048545828948567E-5 
0.020510585976607234 0.11052185620148643 0.016757092891883936 0.11726048700385361 0.08705663584236124 0.0687499707802001 0.002462894989002712 0.022696178196556942 0.23117987929920333 1.6356577389829495E-5 
0.05694610567542669 0.10154433404203042 0.02375059017072118 0.0023646057661994755 0.0666935349738691 0.3795416189596273 0.0028526885111903317 0.005925196341840421 0.21429878682365758 4.077514432464904E-6 
0.407107284798296 0.39454499547075655 0.11999532648267008 0.028208522290870747 0.07378577402656664 0.19094734767400912 2.1057470231396414E-6 0.0 0.30764220200441567 1.7985035398874455E-4 
0.031890472990047214 0.10194168405676436 0.034640663200895434 0.02024543820525435 0.07766590630946074 0.5377011915108373 0.012877865999052976 0.018526745530614112 0.10322869304580885 8.09960364977564E-5 
1.822285542020941E-9 7.475690483044551E-10 3.219319403139555E-9 0.0 8.33915560688867E-9 48.624815121675034 0.0 3.710938919934849E-12 0.0 5.7853380427327636E-11 
0.2681224459089632 0.24425031325833432 0.772513000573811 0.8241877659800934 0.0 0.7518550532806456 0.022193437324247632 2.4063414161998013E-4 0.16345078913109926 0.02642091526402422 
0.08817381898588687 0.1157574749176934 0.0394423303832521 0.07217347039794214 0.014977211432019416 1.000979001299588 0.0019122695586045477 8.194630674127804E-5 0.27874465807401433 0.0 
1.1831210043194145 0.38801800661339153 1.6777202781182812 0.0 0.23948880973248968 4.390017807570159 0.0 0.0 9.939745022754928E-4 3.572263566779498E-11 
0.025308093799509615 0.031156467060533957 0.010991839458221303 0.14117660183822708 0.06050194879395597 0.8077142255504375 0.002399723806874785 0.007019176676278851 0.2642963151383089 4.0749203694723075E-6 
0.012353458320320835 0.04722191302375568 0.008868806509436672 0.05663158158093525 0.03317699845355149 0.6976732724330321 0.001264283727600166 0.02422314038873595 0.2390703599722903 1.1827405302279994E-5 
0.14035163781243165 0.44774108719189504 0.1553023285750403 0.00839548480361546 0.014027358656896503 0.5197213928842593 0.01393121110213873 0.018142015833360947 0.09548169503601085 7.656468836369267E-5 
0.04060070691550034 0.04474362778621859 0.6474525759326731 0.2972171819829446 0.025549026975721142 0.5205673178736934 0.019372527022515847 0.00869475747764102 0.09980739353218175 4.806831824273252E-5 
0.08804125053292364 0.09474144979815602 0.04216983827148924 0.11568345124901153 0.01954567070164844 0.31392134585879194 0.009446734512539297 0.001065152312136768 0.3381182412801997 1.1187668163414023E-5 
1.046665109556E-65 0.9211066775488334 0.08723506080509762 0.5097536521204863 0.009006025929716414 0.5545158575729466 7.258346547764697E-11 0.009474069584233321 0.40322067537206724 2.5647130837283627E-6 
2.0617299650339818E-75 1.0491242206827388E-70 1.8598299999649226E-67 9.498414078864866E-66 1.2355895654396127E-64 7.444041744772075E-69 3.1459265219096593 4.060024846011062E-14 0.0 0.0 
0.19067755329898245 0.3516859855258594 0.9962981545749313 1.4772644787779097 0.04972895657041519 0.8391648453572835 0.062397450153518524 0.04427314138990106 0.0 0.04014986110696122 
0.7235940905147592 0.8599915103563109 0.2710387287152587 1.3566966681251085 0.056624768519505944 0.29145746363411595 0.07958788691821607 2.9209604330699066E-9 1.8179418977641008E-7 5.9557771086545146E-5 
0.08350964309528583 0.09873125055600043 0.22704768071286538 0.49479790448606376 0.009891272099819656 0.003236746024992895 0.024399147776307285 0.005018008076247256 0.23476809366996443 0.0011712718328799935 
0.12837174380912808 0.12653170327326993 0.5191625691571995 1.5058294787022701 0.020814753767376556 0.11666173090425137 0.03262589998160736 0.002690664110116806 0.12434503837478046 3.0061632289290343E-7 
0.03212298834262356 0.9297689890291597 0.10008554090452638 0.01175892912391589 0.03567647338479135 0.08206411711948625 0.051675589609996964 0.0018056931599228397 0.14547823876331514 0.04363415738877508 
0.29545027994819073 0.13331502140197604 0.08054780927488805 1.1767061013203797 0.05396743467398935 0.06634758603671036 0.04399233966645611 0.0026955128096678963 0.12649958570347195 0.04609604057685391 
0.2004786458774904 0.10508618351079874 0.0012431456423292468 0.6208097126124589 0.006912254530406521 0.034802556080551356 0.028319851140632978 9.571841000607892E-4 0.4737018367762608 0.049267796131457854 
0.07412908026809568 0.08238132660208682 0.05214439189091582 0.15502371741594062 0.01911684567618975 0.33946405259936335 0.022112656281896476 7.494225214942578E-4 0.2890619481776177 1.4005479041830488E-5 
0.4519836305610791 0.17330506745140012 0.9035826106372441 0.9009333382672013 0.0 0.7215330525894169 0.03845513685886971 1.5111923859818382E-9 0.16779316549793902 5.519907876891253E-9 
6.936947264177989E-131 1.3180632432858382E-129 0.0 8.521905997287667E-64 8.646455309194633E-66 5.80654347934022E-80 0.0 1.7963619080328495 0.0 0.0 
0.45267536612047393 0.21494169563243296 0.9216427590855774 0.9105135209282565 0.0 0.10985402868682725 0.02101282150190259 0.03438129195239897 0.18604416587258535 0.04025798370568244 
0.1705661287423357 0.14505338690894928 0.060722461504286625 0.16854484548525453 0.013380779610027463 0.24793985015109327 0.01813309033390648 0.04946771924846952 0.20430010142978358 0.048728460569037645 
0.2575295468349261 0.6733003874189503 1.3435015166393647 5.787513609684644E-5 5.353858434456112E-13 0.11792216827385706 0.042590413239965576 0.09365835153091852 0.028584261881632156 1.9688211726404678E-7 
0.6459355536708008 0.5385315935186225 0.3514942932911375 0.9928581968564257 0.04025511687516325 0.18526938387024505 0.041280541609272754 0.06606808034172984 2.0872194146715383E-6 0.07775589998028376 
0.09413402857821568 0.13565765251797202 0.06740278371446061 0.7212819421846162 0.014411517277527293 0.3278972317856043 0.015982160852314357 0.025943299739686183 0.15294244745284216 5.188899674427927E-13 
0.2692536272406582 0.31639482236379307 1.1744988016729012 5.291148042306752E-7 0.09619337459643389 0.22273424790414934 0.032511321357296015 0.06601943092186131 0.0 2.226980555437173E-4 
7.036523229964851E-66 0.5101621304058082 0.04719616817093189 0.2245244893591122 0.011950154643791054 0.032015282641351735 0.02446983875062982 0.024993287886183633 0.2200125589074653 4.3070340604500144E-9 
0.8504617408173061 0.7970704486310954 0.41833599440341857 0.058574911438423714 0.2086677875651669 0.15917959774839002 6.094177469573965E-15 0.10218704682507028 0.010896469324611927 0.10819583846965312 
0.07412407388782928 0.06222502110212325 1.0805047368203238 0.4704803456792439 0.01797963349985655 0.09984749461024255 0.03053584804096338 0.03391797068744066 0.15644470746701425 3.444089247930503E-5 
6.161209350865507E-131 8.915643146694245E-130 0.0 2.0467992896158086E-131 1.7215559891685193E-129 4.62329258046801E-145 0.0 4.440614025945897E-64 21.48590268352209 0.0 
0.08007923551217684 0.2787434748835429 0.056529450268821266 0.14028751769550477 0.05968974745406646 0.026308787273906852 0.01636117542388692 1.1887497097430392E-8 1.0601820328716702 0.04965695512707583 
0.033646170958425155 0.001745508860032062 0.22831347826035886 0.10263623726880153 0.011052196349408787 0.19114635404162986 0.009138484065658104 0.0036677782363210695 0.4082641126424448 0.0 
0.008633839618440817 0.5240255727048981 0.07630455187207676 0.28324189298336633 0.009719748633548164 0.047484211346274056 0.012884739211004113 6.463626943348401E-4 0.5376276179236156 0.040299938175521355 
0.1339467818080422 0.41395204532118424 0.0870756847505778 0.2675707215027096 0.0 0.3289068290423249 0.014039636370628317 0.005803265256028397 0.46556225932525824 1.346244667418811E-5 
0.06966641462612058 0.08485040508773216 0.03483333548891705 0.09773537702664442 0.01463225163500897 0.2988787805710726 0.011838622572070738 0.007821609427638994 0.3162906415195612 1.3845168113144892E-5 
0.21469180649057684 0.18427030298349933 0.14215714376007674 0.5493210093043438 0.04190446312504872 0.11068799837431492 9.880314365301447E-5 0.0016523083618371066 0.3808829145684365 1.1088409427919668E-5 
0.13467267709986935 0.16458588249196815 0.06511334475132871 0.11487383309548295 0.026083420801429908 0.026498754254584485 0.011697259658177282 9.192802597577797E-4 0.2618000780728424 1.1712059794335105E-5 
5.994965199410709E-66 0.2530974828414495 0.05791393917115463 0.19851070206045474 0.007764685057582041 0.14549971976746173 0.011929574388316771 0.01513034853109493 0.35830729936338834 5.189261708890677E-7 
0.1360713330099508 0.12153543217936985 0.4257682361055187 0.00895100819516674 0.009020626928480886 0.06624804988179 0.01117563352784101 0.006844784708052715 0.2363393237575954 0.0015432021695544892 
6.947865760981109E-68 5.090627498957048E-68 3.743136331036647E-65 3.4136484041043514E-72 4.641819345188046E-66 3.8201885085701784E-67 0.0 3.4105828584702713E-66 1.174479707059834E-65 7.114914672397196 
0.7788120407738623 0.13312446867863756 0.15748856488232382 0.015137414937797994 0.10972970284493162 0.2138765858760153 6.562776134182614E-10 0.0362797221097836 0.24574887320767932 0.22679533864602786 
0.47195812689602107 0.07431396424947703 0.6311807026914897 0.0 0.02620412154810772 0.1026197402666881 0.0 0.002146739634899905 0.4178188377809109 0.22758081863469223 
0.14654842888236547 0.10161784334473624 0.43642025451923117 0.7992234101666313 0.017606622874144905 0.2512570846491911 0.016320631916011515 0.019977038689352754 0.13754209104311513 0.07216355742716038 
0.13405665645359008 0.14232821872822182 0.05605679294766303 0.11677746666763397 0.03233257175365824 0.02593298689459691 0.013794003171164818 0.0018102626199435448 0.4187937391611672 0.06635984272080779 
0.11507485133638178 0.10860036278605108 0.4581576259006493 0.4168150640626763 0.0 0.04534056631409933 0.007150471878622803 0.013421237823050082 0.3729267314092467 0.057301307629238504 
0.1111486780532062 0.058847431090674564 6.860502250131581E-4 0.33183609114942253 0.003613305804123928 0.1795813752795237 0.02405665462998962 0.007469783749979402 0.5075776728674969 0.052046892615555194 
0.26366629107730283 0.20539392926160183 1.2406449895545693 0.9899178068204215 0.0 0.09697986211603693 0.01389894227765616 0.03150308867239199 0.17480850936983855 0.07954889241041495 
0.011333978532086245 0.4213210900733579 0.06566465987109936 0.2950307960149615 0.009400370195714118 0.04518836363846233 0.015852661707046 0.004568874392967647 0.3752280176083325 0.03600327821452595 
0.04241787892780392 0.061090085402746706 0.01761135007981482 0.16159609857743978 0.10670834561075224 0.568021169062555 1.195250481653844E-10 0.011752341868614102 0.4433685703748043 0.0735624646434713 
