1.000870362711446 6.578612573867812E-4 6.036151940707148E-4 8.551814293763212E-4 7.042077684517566E-4 7.630881174295582E-4 3.518010951444267E-4 6.147337752664706E-4 
0.6260554609741626 0.07505681960573532 0.6195216062175585 0.3734050981523895 0.06093902970945169 0.5819672234508029 0.031734107266918464 0.10593299175452212 
0.8573567253498662 0.0198365422099515 0.027589636489029543 0.003970692678091679 0.008335891802030832 0.5183931977719919 8.84094892046869E-4 0.0036413577641847177 
0.9449249689796557 0.006492322905771423 0.2579517748923122 0.0010527349299354796 0.0015185023334818857 0.0027358903320341362 0.21838146054580013 0.0013049940954961874 
0.7538517026100274 0.01625405668752094 0.018941133818276664 0.013040979739920475 0.48608037377119523 0.5042603752832606 0.0781047936786869 0.019828438016786118 
0.698365726179046 0.7170752193605614 4.51485128141786E-4 6.170118776746947E-4 0.0010453242602551213 6.970278561382334E-4 2.4999963728484663E-4 4.5067198727701685E-4 
0.9494869571982426 0.09043726823707147 0.06923896035945465 0.2565842738345949 0.1427033369608436 0.03724599866808403 0.5172895234557678 0.15268969911723523 
0.8243596377498039 5.321015037798061E-4 4.7848101703472915E-4 0.5683057244908621 6.759885825907672E-4 0.00647693422222671 3.747957788992142E-4 6.083279757531906E-4 
0.8126578147103131 0.0415646973239173 0.70213415559796 0.022263531107819857 0.012194226671415098 0.00909313593860281 0.025581845150045412 0.01790508224938995 
0.6465685452428843 0.12691640303811869 0.09412981072924112 0.08241614708556612 0.10408301388241457 0.27365034477365824 0.769304688107112 0.033955885669142774 
0.6707822632879554 0.006127168842670488 0.6554243676416662 0.02416914577764062 0.019657583226365103 0.015941933715445913 0.4338214837170876 0.020886664705974337 
0.6800946411786148 0.5845835785183401 0.016123978795187576 0.003793746636583469 0.004830197223436308 0.0029725821918203427 0.45327783491269336 0.0032401007895612025 
8.360188035185164E-4 1.0001867617054405 4.703719011972928E-4 9.38521625409888E-4 5.094686383135171E-4 6.112568996932099E-4 2.0374788523636801E-4 7.743166489607046E-4 
0.0010007411935600197 0.8936060452285428 0.009929436655527014 3.9989002463469063E-4 3.905836382623353E-4 3.6239954451465153E-4 0.44973492089381206 6.591440665082966E-4 
0.0016683624203345088 0.8237598184269397 0.010211799350005482 0.5684923533420397 0.0015358326056362469 0.0045157171036902515 8.889502742181005E-4 4.36675726911867E-4 
0.005585156510560879 0.7168258531099466 0.02459111244079767 6.893568034147234E-4 9.401153516782635E-4 0.6994840201942764 0.0010966490216473552 0.00155346181093373 
0.0031167728438845172 0.710865512442481 0.7055905695270649 0.0013568980458058425 0.0012806201474987032 0.0010777506138341271 0.0029398639321092388 0.0012966782499144137 
0.2667516004419778 0.8794072005936187 0.5005596999339074 0.4831340229988196 0.13903376685264643 0.3826966977285148 0.17085004656889918 0.06596763212070646 
9.678089159835861E-4 0.6506020954323339 0.6407007498237596 0.0010220959019313833 7.415695334925936E-4 7.196410549916054E-4 0.4089118039507082 0.0010008078619356512 
0.06807303395827977 0.8086829774043314 0.3543912324271703 0.4775151040834906 0.09337661581026914 0.13003969758755873 0.5801337416759783 0.0308446303304129 
0.0014750328824285788 0.6779116631166078 1.6402814612920895E-4 0.0015333503802777491 0.6909990200771021 8.311810902542297E-4 0.25434381138402185 8.049740548922981E-4 
0.008857422015345316 0.6036228586309403 0.667247119117139 3.047183194468791E-4 0.0027860754811965837 0.002704645873952461 0.44208460226312096 0.0023637236007309275 
7.819511927228052E-4 0.6012174666443046 0.009080117289902124 7.71819055410345E-4 0.6266190392665454 0.49866266971398326 0.001169829393836036 3.48445152332004E-4 
0.0021279253964011174 0.6210386482114625 2.23291717159203E-4 0.4766836293797679 0.001343655319897285 0.43796690694502566 0.4443902882027864 4.573724732048156E-4 
0.0011332164423838195 5.429587329430931E-4 1.0007261431763799 7.061964386774084E-4 9.165032538274828E-4 9.488176647224849E-4 5.330926115595141E-4 7.199754456168783E-4 
0.08213287898002218 0.4490402001945392 0.7298799293794042 0.14314150072783924 0.12751305299704724 0.550323234470826 0.47175312087829907 0.11691836973346077 
0.0015930292744993982 0.4538911103660389 0.8915142763080963 0.0010943883307094236 8.996713616002622E-4 8.349561502552839E-4 3.2634989615309447E-4 4.589673609391396E-4 
0.01713871632405503 0.01403265056543406 0.870642947493459 0.004265339362248355 0.003141018827171394 0.500876302779488 0.005965064737288085 0.0041555162543351265 
0.005210249288938008 0.006848788505542472 0.9232635658250644 0.026237913007715993 0.008806318751978397 0.005965566820838753 0.39894266701058334 0.0048010690099779575 
0.002089066865120637 5.476930672396728E-4 0.7896415153030271 0.0011497494455931872 2.802024374768174E-4 0.4519691242502367 0.41888091939017663 9.890322203085105E-4 
0.4826301901455667 0.4139401990497348 0.7717730945254926 8.134209990361621E-4 0.001066406242178492 0.056807772539203015 0.0010156496667972409 9.128258517627137E-4 
0.004935766763142714 0.41465345915836327 0.7719775909678387 0.005683306715440113 0.00799226387793117 0.4904202176807752 0.009528432044999785 0.0027878936085971324 
0.1524709663966538 0.1575030172211461 0.7023982053021887 0.0027739678807801272 0.45745460689494766 0.5017978488977822 5.064113914619006E-4 5.534912953508549E-4 
0.005147981245860272 0.002070735655484495 0.7952714572952198 0.6136025684528587 0.005341282925008393 0.0024361112386550817 0.004220705119877043 0.0071383226912355565 
0.4986821573348145 0.3423766254261684 0.6653930342433804 5.03427269278647E-4 0.00104747685931612 0.001014328505336852 0.44147451459000675 0.0010662872295621884 
0.05478005635270565 0.07551045049022523 0.7570962173659613 0.5861277559370218 0.04886531932909439 0.06117498859972434 0.4428383546913578 0.045093135571321386 
6.08565260821128E-4 2.3088439673144316E-4 5.245213926455206E-4 1.0006278165475475 4.8445754018556873E-4 7.750457234231662E-4 4.29193392002457E-4 7.060419340306886E-4 
0.4980470481223794 0.5342969284556845 0.029423505539880754 0.56245926128857 0.033628181861533074 0.5553002956672398 0.055101294953412754 0.019970568687347028 
8.918040196905966E-4 1.2172045939197741E-4 3.412557787853942E-4 0.7048303809952207 0.711448479662726 7.135597115056129E-4 6.441828732168661E-4 8.804093941810955E-4 
0.5386132356557731 0.5859886582992783 0.028656037930311976 0.611887402062286 0.0010643303155033505 0.005179736261165135 0.002730608198377374 0.0021372210403305192 
0.008697797450735775 7.01770914434616E-4 0.012859645017680225 0.8989702415510579 0.004036801618054506 0.006211916302796035 0.4454008789877445 0.003944897623932671 
0.001178145451386937 2.5773933215824936E-4 3.079742580795043E-4 0.6354238328291792 0.6414088030353636 9.561835375937587E-4 0.43375877068565466 7.624763399883346E-4 
0.548501430556488 0.006946218171807483 0.527149628426741 0.5646256063534132 0.020279955338499068 0.028467330975119557 0.44750387790094204 0.0318781008467777 
7.708503247515796E-4 0.508994150178519 0.5015058247498821 0.5697800460643468 6.801950726617315E-4 0.0011354829363071654 0.4088521168403674 9.3347799565042E-4 
0.001351652867439733 0.48358636247282255 0.4757193675324367 0.5275947710524782 7.078130591191618E-4 0.5217470367957996 7.145611232831892E-4 0.001788018872994851 
0.01649255195186496 0.007763342624795757 0.6321745932843807 0.49373913945306785 0.00530351210458576 0.48111609036036646 0.4419920746221336 0.009778473787288274 
0.3902523314636255 0.42561110885418707 0.0204130715298328 0.45397284312328945 0.0010592046885182576 0.005420206469726854 0.6857776223676301 0.002474330987480019 
0.008723178610114603 0.0341088405639832 0.5923619518686971 0.444254955087988 0.028605587514216227 0.012479640391913927 0.7092167087257573 0.029283694624410238 
9.234760326776747E-4 5.842339002190744E-4 5.254027641057037E-4 7.815611840957202E-4 1.0012565065235115 9.149545371548601E-4 6.476887886316207E-4 5.33581731516105E-4 
5.218793701560328E-4 5.266288808967128E-4 3.136065571413371E-4 8.001347658280531E-4 0.8662133239958475 0.5020958071701543 8.223317863007283E-4 5.941490438244411E-4 
0.0012543883447082207 6.840607810807041E-4 5.672841571486293E-4 6.327466825144559E-4 0.9368328293751966 6.558107337958258E-4 0.3521678428053337 0.0010513558421740613 
0.6890490363537292 0.0011138993765345234 0.032153137080862315 0.0011606546957254693 0.7264126365177199 9.912524146095585E-4 3.562849473122175E-4 4.891853689881718E-4 
0.3848627452378046 0.013761275454135562 0.5762284235305796 0.019968572795530125 0.7356801528816184 0.017559047943797135 0.005239485264675647 0.018788697589643806 
0.00121663467539897 0.34084774367517184 0.6193446346049473 6.822942949708485E-4 0.7083266724209322 0.0010087203952861366 0.003151987272300351 8.43375600720831E-4 
0.05896810189707221 0.17598720579158414 0.14931666783545086 0.07718489320656303 0.761123790977439 0.795402334114541 0.03417720099868471 0.13543885151469479 
0.4472013243865292 0.4871358638734239 1.9089714554407927E-4 0.001063683723383692 0.7073276024479309 0.009605359045536685 0.25690931612801327 0.0010990797049011626 
0.5520208632460418 0.02669441696365113 0.3291442323632889 0.012405706124780237 0.7063924588829603 0.016496308272487267 0.4393252908014419 0.125913871614748 
0.017566217053877668 0.27937655871863726 0.4918143086600202 0.4284924983101362 0.718333398669197 0.005954747379759467 0.0055860128720452325 0.004885226972003916 
0.004193289799577941 0.31064613526741747 0.5658593328689787 7.45629868932929E-4 0.6795772777530898 2.725348698524184E-4 0.3548687748634466 0.0013031521303668778 
0.37197275559926213 0.0854421564622653 0.023661877654574913 0.6118732059371855 0.7338791185145946 0.007414327714506588 0.02746122904317273 0.018683215458251804 
6.573744558920965E-4 2.766647419830089E-4 5.110058738913516E-4 6.259642043901418E-4 3.9547757227289003E-4 1.001050025333909 5.461378391981118E-4 4.7979208149172655E-4 
0.4845913261783498 0.4974884784652429 4.256812421381735E-4 8.512404069886578E-4 8.334113022324272E-4 0.7209370870619778 0.01596357225821583 5.794973135310045E-4 
7.07131622009106E-4 0.002989473504430948 0.49354095292229033 0.0028848723168406836 0.516314123742293 0.7059600823968493 0.004191457725178694 0.0028641962038253995 
0.013577986714650332 0.49551191833126373 0.015851991915637898 0.0012526652673055564 0.48638925850136366 0.722127976170607 0.003177902495748846 0.0029811926904629795 
0.43509026011564556 0.439388920818151 0.019240599733664546 0.0014085141918274225 0.6057463229067155 0.5057657774701093 0.0019888750123222393 0.0032597138856619687 
0.004320483963665164 0.00273598956198453 0.4811233255987911 0.3691615278624642 0.6282911901812203 0.502541896948306 0.0037570343509242625 0.0018422581001127842 
0.3249304150586963 0.001568115176048253 0.5882968666444733 0.0011066171236243387 0.4164054244979932 0.4520026669354486 0.4187772267903281 0.001019754347692334 
0.5861320355265581 0.5039192043861778 0.02636635548128324 0.027217183248740152 0.004860431314273159 0.4455095710361548 0.46115518367960323 0.0035742532390555014 
0.0387974628095997 0.2989568859735445 0.4383497325472621 0.012350819170794789 0.2988291696592004 0.37916658491903377 0.7434225852661775 0.024325518698087925 
0.5106280501818414 0.0678778666202318 0.06099674104173394 0.03988558529096948 0.5465954110515606 0.4549191452153931 0.6579626314633514 0.043115257087991216 
0.004544640954171199 0.010742834621586289 0.5284896573215582 0.004484630476198197 0.0091376108330534 0.3026450649629287 0.805485912924599 0.012574024672074682 
0.00162954510741652 0.5220377766028651 0.0012552867153422399 0.002188372052009169 5.565024637230375E-4 0.3002534584206331 0.7998276184832761 0.0011430759100397047 
9.655065353099639E-4 4.2842546334874974E-4 3.919658000544715E-4 4.301744240192412E-4 5.313719606733656E-4 6.449235099813002E-4 1.0009397983748825 2.6718398344555274E-4 
0.0400647112901504 0.4806325953118109 0.45182092410715763 0.49777247751422005 0.7385248634848508 0.08765854835034227 0.3377352456243209 0.11262665091596137 
0.3774430537650594 0.0334963579676081 0.04241994186427603 0.045551348402116935 0.357320624360605 0.05934210465839577 0.9384793124949256 0.08400415248137945 
0.600948854985561 0.0012229473623325334 7.910408722115849E-4 0.006008076618327876 8.87297891263789E-4 0.006177688366514171 0.8028833208881482 0.0028558074279293514 
0.6019942379601377 0.015738866283281326 0.34487492667840347 0.03339422926616189 0.06556242083008232 0.03072534455766071 0.7890024455514951 0.012926309965071301 
0.4778105411565636 0.0010784487992053103 5.39945142454545E-4 0.37020950630534727 8.88025015253017E-4 0.006132143939861709 0.8032143902934269 0.0030725694273055627 
0.0015045487338344564 0.29044159886089416 0.44878640040659556 8.733415173213019E-4 0.30003560133519047 0.001036642055593065 0.7926474882669329 0.0019040775639284704 
0.48019699798960824 0.058146823134634866 0.06307897877286285 0.11785498086897218 0.5229748294895405 0.27596625023487065 0.7803636469862062 0.0494016851624281 
0.0012542204207416936 4.207272111244965E-4 4.5935493497297934E-4 2.684038493537043E-4 0.6561920870631338 8.100508065355515E-4 0.7562536342253828 5.393060306706969E-4 
0.004021829893653474 0.5244909632356152 6.666989369267154E-4 0.3976071049628647 0.0013289442406019998 0.0031702172396062423 0.7584921130689917 0.0010080063807550801 
0.5462403137084745 0.036531054497431395 0.5399570244776202 0.038897714047862145 0.3323720538793737 0.04810303496674767 0.6262582157123383 0.08318846530101824 
0.35362007198311535 0.4162684526876997 0.0052554661476361475 0.40951676958199845 0.6809575900904866 0.039809177933198665 0.4879064832305683 0.04518201105329608 
0.2768251545298779 0.9294800862582049 0.4999559841160255 0.5171401777633199 0.2207666078352033 0.3510756054965581 0.14449691082004057 0.2254323468073204 
0.22487700562142268 0.020240306895103387 0.625712541303286 0.025814848256816316 0.02933033595497835 0.04423915364418433 0.8090045916994076 0.15544010637937156 
0.3290856606745388 0.04174164332066611 0.17759044515964328 0.03631301672925569 0.36742705482673654 0.07774524649980634 0.9382521744084853 0.15602717977109093 
