28.188923358416165 5.69009651993957E-4 0.004952393764260514 4.4308412278765526E-4 0.014898031067862097 0.01475039540100054 0.013461958430651474 0.0030713130216941825 0.022353174819246792 0.004077791821106757 
0.03812830496315095 0.009302967461839553 0.014384009104594786 0.018465294572269815 0.036427959381362444 0.00505981967745468 0.02645713138086581 0.010557320246118069 0.021147918965426043 0.002082411780421958 
0.654241650510955 0.029684377919859884 0.0040691277585663075 0.27156807402624866 0.024230165216178004 0.0051284444113610566 0.008002077144826546 0.030784761460696655 0.020600384218660235 0.041452094282754356 
0.03813752324873307 0.004891543303781041 2.208999241929599E-4 0.009049788595482429 0.029945314763303123 0.023666508596453313 0.009871065385062558 0.006064382307108925 0.037489239307631844 0.0021577098804145827 
28.01800933421441 0.006969962253854519 0.008159204193725685 0.00890850668421332 0.008072199373518048 0.0064468859345183805 0.013357801783349636 22.303513972352068 0.025738281403661245 0.004743106026955399 
0.07592047489380328 0.020723022663966487 0.09978506611377677 7.741712871966973E-4 0.022724522764636608 0.007289270248022506 0.03943658815840607 0.0018299660725405783 0.02168268563624891 0.09737451557889583 
0.04546214343648795 9.147317619564776E-4 0.04188291735111603 0.0022785488512095625 0.026363405866614602 0.029086716973869987 0.019362299528856868 0.0024229188813217435 0.05702276128084022 0.0631591228398319 
0.03331265431707318 0.0056130201907730985 0.007588790809352956 0.009019299574165982 0.06347803306967804 0.020203917138768932 0.009228853006791927 0.010566644493521855 0.02114791895610823 0.0018004333186438291 
0.03413221365399946 0.019172877777323807 0.002399827957296396 0.002106867247011402 0.016779762200901244 0.018568171786733496 0.017742504670652432 0.030785708613653814 0.020600384218660235 0.040713336502973076 
0.07703165967588058 0.0045862855868138335 0.0019566705467109597 0.008615003750291172 0.01584798052952818 0.014308208820571286 0.016726581867799722 0.01141526476657177 0.017353518888506215 0.24820578566932172 
0.0024802695405633296 29.324765187165667 0.0012738605599705124 0.0023739006840760176 0.019726557581960014 0.008921396998657368 0.006953330208905848 0.007352903241430918 0.015716472053052672 0.00475598790908206 
0.0012654524938372504 1.7679565187893942 0.018288567345603364 0.02512905823006485 0.016445267041424662 0.10552195199322088 0.021562811083211342 0.9922380639725336 0.03158350005912056 0.007239477163118188 
0.015107595863429621 0.049482428331866744 0.012877557586619008 0.015278927892527258 0.006621822446643938 0.00696019561601109 0.016908844002413728 0.0014868470240763897 0.06980584958991759 0.0022074343628217777 
0.005253473562683415 0.08933623624349186 0.01898809287314831 0.014132450123244341 0.020653039701076348 0.006860735754291848 0.13985287890132558 0.0031994602584048343 0.03167291495345737 0.0017859679037895877 
0.0012745041691407907 0.1418762484670962 0.20300960528419154 5.862377283421115E-4 0.18892189048945346 0.005373517773232791 0.008163133554142511 0.012816436726779111 0.08911989886108043 0.008056569014989875 
0.03093130277124859 0.030106488670568886 0.001105728949414878 0.002277441523773138 0.020962895494599423 0.01124726370534112 0.013036663023638463 0.010366653909932674 0.023257814924844515 0.0014984750509751531 
0.0017069870296115214 0.06299661387846776 0.014396758133910085 0.030030481979879967 0.016192355732844197 0.08821479375648517 0.008032685115344452 0.005382531209132671 0.05854279906304864 0.0019537848483564438 
0.002926836937370977 0.07466322263036372 0.005715533571184529 0.0021215540505869174 0.03784959935037034 0.02255298734669563 0.015075875105097501 0.0011971430213194502 0.02965919872831768 0.18999695599943836 
0.015037299337799294 0.03892509151954987 0.0017891415433009196 0.012154164161989854 0.016834237191126 0.018595463451055883 0.016986309290141 0.030784556035951052 0.020496168677707628 0.04048470704434779 
0.0017102532735694797 0.09327848621716393 0.017521082448898394 0.012819034903274965 0.019560675059665453 0.011929106768858447 0.13878475292320616 0.0768534943880059 0.03167458877941219 0.0017860247482313033 
0.009666004362968866 0.003996579281408312 46.12957320854181 0.004238685471148226 0.01504837918444353 0.00989364331656221 0.008667902385919104 0.0027243631920036812 0.0213280275993354 0.0036369173432365147 
0.012472070577094322 0.008743272203955899 0.052254404529815 0.012161083533737349 0.02449718716358413 0.008103560567880558 0.015708307348851286 0.010752647477963003 0.016202546533856256 0.057000326945638655 
0.041593677444599256 0.008988885584149233 0.3445601098237701 0.00832403015525812 0.020673628566856672 0.0074713179136063216 0.022261483848511714 0.006750510524166319 0.2718969337101949 0.1528367378680663 
0.004601987610189961 0.004422064149842444 0.16335441186133398 0.004812881981290754 0.020237843700874773 0.001913929495697358 0.018170598183143438 0.07155900656138096 0.043364969807546325 0.00154790841638819 
0.004529288603789004 0.005610363942778815 0.0455824332635396 0.00192814588763866 0.01917826310934055 0.012582067905966336 0.02077626542860405 0.010367190290326438 0.021305467332028965 0.0018237024349255857 
0.0012710720375776101 0.1418773318270451 0.2991737626602092 5.942587500999577E-4 0.2563178585349345 0.006625870151629844 0.010422735643370673 0.0018151183094596724 0.08908124963425383 0.006474332388442654 
0.001334906943873826 2.543063182767E-4 0.19831694456315435 6.620418183668243E-4 0.24390715743603264 0.006865383736429901 0.010603564113465695 0.0162932739191323 0.0419728824789078 0.00703749011107529 
0.09724282973126633 0.00570456021370263 0.23871582400630884 0.007141735518848757 0.25692673431012547 0.020026125031936053 0.020433977888522803 0.008527923141936608 0.0425657881302562 0.00455482255815421 
0.019688416591040543 0.0285506159897679 0.13824208951488876 0.02895369756237923 0.1258705205795887 0.002726182896187179 0.003916419604303414 0.01887153303771262 0.043397369883478455 0.0015609884167703395 
0.009662253492436696 0.008817690010784031 0.04333310116188544 0.006796331440768939 0.00656520134491927 0.039683193828516546 0.02508476981375371 0.0033913712235500923 0.015936609230389788 0.0017120621833912482 
0.006724628613534322 0.006726139733345352 0.009276774052232664 25.628975898813103 0.016695681321342998 0.013135757708867253 0.01237662022281241 0.006526699146038669 0.025083911956218657 0.0011708490937789528 
0.019073319096715124 0.002921348395127836 0.021412675818191593 0.03285784544638094 0.021822243666968857 0.00932039509458337 0.014050170451789962 0.010370286813829184 0.02475055584740087 0.00129560257590231 
0.004892190300678183 0.004881228902971031 0.17046876441721656 0.23263334843514344 0.022948205440933112 0.0021645490444555265 0.02082134241709343 0.006317008673087033 0.04579836980621158 0.0015486097580796976 
0.013199294987597702 0.5860061659304702 0.0015903607731678148 0.8286232136191468 0.012060136288607087 0.03053325124519286 0.2041570027983051 0.017504621670077495 0.027780732155677532 0.007882181546598388 
0.006301293732194995 0.021797252397564033 0.05776404722849555 0.080211752160652 0.024880688649654977 0.05830853111502234 0.014741591710186769 0.011518632836187526 0.020848253067928726 0.006605143107796687 
0.01894386258467091 0.016364857435105448 0.005786661190755422 0.048957030780358284 0.01524728301672033 0.013747108128806576 0.04085791792843666 0.011223265194542718 0.0253559699032385 0.00329053488241972 
0.006793098565838798 0.00782055453131928 0.21931796192180764 0.17249456830598586 0.039437774454378474 0.0034128286308622146 0.0011867565223378552 0.05707116273117124 0.04339719526789432 0.00154790841638819 
0.009376538792514518 0.007645665136390249 0.0017425502780521183 0.2986556399733397 0.07725478342504845 0.244476630926426 0.02482458735123912 0.15323138727993144 0.03799101896129168 0.1903185715306181 
0.005636748288477787 0.006573318148498489 0.0018204555336927672 0.07086376730831172 0.014470817150011524 0.015685867187399602 0.03759295025636836 0.023801914493147697 0.021288162965812058 0.11978293286779851 
0.0023682608819754146 0.0010517319195143906 0.008219466899463325 0.004613690660663272 48.68493298488216 0.012414070465524365 0.0014755698174035525 0.002566254378058037 0.011115574609635095 0.0022531020128947264 
0.04418070809636958 0.004471918222061805 0.03189352756526577 0.015298009569245515 0.26230679548697344 0.018721027208144107 0.11760963791432798 0.006775754752896441 0.022385684143610893 0.08553747268865643 
0.0019132751808326647 0.033171887331386825 0.10615145377002086 6.43933265997894E-4 0.2821438287532917 0.00783348743537717 0.021628271871422078 0.011313149105861932 0.016274389962714696 0.0062697563415330575 
0.004167714688767116 3.382482930369973E-4 0.003092916798164881 0.003172696130046324 0.13189256928121462 0.03956750759455971 0.02607019295023539 0.0022107761564997847 0.018081144061333862 0.0030979897858494643 
0.008175092809085988 0.016813490210189463 0.0011147429348866034 0.003786021061330678 0.0945046477027383 0.00499863537572204 0.005418688955513832 0.009853552756568407 0.042805655123270614 9.690212062433087E-4 
0.0016197897592032406 5.800480582804184E-4 0.0540477927820424 0.002240507892646348 0.12678936355888126 0.0024363368917168383 0.0246257836557198 0.004504910564628397 0.06984631540449367 0.0019468605936908104 
0.006648355952462165 0.00704947443827186 0.03909126903957074 0.008251609268446357 1.1460415760506466 0.03704494383937339 0.02444526026912541 0.003425532249308047 1.0616531180329516 0.0014835087183126233 
0.002049684352837714 0.0024504342213204156 0.0027152660678677245 0.002069639877262234 0.09427184983226686 0.028233484579861717 0.01852638590211709 0.029659107850696382 0.01806753890958881 0.003089552743883138 
0.006421084041199777 2.8008289250286856E-4 0.19831851260916722 6.644968492410788E-4 0.2561596192465218 0.007209856485150606 0.008358568225087615 0.01613337642444521 0.03922230118789987 0.006264938918775253 
0.002122888931629187 0.043114069621645865 0.024134030649070024 5.309512874345304 11.96835102453918 0.02290071526629637 0.047460417009272116 0.0028447977734564157 0.033811628587942816 0.002356445710345129 
0.0028469993865910693 0.005198850663854339 0.0033585507769365638 0.004855604230865475 0.015458901056625465 36.340544913747166 0.011734110274384636 0.0043618619089554585 0.01568310781476304 0.0022516372725042166 
0.005482858659549471 0.0074029468134732025 0.014284177340293374 0.008790591344147159 0.01702148685543481 0.025898047766061534 0.014320178922837686 0.025621519926271038 0.0338745219096944 0.00133146848329169 
0.15471525248814605 3.34800010644224E-4 0.00530143725256068 0.002587679343723829 0.017559568461333663 0.3012034596630525 0.012327221542061272 0.010795077843979534 0.017304562232824283 0.2483230284150612 
0.009208347050010791 6.974164665083465E-4 0.021435323646503662 0.020502743042131493 0.02721057075382287 0.04571065563193854 0.010950910952191147 0.0018810959026674162 0.020867031246001335 0.0014836246410636158 
0.005960170160731313 0.006381590755869365 0.004537204148753003 0.016790609155066482 0.07882802657152099 0.08738741488848903 0.021347049339208866 8.368199288774366E-4 0.03800794511306149 0.19029508770803383 
0.03501345728067326 0.011967710128712571 0.10735157958617764 0.019923640218103993 0.17433195026717593 0.11940275461973177 0.11190337664282698 0.006551993809479314 0.02204667472129713 0.001394707027115334 
0.008182051366744231 0.006643061119828544 0.004368704132337727 0.011850633479646119 0.009627038011780605 0.029337425392819243 0.009063975772534939 0.005011228728739472 0.07079647306841126 0.0014904777784775756 
0.008297309597687704 0.008170730303669783 0.09804123413354374 0.02697319029883292 0.03946798618761935 0.08597704614948798 0.021305765926991845 9.355085673063791E-4 0.044024051279424714 0.23278613338004406 
0.007836632595191592 0.006904506906920864 0.0016547452948254262 0.28704723021277245 0.06320186645276664 0.24312981575275436 0.022603794993910624 0.16113685409982845 0.03700137964324043 0.1903185715306181 
0.0017805910429908854 0.0020427434137774685 0.02789236593128882 0.002163400465076728 0.0921314636840319 0.03935347550428532 0.01918776072636143 0.02967399976071427 0.01806753890958881 0.0032062363288669505 
4.429954632578499E-4 0.0024275421702897922 0.0015031388795167149 0.0013075843074290103 0.003952613886466255 0.001961504755795251 45.379806382639835 0.0029671202451683996 0.011551218958761784 0.004642500307519385 
0.009418734996329722 0.00805491311084137 0.02146896613314496 0.008281601157495147 0.022269630240535684 0.00783348743537717 0.021633817087324734 0.011313149105861932 0.016274389962714696 0.0062697563415330575 
0.0025425549099132453 0.003652356702091192 0.014029419961312885 0.022462098336609473 0.01430797327242496 0.006020063667724753 0.06995001449676669 0.02741960432788404 0.06974099737834565 0.0015586152096377448 
0.0021942192981871667 0.0012617426214147683 0.010817201777278544 0.01710542058020064 0.012530275961856128 0.025906894922276887 0.12276818794069312 0.0050722548086971865 0.24062100894249489 0.0017978486504191945 
0.0012339354196771977 0.010845055895249213 4.7314378309890146E-4 0.001900645752163201 0.09298932257694634 0.01607120181970634 0.10794340716273708 0.005075872892513666 0.24425729980349847 0.15362051564235388 
0.00278130563958407 0.0036444239186948805 0.0021246447288103157 5.452350522616306E-4 1.1429066787428581 0.002610916448150028 0.48523603615570293 0.00299712836920206 1.056430445327564 0.0014835087183126233 
0.022646265085901805 0.020234387399740494 0.04529717203498852 0.047942535868390104 0.015141106798966924 0.013327854790953091 0.04085831265159982 0.01122326519475816 0.021232976855648122 0.0035146617464643947 
0.005277596159607257 0.005764276946016738 0.003288872946479831 0.11510990307858487 0.06697148103720164 0.08641201787800669 0.12334028739658025 8.378661737572721E-4 0.06538038995396175 0.20711661564853276 
0.004931370820843904 0.005418188390727368 0.20120489701637823 0.11427164149669383 0.05982743712818797 0.08857291108360762 0.11554841222195394 0.015656568627989233 0.04621278664451077 0.1926932602021782 
0.013520973076616942 0.012264934766208104 6.814351011177418E-4 0.011585929496981756 0.01479538621046753 0.008258138782568302 0.015956071735367918 0.00799344351308296 0.0705434814346383 0.0016813954616912746 
0.00431535443239418 0.005968088580888343 0.007984603148534187 0.008028615004770716 0.01103944868102617 0.006457472233921269 0.013436884631745014 22.303513972352068 0.025738281403661245 0.004743106026955399 
0.0019264431405885988 0.08941300386612742 0.01729802252534792 0.036390585681878605 0.018915905391233823 0.07823636186506772 0.008534451815419269 0.15983821175394042 0.06450740153712975 0.0021812223143382087 
0.014845478155122006 0.0020179743785878504 0.002685717599950771 0.00293065936626008 0.28098916585004363 0.008012769823313396 0.01856219405559411 0.2631821871101066 0.01971551567209471 0.2395151298585857 
0.006416643042790759 0.007176542683554299 0.025204722371265195 0.013669070423061922 0.030456199435454922 0.00751950467557585 0.009063050712574787 0.027581656323299668 0.02084598623480292 0.001519251516536023 
0.0029232056047064966 0.0028289658343718105 0.08507750167753421 0.04484720341391123 0.011715304274350512 0.027386603045566383 0.0309382150395074 0.06635248977056428 0.021380197363843976 0.0035146617464643947 
0.006416643038641988 0.0071765426831507245 0.025204722374447226 0.013669070422617214 0.02857406833056048 0.007523047802457683 0.008886852689142535 0.027581656321850525 0.020845986233726743 0.048104244097192335 
0.025549670707301592 0.021605174119429173 0.002491373894166012 0.002092256891399977 0.010988675712492343 0.01867855265401866 0.018054662589816545 0.030785708613653814 0.020600384218660235 0.04062196241911092 
0.005154830865809401 0.0073211889472424175 0.0019636558575758926 0.025847868166396153 0.01500877451726921 0.01645810794668092 0.029143650239906966 0.03282681517786832 0.02060722300804979 0.040713336502973076 
0.002172195912083292 0.0056547299220392295 0.026886817129107454 0.0018031211961082039 0.028353221054552343 0.01444756512479654 0.006678751236962002 0.02267358341872859 0.05680081116791338 0.0013106292432738783 
0.015482831776420666 0.0014297924155101049 0.010063772125494266 0.008257206317079158 0.029093088677475135 0.01572749767843579 0.009863464906468214 0.022419785437903857 0.057445128973179056 0.00413037829659897 
4.238602726013859E-4 2.4342407988219296E-4 0.001063869852007179 3.5616838295835174E-4 0.002526549822265364 4.043784359179831E-4 0.0012694343774667036 8.802508828563264E-4 60.403719894846255 5.320171224757338E-4 
0.0188618130555468 0.015004998941648915 0.12788147392770377 0.011942260205907782 0.126456923668972 0.03304148382279956 0.0022061309183286928 0.0691681976651262 0.48223220742018 0.001339452647461121 
0.0430062589973761 0.009151168989327416 0.005239672689796175 0.007940037811789024 0.020673628566856672 0.007299201006123407 0.022261483848511714 0.006750510524166319 0.2714590507150248 0.15283674096203942 
0.007053477566140069 0.00973248172430728 0.012013587785508727 0.007931774732225881 0.017765569079122443 0.005743705197078701 0.009431411490278327 0.014315384080284058 0.05839344216279104 0.03935266627612018 
0.0015625879664269411 0.028622606581499014 5.458025823419575E-4 0.008527784882877663 0.020925762344233535 0.014318468093482264 0.0140356035716282 0.022598639550039115 0.05692225358896105 0.001942403904889348 
0.006499631329290641 0.012369076213508922 0.02290285106547456 0.008600705522929752 0.028286668912851483 0.005102702276265012 0.005435219635833298 0.009850748962422759 0.042805655123270614 0.004484042758849166 
0.019400785586861233 0.004349730957451461 0.018369347790305884 0.033495366810960235 0.018712521954819455 0.006721833359582046 0.008279399239693452 0.005291653805054801 0.06060098320851973 0.06330818558320545 
0.012907488285009542 0.011090268359364793 0.007260709479644499 0.01701607776956555 0.046315058173147336 0.014040925157418449 0.01466391193159801 0.006887183357670925 0.02266933923615897 0.04060751502532123 
0.0018981690954658903 0.0017002145575131542 0.002358216008074665 0.002069639877262234 0.09410895997372613 0.028233484579861717 0.01844405427375349 0.029702554585134596 0.016869398146754516 0.04184134616642159 
0.003279725820431269 0.0015062004316699004 0.009401802627419242 5.840012261149732 12.11886234635152 0.009164481120730126 0.011074971841848318 0.0023152233128947517 0.02230893525564187 0.007475078984379902 
0.012299017193374675 0.00900803951009475 0.015541905023385972 0.011944679062654905 0.016142557718682265 0.011473635867180337 0.010744696689628479 0.009572822010336277 0.024467616092764252 57.83595354920338 
0.015339726074081399 0.012177396562347328 0.01695370206600065 0.011540340896686083 0.024459096100313507 0.008198601070359796 0.013003474944889742 0.010549617138409541 0.01674214073684442 0.05582494134525137 
0.055163840980119075 0.01850317679074267 0.01697537533465725 0.0033580331368632445 0.01513955050086098 0.0076685810884787094 0.01767640877366472 0.003090450008825748 0.026738675113957354 0.239284376531796 
0.01148544385913953 0.010619827286385376 0.006368122507084994 0.0155433379510059 0.013959273617404355 0.033236804178120916 0.011264163852934165 0.006380448080017833 0.024092000071595492 0.15363471176725352 
0.005887360571312305 0.0027754474815982573 1.8966936864431128 0.011960997531253108 0.01935049472863796 0.010003168338725062 0.013136637230142936 0.01578357781500406 0.04925767048821739 3.984363356703496 
0.029505572973909527 0.02905898129543445 0.0012784289875158116 0.007928717715744365 0.020946058701949717 0.006875125042449721 0.021966968119742213 0.006595119548858561 0.10787740164703366 0.15283888222815697 
0.0023073536709490405 0.0033459138108431824 0.0361757116372841 0.0037692553381421913 0.014315888652487157 0.028550100733002456 0.019003780871935688 0.07340455690752934 0.023340250787085022 0.21535572211401824 
0.0026414742379781237 0.0038104109628909833 0.0491159509230215 0.004299757196703384 0.018972324551915144 0.009871850685378335 0.018987534654304614 0.07361608783858603 0.1779505622380323 0.21586456699936443 
0.013911207440066506 0.01190215445002554 5.870713297037634E-4 0.001188466889072049 0.1407151257562217 0.013030324305886586 1.3382900218011122 0.0064503406477180066 0.0207906492488622 1.197743445889698 
0.002120420611029743 0.0033320850192602187 0.0015323995511459577 0.002234862338764756 0.1501527319860438 0.02470886285949925 0.02188218885167085 9.35660686768126E-4 0.03870013561767113 0.23251107577910804 
