0.3867298518460547 0.06499276996939597 0.2651945949900636 0.071630616041757 0.04929988681787738 0.24676836791734108 0.11558245312890252 0.5046071409766408 0.25589786275566834 0.8286831056073667 
0.34005051022732197 0.14186408243783916 0.30086699339940504 0.06888152565909593 0.049806896249545964 0.21701156146223707 0.11601511872470047 0.5186714384337122 0.26844913876424104 0.8215798174027413 
0.2920705784866126 0.021027559284209685 0.24679562137780583 0.08406617798918618 0.043304294567757154 0.2020896407022019 0.1310872263481264 0.452638395236676 0.33167990662372954 0.8671923700006281 
0.3130693844178846 0.1244088399527202 0.31451190460196343 0.0721033756055863 0.06691021504118369 0.20325467735689423 0.13882345713198202 0.4656179080953388 0.3472759352074721 0.8566581750464052 
0.2936198352107701 0.11652123188028768 0.2877921171211376 0.10144103121501832 0.07944467922046378 0.28233473973014683 0.1538330444219179 0.4577671126481102 0.28980739454568 0.8304691789355158 
0.3066976270336533 0.06374726617988809 0.2687291533426817 0.15763680279143044 0.13944274983535682 0.18077822758030576 0.12027524640696657 0.4376326379383907 0.373023424122436 0.9257231831007361 
0.27562296347498827 0.043150313501070583 0.2340785798575258 0.1414310629844504 0.10754616699370824 0.2083881794766619 0.15994153292912905 0.4670476044028442 0.36815888520660783 0.8997778317641326 
0.26195537158822263 0.043680191925326725 0.29140773285282356 0.07250530870269797 0.03383646398334077 0.15624581325150325 0.17250880407055597 0.4843958259892457 0.3365222142450302 0.824772836817687 
0.28157238263491535 0.053641020824610086 0.29055917457649144 0.09022758299424678 0.0780811539408125 0.19756943168530502 0.16703005098169482 0.4625627478262092 0.3523505412387142 0.8488103181855069 
0.27490398858855336 0.04152267228468749 0.25146169319714334 0.14204551051796765 0.04391421654781927 0.20379567673120394 0.11335644908363514 0.5220117561346108 0.35499923317779336 0.9060571015899246 
0.17806829878452074 0.5781643431525769 0.27725741660386305 0.09262496979260387 0.04891588796878214 0.20130228152118154 0.14236045979256098 0.4595175049374477 0.38187890665813784 0.817331491391195 
0.20644677982736281 0.11317983519284802 0.2703724812013143 0.10239306286666293 0.12149883237422313 0.21715781217525057 0.1910132574208624 0.4824577837644585 0.2679205866918694 0.8906910252067775 
0.20216551680423628 0.26144073748332386 0.2737414430493322 0.10026165611957871 0.08815126806057874 0.18909224678050665 0.10738972793458958 0.4645091018980523 0.346296543328495 0.8154955196320932 
0.1901417788417012 0.16719557505294083 0.243023843447742 0.08579078939802853 0.04148809558691642 0.1702024826636668 0.1331737758416181 0.4769264167218133 0.33582132600809317 0.8142919023269402 
0.18866105740088265 0.09422170230238938 0.2512079961752811 0.11197236103699851 0.051802283767592064 0.17793084873355047 0.1792994178447996 0.46998022942649137 0.32986591519877617 0.813320104546328 
0.21151198673656446 0.09401676584908723 0.2449029409319265 0.11948749693594687 0.040784712659577435 0.20474447615670185 0.12573782987730395 0.4757319462364551 0.32720370990323683 0.8460039563344705 
0.22731762363789904 0.08006977979488218 0.3171656746685742 0.15329414766798743 0.04014578724601575 0.2212093230793685 0.17804007813241968 0.5095393007821556 0.29672745572135867 0.8978224033625093 
0.2211716586299863 0.06937733419094479 0.29498151089646785 0.11724057517711214 0.05674121759155003 0.15988491270583743 0.1293895979456371 0.46997348667932926 0.329685481707408 0.8127609995382439 
0.23117365701772555 0.06875273356815291 0.3071122858099513 0.09233410619517168 0.05548343280256467 0.19645803689636612 0.12214279019642944 0.4778272782073512 0.3547111624121236 0.9115126791606528 
0.21111404187098834 0.04014211030754898 0.30847469392391963 0.13160405036591455 0.06950686953994104 0.20918589223231993 0.18216109264164707 0.4571315350678453 0.30682886176480084 0.815610417737646 
0.23233634224333477 0.022744935494702453 0.7573954849348284 0.09464438029687708 0.06430899364889897 0.1648394382044187 0.15490539282803228 0.4731701788079225 0.35583019425064094 0.8214023041451762 
0.22109613831813546 0.09113726369260698 0.3460667990206475 0.14794130439817685 0.1099748399478224 0.23497350556860253 0.12613826003942033 0.4677103378171758 0.35824177042673117 0.8994686200753755 
0.20738758839993723 0.017853731008885727 0.5939603589401973 0.10894190437296966 0.1427453455262382 0.22480944996717825 0.18459026751037624 0.4226615907364351 0.35681162218060447 0.8578529436708427 
0.2222395594957361 0.10214316809463325 0.379616519803451 0.141386731030754 0.0567840862729041 0.2283776712155579 0.20185449882152567 0.4770439047015711 0.24484939624767899 0.8160702746939974 
0.24126056390256465 0.03998325419319535 0.34888423155224335 0.09498508950467086 0.05179230995043662 0.20821804208220182 0.18381749357031807 0.459470584285366 0.2950560823962994 0.8807282435891138 
0.1890715181635541 0.03303602928600473 0.36944960372950036 0.16134385889447692 0.09906703429200957 0.20709725997366404 0.1677284045739061 0.5139600969871758 0.25341220267895803 0.8504255954814346 
0.21995101206442536 0.11384703915623867 0.3650019037645057 0.10821237176000385 0.09806441568726071 0.15507206906035548 0.15181318488258028 0.4953828503203802 0.3558414489476232 0.8124407502485974 
0.22750375545854415 0.04090833809111541 0.3319371950916773 0.08064868254349863 0.05523354889222759 0.15882218481792268 0.13562229553261243 0.47723004790720913 0.33224737425011924 0.8629553715035184 
0.2265427255290938 0.06776119503563227 0.3234026260640479 0.11428354432773569 0.051217334583994766 0.2342481967353993 0.18230358244102252 0.47738409061712656 0.2487717890177895 0.8421616954334324 
0.25894642698225323 0.0991369902948688 0.3290394013971135 0.12272810977598472 0.08233868445723563 0.22388130431322 0.17748490159432298 0.4738216067593344 0.2839751291978954 0.8465553511460263 
0.22876376718562655 0.05438827944683143 0.2454811416921252 0.18974904398024628 0.09225492420852727 0.20843848814628693 0.12232585343870711 0.47674582354881156 0.29228726837894603 0.9018518512961781 
0.20806316798674174 0.1860024040361874 0.4310065258092652 0.26638550104869163 0.066353890445603 0.2136595600107531 0.2514098222515124 0.49134650933406515 0.2559067117008943 0.8494930073420774 
0.18863807450803663 0.11129031601853956 0.23910087134808652 0.16494006954752438 0.03963239073092339 0.19107197627790404 0.1323486545572829 0.47813986386864776 0.33090827420033775 0.8407090497219006 
0.18263904705631617 0.06092045717488539 0.24879276528406064 0.1480303666370994 0.040503090571637264 0.20110872545269207 0.10576443224763109 0.42865348722670754 0.36826500925577305 0.9093737219324416 
0.20624334014747045 0.04511435723222606 0.2607290050791131 0.14261376495359185 0.051287379624405306 0.14763028428554215 0.11950137845026193 0.4543976662285871 0.3597600236048348 0.8173606952577191 
0.24373828970578978 0.08472219068056133 0.3427895389390751 0.17164282358979527 0.13156810895526583 0.152667431992235 0.13764239673223658 0.46094897492329046 0.3458860781355093 0.8131575724712481 
0.23497396741922727 0.054242833443490956 0.27811198635706535 0.1616950232378988 0.051436974219348765 0.21420160301444635 0.16350658680292685 0.41658833904198805 0.41921487508204086 0.8753462317044323 
0.19141929533331786 0.08447214084550225 0.2816386817998519 0.07148463669311554 0.30776848116884 0.17029858722523555 0.1274848997177597 0.4609312451254252 0.3631564817093341 0.8125655873251968 
0.19948190747009695 0.030156349815072356 0.2751829332170287 0.17929533158589778 0.14386253857736242 0.22815560870369953 0.154256805949457 0.43226034665546237 0.39212774167730785 0.9145275859266211 
0.20308845081381013 0.018102963745784996 0.2995009102258152 0.06445088232455279 0.1189374722861305 0.1655364698315336 0.14158290182583044 0.4659049947762936 0.3677574849751744 0.8165221819944798 
0.2544387565220614 0.01895445101597748 0.3826597331511955 0.07291597911471297 0.17187396151244333 0.1739588095134876 0.11978209100890978 0.474910037019045 0.3572824622234878 0.8197651716872798 
0.23692144602533713 0.07979840786691639 0.24899778791746469 0.14234606942149566 0.10703667685894419 0.5862336759975046 0.19862674751288462 0.46763775867804447 0.31819085430026717 0.8139746446824424 
0.2100181324500503 0.03123994713642526 0.2517174671564032 0.11108681913762844 0.05082353697584026 0.2717013618129254 0.16654327758048199 0.43018495955815084 0.27595763255656014 0.8824478719916379 
0.2288284439431147 0.06086350098158866 0.24441528424582382 0.11310638433337737 0.04346655790292028 0.24755083073625508 0.1408664108598619 0.4623179248803091 0.27207661695717644 0.8515344223644952 
0.2505271865302785 0.05633018947049215 0.26686154568491155 0.11906996485528434 0.10675488855747657 0.2539034905413443 0.14904351942735963 0.4783298034451024 0.2952262671885794 0.8206770712203635 
0.2192594020553706 0.05002544104941921 0.2615616656514805 0.09101113698080324 0.08026877485883269 0.2418227938616776 0.18901057677849864 0.4845219884424331 0.2397268911656928 0.8701835602371547 
0.23932921951238229 0.1267171760305265 0.24588767514992693 0.08331734982120734 0.07742079384900767 0.24734321229038686 0.12648921319791068 0.48115561376199006 0.3306346288713171 0.8697665756801201 
0.2131914544941045 0.06075721022392779 0.2975103186879877 0.13418502797576198 0.08458048916966815 0.23134332689654089 0.15057590194723172 0.45811792867151185 0.2953228148005009 0.8200503250744526 
0.20783988967946154 0.1126179146512678 0.28483479590908595 0.10988951170004346 0.09258456410567706 0.23455733586343752 0.1631077279672204 0.4877403286324247 0.26950298810779816 0.8728804407170297 
0.21285682541832562 0.036828666550242584 0.2848598515379494 0.11396720365807456 0.061026914489524596 0.2214995257392496 0.1684311375139298 0.4520696467720038 0.30052017115836366 0.807482756652855 
0.24366494578268386 0.14492528805160476 0.2979433405319653 0.11021122714035622 0.06138717871610552 0.2165365523165672 0.16844685497602135 0.45557724031002167 0.3019504614252535 0.82265762608297 
0.26867387849687446 0.08671454531087794 0.31021941696234323 0.09215256812367151 0.08767688135799717 0.18623561676927464 0.20220787388432807 0.4452204803699893 0.3547958786573157 0.8348268281290538 
0.22593356128879868 0.04349723740621981 0.2608672782103404 0.08491727532462104 0.09608614415906083 0.2309056942261264 0.22541329283910044 0.40476066271396755 0.3500807184597225 0.8817169044753191 
0.2032500882216799 0.05062741459045145 0.2591773225533491 0.13375989734399862 0.0958019530983159 0.22865747103913234 0.20381165413160515 0.4489391072860224 0.29041705969752113 0.8424751499523913 
0.2118467730378573 0.03271965305055757 0.23192141074623127 0.1386367442410235 0.1354931863643507 0.23089277696984534 0.23735082649348002 0.467023786337549 0.363341523583301 0.8765519239871463 
0.18365416680626837 0.0463566717157296 0.24703191567637886 0.12466771006217703 0.05094542028871284 0.22847365344998444 0.1903959804929985 0.44159705730752935 0.32975258637706556 0.814536565433338 
0.21171235836987692 0.05198761356653992 0.3142952642662803 0.147249871850935 0.0590447434011549 0.23387972824330402 0.20809739760723073 0.4778465821941804 0.2460707809430362 0.8309495452329257 
0.20238488332863835 0.04994954452984906 0.3079778276695623 0.08516441996526533 0.04550040129054923 0.19555301340068135 0.22438744278809256 0.5112597594421519 0.3354284982823667 0.870615425813681 
0.20687625236024548 0.01536812716097884 0.2556754143535971 0.09341160529626241 0.0660500123909552 0.157281459325446 0.19373848908578775 0.46743038735029985 0.33311615445724446 0.8740234725815799 
0.28124809421620944 0.041456726505730644 0.25213832865205876 0.060181253623781045 0.03707671412932691 0.17088511790184732 0.22506018119732013 0.5146143690186262 0.38322511190566055 0.8515998656753969 
0.2016917289970905 0.02493357119354081 0.24967087540904553 0.07667530607202347 0.07911357478186708 0.17222686021695544 0.1766093023564761 0.7193459911506286 0.2521399499193635 0.8701805416519537 
0.2575034475037146 0.09619548578070852 0.2582787651941675 0.07929099625180656 0.12704215844299804 0.21022797070698873 0.11322680937922164 0.5007178897877135 0.2785369702660679 0.8466114321514021 
0.26207455475733765 0.04298211599519244 0.256920823104123 0.09138368602337493 0.06814350296631004 0.17154922402471684 0.1320675584755196 0.5246569351148089 0.23321776210164508 0.8873736388695878 
0.1872946507535631 0.015721764567218202 0.25852185077191997 0.08259588727119202 0.0638935498277279 0.24230758861865118 0.12217759777318211 0.5411157206959469 0.24334105393646394 0.9524786651820987 
0.20610393968133134 0.01976988385918528 0.26653477918952756 0.054222131031887985 0.04075439906428058 0.16101610441509379 0.19674271746473598 0.5004976911497905 0.27133269346895017 0.8351844944176431 
0.1799063650881914 0.06916445919369701 0.3341157878440519 0.12620125412974653 0.0879001747212385 0.19897197886170379 0.17355469434845733 0.5175740075815243 0.24240095671627637 0.8399305404293745 
0.19232413671118842 0.023530271955826944 0.2366667065428857 0.06492523410551057 0.05787727141870083 0.15077815488949997 0.12673813871080875 0.4764429913835943 0.33028574147812173 0.8503927528351524 
0.20242933506432487 0.04888968452385139 0.24159717887123705 0.11539451423419386 0.0401011531507956 0.20085674336640896 0.179943716707694 0.49751342658153147 0.29686403755609764 0.8738432123380475 
0.270837651240463 0.10648873430152674 0.3143304097321357 0.14170491469259677 0.04871397076445415 0.2075222247621182 0.11646483840165037 0.5102528905436962 0.25308411186571284 0.8310056280688284 
0.22062283444257758 0.0956156378447753 0.35338147587764057 0.15497350092756584 0.078619797829309 0.1828695626458837 0.13260363252593296 0.5448468132843072 0.25699122948229475 0.9406208743453035 
0.19749307990576745 0.022273804153817363 0.23500059832658102 0.05523453163442191 0.03755108653928253 0.15161834147908643 0.10611371643387968 0.3821829783081736 0.445387374508771 0.8297049650371762 
0.23014267075060385 0.03377052550198118 0.26498461888379926 0.09963327981758376 0.041980941750896575 0.22832395565753683 0.13424418392281817 0.3569846247470334 0.4133194230341837 0.8704918492130873 
0.2038730235204505 0.016460088235612874 0.24078196230863616 0.1018841603604104 0.06596481274879445 0.23049821551708974 0.11417537686924553 0.4329178354093192 0.38112160245454313 0.8061437197280219 
0.187713293572207 0.018100090789224914 0.24739605852564853 0.07221453541980496 0.04982879248428066 0.14487588224396905 0.12487443389562672 0.4474508705345757 0.37778228313979967 0.8453279826835434 
0.1975080758381773 0.04595319158598201 0.24887227599858794 0.06775944039664722 0.051914222211324426 0.2338187457166268 0.16887908669711532 0.512558807019952 0.3910819599275737 0.8690325198953018 
0.3040798446863055 0.07638020911933907 0.3065869606402802 0.07376812909692702 0.06426349599056952 0.21715186864753688 0.11358501124551726 0.4583178594054074 0.3820695187895414 0.8436366352742567 
0.1840134907912328 0.1457947963357791 0.2697754003458661 0.1322564163039001 0.08381554214244183 0.2104317067055697 0.10867769608403334 0.4599536885181193 0.3537260498913919 0.8394773426173594 
0.24359595405187598 0.059480041631441063 0.25128250648568295 0.05604971120182931 0.04108801070884932 0.14032570927825874 0.12326284255787823 0.45319416094544757 0.3521983191883728 0.8156465008918512 
0.2171617203722368 0.08781450190620607 0.28361576434005076 0.09297320507845469 0.07833628830526723 0.23211625788368528 0.14199555242637754 0.44537329616688054 0.34325848943427056 0.8880687714422899 
0.2342195813668754 0.04067010329911763 0.24630891302162627 0.10403112594262998 0.056504541625220936 0.18608507711983016 0.15891539336954225 0.45140078653500293 0.3307821714164132 0.864498262704421 
0.2316960373796952 0.1617452244205222 0.30984179420677144 0.17076268572751369 0.06226123701868764 0.19740490864883337 0.1637937315757731 0.5224015928443952 0.2390828526477898 1.0381575056890398 
0.18212955926934843 0.014266059546438267 0.2491613584359707 0.08389202535622088 0.05888188341734695 0.2191126266013642 0.11073404882031254 0.48384507195039084 0.36125542034875757 0.9572251914276761 
0.19649406600320501 0.09246007844054481 0.23830435273010273 0.07700688667087806 0.04202879413933924 0.23473356985316446 0.15366684760602353 0.4542175948913109 0.3461759748417358 0.9157709063300703 
0.2649481421564765 0.04856927523398736 0.2918714813213581 0.14081592537912618 0.13610996092380467 0.23238399622818126 0.15612035247871264 0.506072522328874 0.25406616304661456 0.9513797825200145 
0.22236188597683118 0.12234732207172264 0.24762964682393496 0.10186260562834863 0.09553851683957347 0.15553880905707568 0.14636149351507044 0.45501975248698706 0.35446321793018737 0.910367627111706 
0.2166543303034949 0.08442632534134127 0.2867196088610733 0.13695380982733357 0.04253386995729603 0.22976205881233616 0.18002122323969053 0.5155643717160222 0.29243611502006694 0.9314770291643175 
