13.342126709500551 0.2296330120475943 0.005732676197874475 0.4427450667808138 0.07051771443079012 0.0026682889323770545 1.3843883799391565 0.008562879018115357 0.016093506863714604 0.27981868192907805 
0.4052348345320692 1.4849667358426357 0.14182464112674698 0.24157742863659024 0.5211589529978057 0.4266548330402429 2.2482859045009977 0.055484817668262625 0.26999852814282405 0.28428482622913626 
0.6728155078378627 0.990203178836917 0.0393818880075079 0.4076145858346305 0.1985051662739891 0.11468139109333934 1.6040086524551964 0.03338330101266961 0.004840862875997961 0.2529179791657231 
0.6363226406870319 0.38115063637201557 0.055192480852168546 0.6829327405583494 0.18422922293967134 0.33245699512953786 1.0007305591579287 0.05067289779451019 0.047976886349471295 0.0033466452613725665 
0.9151837731330207 1.7868354638428088 0.07434677665914605 0.9221433334486596 0.22313955393775275 0.0027959038895362643 0.8965989625771147 0.3356848323515492 0.15158200741865874 0.34672971189085994 
0.6077011279575343 0.7433996832007964 0.06574796577839677 0.3203449992002528 0.15338563274277756 0.16935234899192683 1.496150700733225 0.00836030234353137 0.24419348993271167 0.01688510548226813 
0.5144561533322337 0.70673671414201 0.09904425743410085 0.2917827424825342 0.12009079295431425 0.4519885929732765 2.2695474638123776 0.01416982193364401 0.2915939621472753 0.21386899259502742 
0.4206990989913071 0.4495994672406514 0.15158595504525804 0.3395087751382812 0.536638196033362 0.05732893222076295 1.4362716614159499 0.22414822454819922 0.1991153980152772 0.3422756091181707 
0.6418421773486185 0.013264795208083697 0.2040258805544674 0.14702579411748717 0.15802482949653715 0.06249003374375248 1.2606429861043975 0.25561899423314577 0.3983726288605839 0.09199888576561976 
0.5622590076365359 2.2364289063000644 0.320905775048857 0.6801486800589429 0.16435637065225342 0.019248813287574485 1.9884532737484935 0.018474429925667214 0.4778024205355398 0.5211382097847936 
0.9033124986376284 53.06409524337995 0.16549741383205446 0.07011312158483407 0.04499862916836867 0.04140900298485263 1.517004356346111 0.07242562914332239 0.2979952661458432 0.2810086248706537 
0.4963016307615032 3.066043077131131 1.1207142132846877 1.3211856422967296 0.07757079293933505 0.5603454056862789 3.4948533807719486 0.23441371001702974 0.15383671587160536 0.014802816931325 
0.1529939323614604 4.221201505367368 0.42413782212792905 1.7934198142789943 0.1262103600783855 0.6077249995616327 1.736953741122158 0.049007221063447064 0.11041528322032532 0.05102263591529279 
0.6091500064086413 12.750391281148046 7.103095255016289 0.19641160116509193 0.3746188531800207 0.7071076124490223 1.2552105982293187 0.001069155048522175 0.059671058904313685 0.09816025484409847 
0.5623777497916007 2.526978804524494 0.0048126400993556235 0.3285659175014295 0.4048441944637881 0.04992452022137101 1.3331817398379298 0.23197527075889687 0.03301456406166722 0.01167637769422807 
0.16606496190842976 3.469495761909198 0.20484591580599373 2.2220742182775894 0.35083341288306913 0.032126493720567265 1.7668532382602262 0.386756840151248 0.13959586997282833 0.0011475093268619773 
0.2676934299462415 6.456942552521089 4.786081299430385 2.0556608843399564 0.1410500252847829 0.05566075176445539 1.8237877272466427 0.10542044821760665 0.5909102873215424 0.0256961070455622 
0.5605724002764674 2.707959988497533 0.05462992242300941 0.4912215018473429 0.0027261943499421615 0.866390206527129 3.7416801414662992 0.01795959897849234 0.20047457611058897 0.1282138529878365 
0.27430178050162773 7.0338822126554446 2.6320662645300072 2.723752935825696 0.05052360086874376 0.10776741226640116 2.4757296483664435 1.2236013735929918 0.1643600654740138 0.10247595991937675 
0.04600824605821486 2.2938750925139573 0.14297632882818762 0.3986843469687308 0.004776481160734307 0.008833663038071704 1.665562384471057 0.030418310987628323 0.28872022456053714 0.5166521827945816 
0.7746394860918734 0.2057944117813387 26.265979643203956 0.5523981830078186 0.23911064351101685 0.18386785965221633 1.4962651693885545 0.010475501837003685 0.22069523930577137 0.1429195307072098 
0.14609119836071108 2.343094138132609 1.7955949939531148 1.9647477327915084 0.29712068999891306 0.2500750297435207 1.7125432371630502 0.18289553243593587 0.19377870909485376 0.0011490450111837195 
0.6098506247342929 0.788662109218638 2.8583549271099624 0.29995713131691454 0.24355459391504614 0.05756657374714897 1.5761261428430158 0.006551718187559849 0.2728104319533709 0.0776602004803252 
0.4360605490748073 0.06416053285162437 2.6169995715335403 0.28165375895873446 0.473659373106817 0.21434552131382073 1.161063897133137 0.0014360671747839602 0.04661523770596456 0.10004267938904057 
0.5616952824493946 0.27267019070783965 11.173691481413185 7.945014915668989 0.0414862359927693 0.15805773977301982 1.7952395294535277 0.021624049814410875 0.1551097759917486 0.03382496099455549 
0.24886583582715543 0.4383657502470077 6.296072651118224 0.00792252589412127 0.5850693543975595 0.644005358016239 1.7150595188290747 0.17927500789497594 0.007447658997946764 2.1465468971506865 
0.4591996558192609 5.903779665145928 5.383578082266897 1.6268869047619894 0.1766720007474312 0.042483835492891225 1.3402281485241432 0.2581676796403009 0.6424269729180034 0.14377999178443468 
0.4192832306173863 0.5340894547034413 1.856626285736668 0.26056531340580064 0.13812588800912942 0.13562827155961008 1.8997295479106195 0.0023977893805209997 0.4985279270959335 0.24759976446164483 
0.6687936304051088 0.005854234183450905 1.0756593952702809 0.6894647327302147 0.08034086826702011 0.0465636750444519 1.8210350060379428 0.00926973070072071 0.20788090846665494 0.159589740809142 
0.4880050021948316 0.4896776398789729 1.0131727083592714 0.07173523066972097 0.15376042290056477 0.12920508501571643 1.3718444617057026 0.01654262033822597 0.14494181865133132 0.6478991977370403 
0.6315644184783709 0.300693670202393 0.08234466743914108 30.197320117099185 0.0021097865269530626 0.23617015922744097 1.3164029289241248 0.2089370160708582 0.003125965574821748 0.01651672359083853 
0.45523088054097294 1.0995547357632942 0.5087633084659201 2.37559147104558 0.17020402101821244 0.5292495960364075 1.9323091369084102 0.016666438865331975 0.23743151551933028 0.557418347810358 
0.5147052043606812 1.227474845935539 0.053406741031727836 4.197307964068868 0.3788501971190182 0.42156164959173864 1.5692984868017337 0.228485344489652 2.9812860223364115E-4 0.010277831090634749 
0.4057211180822043 0.8468811123539159 0.1713930683694296 2.898928764284775 0.6343152378156923 0.14395438712837702 1.212153167511117 0.0033084591530628212 0.2742957924729696 0.22145559670554535 
0.2656375467012928 0.11840956436358846 0.0077668468736225614 3.1863320350769797 0.43043710351631986 0.7302008109007609 1.2261883423370123 0.5740716986056127 0.49128087568243256 0.23323233849174904 
0.13544205445278845 2.181473810560008 0.3822910913862805 1.5001910267741656 0.1225035776139196 0.5602725220518971 1.2420060077170272 0.04611540740486049 0.517099450126178 0.37480890555451984 
0.037608701546605866 1.5888929082143952 0.2036605418959549 2.400820005556057 0.08402536674741318 0.08740686308555651 1.5378217330326993 0.32035024934982925 0.4584910091052655 0.17086139456365784 
0.026527982856072947 0.7305277616855272 0.06355883885127751 0.6321609602548195 0.012312130031838514 0.006565866891152384 1.6135349393635552 0.24903298344859884 0.44917436570703223 0.5058766246046374 
0.4593128066046482 0.00752505763431555 1.2271703364456525 0.06609881799633253 0.1298347717121713 0.6355005247493772 1.941087182744135 0.018732608749398055 0.5656110689062086 0.35861498550677984 
0.39608952017298044 0.31939613335609013 0.0248993339278713 0.569930066044424 0.42953304705045087 0.39852922219091935 2.0886772952048447 0.008803507739981986 0.41713685316816995 0.006179101458239914 
0.4673696706608785 0.461183998904152 0.018196511279752883 0.46968011559773193 11.823350330675932 0.3198511175362248 1.990270537783587 0.01639255039374363 0.0577446147010891 0.08586811349047395 
0.5180128280613411 0.8167864058202546 0.04140301369518276 0.5770325152881505 0.460303874057411 0.4862757183670244 1.5615131348857463 0.03181012540226651 0.0012899236827431865 0.27166034802995487 
0.17590431603138185 0.23768117642282727 0.06566298191543632 0.17004091360389623 0.7267737121454619 0.4091270405992182 1.0742828092073253 0.02603506406044164 0.1252580859689146 0.390236879814367 
0.5624289581053117 2.852085357077495 0.8626319452478972 0.04787267931449034 1.3187884019975609 0.02942431281183731 4.1443467168442565 0.3191343134656064 0.07495159292163758 0.2824762200709689 
0.1847769798909404 0.41561160129430813 0.4201141061013592 0.3041496206752068 0.9359146428883983 0.12095037286027789 1.3436754064792846 0.0023316840502998204 0.08413460808167983 0.13211176595117627 
0.2928518788058005 0.07803462493214353 0.039632301603095804 0.3237975924204983 0.6679608036241947 0.07043599099600514 1.887995932107397 0.2842518420955616 0.014181255334532869 0.0332438129509428 
0.18033883077449334 0.4506713062856052 0.10052296373810535 1.1936588472148153 0.7351213052701818 0.7054211332607736 1.1768284768059163 0.0032874360603274352 0.08171359004486031 0.13040616520963494 
0.12358698552735109 0.020660111627921366 0.041441305590056494 0.01304338149621331 0.44644600860714917 0.5989962464778656 1.6948050031388056 0.025419871929304665 0.030442424034231474 0.013955287527759602 
0.5904997127017713 0.30137156301043344 0.05547640692228419 0.12735625785914684 0.42082697372827155 0.0365062466329225 1.1084872118717994 0.05260540391659525 0.05991010283435293 1.1486475484104907E-4 
0.38710293770193993 0.5265875921517447 1.307723501315312 0.17653263716488327 0.5356513553058224 0.003399604444912482 1.956546110421639 0.05250491744506503 0.1875363726519713 0.040360749246328174 
0.05570827801302378 0.08610938102041878 0.02945393371756463 0.055295150629946256 0.026516715713592258 13.121284194340284 0.8058873130205118 0.0035419777616546907 0.007467920366504654 0.21865435589676754 
0.5690947430774764 0.5524028701179605 0.05548820410625492 0.1744216941171897 0.3323572381330718 0.559223804697405 2.0680409030241935 0.06735256366467372 0.204775809169601 0.12247491479708035 
0.5614486630789634 0.6269033153665868 6.456050063145297E-4 0.4761523494623888 0.006981769019476872 0.8684043402314396 1.5248296755406117 0.19441333848558714 0.18311782055232592 0.1303228813875483 
0.28263158932250076 0.34556239788388415 0.09645007560583184 0.0083841895173529 0.3812191624162794 1.2636374073104872 0.780824826316171 0.0036740966336985532 0.4591618057758397 0.014833053353910365 
0.0324203445885081 0.03567852340696956 0.002271789971406294 0.028878549032946853 0.045717904108917275 0.7783137015908977 0.48522586114887606 0.012325473727017186 0.09997067998202981 0.8833208790725358 
0.4214701806018594 1.7793389710506915 0.2309080149905922 0.1483681879586458 0.11404343140866087 1.0371581688474938 2.135394825626108 0.003570350514368929 0.13119772224941836 0.6323766569817236 
0.5762289038799967 0.01585415309130876 0.26215892048991646 0.4437436549826361 0.14462522153474325 0.4030127195987092 1.3054295192328578 0.015727408030903334 0.0350439807025657 0.09046410260089345 
0.54141591063494 0.5633277623404163 6.28584581008744E-4 0.4694785963778407 0.004314809501751577 0.7682605581753336 1.6409232263563962 0.22647916556587047 0.4443217608033754 0.20726266584151362 
0.5704069734148908 0.24028516188269236 1.3928882839319967 0.6678623147891299 0.18477358471928146 0.8657561232539718 0.5699364583695373 0.015916239471246853 0.5353662722261793 0.3606086183880192 
5.214531304340613E-4 0.017185838957915766 0.002220816420884614 0.01670242452238092 8.824244666955442E-4 9.382570116635301E-4 85.13188757791492 0.0334486161873616 0.15273072885998848 0.2234578258667135 
0.5071280561543402 0.7181439343681701 0.027388167249534245 0.2191942470466099 0.10847830790859543 0.4668531219105857 6.863362646283193 0.0023686316682712157 0.2694327881867902 0.27788536417544096 
0.6211081138089644 0.11102142656879153 0.04270483223616979 0.10202548279339395 0.08159629028120799 0.2638052955304611 3.4869880441787395 0.02105266316033233 0.030180629779181827 0.0069516532171786695 
0.5904962896718262 0.010790609272922927 0.42972395077159264 0.5723020266260256 0.403761062885034 0.01362291834154542 2.8687723947641905 0.0023591232564992588 0.02278607671991069 0.04095727423901839 
0.3955840857202376 0.02662085153161861 0.6282696508602735 1.3497860608770367 0.09995449961660506 0.6319255609632718 2.439023940083129 0.0032563055272842836 0.013960215753390131 0.04256355580279907 
0.020196759337319785 0.36324139507581554 0.04977300447892488 0.32202781466405767 0.01353868808009077 0.02106964560818861 2.5969585306150327 0.010683194232344146 0.12158977093106685 0.37801565883839494 
0.0062385718510790875 0.37707090013104294 0.045623048315018296 0.1400879543629093 0.004955256314366279 0.04417892816162337 2.0220040653391624 0.14257505833701684 0.21992506993331445 0.023744208408487913 
0.6724516035717472 0.18589838998667127 0.2509138692266343 0.5522527043077473 0.056318202384785965 0.01017127110413533 1.9555210036585544 0.03754328070115958 0.1262038777166235 0.048658237438116654 
0.42848795776463755 0.1469491064583676 0.06535882888018607 0.5814593792628645 0.377958997850338 0.005073498233244901 2.271312553467006 0.0030086187749840437 0.05758922856632875 0.8049837500809016 
0.013540208755069042 0.8837534252775135 0.07108628733049509 0.12557298214981796 0.007548562072866968 0.04098143928655917 1.8521112011572598 0.17458368753868575 0.13167681787728386 0.6030802531832734 
5.028005786233007E-17 2.7601735429251925E-16 1.997165248114471E-16 2.7142898611681734E-16 1.6126638665463934E-16 1.0275244337783853E-16 4.461769270497399E-17 5.154847360847617 4.947776661062038E-4 2.2069249082610616E-6 
0.6140718244122965 0.4458031536005861 0.9759190629162868 1.40011640812071 0.1002069317655248 0.22761954366390239 1.8491933318561844 0.37994967140869756 0.2797872769076498 0.1539509536590815 
0.006934626438641447 0.40931357210237257 0.041643821242626854 0.1757271077507251 0.007612822842309279 0.03454787774751378 2.0958128955581383 0.521712993400509 0.08363800115112516 0.3939859789704278 
0.5419929270315877 2.3818593836769777 0.004056777808587816 0.2133521194845542 0.39490296209657677 0.02564906049541671 1.180530082936846 0.4597958217410399 0.2270413892511019 0.14499995910776367 
0.00493158909063244 0.2900699925749953 0.028840685125106208 0.12376550981645905 0.004900337984800568 0.030766791637765432 2.1226846658321397 0.28249808916397245 0.17134614828945094 0.5455257687113789 
0.5612442717297844 0.01518007534641532 0.06542082434252054 0.12227447696192173 0.12010965598019671 0.3776734381106312 1.3823616290596212 0.23812747632825726 0.02877960369310729 0.14065017069255456 
0.47023867435403766 0.1631447474736055 0.9051675050966467 0.4609468704696493 0.011506235583324493 0.060785275529495905 1.5434820102483486 0.32164486310875334 0.08111168486640018 0.7291031996575045 
0.5215344569758134 0.7323260389955774 0.18007480267125103 0.009706726780826557 0.7153057663280893 0.8593203946979946 0.4226674965925747 0.37444484821173396 0.13260670473552683 0.07512813656522091 
1.986516523333872E-18 9.184191524013963E-17 1.5773010640628742E-17 5.709896999156152E-17 8.670141520167033E-20 9.690769342463028E-17 1.82067722062805E-16 6.426661174685263E-17 4.461497323110178 5.293773117708715E-4 
0.5583792262858269 1.9629560840934215 0.03433272937861818 0.33166754879696303 0.4235185738682207 0.17698414253224085 2.352626007925812 0.11261636332534161 0.6257748649890146 0.3231569549882052 
0.5185670956307079 0.6978648168570721 1.556062536762675 0.3980630922789944 0.23953563538781095 0.33033187082369414 1.5316139582068642 0.005285344122819079 0.7830390318312448 0.3159959309336337 
0.17134235648478702 0.8357988321048119 0.34390841668359584 0.010492954665491522 0.4427086546166045 0.766146227547696 1.923391401330723 0.09025654460086795 0.7095047018975306 0.02626946612549186 
0.5676969100324069 0.011818196348002394 0.18011474802144353 0.1393580307597846 0.1387437020623909 0.3913419067751798 1.2912988968769445 0.01578674007534513 0.42014402694897973 0.09182359297172188 
1.2364113713156157 0.5517904714339569 1.4221730804016335 0.051203783347920265 1.421780074224847 0.17350816968289645 2.484134619148451 0.15517813018642165 1.1990729085416323 0.1471049617427311 
0.5888132378414589 0.7010085911866945 0.3538549335189308 0.72556596556434 0.14571409799269577 0.1941792214855915 1.5882729057671394 0.21073536429024967 0.505701118599095 0.022329420608559348 
0.37547700060941885 0.36543458466624906 0.009949682504931768 0.2986672697369135 0.5123722224944925 0.3965740847046006 2.2552891662495167 0.00900506570407842 0.45552958396690607 4.3490573913650653E-4 
0.005023808692289564 0.21912460975886494 0.05850158868725477 0.2721258754869197 0.0017021045255093772 0.0965959314767176 1.6406513164355567 0.32344726921050754 0.4571632506212887 0.17288545467623592 
0.38079163655203796 0.42915011076844145 0.2172340590419645 0.04083259985894495 0.5353158280705527 0.004085840239573463 2.19920283540639 0.0028594749782092977 0.4851279518575703 0.4599690595887005 
4.933499705332665E-17 5.0314173000374847E-17 7.862555484456372E-18 4.645996631379659E-16 9.531942407547876E-18 6.853207702053591E-18 6.592331664508902E-17 1.2138253749622204E-15 2.2735730658627006E-16 11.618588153131096 
0.4720253194406053 0.5498866461654445 0.11782116933806319 0.013558151055976445 0.002326278850031274 0.05561894502921829 1.222515466628334 0.04595283191128014 0.02713900533371181 0.7771349142524424 
0.5578488226053075 1.0914852532298638 0.0382490203739023 0.7505815062598411 0.18552306642973673 0.10675159015831648 1.2954527108261964 0.01684109754353557 0.07306678643901494 0.649391680413924 
0.49643982963469224 0.10055196191165545 0.026734858281359408 0.004591891261439742 0.31077651485528446 0.1433690314621942 1.3166904874327474 0.021468992449613335 0.07553795284759744 0.546227128309947 
0.37919038809538863 0.1401031554165657 0.124718574634477 1.5973112683366169 0.45779122951251366 0.046994171082551606 1.1539693168019562 0.10812817902134382 0.051530811565363814 0.7118894250509776 
0.0063406651842060026 0.3826906133704893 0.03586385007917044 0.05975822701928986 0.003135524075457887 0.037630116681064106 1.2896119682492466 0.12142446254587141 0.15605389345875442 0.5933198191179448 
0.32093311867701435 1.640226456575964 0.6854319664231423 1.3099275448161491 0.39805882224540445 0.478831172776478 2.2154195606985057 0.19650584883679553 0.07159907422305448 0.6716416299930722 
0.4737097316666466 0.15086209115039342 0.4380973595455953 1.2976836585563851 0.0024430954506893857 0.05732185280914293 1.4051181675882995 0.24569808749273697 0.14584930544879862 0.7873858182480674 
0.5456561844333314 1.8664301599125925 0.3530622146182572 0.14254616099956408 0.1890209000810295 0.01998829578804831 2.0379201290780773 0.0037911845945041035 0.4079679071215643 0.6523377683310724 
0.019626386559346582 0.8890229854539378 0.26434633692824816 0.163592254566816 0.006508536888816444 0.027159234191431035 2.448740757493544 0.296537193687877 0.26191305883526683 0.5203452313430907 
