2.037354493138678 0.7208434659479949 1.7436546179557488 1.6489788812321924 2.031846558075149 
1.1687962186290444 1.0785479169867696 1.8447539141599876 2.0460490248879006 2.0460490248879 
1.99915494095168 0.5998246540998108 2.0455941014531525 1.4922155188888087 2.0455964051311506 
1.9746530331345435 1.1529914897434117 1.8273168463455651 1.2883241955066296 1.9391466127638093 
2.0455681984502396 0.016842136816283857 2.0455681984502396 2.0455681984502396 2.028726061633956 
1.9991705952290268 1.0882339574750834 2.0459165561935535 2.045865051331403 1.0044800645451473 
1.81422145318226 1.1954826852382792 1.3311305060271192 2.043477527643056 1.798680466071687 
1.75066682317959 0.5701915168987768 1.8777276650340515 1.9385831771595439 2.0457230607573202 
1.7941392517017072 1.4685187200177852 1.48451574537919 2.0884438444276427 1.518157816184246 
1.6480390754413057 1.2213792772339154 1.842400706517668 2.0458567870919233 1.4257513020828811 
1.553416709024578 1.049607549249304 2.045674048871996 1.7577711251744566 1.7762267631676498 
1.4559442776222848 0.8817025233839878 1.753781707516284 2.045714254261278 2.0457142542612776 
1.531381694190135 1.4795434857165246 1.3319315356900345 2.043497373559041 1.7967079724648096 
1.4677163407912273 0.8761853829852677 2.0456841090962765 2.0456841090962765 1.747466494416058 
1.2807684532326309 0.8233282137683426 2.045824071398977 1.9875514757969805 2.045824071398977 
1.2767778744496805 1.5827631324960514 1.2319375700825603 2.045739288514146 2.045739288514146 
1.1853625346672294 1.3376061543481663 1.6787727257965763 2.0420641595195033 1.9393081262564342 
1.175525195565293 1.268565023448308 2.045906195278328 1.7271690911294082 1.9664592756919754 
1.142658938815384 1.4624367654047898 2.047618493988624 1.7410224998807744 1.796737277864924 
1.3044489279397853 2.0458997075108236 2.044424749313455 1.784353652902303 1.0044717923769277 
0.4344510274452059 2.0459582037842012 1.7651979429433982 2.0459582037842012 1.8922674371797985 
0.35624249567690924 2.0457252989321493 2.0457252989321493 1.795950337250083 1.9392577649373064 
0.5089977825999092 2.049023283789295 1.969897780933752 1.749264698478331 1.9189095893558934 
0.4546157918794184 2.040694903243558 2.045775034699737 2.0457736764599446 1.5962407325162906 
0.595975559836292 1.9144070101854211 1.687547180905211 2.045730961124733 1.9392631324472749 
0.8068750406154166 2.0456932814123747 1.2399011919209124 2.0456932814123747 2.0446103302884207 
0.2659038880399573 2.045745017855171 2.045745017855171 2.045745017855171 1.7798411298152135 
0.9479659756191626 2.0468338366521874 1.3624985409575603 1.783203156727652 2.0468338366521874 
0.8625206032431028 2.045869110087305 2.045869110087305 1.287633264785755 1.9415843521457532 
0.8790178791727143 1.9400399276693634 1.7574720128029901 1.667110578915757 1.9392568231352096 
1.1401476121660175 2.045575759950016 1.4474618615861847 1.50354204614783 2.045575759950016 
1.01126570887315 1.9561964823814983 1.3032216868692177 2.0457616903103997 1.866601192807333 
1.1501640758047886 2.045668697357864 1.4541101496024933 2.045668697357864 1.4870631693084462 
1.0719968662635058 1.9575102782675378 1.9257082278128437 1.2883902380731236 1.93924601803739 
0.7010390153613023 1.6829342123814746 2.0459284861251357 1.8189191926706973 1.9348936128658172 
1.1725508230663193 1.850214439087705 2.045922637881382 1.5186467498047902 1.5963559016853313 
0.9637265323615746 1.941648535706182 2.0456700135004553 2.0456700135004553 1.185964958933154 
0.9263162586716248 1.5175124963693403 1.7545329692128022 2.0459414699377754 1.939462685559559 
0.6321629416834745 1.6641659907826372 2.045684656696774 2.045684656696774 1.7950403809274362 
1.1034691158518124 1.3918908507571206 2.045816543392636 2.045816543392636 1.5962731201763387 
0.0 11.908636746364433 11.908636746364433 11.908636746364433 11.908636746364433 
0.36778521977594825 1.6805522378308726 2.045344404040329 2.0437343433590005 2.045805401668716 
0.6560114572519762 1.3899445396773606 2.0459559969293366 2.0459559969293366 2.045955996929336 
0.6524593886293512 1.3960386032498964 2.045584933832197 2.0440550857163275 2.046046003809257 
0.6858093725068178 1.5628510787145031 1.8453871720181316 2.0432728616142586 2.0457734949512365 
0.27503660078715303 1.933050161860243 2.0981985975209807 1.9883104323945653 2.0981985975209807 
0.5049090805288289 1.8336138173326169 1.7541408218467585 2.0460214620201507 2.045400666352248 
0.33948622240718074 1.8843585957510784 1.8687277758109953 2.045975906061879 2.045355124216383 
0.7895993435377289 1.4590590946202324 1.8453855199762244 2.0432710324195797 2.0457716635179213 
0.17942500205112058 1.866227200756293 2.045652202807413 2.045652202807413 2.0456522028074127 
0.20300275162023082 2.0469410961737293 1.8464404050976184 2.04443903562961 2.046941096173729 
0.2636323251127205 2.046846609925942 2.046846609925942 1.7832142848132218 2.046846609925942 
0.8328611671049707 1.476442296529026 2.0458052632063426 1.782307062778689 2.045805263206342 
0.8786758229529777 1.3431486947448563 1.8700298984921697 2.045927208095002 2.045927208095002 
0.5637012113120433 2.059732840283762 1.7960046890125092 1.77218224989186 2.0473103706348734 
0.7894596535738161 1.2588363038856172 2.04530296453342 2.043692936472574 2.0457639528218086 
0.5420212604965269 2.0455287625409255 2.0455287625409255 1.5035075020443989 2.045528762540925 
0.6773293522087369 1.9216633066315347 2.0456043836459497 1.492223019520361 2.0456066873355274 
4.542191728932259E-16 2.045621297786467 2.045621297786467 2.045621297786467 2.0456212977864667 
1.0881677822945497 1.4459671988212148 1.877113257972279 1.7262459880552372 2.0458314090477603 
1.0718885211873392 0.9737560259675102 2.045644547154849 2.045644547154849 2.0456445471548483 
1.226744059439626 1.8705940522136142 1.360865740121983 2.2289333150962642 2.22859609351357 
0.9898668201035395 1.5475140970957508 2.045956000822646 1.5545310844460014 2.045956000822646 
