3814.853736789998 0.5482236174607255 26.348446532673275 0.053277776652159464 19.73233652253844 
22395.862058034258 6.9126188126221635 26.799510547897405 0.03401068207561531 63.051599301997314 
1611.0882128156115 0.013948563436979904 26.684978571609054 0.06969020936933618 5.483843705840486 
2386.9306173860164 0.01383339249717606 35.238472703413265 0.5708229909529379 5.7130466967876785 
1970.7976002113971 0.5139177896092583 2.90841533492133 0.5264245517037365 5.021502954559117 
2014.44852693576 0.015368348809941203 25.30759459052826 0.9517923702010084 28.788920474522783 
2097.1407615238 0.5069295914680831 2.8447996455365137 1.1066041705233431 56.26671997897104 
2143.489369209745 0.5072401071813346 2.932810636983096 1.6799847615643784 7.422371316048652 
1970.797779335252 4.329956670917124 2.94827013723475 0.5457808275177783 4.947705835773008 
279.9126703207307 0.5075228394660964 9.370933181110031 0.5325705922885018 27.13131598671555 
349.8478804636727 0.5353223117607159 2.8334328125322004 1.1597682571419323 29.986949330347198 
217.4410388735094 1.7882030325956686 25.95489931519665 0.0429017126762723 6.0615155382639045 
117.69971783042399 0.5096210898308172 2.952515674971536 0.9011147557662753 4.962637780016585 
88.1648201625856 0.016921999265219683 29.88622453686592 0.7582882209941684 10.139268579452049 
41.3591775033741 0.016451935512955537 26.394604268799057 0.05437360156503113 18.644982527862933 
36.97685769438145 0.507864993800197 2.9228889778662275 0.5201385218737319 19.930522891463337 
41.343845786496836 0.3025840744446376 28.661700324148082 0.049606424258040085 18.978506706179502 
5.974003293397009 12.204735231405076 25.795618324022406 0.04894978432392058 5.924738276105843 
1.2157504567661312 1.12302424555921 21.492612125289003 0.5295198392861179 7.470510650535816 
1.3380795490021777 4.003484438372518 2.9488398925386323 0.5473566815516151 4.947669434260812 
1.1353750051908278 4.423554477101414 14.67891629521615 0.5716371086607752 7.294643413051956 
5.337505160098065 3.9049658621841394 25.917198340048515 0.4503016590967407 6.054833109480313 
1.1364095473156113 2.609089129235753 4.559646833157892 0.5824087217734271 5.114644416384846 
1.185610063369293 5.960392585692067 11.267805315287173 0.529245030912782 94.20336688487339 
1.3215927889940087 2.2613619859083802 5.59411192990524 0.5219535077775813 24.661251548945987 
1.3462618143309637 2.5097097593975493 19.007956426111054 0.5208321827920274 19.923812646250603 
44.59012486813722 2.6758599605624607 25.575823947670774 0.05260744221375374 34.78355909190213 
5.923172239544211 1.7286397432224294 25.964097055359694 0.04069541905221327 5.8815767938055705 
1.1958327465269019 4.182295432431813 11.424279842157555 0.5478822803966433 94.15084256923778 
1.2484654662411228 14.259680550146465 3.9978289373773035 5.964442868808901 13.907407815827794 
76.0935308010378 3.839283749427299 25.482518689328913 0.05637385324292446 109.06945449711058 
1.3178785662736423 2.2570542395250337 5.593433741333415 0.5211300550583645 66.04420806247352 
15.988211875621243 1.2843441472562922 16.93166468424451 0.5223034073832195 4.956900859661133 
2.944169813535923 1.075511176174408 25.58220263546976 0.06130284496148813 18.557967526799608 
13.471478271647879 0.7445011484232301 5.569172511807851 0.5224436584795833 5.031088403328878 
1.7867368223694375 0.7445817153389115 9.274801973040674 0.5319340339431337 4.896888565816563 
7.996300427698398 0.02113061000465833 40.95570106964568 0.06096813029845884 6.107133316390057 
1.391946098277508 0.5576806285918234 64.31544940662322 0.5423009961998924 5.004074169505907 
15.53975713868557 0.01704196525363885 27.46984254088249 0.22082668670720737 19.848659118741633 
3.624913862408064 0.024940473812301762 28.196201396803172 0.3904801574901968 16.943558744314466 
3.2274737370317017 0.5608459061059344 25.763466091948676 0.06555724376718261 6.094597278220889 
3.2242649884471977 0.23974179065187604 37.93968937289842 0.9215956701999897 41.89178832425211 
2.977163245818974 0.9675154693782803 29.96684151834577 0.056654258815178216 34.61991897746653 
15.539611472301257 0.017141356304727608 27.475757023628113 0.7588181397090051 10.102720352939068 
4.591038877668797 0.5086408244368711 29.746789399691448 0.9805422724069632 5.152603544714035 
36.97747018219547 0.5071522516098828 19.171220709320565 0.5227158331810048 19.92724180610644 
27.299145029971896 0.016973703329150932 25.536052051954112 0.9970211969981858 31.19453192615127 
1.3569745479089026 0.5161609182602577 17.942704993578648 0.5426241143787555 5.008567904614835 
1.240336531855803 0.9260837551192321 17.635770884241907 0.5213754475522426 19.92626475333382 
5.365114963338863 0.5080912255912267 16.18674993803288 0.9849899325403233 5.158620030868251 
18.146670471005418 0.5064250863346856 19.469980429065 1.22380840284715 22.789639082600267 
1.2538268731575102 0.5124482969421609 8.526505641119643 0.5216137563194089 8.520083002953209 
1.185589907700376 0.5078456335859649 8.957549342598945 0.7787978039611378 22.18792739448685 
1.3652181590743784 0.5074123258784683 17.58431004306149 2.427604560608509 8.967634774632264 
9.397862584511696 0.5068532345242536 17.60558561742708 2.435931668034816 53.51423216752357 
1.2932075809365138 0.5073141767709795 6.943571199800027 10.195960359618443 28.421072986579443 
1.3160914234374628 0.7442739970247361 5.582618849670645 0.5231168544762498 24.664541784133018 
11.98400687417599 0.015740258636071532 28.53838766037661 9.651511726974228 48.34617228226825 
33.00103351949428 0.2560112903674393 27.437893826137643 5.550896834546008 6.691738338778888 
126.4719125226486 1.025359241729485 7.2608822665840735 5.900720558817505 4.918814043397945 
4.134525407086161 0.01599352534151459 28.115332172881732 5.994956439446588 48.1588756110554 
1.222366461858683 0.5061393321415688 19.97281912063914 3.6237920405607706 22.78597751099965 
1.3354600339115845 0.509091742515854 3.07824272581717 1.8737977642494095 14.539781974550724 
7.52959262041293 0.5075928496373638 2.946578982720692 4.2674356310449095 62.8446898465876 
42.44143977693375 0.5072870461811195 2.9299985712229843 1.68138892018959 5.408855671171828 
10.512095013593013 0.5060307699925478 7.614780798574005 2.0344141020358943 23.178185077744146 
10.541190183368446 0.8830952958896671 2.908819512200969 2.042109346534037 24.25497255189039 
1.257378916177819 0.5107036024841811 5.76666761699021 1.088952961940292 5.221543545258595 
1.2908261223658228 0.5073608391641883 2.9810450992177193 0.9807405217657772 20.18937711112302 
2.0289841322838233 0.5085614927947725 2.927437323066437 0.8136381745315531 12.86570954139375 
1.2635687515587648 0.509379508822672 2.917969802559293 0.7575773521784155 5.262550374693172 
10.522794091813061 1.3527316978568757 2.860714647007701 2.0445652124754004 48.62935163687616 
1.3223827395298424 0.5071456588168592 9.619859460844577 1.2178274481953766 50.015551295908764 
1.2690085716025241 0.5093194221306697 2.92573315623794 0.5235887555302077 5.024761514124958 
1.1631461209162945 1.053414113532046 8.242634663058118 0.7694079505634407 17.889420438809843 
1.2578765837615562 0.7439057986742666 5.532719031313823 0.5301205842034317 508.0795542827617 
4.073118252770208 0.017258143834407758 26.296332013136226 0.04655528721110053 62.46187998105271 
4.2302094289867735 0.9632987037213935 25.692368725369924 0.06505482291321935 89.11949678218517 
18.287038068087465 0.5092357044376533 2.8962597963494483 0.9749218298670816 76.3286305547503 
15.310733106618713 0.01197738200458896 25.584789139872353 0.03856227165012518 34.054949832797064 
10.284254538709053 1.117159441557225 2.8369156442744576 0.5377966210137289 50.89353934252942 
1.1864405040156845 8.971857942509327 2.864520515920093 0.6659663163087562 421.31265749101703 
2.7253098622435097 0.23746741085195547 25.54280226467252 0.5620303146297444 62.9715749255242 
2.899748263080775 0.02672951254687494 25.514163807968327 0.1192763106874069 44.63158728482195 
3.6245448273440886 0.025659633116562865 28.000638513619847 0.4529870506344882 44.40622956608856 
