1.0197349901505472E-5 2.5542124127996636E-6 3.661404269641679E-6 2.729635777299763E-6 2.2266351610404936E-6 3.1191913060805733E-6 2.0379956446110547E-6 1.0000024527561542 
7.021849596276644E-6 2.916478971106245E-6 2.4966176287010743E-6 2.0864792730933552E-6 3.1509964756799612E-6 2.2230627758817504E-6 1.261759879662887E-6 1.0000026464812821 
5.130892740481859E-6 3.824195206779993E-6 1.2844276657484754E-6 3.110798799588585E-6 2.0278243029114334E-6 1.5738874867211984E-6 1.685235075197145E-6 1.0000018108182362 
6.027203616167324E-6 5.545151044834339E-6 1.5532297633364348E-6 2.6916045492810266E-6 3.3721194074802576E-6 1.4573688453890032E-6 1.6154799438612163E-6 1.000004002503722 
4.9185857281675276E-6 7.476247205044841E-7 3.1165661191842013E-6 2.8620987293906465E-6 3.985760956541348E-7 2.6476950346870425E-6 2.9256995127963623E-6 1.0000018112634557 
5.657589277502191E-6 1.1397955985182272E-6 2.756524975747495E-6 3.1362447748723886E-6 1.4585596245983455E-6 2.844397911868179E-6 4.026277768434153E-6 1.000003107743152 
4.726859344802017E-6 1.2939177373707947E-6 3.1805213350292924E-6 1.7336096315555455E-6 3.5725079075183317E-6 4.122344283418541E-6 2.796895885724718E-6 1.0000013022755079 
4.197603028164944E-6 2.191098310535916E-6 2.0190310658789915E-6 2.88690599945348E-6 1.182047150623628E-6 2.521367090802771E-6 2.4975158225415774E-6 1.000001315225343 
4.409850220232543E-6 2.6904916069704297E-6 1.7848230654605506E-6 3.588212730724001E-6 2.641705949969475E-6 2.1539635348574355E-6 2.3445220680537614E-6 1.0000011891363645 
4.220150728549655E-6 9.242786724783482E-7 3.595601187756893E-6 3.3447060020644527E-6 2.3816002292702222E-6 1.8719351240627806E-6 2.8551099537576354E-6 1.0000020636659788 
3.5388029212487793E-6 1.1189010839920143E-6 2.0786487838649108E-6 3.128474949387145E-6 2.3637569124592444E-6 2.4919951998567404E-6 1.9243384694626494E-6 1.0000010295971686 
3.222838277922326E-6 1.5493936962003798E-6 2.2736860619115198E-6 2.289522659308228E-6 1.270209131889987E-6 3.0323392136000818E-6 2.330511572230019E-6 1.0000025111712103 
1.100045747785454E-6 9.401778771868062E-6 2.0990047390131033E-6 2.8434067002950736E-6 3.9458953279580894E-6 3.5734966573906654E-6 3.3510378270180544E-6 1.0000020309143092 
3.3263119986557415E-6 3.5389484962164443E-6 2.7086877560702957E-6 2.139173724191554E-6 2.684010506983864E-6 1.522853457609946E-6 2.333075679902062E-6 1.0000026021727808 
3.42394222928956E-6 3.814128077380034E-6 2.139278796917779E-6 2.2584460022607642E-6 1.1171872863304764E-6 1.7744222084179589E-6 2.6924468992208056E-6 1.0000024115352817 
2.9109551160972123E-6 3.4608561179734557E-6 3.3572619469521767E-6 3.1072311431288584E-6 1.2205855825981042E-6 2.300074193474357E-6 2.986442027359144E-6 1.000001836262904 
2.901294547047687E-6 3.230645395298727E-6 2.241179341197173E-6 2.9341459329098847E-6 2.3416609639882222E-6 1.2799158796558128E-6 3.154924299752902E-6 1.0000018096132612 
2.5058409240192776E-6 3.067307874465373E-6 2.261625316313373E-6 3.560177817981088E-6 1.448268233939636E-6 2.2311251946498532E-6 2.387962266182049E-6 1.000002509277632 
3.283435009213194E-6 3.404317751463156E-6 2.07678660306935E-6 3.608071360659055E-6 1.0762678933917475E-6 3.2333468451947147E-6 3.6185628835998523E-6 1.0000003100730204 
2.9338205651591644E-6 2.6812020619639227E-6 3.1337524440138687E-6 3.1667159424464903E-6 3.496070359593831E-7 2.073489352143118E-6 2.097665252878291E-6 1.000002823835339 
3.052280393807929E-6 2.481065361806954E-6 3.302064603207049E-6 2.674040353513943E-6 1.0606898822135993E-6 2.0588073837576505E-6 2.7296402943640937E-6 1.0000029688027283 
4.850080951549769E-6 2.881926024288004E-6 3.341124988987772E-6 4.66205943332981E-6 2.028416674476053E-6 5.351408850509043E-7 3.6750273006050563E-6 1.0000045289509454 
2.8011503480119583E-6 1.6534176827669927E-6 3.2550607684203036E-6 3.4148650602096127E-6 2.7939867298420027E-6 3.0701009596959462E-6 2.2635345885614093E-6 1.0000017580666862 
2.3014374864239298E-6 1.26517733438451E-6 2.263786791564112E-6 4.164552589075022E-6 1.088627830097094E-6 3.196746362035576E-6 3.6168568093273223E-6 1.0000016045113458 
2.7974925669673847E-6 9.565002663591854E-7 1.1398288608440831E-5 3.647210801103769E-6 1.8561203367034854E-6 2.4358717188244743E-6 1.3183100750621548E-6 1.0000028717963263 
3.0310024187588475E-6 2.293812750329978E-6 4.036196068481758E-6 2.6337873980812837E-6 1.3833296745220768E-6 2.7162883645520955E-6 2.300195118416654E-6 1.0000021546733906 
3.932676200490553E-6 1.846038262956713E-6 6.597235193659722E-6 1.6298100708622492E-6 2.2864437533148197E-6 1.8916742486830309E-6 2.225104337049175E-6 1.0000027728619183 
2.0613447904726856E-6 5.649233682523471E-6 1.104942801476755E-5 1.8246241924750188E-6 4.3703752926069985E-6 1.5566949447269677E-6 3.808313507644526E-6 1.0000032563784544 
3.900751769512594E-6 1.41316986379657E-6 7.21967052303767E-6 4.622960479657109E-6 3.746498258179093E-6 1.8827707065219252E-6 3.5836250001859455E-7 1.0000009075881175 
2.6537788228107837E-6 1.5507665673324026E-6 5.8486108283196585E-6 3.7515426717018315E-6 1.3606910319172618E-6 4.405867315854804E-6 1.6046012894410953E-6 1.000001378921462 
4.097551849456861E-6 3.1055591372702533E-6 5.2025319530700995E-6 3.2210429742040087E-6 1.3477314849580685E-6 2.0806020268462456E-6 1.7861722002211075E-6 1.0000015624618255 
2.425916031304578E-6 4.932128518774501E-6 4.779097338187815E-6 1.56459559124259E-6 9.445778296913566E-7 1.833946283179351E-6 1.570902660316718E-6 1.0000028224659814 
2.7644793472486847E-6 2.1682625792822885E-6 5.1774530892023955E-6 3.9793056483829626E-6 1.8754944575328674E-6 1.436751597027509E-6 2.217429185761215E-6 1.0000012352316616 
3.4849181117054273E-6 1.7693282147047945E-6 4.329381509286135E-6 1.6716527292461122E-6 1.2996274310643706E-6 2.926294901429751E-6 3.2075933726732752E-6 1.000003415914299 
9.404767148287395E-6 1.8751578567727307E-6 5.536424532850759E-6 1.7269008084428569E-6 9.982260975666961E-7 6.2904790175310615E-6 2.0609133550536586E-6 1.0000012780979823 
3.979977979343544E-6 1.6312776908156835E-6 4.124716686111242E-6 2.6728350440687144E-6 2.6972421472648247E-6 1.6354983754645004E-6 1.3526912207200687E-6 1.0000016890555514 
2.615482583501854E-6 1.2644781325773794E-6 2.308118361148765E-6 8.728267754118256E-6 1.0100078366058788E-6 3.410600985693022E-6 1.33948234578652E-6 1.0000008110748049 
2.616434838703586E-6 2.447410476495067E-6 3.1947102690820758E-6 3.4441931322226977E-6 1.3740754322108512E-6 2.536944044743283E-6 1.570994736623983E-6 1.0000021167203446 
3.4447174216003225E-6 1.7706680430270145E-6 2.0426382569565467E-6 5.531358463522504E-6 1.3586760108905554E-6 2.8331340834906698E-6 1.8763195258959552E-6 1.000001646881324 
1.5742602021263732E-6 1.8523527094896699E-6 2.5486344326545926E-6 5.764926125490107E-6 2.557512084662659E-6 3.979356390093579E-6 3.0816890779611848E-6 1.000001149158932 
3.7575671274323185E-6 2.3042273830835744E-6 2.1680379923198244E-6 4.0810205526679265E-6 1.2520561308027483E-6 1.962582546050907E-6 1.569788709014216E-6 1.0000017378565031 
3.820242332380783E-6 2.3311805418031412E-6 2.6426901651356755E-6 4.030578531103597E-6 2.2802025363077826E-6 1.4370954578553533E-6 1.3552577419867808E-6 1.0000011463238216 
3.025581218395186E-6 2.5986584347430855E-6 2.243802585438158E-6 3.940040816784461E-6 1.5530302161004525E-6 2.476538727061203E-6 2.1593752009452382E-6 1.000000711208179 
5.03453189054967E-6 2.1779244365157644E-6 2.170783412701683E-6 4.340156582292058E-6 1.0750853853352253E-6 1.3911539516019461E-6 2.369261417538495E-6 1.0000004756045235 
2.1982620211092143E-6 3.866920461712636E-6 1.7195895961200788E-6 4.032794290492906E-6 1.4723521280242854E-6 2.881831039998552E-6 2.330746519307709E-6 1.0000011402750777 
2.4774774882868114E-6 2.5338549951051633E-6 3.3144999540821442E-6 3.688140852900252E-6 1.6317539189365363E-6 1.5730131546875077E-6 2.3420005358426632E-6 1.0000010340681196 
2.5248637174703525E-6 3.308451539658989E-6 2.978743647866972E-6 3.9318418549834465E-6 1.5828600196924457E-6 2.5947357306483886E-6 2.2432615919242983E-6 1.0000016056599843 
4.085389795596696E-6 1.8847994857190938E-6 1.4106655077328186E-6 3.4301923180941605E-6 1.732847650940463E-6 3.003211175824343E-6 1.2128158308648851E-6 1.0000019953359167 
3.0388804232468157E-6 2.4823975415850423E-6 2.6493176759586796E-6 2.726860866621981E-6 5.103780011968E-6 1.7335300323852286E-6 1.8005651168701475E-6 1.000002543883648 
2.3660321140029313E-6 5.080989198394158E-6 4.1051249855129735E-6 2.4773925342286748E-6 5.512031074066824E-6 3.985941191527389E-6 9.606774247203183E-7 1.0000020632413926 
1.5279361956855172E-6 3.263931967943892E-6 3.301579184444799E-6 2.1775362024007077E-6 4.4020542532456715E-6 3.4198419335938826E-6 1.8999417087138367E-6 1.0000031652553436 
5.083047884257577E-6 3.1769422421159954E-6 2.6464138716699635E-6 2.4781427224405607E-6 3.996559572176256E-6 9.88339134438796E-7 1.951046547815763E-6 1.0000031448884197 
4.304324058719796E-6 4.431183402240474E-6 4.587995333183482E-6 1.2152276267010185E-6 4.428306762254174E-6 1.427336741404762E-6 9.105929568655322E-7 1.0000048716864505 
3.082334377296116E-6 3.036862592942767E-6 3.977885698671979E-6 1.6168707064356722E-6 3.4695553691812007E-6 3.4571528030507797E-6 9.203588181011297E-7 1.0000030216883142 
1.9429317260486936E-6 3.2967015045496626E-6 2.9396342788864583E-6 2.1558106522708107E-6 4.161821704198346E-6 3.2760523827607403E-6 3.6390462370417123E-6 1.0000021453778212 
4.09376992787655E-6 2.2811804006697218E-6 2.909385121477123E-6 1.677863581019876E-6 3.588743463224526E-6 2.944820337066682E-6 2.7843151476975225E-6 1.000001584363005 
3.6421568134877533E-6 5.447324926919305E-6 2.0649122374075983E-6 2.6006484296316023E-6 4.510371856097858E-6 4.315920461977671E-6 2.3753020072339883E-6 1.0000005259539508 
4.21016749917575E-6 1.3709043175530271E-6 3.442261711790715E-6 2.1899697369913255E-6 3.1532365962749934E-6 1.2913142488317879E-6 1.572360178605738E-6 1.0000028429888168 
3.1611840666386437E-6 3.5834837146054406E-6 4.677311014478657E-6 2.6458771344069568E-6 4.853412154334329E-6 3.827063858354575E-6 2.9239804968684236E-7 1.0000011686183268 
2.7301837090317546E-6 5.814275869110274E-6 1.312219075928938E-6 1.7457591647535887E-6 4.055249912395829E-6 3.1293812755773995E-6 2.0287105822601715E-6 1.000004347978887 
2.0746368403736248E-6 2.99669467574083E-6 1.7721594207406E-6 2.4806338254436875E-6 1.7819284598013716E-6 9.271389203630824E-6 3.7283943061587234E-6 1.0000020419839175 
2.6306376846612597E-6 3.1652042166716034E-6 2.305541750168532E-6 2.259737397392816E-6 1.737148881050133E-6 3.0321883491736095E-6 1.575335478115082E-6 1.0000026513257647 
1.983565391919996E-6 3.2713009534439104E-6 2.8994730421513866E-6 1.788337658270923E-6 2.3667013940048127E-6 4.830320233118781E-6 1.5022373006307026E-6 1.000002069510653 
1.7881389235978923E-6 2.0065381643491005E-6 2.6974483256727014E-6 3.534932642462068E-6 2.822781186760368E-6 5.485502875591223E-6 1.2946839977278683E-6 1.0000010887259385 
3.297205283695919E-6 1.7813907358420144E-6 1.7257959162004373E-6 2.62005897463165E-6 1.0525911811331669E-6 4.525447585349279E-6 1.4465659294427228E-6 1.0000026989185862 
2.865788752263354E-6 1.0529181919602174E-6 2.3764513107356077E-6 3.428222345003861E-6 1.9026382054554892E-6 3.937385835808073E-6 1.9095080994037746E-6 1.0000013620068755 
3.6283916040546543E-6 4.733607358066513E-6 3.1678491353123705E-6 2.5859112130950595E-6 2.9978857358708034E-6 4.301900826428044E-6 2.1898905919820977E-6 1.0000009971348724 
3.4547459686014925E-6 1.8603814344791638E-6 8.646753729145184E-7 3.5781442285733575E-6 3.2782760345128574E-6 3.543007752953163E-6 2.182441395095541E-6 1.000001873388433 
1.9916983716229763E-6 1.1842134467969848E-6 2.7172451837089235E-6 3.7394819629606005E-6 1.2381735673763706E-6 3.6536601001164755E-6 3.5828886961804304E-6 1.0000016034298236 
2.8247588563084355E-6 3.2879394411079973E-6 2.2207438527099453E-6 2.4868893816730644E-6 1.7321157488369916E-6 3.740049380808128E-6 3.24101436746915E-6 1.0000009470500237 
3.130612649097835E-6 4.427649359132945E-6 1.1909704774239843E-6 2.5963790172947686E-6 3.1826865915249396E-6 3.4685157276722806E-6 2.847118878968144E-6 1.0000021777221952 
3.3534329899423547E-6 2.5512120564321934E-6 3.834645819882412E-6 2.3696901157738817E-6 2.357243783075071E-6 3.343891528187029E-6 3.37584278267182E-6 1.0000019940161953 
3.6068141254731003E-6 3.2281625767152952E-6 9.967130494969033E-7 2.670528081225505E-6 4.006004929359451E-6 2.9750552140017166E-6 6.529638004279748E-6 1.0000023723325437 
3.269692795015514E-6 3.115231763928707E-6 2.2071124810863557E-6 2.738934118715843E-6 1.1975644447691935E-6 2.6023533251194E-6 4.1263023270147946E-6 1.0000020246536214 
1.997473866448924E-6 4.275104613232077E-6 2.2695790760691837E-6 2.1385976293888245E-6 3.213283377080353E-6 3.915237767342781E-6 4.767104774308404E-6 1.0000017545359468 
3.0766242629387116E-6 1.3022178971908465E-6 3.8804296068441464E-6 3.290698882103985E-6 2.0586313524259355E-6 1.8176236824758895E-6 5.38796195953587E-6 1.000005739084408 
4.388450080383672E-6 8.511864543267944E-7 2.3237112042218408E-6 3.772877134051383E-6 8.353192680223387E-7 2.655404287841391E-6 4.959535632075863E-6 1.0000037712004433 
1.903800386048048E-6 1.2357486631783529E-6 3.034333169902419E-6 3.919093637557134E-6 2.6070588543856567E-6 3.62164546506383E-6 4.5717850339007935E-6 1.0000021093860734 
3.5115185096993467E-6 2.0501947331093157E-6 2.0231322189820758E-6 2.195194297403453E-6 2.1812957550554944E-6 2.450125070907319E-6 3.3808602992522576E-6 1.0000028306359097 
2.7414303582212572E-6 3.348101671372624E-6 8.792658957483914E-7 4.170115182392006E-6 3.884790064802787E-6 4.318833519910999E-6 5.091499796714667E-6 1.0000010146802467 
3.935004066735242E-6 2.730115968855869E-6 2.1502028900081598E-6 2.1741461007271723E-6 7.953474410908289E-7 2.052574454183358E-6 3.0967291286107227E-6 1.000002710940357 
3.964336766286995E-6 1.8641841775791575E-6 3.1717385934959054E-6 2.6050925386311777E-6 5.274420097490945E-7 2.871486499539553E-6 3.3064018168847954E-6 1.0000016577462558 
1.9758727148376575E-6 2.4043933849199997E-6 5.332271558058822E-6 1.748990472230209E-6 2.2157491484203594E-6 2.6197251397295346E-6 3.7094185432759087E-6 1.0000025482742012 
3.6758620063649245E-6 1.4957550326632832E-6 1.798221478286737E-6 3.326440849027827E-6 2.3459809563049408E-6 3.1600869030710733E-6 3.517069852929611E-6 1.000001380807902 
5.01117218102148E-6 2.4179630656208715E-6 3.2147081910471286E-6 1.475235906734379E-6 2.7226362780864724E-6 1.5429039787781936E-6 4.248210743032336E-6 1.0000108475056726 
4.411988180524349E-6 1.884702604925857E-6 1.5919604599835982E-6 2.6100073430562676E-6 1.8896611038540003E-6 2.313122968300166E-6 1.799913686332357E-6 1.0000033595833369 
3.5168137721653518E-6 1.946317731283532E-6 2.091258428674498E-6 3.538501702733739E-6 2.1796216924848834E-6 1.1240013698218887E-6 1.8527712140498577E-6 1.0000052113959261 
5.952699397118455E-6 1.4606966243826222E-6 2.4969554308993024E-6 3.528336924303835E-6 8.323074517539834E-7 2.8844496049322307E-6 3.376067276262375E-6 1.0000053461211291 
3.6281917556149172E-6 3.8374851584089965E-6 3.877572031908437E-6 3.3805034116496733E-6 2.353448252498422E-6 4.064697112162438E-7 1.793150135860836E-6 1.0000045528324188 
4.926215309359231E-6 4.462328669855038E-6 2.3488080298364993E-6 9.569450466997384E-7 2.8055617653102097E-6 1.5142542034949326E-6 1.8797634069068051E-6 1.0000040828619634 
2.8315296585262782E-6 3.2854209908582778E-6 2.0258741019903026E-6 3.0361464870134227E-6 2.6735629513221805E-6 1.3790612919087106E-6 1.568072778602775E-6 1.0000035472829112 
4.703621959179986E-6 6.12767284561583E-6 1.982370950716414E-6 1.0801313545266566E-6 2.4169494181952432E-6 1.6014492383973465E-6 3.2061609109687916E-6 1.000004645172716 
5.577861015663893E-6 1.4709449480685745E-6 1.9005020049694156E-6 3.157726919760688E-6 2.0117375519499437E-6 1.90228195950646E-6 1.1683143493894337E-6 1.0000036967351695 
2.7390310722781046E-6 1.8460930776244642E-6 3.5698568804276523E-6 1.7985251599497096E-6 1.2191760614868068E-6 3.1755172201783416E-6 3.155941789637991E-6 1.0000034692371118 
3.3213492399682127E-6 2.3847220382502113E-6 3.79490949664229E-6 4.194768039043516E-6 2.895217190881599E-6 3.7249709988720327E-7 1.262361367747431E-6 1.0000039869214106 
3.816836841330398E-6 2.120607872928533E-6 2.750588879121737E-6 2.165268942921804E-6 5.257337026114126E-7 1.8056135427646847E-6 2.2795876129259067E-6 1.0000027344041555 
