4.716560809105815 0.05356248279486315 0.032189637596525475 0.034991841398877586 0.047413772195210487 0.02308120836526284 0.026938211870379924 1.0223041623566549 0.07716146395327197 0.041338903327670214 
0.4491792897331022 0.04319418152238878 0.025994364235525706 0.036536660006957496 0.040241326784420293 0.030205068486773137 0.0720932180069552 1.0197439949417146 0.392852189401233 0.06339871377945157 
0.9656761192730845 0.05584344539300552 0.0371430535194338 0.35703747649813145 0.15482771685907085 0.2526039353644261 0.24340140265548743 1.016595444591061 0.2688211660792363 0.1636156145469814 
0.20982780999641523 0.07680273460821434 0.024650439653805405 0.04095332371133756 0.235894950918149 0.027877110259722292 0.02095399346500389 1.0190406582770188 0.07670245900457703 0.11599492790722116 
0.29570663393122604 0.2736567806247605 0.03285594178238381 0.1531159248243451 0.03545831467860138 0.03417252032845777 0.02827234367897147 1.0232870271756305 0.08341662563533936 0.15038816345904327 
0.2997757032329547 0.057342666898924234 0.027964559604440248 0.0625486137230143 0.30312202478474853 0.027790534836886083 0.12232702443139377 1.0239810961983493 0.07001600024296932 0.026151678401279004 
0.1670400677162003 0.19850986963328168 0.31365698586667967 0.037145396263033745 0.03181164491583422 0.03246825567939842 0.025383981950871166 1.0201136268223532 0.09343480700513673 0.06180571287187059 
0.2861203874374865 0.05286043318625877 0.2850094363417542 0.28712883273085843 0.4552026615771987 0.2731832783696673 0.1172086102688951 1.0177843857670583 0.07435458749764681 0.046900704462829505 
0.2621154163683348 0.11635612991328621 0.04910546771539767 0.3614834701294938 0.16848864436054195 0.2548572836528689 0.028517163404593135 1.0148123774494495 0.0906174574299391 0.1588078167218568 
0.04831688915819273 0.05210912751394552 0.039818211896970976 0.039837584618127156 0.03606995167622574 0.026273785791040314 0.023468117054562317 1.0237022108230656 0.0614542013217715 0.04041583904476051 
0.03815250037144148 3.5342094616443562 0.03911123891737468 0.04104785230522524 0.03293590573843676 0.030234701414390476 0.030342032454030717 1.0221590199025974 0.08719358690454027 0.042208454498480014 
0.07863049852651502 0.10543178708245125 0.055722020318273884 0.06388075100539223 0.13854483606579202 0.027200292626022943 0.028934274090667917 1.0178046198368385 0.10739451782951999 0.060219214297663776 
0.03699620908048927 0.3706169964684549 0.04548775147502052 0.12130826615689037 0.03450020755840286 0.028563791757028823 0.04701552386831482 1.0221239233154582 0.07707762489335368 0.036013659775309494 
0.045340443116293414 0.18375010834540362 0.033638357337067055 0.07631274490361416 0.1345901687866332 0.03245197502502243 0.03089489046708496 1.0176045502947129 0.06385989126512283 0.05161824030051453 
0.04636079227309764 0.37019212980264055 0.054478235159898386 0.04370094631112659 0.039320776802969956 0.030496325036548134 0.026949303347583015 1.0298652640403887 0.3005796571363645 0.040501427819196356 
0.07265380704602242 0.3812741194449336 0.03389023523041156 0.18939321805214965 0.03915075184757176 0.02651501631551037 0.024322902590742528 1.0200071467773255 0.08548617070056318 0.1455969162063126 
0.08613617703244289 0.3873201696958881 0.033255985781811444 0.0346191578347833 0.040705515991075164 0.0465212339051868 0.19010223760482736 1.0204181591511556 0.10930959540430027 0.12939308722354884 
0.03863727273831938 0.34221495882611364 0.585793782271604 0.043993228352145086 0.04994321840269753 0.027620033142985723 0.02772956312507291 1.0197261431047393 0.06052034294400614 0.03507927728467204 
0.03683178487415299 0.05945487953399145 0.06405035186898023 0.031632947100172656 0.0378652814093391 0.02565162786273267 0.022739829258932382 1.0279694828435757 0.0806787468317704 0.030636192559537274 
0.02561377655100991 0.049254025866208036 5.630105680895724 0.03960101263621776 0.0512202024453626 0.02903000394100554 0.021975529160507264 1.0182489284886114 0.08681303499709166 0.052324536123942104 
0.031326514278429966 0.045398631846680644 0.03859561406677088 0.039674347955753024 0.04790566635234354 0.02884499772551364 0.01785889596235318 1.0268178329766688 0.08547514448487226 0.04121238545210477 
0.03301311164945806 0.05275737299371829 1.251227293181683 0.029505612142759936 0.23436099891688328 0.5002249436039641 0.02370726441689922 1.0170283170913363 0.25344741288213035 0.34259415082224043 
0.02644543212342523 0.039518489327571 0.3765794300801926 0.03625612106010754 0.04138296363094978 0.029827702306793016 0.19057190574126362 1.0257980079440048 0.49847154999519605 0.028726944427490925 
0.03677364583338339 0.05471183392851533 0.050161429909341554 0.032576363099835325 0.05080932926524631 0.06135624555180935 0.03320625910078628 1.0293221619054815 0.0830600572233911 0.048331089692924115 
0.03216378456873161 0.051608001058601194 0.0384778887812432 0.04101260083960084 0.03477612955571553 0.026585901443231908 0.04776649076237144 1.0238719040759066 0.08794550116116245 0.03889247332154248 
0.038553243856521584 0.05511703718964485 0.06209527718484914 0.043138560583137205 0.0328978594612342 0.19337780370866087 0.19329304275595394 1.1150252485757668 0.08162770639531539 0.03446447948547957 
0.4455451663979624 0.05011849668991834 0.050209511204062064 0.09472521064785526 0.03531104865736855 0.03446353537118449 0.3816320625200867 1.0477083341814575 0.684384888985042 0.07887590403654474 
0.037399219241387886 0.040862596046287995 0.04822007811230418 0.8293780182153311 0.04923000912826173 1.051828517166003 0.6903587993683662 1.226218671721845 0.07456233271098821 0.036063688483964365 
0.29239626848902633 0.054679475282683965 0.028010655742364693 0.05111268207470472 0.30503338913608097 0.1976734781248607 0.286518239329132 1.023994561616796 0.07908664943496756 0.02686235041319881 
0.042951300587171455 0.0520006488471574 0.05229933945470728 3.8065383103356263 0.04095485429852563 0.023498772544377836 0.023109946191619258 1.019663417184644 0.07782648155538732 0.03744668453740001 
0.04179794244793576 0.04530668579719975 0.06548831730623765 0.5504482543459429 0.05039700786451461 0.2696012123128128 0.033194368900118586 1.035621901448259 0.1457900268203852 0.048396775659932834 
0.038518533314452666 0.04752129381400661 0.11955661503745178 0.1351383546300134 0.04994042073841258 0.027363994079411324 0.029517476601752763 1.0197666643961734 0.06444052737762954 0.03254142901097895 
0.04000326013773854 0.04885278056835658 0.035074315189671655 0.20941071284080326 0.03486418267712499 0.03866976477656353 0.034906896110099624 1.0242333827984187 0.21092592990893794 0.03226547230345073 
0.03328159197284015 0.04644338736231706 0.03169383139777857 0.16443586831811133 0.14853311474267428 0.02657213897973712 0.03454698589394783 1.0216330300402476 0.0663288112516439 0.05580843625923519 
0.04469138439191056 0.04823256717516407 0.10729490842104394 0.14591545303056636 0.03218900094396594 0.024020396054548216 0.027376347862122317 1.0168788110120328 0.06804188457558533 0.09460515100224468 
0.04119121794509631 0.35946055887772643 0.041996501553333315 0.6606153337035172 0.04893595876416998 0.4801562957657218 0.28723632587395703 1.0211111364662089 0.05858107499294414 0.03532705995947257 
0.03367415280479949 0.047765549645159645 0.03886177678128077 0.05149241199949434 0.05315928100064213 0.03174667863429468 0.024550795006498653 1.0210987739662685 0.07914228419711204 0.03115405719047013 
0.04679990192853049 0.07308375403117892 0.39854763165820795 0.17772754545836444 0.05218847902572549 0.026801329987170667 0.028470233920094908 1.0178368733952874 0.08217037047982768 0.08699764460675898 
0.026998166992159626 0.07794730637627212 0.025791879923738013 0.14696895898966855 0.04215828711715934 0.028360451829439658 0.11615455835241033 1.018912335062966 0.07312599189181496 0.048358480817225484 
0.0513574664394823 0.05477304684472879 0.03299692228480448 0.030203060327856458 7.678643313473825 0.031850653095943794 0.01873010108178736 1.0283156847581374 0.07238555017336934 0.03788157612290393 
0.02993641222552283 0.07853047606144897 0.03746413349945604 0.04123974640748834 0.23383304882103334 0.039290120357404784 0.019984761612133535 1.1551326066574508 0.07639790735950101 0.05902029754893303 
0.03766223149019827 0.047437549139220735 0.02773552681100388 0.03317788257479889 7.6710991266566 0.02301008790587405 0.03170611194811157 1.0243699604427425 0.07837538606648752 1.7042650088636537 
0.29562284528353056 0.05789197073658217 0.027976043211588333 0.06244372100423575 0.5906300323113899 0.027701750922386296 0.08389196687316872 1.0240474934989021 0.07499332192395612 0.03161965127811749 
0.039799647587424415 0.04810478973303838 0.2450619302365725 0.04400154678476784 0.5921714042274411 0.027118850845289283 0.038155504948738615 1.0218251363492337 0.07529263583615699 0.03833753383007061 
1.8565088947219333 0.3905792975996169 0.08210909721302065 0.04002669154210528 4.458503465484636 0.025055047488039137 0.04123563907306069 3.639104872553894 0.06241113509550348 0.5756327099825364 
0.04454813612053616 0.052824509724588735 0.030880572946784375 0.04935786791848748 0.11361467547501902 0.03706563041606211 0.018094105725328966 1.01940221898186 0.06824632413659353 0.04009563348689894 
0.03019510935071667 0.18618832835686444 0.03841065352724421 0.046520117674165695 0.23749869750485667 0.03154093269274209 0.027815560767802037 1.0161592638769719 0.06920508153427783 0.03973665605453075 
0.029203838802597363 0.049914591361337586 0.041267565797417284 0.5168454398098625 1.2908104163577814 0.2620321755971415 0.03615000629410697 1.091297395235398 0.06985253304713761 0.7093573579114918 
0.035434612502428145 0.04228287172951868 0.04644397190470912 0.04661129042017945 0.03343492520705414 2.9632027362694378 0.02349762800953527 1.0222343134215928 0.07875652264611352 0.03971689396239834 
0.08122438114394928 0.14615367976751906 0.05404554992936448 0.11579990234736054 0.04810325580519284 0.14899093640564448 0.03954229189322486 1.0235945150569814 0.17924025928609685 0.04348988702281342 
0.03157133083435805 0.04505058641929661 0.03544231612651517 0.03970569747217138 0.04794394837027536 1.2794722992486067 0.018840819270230926 1.0268745985542693 0.08314384034826278 0.6979189323458185 
0.04072579150029602 0.046552539680737255 0.046735927885539305 0.05133245156660447 0.22364054711412198 0.1986613398361626 0.023619599884688168 1.0197549249561093 0.13606483907927205 0.06606069968275709 
0.045855468170323606 0.3565205951603693 0.032481766395620934 0.042774047441121094 0.0500725058338649 0.4821326877639551 0.12148731765269481 1.0231555812624324 0.06701572151298583 0.03782213318284215 
0.037709848244778285 0.04944613873861575 0.036332758815745006 0.03718163389084413 0.6337207025001658 0.5005514575010763 0.1435427193286001 1.6295979995408723 0.07284676177216826 0.03418545540497324 
0.04453983232462387 0.047930443516864735 0.46323220599093246 0.15193719856057158 0.03328404575478225 0.46000899439095005 0.02587549856962203 1.0211027660314058 0.08000627760441531 0.043909989787403465 
1.3089514065866805 0.3673921221989279 1.9711194464828423 0.036172807724535704 0.054392232056463444 1.1901019392910526 0.02355739321865663 1.0206490397080843 0.0776466662885681 0.19440300323511145 
0.030211549082943594 0.053084551269181345 0.03421901933802861 0.03830018192697828 0.4390762983665724 0.1526528693960728 0.02185539983050333 1.0212660195416527 0.07369823137811303 0.03316160394796807 
0.3009764253022331 0.04297477054585185 0.03834790243030222 0.045496038936450406 0.04623212327786293 0.18566352642453263 0.038961363022269394 1.0262959812388868 0.06751227401460358 0.05706917920825802 
0.037386105912953514 0.049686736201877205 0.035072126230732845 0.039502129639312454 0.03273162691421864 0.02628986623034745 0.7356619676079658 1.0203641608527863 0.0662405580054107 0.03359995198391477 
0.04461416857732941 0.04172884303385891 0.041455315044793405 0.04368807106722466 0.11355587020793219 0.03179963217416872 0.1465492265760079 1.024259271500092 0.13045269629689052 0.039447180566942755 
0.03477233943721889 0.04143517320290573 0.10821597622817605 0.13299220482377436 0.04892759431123972 0.02741779030536869 0.1923321546603396 1.0195857728758702 0.08672063268738785 0.0327483287600146 
0.03999893020607653 0.6812180077668913 0.037387723991683615 0.11326752942953351 0.4404919497120975 0.39314128527826514 1.1740712763558954 1.0211984563169119 0.08429294984302863 0.029962696858160862 
0.08589489576738803 0.05897422113175313 0.03308565620125928 0.0340853640536911 0.03882724380628881 0.04594043268047345 0.19453808607180478 1.0201900491309208 0.10566856070592877 0.1268797999329802 
0.07507651344535152 0.05116468861971314 0.051068865677173794 0.04955137889017442 0.1348399045643343 0.0373497519183595 0.2095854933281078 1.0157786425388733 0.2409270208315763 0.1083102852804706 
0.07293609876280863 0.20665953167162757 0.048302930444236204 0.07879226767538675 0.05954252380630859 0.04852249187493914 0.191734523921128 1.0140621586283023 0.062429891126553234 0.05100800536919148 
0.047865754481312056 0.05997008183297297 0.39885636328568774 0.06716670286167797 0.052488787313428154 0.026901948761542824 0.25520364448521005 1.0178247520303243 0.08302147670862396 0.08692186408345028 
0.04580268653381216 0.0443449125961728 0.04191136328358451 0.04000997921911361 0.03956071891881588 0.028074852068054264 0.03183134765709917 6.681172026481228 0.08079206423786978 0.042045221989000736 
0.04426652789169355 0.051239937482766756 0.10982633009397053 0.14045989264249287 0.03297685934415666 0.02773682387487113 0.02867805333955786 1.1427344213558086 0.07306608285616319 0.09249797793781797 
0.03700861940961704 0.051396535964517195 0.06537791036592702 0.032976704901721776 0.03673042454059181 0.024033150811349286 0.022733951206828418 1.1113520683917095 0.1294834163569516 0.04230053756733934 
0.02985968230497108 0.11526044282018849 0.04449233796404146 0.05283918737808569 0.05191973272740439 0.02431095971576344 0.0248485039319832 1.1166858566169044 0.09876006195695365 0.038831992797251955 
0.1727194962247701 0.04391107807311602 0.049137865127632 0.03376448509808944 0.0525859853595706 0.044239773083229475 0.029806248550897377 1.1152490008381246 0.07696191504051407 0.03740981060624968 
0.0483807201993998 0.051808632997042116 0.39846565033686265 0.040194623131357674 0.050549579557406 0.026170457009811222 0.13434909632335593 1.2290571138354498 0.061578174196707317 0.040419097859382 
0.03654985496252139 0.3657032612199158 0.42399993781776013 0.031237086892678574 0.05179520079987877 0.059748894746489416 0.13198366063542236 1.2329505121850557 0.0851062293821281 0.03237013934138924 
0.03915684291561559 0.06606012655466008 0.05114974054850583 0.27560497414352075 0.041584057485597056 0.0221082880195657 0.41162665456413156 1.53588876592448 1.104948126006576 0.049361871198855475 
0.03254767176740013 0.05192239987995644 0.03956668660279961 0.06600446736363512 0.11545271899595544 0.02838540289961084 0.13103473267805935 1.2266122402703339 0.155222869635091 0.03441704299027615 
0.0357922945585257 0.05294780552786533 0.046782064240459 0.04098314162559723 0.04554149525497666 0.033561036196306515 0.03153637682673018 1.0206375288050662 4.170724757665276 0.039152063665778246 
0.4971793048802357 0.06664332167959129 0.05640802950987135 0.32458062867779386 0.042302101483224844 0.02369618993902716 0.034820497507448034 1.1290530677630835 1.116558374381609 0.04997230410008523 
0.03685117227580501 0.05154713605652459 0.06424027669310785 0.03204888714840392 0.037513903304304416 0.023940652093730263 0.0226545196622525 1.0269160139725266 0.13490081463753542 0.03919137298988129 
0.08653086463705818 0.21491839385617442 0.03379272963145073 0.031217192776546335 0.04071287541138339 0.04694673397164074 0.1898235295170099 1.0219789936594104 1.0597326727611205 0.36820618326687743 
0.047841476346867605 0.07054735841111766 0.03267868964578004 0.05112688253801241 0.036060818750751136 0.02635861080259493 0.023427855458966487 1.0237330585607698 0.12848164098037707 0.035486826545026856 
0.035640123870868026 0.04914192097643354 0.038553392469425136 0.03990371708050402 0.05121743205349297 0.0640016353654345 0.013997376606519693 1.0166846319214446 0.15064685383326443 0.05596564496023924 
0.03155090805785547 0.04543452223980639 0.040253433497857885 0.03799974339872994 0.05008807851153971 0.027878883605682962 0.015925380677928123 1.0230654077092378 0.0852156252862003 0.03350253699431153 
0.419403944242427 0.056491477268828645 0.3257070062923338 0.029880998283592225 0.046156711523776706 0.025505415609328858 0.045307598327357 1.234948277436501 0.7011673511139421 0.25155496608513656 
0.08652424381464782 0.06997332355126523 0.04435322891711475 0.03206815056603412 0.04105306270207299 0.04869829495232116 0.19621279236626868 1.0188907787804113 0.8864749752576617 0.06416674180703533 
0.031113049999524356 0.05003613554928184 0.04358975902633178 0.09697062040723925 0.032820534232648885 0.06378244519742204 0.025488102259658984 1.0240085218995822 0.19720469018214531 0.0457059681932657 
0.031533018554537856 0.0418061711498193 0.02684806285688729 0.03186879805794819 0.0457549297337115 0.023746545114789512 0.025039570366013487 1.0323997395277273 0.08271584434234579 2.914775725604381 
0.03267529381057758 0.0523523357014999 0.041566090363170174 0.03880438873355161 0.23479291568105307 0.4991376962448508 0.0234425260989287 1.0609890531327122 0.07660555794889966 0.7270734307894852 
0.030332785726029262 0.042400176661221936 0.02934878806497671 0.036692402725612576 0.04181452825296412 0.030082625022298318 0.02430208115146135 1.0197437202628212 0.08489433120900483 0.0634457442585239 
0.03854935525422393 0.05716665982506019 0.32254356784114746 0.030079558232352064 0.5924837922280406 0.02873895742547718 0.03998267829171107 1.2076191099198146 0.11156800259706195 0.3583083941970765 
0.03067013854128076 0.3809596558792429 0.054548568548996104 0.303658096040461 0.04096253004837173 0.04886193271329333 0.02810287340690755 1.0298739080844415 0.30012035683739485 0.41625565021689553 
0.08937718495302259 0.06061000807488825 0.0331667283682612 0.03469948456047383 0.04062467231045393 0.046262684973775774 0.023308101217748022 1.0203736672390118 0.10867916946303566 0.0759109565140215 
0.07897387977498153 0.05061514861914764 0.03473565762087425 0.034473674502401366 0.04163107656949357 0.029256899998298738 0.19244039122338824 1.02168271872116 0.07276739901118709 0.25946777214649097 
2.4359850533280025 0.046152917106502656 0.03390627257182825 0.03201934926404689 0.04756679325533834 0.029299078807717288 0.36368638495630373 1.0229273776529249 0.0786559138651425 1.235119273293684 
0.07802922321657477 0.10642027011117669 0.0554534117467743 0.06204455586044372 0.13853699006994583 0.031117183024036096 0.03005049760951337 1.0165216312882692 0.08803076115770349 0.11019022395910913 
0.17847384230942256 0.10604854458341391 0.5737021578338811 0.039868112671710365 0.12423591290591986 0.029089480952422385 0.18913489538147674 1.0187117507217136 0.0829675205469169 0.33959020720431404 
