7.924865524963795 0.05730678098341768 0.07499560023064858 0.1577589143974907 0.5895090754817882 0.06828220911027792 0.09238575474379672 0.8868102597756874 0.0930588425282636 0.09123774869712338 
1.0005453112387162 0.2453024321958282 1.0667800875570095 0.10368308264742822 0.5314050296092827 0.09679355427929859 0.16221411355731444 0.8801814780931255 0.20796816857915065 0.4923878215559002 
1.287536951439919 0.044379185772690545 0.0796295824772367 0.5676064617588272 0.02818694045722403 0.08231171134380398 0.1021491300676655 0.9174011017882406 0.5543567965464677 0.06295617949783691 
0.9995706096979562 0.24654961931030495 0.45044147017425384 0.1138833744055254 0.539457437270399 0.09616320081870783 0.6335582230301299 0.8765721285037703 0.06807994048383806 0.47597012489678786 
0.8656955786581771 0.06458573957868825 0.12268299385547644 0.12347845366282713 0.020919345793512976 0.04229886096925403 0.06667182631979868 0.7701321654857928 0.5224272986838105 0.5483728569461429 
1.4028360536818159 0.0649420456241702 0.7031133668437911 0.5658847466076574 0.03949299744621995 0.7643126315905535 0.046896697741415354 0.801129313351957 0.42787139998815005 0.9092908236464265 
0.7017776633914429 0.03967628635688497 0.07394089979590314 0.6049450233776786 0.3896869255295335 0.07875084493421182 0.41856623579286845 0.880034810044647 0.08615858840104704 0.09432090129659887 
1.0646258162930602 0.043823646457284905 0.039102629236588124 0.1432992264794279 0.02642702332481623 0.8280489397653739 0.6401612962057159 0.9044584139022804 0.5508693377387371 0.5808256050318601 
0.6641580501006684 0.31583402979341674 0.07880142308784077 0.16207592076142652 0.029233054391756486 0.11029482694372193 0.18272425196881853 0.7663359326588951 0.46979107139656495 0.5864710251223024 
0.683943307259839 0.06411799989557214 0.07181981111458761 0.12488950506348692 0.4795802873485263 0.08155754336069014 0.0977471199502314 0.7737068328212806 0.0686680922575298 0.5649296551879406 
0.06521110182299754 2.9951558663393043 0.43491286355558223 0.08293382689251116 0.023592356239957576 0.7053620383566903 0.09539981134627863 0.9621898554000847 0.4250445230242863 0.06448722537006922 
0.0569018944562997 0.7150343664986764 0.1096441048302246 0.10016177164540514 0.0207094055643294 0.08652804740271566 0.06496286884305165 0.9048959033332091 0.33844907280435865 0.44560367178646976 
0.10192144526035744 1.1332819622669423 0.6960585836185448 0.6180470620853156 0.3780715181294633 0.07934826638406607 0.7893601350211152 0.8257377054428053 0.0812923327779953 0.5106020336850118 
0.08042057468140411 0.5030477212913383 0.09345993992935221 0.08326565345970321 0.04222057996054364 0.08203831291324833 0.1657870410634728 0.9842593714351463 0.43654755962029584 0.053081693729053796 
0.15543786772453244 0.7267989632914782 0.09282377796138423 0.5803952244385159 0.37271023120637486 0.06313914653198882 0.32322191882059226 0.7680438941010104 0.4284424153957196 0.6090855858682591 
0.11228448475193491 0.4983749680791831 0.07623475153051108 0.3418463924824239 0.4018781315332846 0.32126683623555274 0.3999873159257474 0.8878991412846932 0.40473895711914915 0.08391029115993487 
0.15305531282176116 0.7252082144674094 0.08834509484396377 0.07719369349619228 0.36934052038512344 0.059832440703704436 0.9046159821707955 0.7653611576765614 0.42487072126763137 0.5214142123471579 
0.07036959419123644 0.511208001790269 0.06821428009998586 0.07856416134256801 0.02947717626480547 0.07499122766705597 0.6819430044538374 0.9784467025718301 0.42843784324407896 0.07079666583294358 
0.06816554567578803 0.49528628608812436 0.07955362037492951 0.1332243150911575 0.032650618709711934 0.4223130379561434 0.05468102280363741 0.8299053051787744 0.37538313678158064 0.5815384174181856 
0.1338923010220956 0.057605435743295734 9.641697565891638 0.09429089512500029 0.5096488537097139 0.059584660304567785 0.24318854925485978 0.887758966926822 0.0937775915035751 0.09469254231902963 
0.1295007340241046 0.40408022000041693 1.049334767656171 0.5583328032452056 0.46397308942255255 0.07423129596488462 0.3124069724649806 0.8761376737919376 0.20483646302255817 0.0828648408547264 
0.1301350498409294 0.041496243922839585 0.6834216259102117 0.559478598537627 0.4736796307529433 0.061509365394421714 0.31219223950653846 0.8648827105470936 0.053498187968674546 0.0615098979930255 
0.09430043992358064 0.07975361703484629 0.8063303762361355 0.1025290114376559 0.4256482126313276 0.06578058392315837 0.335524273960203 0.7468979251591905 0.15880229984791205 0.5792423995323132 
0.055952274136998124 0.06092251462545734 0.7593547649213419 0.11270308899420932 0.018607408876890687 0.06611954955877258 0.044183623913188 0.8536221751684832 0.45341674224793493 0.4548439559863614 
0.053468016507151675 0.05834317821375739 0.7026558919225061 0.5730244595117011 0.025213680079201363 0.7602234518037143 0.05220146169332668 0.9395010124782817 0.4736529016863456 0.09383201018445086 
0.1471746479048186 0.04707662212297658 0.6717173127842401 0.6730725208347567 0.40975969699697173 0.5219807472049438 0.4129212527230702 0.8754900013598123 0.06831203141762208 0.11060947419551831 
0.09557664990977804 0.06250131854716909 0.6986867792242354 0.6538034640470591 0.3853216673462614 0.06382346163984363 0.3483047958419168 0.7822116027894175 0.06608411420192087 0.5125758339511907 
0.15733747903939727 0.31425921174278215 0.48279850277182496 0.13350262872956978 0.22900441956846335 0.12524914123269673 0.13929305196514277 0.9573734558487721 0.200455673806196 0.2992710914277322 
0.07687856524150108 0.5273085358450194 0.6851489476902358 0.08238952785926192 0.03758206246844045 0.08729997880731136 0.697826109812066 0.9780437665560952 0.42729401057687727 0.06328144906346839 
0.18895730258707485 0.0841445795320081 0.08401883503160582 6.1679266830924595 0.43721006362969833 0.06715394361152476 0.17197397762824423 0.9088612028876363 0.16266949049354343 0.22840328801386636 
0.07556510397993478 0.24471148491839767 0.09106670820677715 1.8316139696091913 0.032191214521696855 0.055669110183050645 0.5239058261655293 0.8034883274613408 0.4843999594786383 0.5564719637238145 
0.08673897129563374 0.039887892981350793 0.0678793589835816 0.8385953909443759 0.032228119595420185 0.07692632576710882 0.093619619508637 0.9684055371063043 0.4275132009764155 0.05387548094870874 
0.12998648037764643 0.22854608139529775 0.07786862458619996 0.5839098282043523 0.4059445548170935 0.0469355265594606 0.4013101235926816 0.8851412417164687 0.08575183872131464 0.09766451386678235 
0.052563293512516436 0.05803849961134598 0.09672681661883112 0.5729101705517852 0.023813301252245508 0.09062363056150144 0.05765134044497682 0.8006014337389774 0.40620834689451935 0.5769225634809768 
0.10131328601037255 0.07204153824227175 0.11031292933667405 0.6064220043602858 0.5163243582570365 0.10630557066535055 0.05950826774331247 0.7435768716024665 0.0955593105168282 0.5338327555466393 
0.1326910405234537 0.10665461702013093 0.08959176287618635 0.783625478414277 0.4691758838562895 0.08900751958419982 0.7651461519874774 0.7650222877855896 0.16458024541347224 0.8411912606201858 
0.07262417483867006 0.1726737900116809 0.29554755117634707 0.14018187281825725 0.6421391083179459 0.1641381217041757 0.07867248431650717 0.7746316881619778 0.43038378389262655 0.6379496466325311 
0.39841296188419634 0.06078343288811196 0.691169526404842 0.13449826466459858 0.0211775136686871 0.16268101221393905 0.587631361356997 0.6428778866980229 0.47563950576151914 0.7444848249301023 
0.13658949315659363 0.056304034162155674 0.07636646956454676 0.17074159630409297 8.649483512311656 0.0848574303103541 0.0825888929390328 0.8702372078168891 0.12214854662800846 0.06529629874330725 
0.13049875741561623 0.6881448231650472 0.07133767207955956 0.12402604908875887 2.841673443635579 0.09820117238856588 0.12926159578234642 0.8714655397041453 0.06668760754485042 0.05583476747177034 
0.16012934286503017 0.0813841601402508 0.0616919398742836 0.9788807776199541 2.9444901438640287 1.5279429654708592 0.3826320661828385 0.9195666825906255 0.10006551881116166 0.18557197079480978 
2.965630001650756 0.3657311896292562 0.13056314567985594 0.12836393162376558 2.842333282365952 0.07844566727141454 0.2050720458813613 0.8898932282077876 0.05969115396223204 0.05032827121884254 
0.13658238101097614 0.27403064215694356 0.4549112220040242 0.6275186112763548 1.3019388197401538 0.724090899859907 0.08343101114195381 0.79436589897507 0.1812916997979714 0.45584682668157506 
0.12813381794905743 0.054278296630526614 0.11082107134244985 0.5534465618212387 0.5832715318778304 0.11829122203748274 0.06473057197540934 0.8488836231446562 0.10180115034769424 0.05895433728751538 
0.1260162273036638 0.0384595170501708 0.09297723393995636 0.3378740878853623 0.5598214623934732 0.4716580981344371 0.09608787500182706 0.8331534822993812 0.39891540134264614 0.1476914083195536 
0.11645350959164327 0.04869670622382248 0.6078943926941582 0.1093464756032949 0.5855988243206084 0.7716177444047861 0.16649833181725 0.8653813355055192 0.10279995949249096 0.08848691367811926 
0.20285348843364204 0.32377321747500737 0.2241070753891942 0.1425262276142986 0.5958856218922762 0.05604807798684962 0.09867255240498654 0.85366923783622 0.09160049255166182 0.11006581586025982 
0.11868672009633432 0.08399539031373361 0.09074738900321598 0.1483452409211599 0.14424972412635423 7.012933626909439 0.2845948537549831 0.9627569013204968 0.3287277366991401 0.10998938296053848 
0.16218565191044745 0.06965238427286612 0.061228325102769335 0.9907159210009432 0.31635904320782166 1.5374154894152097 0.41830316137846096 0.9108263196087375 0.08887210265611561 0.18511636427215292 
0.13554947652695118 0.045901260832415997 0.06266747957193816 0.10428669412756958 0.3984813616324499 0.6873347054484181 0.4477521686436314 0.8698878463221068 0.11884280658050476 0.12824862202933307 
0.1444418465289975 0.05244910292887914 0.07185519714591619 0.10434131051601049 0.5206147550425886 0.7576132311185115 0.0822331116304735 0.669669505406656 0.14101093134149545 0.6379021592485831 
0.06394222898106974 0.055834486580328115 0.10802606982228435 0.09337044397783222 0.017189414679204797 0.7406062302700993 0.05858790901829312 0.7128982256609537 0.46837069855020796 0.6641259013926303 
0.13532069965932772 0.06850871996956268 0.06118342374676772 2.3232482823816 0.31683033537754 1.5617302631250753 0.4160042320086433 0.9127844814457028 0.09020388337438016 0.1860989830373926 
0.10524390660583416 0.044726459340187895 0.06243280585613034 0.5355822974124114 0.4190654869469402 0.5156506205876642 0.41692544512595336 0.8791308082809509 0.0854690507299875 0.1122501141337865 
0.15019876965830697 0.3151767353140067 0.4560194489214748 0.36328432425222 0.22264577174824535 0.5161407922860155 0.13705975605771917 0.9550601374055279 0.1924892006988183 0.27860341928916155 
0.11988137926197148 0.4903073542795688 0.07663284648629984 0.12762384132678625 0.5389776358262621 0.46813255418963196 0.12939260390287471 0.8727877362937512 0.06674297031593415 0.09653925485989616 
0.12106997641824244 0.4921259617757221 0.08131947471313682 0.8700448513827943 0.5405461334633923 0.448676891858563 0.1235235019146767 0.8665657304158391 0.060813800077928554 0.07584203417526007 
0.1484329349793982 0.09921089314186639 0.07620879578345259 0.11005648035517009 0.3085777920706625 0.08687210617779904 6.209342868829673 0.9213187751503574 0.1048720816169251 0.16066019682407523 
0.728635329770553 0.059893804346302995 0.09040104831900733 0.11324427824478062 0.5754793096892259 0.07746091771957259 1.2579930699266877 0.8747458040939394 0.06997815020730232 0.07946952933084515 
0.1884820725711612 0.5211972542545276 1.6746262826322504 0.10243741237562386 0.022934512790984022 0.7623266496697072 1.611438791867486 0.970562599091752 0.45653112766914367 0.08879966484728284 
0.665374557642841 0.0983907951061865 0.10738489596899825 0.09464237516815434 0.0321614614933019 0.7208373482525895 1.1645856962151384 0.7952131759457689 0.4726298805281452 0.5645568356612494 
0.14790333140475798 0.05066111944268476 0.1296236653854398 0.5891798061088611 0.4124248652462471 0.07482857698095574 0.9746498759036677 0.8829799106191731 0.10153134034550315 0.08024809011111514 
0.04820233168182712 0.04739840523257242 0.04310869268210568 0.12006815067798149 0.02027271365198289 0.07737299585638636 0.6845931407976017 0.9020994432553825 0.5545559295699023 0.08966431625820254 
0.15996154370210183 0.2487610479713207 0.45062246320197225 0.11031194225951102 0.5352995515764677 0.12733452059871248 0.570220971396162 0.8849182224386595 0.07235956785815888 0.10630190415733062 
0.12154714891898881 0.5459272367608534 0.08824771210174806 1.0780396995167345 0.37416378029326647 0.05974301005968828 1.1316664902718632 0.7905931606789763 0.3596541107662442 0.52278551945574 
0.054094992333476644 0.05954676064550388 0.07756048455564069 0.0920426706086039 0.01684773642372542 0.08104704360689204 0.644290975948813 0.8928011916911228 0.3361060791774425 0.4865140035300349 
0.14820307915419095 0.042553836008344184 0.5381160551010182 0.6288808298377718 0.03606954791335806 0.25899379299218844 0.7433947839336716 0.8685035623899583 0.381390598045081 0.5420690441998297 
0.15408007398929485 0.08234824025934474 0.24221036839646004 0.1672920763725626 0.251626715306411 0.11590578635382934 0.16530293191361328 9.761976355265048 0.2091133416244057 0.10578350676690729 
0.1517761909867421 0.12135668333476021 0.1009748719869402 0.36458352176549297 0.22887470729901857 0.5290910173730721 0.15440343644557997 0.9575674394087536 0.18444985010539702 0.27031464678305295 
0.0978937038804307 0.04150528906274533 0.0676156082269494 0.07299031793492111 0.04715091934565005 0.09265237370451779 0.0774230114767257 0.9685525472373775 0.4278689431071327 0.05638305137445885 
0.1599650221022363 0.041477152500752235 0.6900914710680212 0.09965722765033783 0.5395216288689595 0.05788739953065171 0.1254833840368713 0.869574791675868 0.05450202485677645 0.06899659736704951 
0.06562375440534403 0.04580194585454133 0.7967277398964204 0.09328141602644362 0.025246203754819275 0.06622255565445813 0.07592986826867755 0.9611198770697114 0.4632522599808499 0.06392986433576602 
0.08986376354116826 0.049292951035885546 0.07325081637785061 0.1387019211765594 0.4868543214291194 0.09077117021319887 0.4340649432987118 0.8420719139965913 0.152111476769063 0.07401588375876503 
0.1283791873634679 0.047214183628323386 0.07208490294906054 0.1154767236512012 0.5437295029186922 0.5880132755380313 0.12049513282949909 0.8710915507412618 0.06377728529794363 0.05343611283654838 
0.05418444605904132 0.05941735027997674 0.11159381993509462 0.10187741796193148 0.0169689224986403 0.08682640004121595 0.0631552541519878 0.9053464057705186 0.3365289285324027 0.44808350895627846 
0.1290649699963523 0.04502771516721214 0.07305685676648117 0.12694536404776768 0.5395901589449827 0.1237595758121548 0.11564081816112445 0.872786398496205 0.06718022050581259 0.05600775733032034 
0.08028371589687103 0.3062601742173801 0.07481811990056121 0.10588291764847603 0.027283169879069667 0.05895599557584758 0.06136769282690656 0.955288397340656 0.46149636255381943 0.21053389678668954 
0.056472552722723786 0.05050249325415921 0.06659724119443744 0.0802978705265683 0.02607809598384414 0.09322404342361204 0.057007617228217455 0.33012039663209997 4.430043203006848 0.030224152995724646 
0.1610391199906241 0.06213162235165306 0.0814622844030066 0.5929874546891414 0.5230016597670867 0.07082002840497117 0.2460133487439915 1.0843850840753417 1.1454714528933405 0.07907879452963569 
0.07101576272376196 0.5026894281521489 0.43497017038373564 0.08295506108697001 0.023732101813969543 0.7087060159492167 0.09785085685231314 0.9650721030668243 1.2930667763944883 0.06620557597178543 
0.07898494817978367 0.0418802777224492 0.08085347584329249 0.29739513869825535 0.020467255455300242 0.058710681485503916 0.0630694622470486 0.7841546946634035 0.6441398915562111 0.5055571886073837 
0.069318355124934 0.04915682247472946 0.696831400889357 0.09705336434209426 1.907125964340573 0.05073558516973871 0.4962982838267062 0.9411984928248969 1.2672790835947232 0.07724401469357652 
0.09031390921044824 0.0763937252515963 0.6947300299320603 0.08672478392437277 0.3815799136775108 0.060619573802754054 0.7360994450865502 0.7700008484323043 0.8888383169476016 0.5802282955850953 
0.06191685145089405 0.3202665138755925 0.07239959759733412 0.5934536842902822 0.02008151233845506 0.05192748190494446 0.05160021046979581 0.8777494032689738 0.5979199747806456 0.07305924701926438 
0.6437162827458083 0.043516175481772196 0.14708264665030787 0.11320981120968955 0.03203059132303908 0.06659860552460756 0.08078111218606496 0.919466850161028 0.5666202276331901 0.0792331617434468 
0.05837890768085313 0.047394716841132174 0.04305638925307277 0.12810576225323458 0.020182462776017703 0.8355978369374168 0.10074926294803285 0.9051056539112711 0.5552524229634883 0.081808187455152 
0.06441232282841299 0.30622584487235716 0.07463523207296059 0.10410889437064344 0.02880733644844658 0.055285816014992044 0.4757525795081065 0.8969351037046025 0.5750064672159169 0.20855242147737008 
0.11218506778683937 0.07011149227069173 0.15388171866990466 0.16316335071633184 0.046364802328454136 0.07487364214194822 0.05334988710209543 0.6406496046826888 0.4269335136174805 4.4634776742037525 
0.05556211804502797 0.06730809672511757 0.07473977520287815 0.08608441237973648 0.029704801987900493 0.09191648097041857 0.10633525736827902 0.7639129242401496 0.4559132990943762 0.611302972464403 
0.7040652461746296 0.3453830141496377 0.21720013745419972 0.13311623640863174 0.5024930852667465 0.058583794007610795 0.16034040121546853 0.7661834393351227 0.085428914215029 1.0378493798216295 
0.18493736735161412 0.06097715703144799 0.0717732095176502 0.07820979765801439 0.36031096142427843 0.07863138421605684 0.3857293331040346 0.7540464401383223 0.07014990553408951 0.5637300194472937 
0.40190287596956464 0.05933415071744191 0.0905872885752002 0.13593360702079832 0.02765123961957537 0.0633622585806351 0.5750965932192889 0.6383088762140351 0.4713111317405985 0.7474290345157621 
0.1107652425235719 0.08012874399338059 0.09675692920701169 0.12556035004132582 0.47172639721185755 0.06890889680024356 0.11000578711842038 0.7767128164151965 0.05836214773153179 0.5520433595103318 
0.14272478119125057 0.07793558019504776 0.6823361260610584 0.07303291341570527 0.46607630229246866 0.0729372490454689 0.09887361855482045 0.7535645944075537 0.06525144060919853 0.553352924578293 
0.052268149154690725 0.06457704698930268 0.11252105762416707 0.10676840886737006 0.025306393565282508 0.1295123377815388 0.05797586361230094 0.9043854748643293 0.33735859373061783 0.4527059281586959 
0.11486470355632258 0.08100347381633556 0.7058244308527687 0.6548015985538908 0.3751290147999021 0.05420111818446617 0.3585989416556989 0.7960689135156475 0.06617289077595086 0.7583236951148823 
0.7102206987932839 0.06813290940902711 0.2287911147355896 0.7511936159675207 0.3642441544949373 0.06412807545041278 0.37214672012569566 0.7838238031762704 0.0690301905028918 0.8500749600295203 
