120.75053168093879 0.0 0.0 0.0 0.0 0.0 6.139489657034339E-12 0.0 0.0 0.0 
1.6387164057515748 0.0 0.006262268799502472 2.308576654339996E-8 0.02828068720714094 0.013466645876808897 0.20477696186598177 0.01567050806302162 0.057983132564001914 0.0 
0.7641273756124554 0.00111008474998814 0.0026481144790277233 1.5271082130103954E-4 0.01136605901509317 0.18523941065217747 0.08747241468067253 0.06184994869656257 4.7654731815502285E-4 3.2612425774030682E-6 
0.2130124299143194 0.13558346310560176 0.07496775489885599 3.5993429324833234E-13 0.02090341378718495 0.006349573733171829 0.02690332587097289 0.009683836838943154 0.06820060781386635 0.281159711458621 
0.07609473223895746 0.029329199282384397 0.005760525455242949 1.8248366869437582E-11 0.03620217239728569 0.17859594002837723 1.043176549441577E-9 0.021284710612274486 0.011089297784774847 0.26494763263831467 
0.05737629127553774 0.04136203179019334 0.007302516914131987 0.0 0.03371938153675143 0.3101170249202965 0.1051391938943653 0.009535456558179693 0.007485234742791878 3.857865810357705E-7 
0.0552563424456694 0.00937231508180007 0.03787273340684983 2.423350348970737E-11 0.055037731746556594 0.06380364604932733 0.035566008297523495 0.09730568653954769 0.01955560841852825 2.387824712863077E-7 
0.241644710041098 0.02557372475325261 0.00522704688864749 1.106469361225435E-8 0.0530102127939222 0.2923071627068292 0.004798453675493446 0.038619028886719343 2.810373275037705E-4 8.587806751309144E-5 
0.06737049134796011 0.04294562463695134 0.06987629256907776 0.0 0.089078018648148 0.10972499987228373 0.09213006047463636 6.938231853199832E-8 0.02710239899952981 0.0 
0.1594693940393003 0.08021881349988554 5.076369532430647E-4 0.005766577417312783 0.018099629703598335 0.0036997321231682385 0.014270044137978338 0.17735147012523533 0.022505970239662693 0.26710539802177385 
1.4111408209538087E-7 82.61629239969226 0.0 0.0 3.277314678555393E-11 0.0 1.4760070784737841E-9 0.0 0.0 0.0 
0.06945176736284996 0.0941691011470357 0.01397589427416896 0.017728689095681052 0.06959154761789446 0.08975396737661939 0.09582329383837405 0.03863070307933831 2.8800170597887198E-9 0.0 
0.9250422677915413 0.5563037615537837 0.018930495806264446 2.8513014012211383E-21 0.02535220658930637 0.029446718933858335 0.06878539404975746 0.01552969450571158 0.004402963630123439 0.31025800747254517 
0.31731011361021166 0.2264620443830082 0.0 0.0 0.01851280050369636 0.3207668795304963 0.09898544579078977 0.007211857658141316 0.008220974813244578 0.0 
0.03026998415023449 0.30776349051333773 0.06772468902160038 0.0 0.03062105886249162 0.09088000404148537 0.07558968985871949 0.01874410155251344 0.017472585313318533 0.0 
0.14971349423304048 0.19839838116246233 0.005200349318583131 2.3895984914344295E-13 0.010000151852189526 0.11854241019377562 0.04757461341725398 0.18948295309860935 2.976907041412048E-9 0.0 
0.03588135650638988 0.3575476630718672 6.629000675354673E-7 0.03847594725235148 0.011343067644091261 0.11649269129934507 0.06546302267740575 0.01782333145819385 0.05446827639259021 0.0 
0.032598607801210204 0.10995390546322677 9.039727704999453E-4 0.008773918352740271 0.015605585904799815 0.04887917462041544 0.12994151551536137 0.026810641494785663 0.0016086469083328387 0.2625299924451975 
0.2380941238946126 0.14023031801009805 0.029715324881268743 3.783289633513716E-13 5.756741283921667E-5 0.06443333876336521 3.3728148743664774E-10 0.047479325857615835 0.07070227088316233 0.2620906009874794 
0.14405021333192428 0.1859038168816548 0.057290410326541995 0.0 0.01672750381470568 0.6964678323477757 3.415501123025784E-7 0.17356334450042685 6.406727299879581E-8 0.0 
0.03012261071932044 0.005658753711609388 4.173020375212439 1.680874444948965E-8 0.13139772906751937 0.0025248932539535863 0.0 0.17715036204429738 5.094553107435573E-5 0.0 
0.1260150349756755 0.0 0.20022937362264534 0.1398198212476068 4.8560007209418335E-6 0.05379446989197045 0.49650431009691404 0.19116224777895932 0.0027361645722292966 0.0 
0.03264186221812257 0.02288353581775351 0.03798018257568145 2.441128761370261E-11 0.05307829170219679 0.06267910836567776 0.035627407560016276 0.10884769216299509 0.018487594634173297 2.1360649624179592E-7 
0.020149774466540683 0.014295007058618973 0.03773561793053746 0.003863916234775335 0.01658194799301124 0.03458397168088493 0.12649337528621568 0.004177438392160345 0.017038279063361767 0.2982949507444446 
1.429061817399586E-4 0.001494280433874755 2.6594054109214537E-4 7.544962517564445E-5 0.005406874349615739 0.056678037817888716 0.17619602659210104 0.15179630201593314 0.0 0.24524055266488937 
0.010202662289044255 0.0 1.219861679128704E-5 1.321323078470331E-10 0.09959558446218288 0.012529186536990523 0.17446864084096697 0.01543515151643514 0.044128705094538534 0.0 
0.003300196522181532 0.0 4.224625308588216E-6 4.3994151346044334E-11 0.021428277731793125 0.025255436633683518 0.09992015883056486 0.09130332520667778 0.03148278346307421 1.3209484086289175E-5 
2.6929314304054745E-66 1.7042544232682825E-66 2.6354924798346145E-67 4.772161620809866E-69 0.014681332268087712 0.04467105159619411 0.014968990674511096 0.0580246890155536 0.029470688435834447 0.2546694920667802 
6.887282790177324E-66 3.9646516464632857E-66 5.872228113066655E-67 1.929687247770468E-71 0.04349019082494268 0.12261509777241249 5.744501139134323E-10 0.07750225489425856 0.009597533916980865 0.27000102345750154 
2.64763340380819E-66 2.9454934934730773E-65 1.860114053942795E-67 1.707215526947252E-66 0.0727103763018022 0.08573441387528986 0.04636476297476221 0.023562578070486354 0.0 0.26199037269561914 
1.111905888243715E-5 5.949928295659279E-6 2.2155579633351692E-8 136.52203307840333 0.0 0.0 1.0920916462698762E-11 0.0 0.0 0.0 
0.023121507203958877 0.018398209985355983 3.3889957323911826E-4 0.4648909885875479 0.03982156062318455 0.13874129672268276 0.06420086920554284 0.03662187448096245 0.02167664239162882 2.0248028036666154E-7 
2.3140556134567623E-7 1.350427992949704E-7 6.67675201048151E-8 7.166528548081873 0.9357278571430659 0.0 1.0466865734423513E-11 0.0 0.0 0.0 
0.5776477194609031 0.6841018359770522 0.0 2.134755760331988 0.0 0.021502164027738378 0.0639728211553277 0.020694866121835524 0.017910985795071884 0.5182438893252048 
0.0646037027535101 0.04251296264626543 0.0018146247689003663 1.1973359647230324 0.0014126465800270449 0.040772022945197085 0.01834954409357062 0.06616234208499626 0.13497736752887077 0.0 
0.0013742981471028164 1.1937588211810045E-4 0.03560835549944718 0.16567396757361308 0.011751999245680116 0.09186396169549826 0.06996040070713964 0.014074236637700755 0.0027551614368982826 0.2595966598808732 
0.5613689096251782 0.8094453811000707 3.654151408873685E-6 0.1683197708620367 0.03744978254028294 0.13541491266458447 0.0640834069369479 0.019495731678444927 3.2511469950336318E-9 0.0 
0.025734776283272313 0.0023322409383275413 0.015105981378323375 0.1975834324052295 0.01645074580319008 0.13912508161552825 0.07403273215132251 0.1146052194928926 0.003707420269270576 0.0 
7.856484727585329E-66 0.5556684715670952 0.05634249834460672 0.08542851447437913 0.030386800872351134 0.010969084693522606 0.20734060129034787 0.06345943677049944 0.0030788993700032546 0.0 
0.07021369963967139 0.04972118073515626 0.07904064735954638 0.06205830330775217 0.04566459328821157 0.09147092999531362 0.06285071818524061 0.015480551635530228 0.012424664413792683 0.0 
1.1174845138018442E-64 1.515457746134587E-64 3.0550665807891033E-66 9.856740695527015E-65 19.45626472794897 0.0 0.0 0.0 0.0 0.0 
0.06667074396644537 0.04966505714652453 0.06689428311654212 5.1002615848881976E-11 0.13531548675935973 0.16364520702130905 0.06882539737161654 8.314014371276173E-10 0.02433017731922014 2.2847620552600835E-7 
1.4701477935941497E-7 0.2542346734561261 0.03880376467362521 1.0544279896087646E-8 0.47116123846668234 0.0021464933584861992 0.15587157278489117 0.0 3.047829449098845E-5 0.0 
1.6281705183455893E-65 1.023798467683901E-65 1.4548632279783503E-65 1.1772490462632792E-74 0.21521936557643268 0.12088289799381274 2.1896029319119045E-7 0.02385671876632973 0.03385828037834255 0.0 
0.0024481387707802863 8.853380599730958E-14 0.03197796926925725 0.008005525193571035 0.34657485187924497 0.32849521963449985 0.053106189160054974 0.02015132460023783 0.0 0.0 
0.04987462743892068 0.0641969039792787 0.001623137011296008 7.919179198273902E-14 0.16435257767662684 0.12084188789502047 0.0053938694653042725 0.0572265446679272 3.0304759114682413E-9 0.0 
6.887915526240788E-66 4.456733015969486E-66 7.271696932881345E-66 2.609287416393804E-66 0.08285253197542419 0.06770680743639211 0.04973094431394342 0.027141493345070652 0.0187214793154197 0.0 
0.0032795546043123693 0.0018088123313992504 1.2714320991936992E-5 2.859381055139513E-4 0.0852146866965389 0.09056520747467203 0.09067747390227522 0.021722795486269965 0.007089061354578287 8.077155634846557E-9 
0.0256106130239079 0.029922391541709645 7.639029264304343E-4 4.0860656689097223E-14 0.08560139723267994 0.08382943264273704 0.02792415859394184 0.03170154167581968 2.106640583151097E-9 0.22911228438298273 
6.558408882619898E-66 4.1918513713714766E-66 7.781699141476281E-66 4.629106008523451E-75 0.07725279443242358 0.055523858026290576 0.036284821147602765 0.0692340486480588 0.017023000524442194 0.0 
4.425957303360985E-130 6.504738212344087E-65 2.6511886883681988E-65 4.130958151089347E-67 1.4678752831123479E-64 49.1814706729689 0.0 0.0 2.1950270400450128E-9 0.0 
0.024437163272717378 0.03341030869210629 0.009294151530200979 0.017490623236416914 0.005518651248227083 0.6346437645921807 3.294916521445885E-7 0.18874770203143212 7.347440976182294E-8 0.0 
0.008196677783765857 0.005137231625304831 0.009245185514357488 0.0 0.012418072970588884 0.33847120017470217 0.10593901403047387 6.82859263490899E-8 0.0250805712116112 0.0 
1.1628389393750786E-65 8.008581939501037E-66 4.629788471541164E-66 9.443851896516471E-67 0.10394799077953783 0.2909296757391528 0.007572059156445282 0.005224444641770162 0.004085821690819236 0.0 
0.0020689963949127987 0.0010324623468208065 6.930117947732526E-6 7.597015374397443E-11 0.04246293318116265 0.1652606083730136 0.08154996147108846 0.020723625029567667 0.00934678317381656 8.608573218905692E-9 
0.0013968341404857866 1.5545449129285475E-4 3.0978381850115867E-4 3.675550229286297E-4 0.009344720602172183 0.2745009933848164 0.004796399038862471 0.0796486452584586 1.1384623108519487E-8 0.25032108979137396 
4.932001818728893E-69 3.501847764845365E-65 7.630009712524872E-67 1.954027545835444E-71 0.11283033147485697 0.24633543374385047 0.0341386538764862 0.12481587636572346 1.498257190754455E-4 0.0 
6.514391001606197E-4 0.006552698005599584 0.0012716550791891919 3.05099887608916E-4 0.023542567587752875 0.18952860049650516 0.08081518599784213 1.58501853468711E-9 2.697652621549447E-9 0.275328361794356 
0.016967917644067985 0.008007177756943483 0.08264553249461491 1.6890655845805337E-9 0.06385625148108191 0.3173814995172435 3.106695907039934E-9 0.037796762541154195 2.1750384683541976E-4 0.0 
1.3662341963300362E-9 0.0031546856900947135 7.90644046235823E-5 6.707603715453424E-5 0.04660665624973476 0.16232160132895018 0.07006999712560243 0.0876429017642804 2.7417142700313757E-10 0.0 
2.208701330087233E-65 2.0447351172632746E-65 4.0034977758478965E-68 2.40305028605165E-66 9.91410159845589E-68 2.588424193640101E-65 27.90812300937255 0.0 5.551858131280317E-11 0.0 
0.15272791040125594 0.2597969743703853 0.03456521751421229 0.04601176594500752 0.060405318274257436 0.13268721821234877 0.17494174702364523 0.007443387525401358 7.45797490642118E-4 4.9172577542730074E-5 
0.05169348325697902 0.010325631270890865 0.016364268240206217 4.509615359475583E-9 0.3067212516187762 0.0010364228752303304 0.5834218473394669 0.0 5.383796752329156E-5 0.0 
1.125254811084757 0.0 0.004294783830332752 1.6412503840735773E-8 0.019833033100074608 0.04460224243852988 0.36590742811631777 9.38673765585023E-10 0.031272229396441406 0.0 
0.006996667205196342 0.0032944809797238795 0.03959831856581028 4.973448140763503E-10 0.00822093248327161 0.07933427659662667 0.24765289192389428 0.07955539433711499 0.005122875202756927 0.0 
1.2681193077651491E-65 1.0374033337899678E-65 2.0455153511400952E-69 0.0 0.036439374365806645 0.1289499561879139 0.11004180715856623 0.0367028163382992 0.005145847228631751 0.0 
7.124261964867002E-67 3.589504771096629E-67 5.078442782709956E-66 2.0230090038003567E-66 0.04445511273650189 0.04824789212280164 0.19651231171926486 0.119829879586863 3.540515529087718E-10 0.0 
0.015284909554131424 0.0 0.02793888421071396 0.0 0.007217718615978795 0.06268237814920899 0.23375433920513 0.048541754870631386 0.039896925995786606 0.0 
3.080529881984034E-67 0.021865476130000713 0.002553898569588818 0.0032705775155138918 0.09468233592345834 0.0145343100895227 0.1637493717345507 0.07542256588484157 0.003545402403063566 0.0 
0.033403703647270445 4.9739768990501647E-5 0.0037874897848835945 1.3196740615722366E-5 0.08773412797825447 0.2852279993071142 0.1880522723524386 0.0 8.285423936469912E-4 2.8961259124725873E-6 
3.454804797947929E-81 1.644587428970904E-76 2.9121270873430983E-77 8.79764391901651E-78 1.4927067142263466E-76 3.713681832021716E-66 2.0615070733368717E-65 19.526504494600943 0.0 0.0 
0.036720021528152375 0.006650919103289657 0.02538465743107634 1.4175698533982846E-11 0.039684205079734663 0.08438520060912073 0.035997954633757163 0.09673242301700348 0.018733376706184298 2.395927872114754E-7 
2.657644203004379E-65 1.3964143338573257E-65 1.0325741859807279E-67 1.188154112462422E-68 0.07195050465339532 0.0061123244708819816 0.03352491153889588 0.26892963485362187 0.0357603632221358 1.777501639970273E-7 
1.5973149846106609E-65 7.99775926426183E-66 5.7690532899651415E-68 7.778798257343844E-69 0.0495872468876275 0.003741809453247423 0.015155048188458217 0.21709691735672004 0.017714778313677418 0.3128308653177888 
2.6106769928461278E-67 8.38983430278925E-67 4.7978182889583E-66 1.7214014569694195E-66 0.04434965398766236 0.03290531794042757 0.13740889451655436 0.14168592977863112 0.0017155047394336255 0.0 
1.5454699070834638E-65 8.887592482877281E-66 0.0 0.0 0.04150363725253907 0.171435875846241 0.01971514398229929 0.13172275284840754 0.03635878367953727 7.255419222163918E-5 
6.775963314563715E-66 4.3007563234958956E-66 7.866258461414078E-66 4.490880834308169E-71 0.07337824455075385 0.06403723034121357 0.05741574914172368 0.10681969111404484 0.01954516613244042 0.0 
5.947654970023685E-69 5.000380954990712E-65 0.0 0.0 0.044537594139344897 0.17101483496532027 0.017330884105829746 0.10849293793922202 0.0036146094382482376 4.240732531289634E-5 
5.520279814025711E-66 4.1633130908231717E-66 5.641236811552645E-67 1.0959220902129986E-68 0.028535834483602973 0.03229903524307824 0.11025166407056823 0.10287379281748579 0.02407563995850836 0.0 
1.4206798697198004E-4 0.0014520071879816103 2.488811854060206E-4 6.839843393241023E-5 0.005329241419618614 0.044443100684679035 0.10388067166986764 0.12914538343914223 2.4180153764381934E-9 0.25773669020471207 
1.1653533205686818E-68 2.2729451009028675E-67 2.147558402781589E-67 9.814769506926228E-67 6.587609918716847E-67 1.64746297709854E-65 1.608043515149281E-73 0.0 8.725317506880131 6.370397451723524E-9 
6.003881946786145E-5 1.3573017630404783E-4 0.003481795027376757 0.001108095826182624 0.0027074576509390795 0.20894303306745834 0.05409668742912438 0.02004207678289886 0.07007425138365411 0.0 
0.06070356049466117 0.0373546430757708 0.06475521900756873 3.8921749398277004E-11 0.0640185487369133 0.11358668537992175 9.742698261007993E-8 0.016339994866461163 0.1305605184039032 0.0 
0.054670348979535086 0.005548762292371706 0.0027230548007670945 0.011828978656895077 0.12072823675572972 0.06752528507211386 9.418161502532756E-8 0.09223595295044101 0.09044984150050013 0.0 
5.848665066497792E-4 3.491484757564287E-4 0.002348561462410182 5.8828042389736E-11 0.3102761296308611 0.04483881264471647 3.2551020131742044E-9 0.011076603572922747 0.11966384359459654 0.0 
0.007293620379680124 0.0 7.997365848111727E-6 8.878778400337046E-11 0.0484427760883029 0.1828447753294356 0.014129341597414568 0.0142002063013794 0.033706148088579115 8.25485097733315E-9 
0.006078309149171821 0.007301702480480758 2.037755463686013E-4 8.486947060405848E-15 0.03918900795480086 0.013980790880679477 0.07492093539549817 0.12211578709048888 0.05226184282339434 0.0 
0.0305384926930017 0.01641579951526289 0.0031679663222199876 5.7565893017979865E-5 0.005424717549251045 0.054154188326795 0.015218968612386688 0.048866414118280715 0.04576905657484517 0.2589334177275324 
0.004663183819023389 0.0027539877491743314 0.15473616669267912 1.8146217174818551E-9 0.06905294616481263 0.1074194868534503 9.112295353343146E-8 0.01567535089493026 0.14217747164834446 0.0 
2.1586975652339042E-4 0.0 0.0024190161641262768 1.343893498364164E-10 0.10369822576168382 0.013640714358207864 0.15553387727799595 0.015041492019835229 0.04627155060557059 0.0 
4.7800203262272265E-138 5.362445759325597E-130 1.5607390614567362E-131 0.0 9.090269301016594E-130 5.47211448276112E-130 0.0 1.18515755157659E-63 8.785660070801329E-66 43.81464266576433 
0.0011466939012926263 7.267063422203913E-4 0.0 0.0 0.027085616248661543 0.09349409300047673 0.047674147494637394 0.014631021665518936 0.0019073781071919215 0.24955350663956158 
0.18208503617107039 0.11977114106881787 0.0 0.0 0.008484141948836189 0.09339255931906226 0.04447369181860014 0.013476431294335754 0.00242781708100443 0.24914771330205834 
0.019714931967189663 0.19050667365418256 0.024538958717325313 2.2029837925560252E-7 0.08601125930318149 0.09901830587228641 1.0135956672676124E-4 0.11801160604877894 1.4042887321294981E-4 0.6337045909400233 
4.4052198904540135E-69 3.1446992460629215E-65 0.0 0.0 0.02698723121416452 0.09972819576621705 0.009917791313105901 0.051759166697364245 0.0016779719309772637 0.24637897223699773 
0.030563235430849107 0.31503837882337754 0.0020956098002125286 0.017394608850586413 0.025956667808083252 0.06067194746687532 0.03346949693160986 0.07882333805048007 0.0 0.40086437897169025 
1.75063985220928E-67 0.012608328160328504 0.0015870923492685273 0.0019065974821150613 0.03859594974440913 0.013698070516164857 0.10708649395574392 0.043534966763125564 0.0020083134514704295 0.32457930540949115 
1.540317610286973E-4 3.85106834726084E-4 0.010226140748343892 0.0029817518415973412 0.0013483246066080972 0.21658939543031888 0.04399604236155467 0.012230264777288214 0.001120956717600592 0.3214357262546179 
0.0633630998304059 0.003932881032390674 0.0 0.006673366682478729 0.06786613747677671 0.043690566130028224 5.627478992901266E-8 0.0658359010599418 0.04731514654900777 0.4772861795546103 
1.4087548923219094E-4 4.7990968475181313E-4 3.4732439142249375E-6 5.939637070718101E-11 0.010486809717083462 0.031089341652717793 0.0970982971060306 0.016152918530387195 0.02734907384997382 0.2906893576485779 
