0.9999864898439786 0.006192886505167784 0.0 0.0 0.0 0.0 0.0 0.0 
0.9999860025569611 0.006192908479414706 0.0 0.0 0.0 0.0 0.0 0.0 
0.9990087602726827 0.006186828381516664 0.0 0.0 0.0 0.6891018497047792 0.0 0.0 
6.12328734748911E-17 1.000022899569017 0.0 0.0 0.0 0.0 0.0 0.0 
6.123264240571025E-17 1.0000219925688845 0.0 0.0 0.3106056513134911 0.0 0.0 0.0 
6.12328734748911E-17 1.000022899569017 0.0 0.0 0.0 0.0 0.0 0.0 
6.123286840987541E-17 1.0000231064752823 0.0 0.0 0.0 0.0 0.0 0.0 
6.123247629110463E-17 1.0000548966079166 0.0 0.0 0.0 0.0 0.0 0.0 
6.123275003213167E-17 1.0000518929473508 0.0 0.0 0.0 0.0 0.0 0.0 
6.123257755400362E-17 1.0000228140405973 0.0 0.0 0.31060361423064137 0.0 0.0 0.0 
6.436776032325121E-17 4.891940142546927E-19 38.27264502662356 0.0 0.0 0.0 0.0 0.0 
4.72329408346502E-17 5.2246674897631664E-17 38.0967592057898 8.474562339488376 0.0 0.0 0.0 2.3444927383833947 
3.254330880249136E-33 5.28478660475662E-17 32.246829034182554 0.0 66.14159891789635 0.0 0.0 0.0 
4.587884893605637E-17 0.7481839048058424 24.70727471559442 0.0 0.0 0.0 0.0 0.0 
0.7492840091093693 0.0 24.699165049152683 0.0 0.0 0.0 0.0 0.0 
0.0016993281799005855 1.1346846047248308E-5 31.88544434423888 0.0 0.0 0.0 26.28359946242199 0.0 
0.7203409316751649 0.21461346524867708 24.61232756758122 0.0 0.0 0.0 0.0 2.2407306301205736 
0.8619450990119567 0.5206176870245256 8.492192663309527 0.0 0.0 0.0 0.0 0.0 
0.8377072779866594 0.48456704473022555 8.30545686494187 0.0 26.895843095335287 0.0 6.592665554563358 0.0 
0.0013194339108630103 9.202868988273173E-6 1.2467191716799072E-4 0.0 128.46191112608 0.6861187738346044 0.0 0.0 
0.9596934770444541 0.00717808041617549 0.0 0.0 0.0 6.651661030096808 0.0 0.0 
0.5401936936959186 0.7832673428279096 0.0 0.0 0.0 6.569609087967254 0.0 0.0 
0.5240073604145585 0.8772249475212198 0.0 0.0 0.0 0.0 0.0 0.0 
6.125990055365185E-17 0.9998049578290468 0.0 0.0 0.0 0.5960149052132485 0.0 0.0 
0.014100864339987841 0.9999417555080364 0.0 0.0 0.0 0.0 0.0 0.0 
6.089687942647149E-17 0.9946676476198322 0.0 0.0 0.0 1.6580169067570942 0.0 0.0 
0.2884230804738097 0.957528957652259 0.0 0.0 0.0 0.0 0.0 0.0 
0.7297548675929553 0.6850180002966956 0.0 0.0 0.0 0.0 0.0 0.0 
0.9107674788214 0.00563335821586996 0.0 0.0 0.0 6.978393072600724 0.0 0.0 
3.930678593732452E-33 6.80760187396994E-17 0.0 0.0 130.42602266293048 0.0 0.0 0.0 
6.7743272724407184E-49 7.512101219210701E-33 1.9414201967999927E-15 0.0 121.52958248547242 0.0 0.0 3.750414024851414 
5.324676063291054E-17 0.8695026310272499 0.0 0.0 64.47836176843468 0.0 0.0 0.0 
0.7834331072060124 0.0 0.0 0.0 60.02872795919181 6.858852698461402 0.0 0.0 
0.820534064703537 0.0 0.0 27.0155415819508 66.39771011566158 0.0 0.0 0.0 
5.561823242229018E-50 1.3394036167780087E-33 2.842972015676361E-16 0.0 15.33070201524925 7.573237384441906 27.219851322308497 3.77968271582554 
0.9847883976663345 0.006098792457454128 0.0 15.340665149688553 7.4805932570769755 0.0 0.0 0.0 
0.8660965226525021 0.499896230098541 0.0 0.0 0.31059061964692125 0.0026934625533290004 0.0 0.0 
0.05145147371143272 0.9987266661086193 0.0 0.0 0.3105918131532988 0.0 0.0 0.0 
1.8693628714651422E-17 0.2353526969035253 0.0 0.0 0.3515674785928641 8.630283789841844 0.0 4.279384525387927 
1.8664131904270711E-34 3.9383808273561375E-33 2.1310832580928042E-15 0.0 0.0 14.918798312999533 0.0 0.0 
0.21409643715443044 0.0012735029821583706 0.0 0.7194188785251114 2.9581527092703883 13.109408137256478 0.0 0.0 
0.003463976879965314 0.2547902876442695 0.0 0.0 0.0 14.58832223168351 0.0 0.0 
1.0948249521181138E-33 9.864556723172703E-18 2.0154057456087788E-16 0.0 16.56044115036559 8.622033146779764 0.0 0.0 
0.02236751168332548 0.5824771418840237 0.0 0.0 0.0 12.074665517815472 0.0 0.0 
0.8117725427526897 0.0 0.0 0.0 0.0 10.724898614376682 0.0 0.0 
0.09235077550692104 0.09190556021465575 0.0 0.0 3.5117699767470754 15.009873975949668 0.0 3.367719765017315 
5.5259804991667597E-17 0.8016772966539859 0.0 0.0 0.0 10.38938462232592 0.0 0.0 
1.6942138368480022E-20 4.877833369800743E-19 2.315260132108536E-15 0.0 0.0 10.032130113044355 15.034953330642901 0.0 
1.340387257693605E-18 0.016449948748112092 22.386323466390955 0.0 0.0 8.690650055534267 0.0 0.0 
0.8874161356442123 0.005495945342996548 0.0 0.0 0.0 7.196412259056269 0.0 0.0 
1.576936389744361E-17 8.904465803962996E-18 0.0 0.0 16.86372580101208 9.49022411838205 0.0 3.330742824392562 
3.905484796100293E-65 3.585538535370496E-49 1.4545863864365169E-31 0.0 7.988224565216185E-15 9.401319702498046 17.485881896991906 3.8422493931201402 
0.27439180883632186 0.9204450357230596 0.0 38.45279717217016 0.0 0.0 0.0 0.0 
1.0000004191300462 0.0 0.0 0.0 0.0 0.0 0.0 0.0 
0.015911441863966706 0.9999234610677199 0.0 0.0 0.0 0.0 0.0 0.0 
0.9420150913984631 0.00583379005972432 0.0 31.395697763340287 0.0 0.0 0.0 0.0 
0.039266642204372204 0.9075422104749244 0.0 39.4723499615819 0.0 0.0 0.0 0.0 
0.9864071710743546 0.006108816957689401 0.0 15.36586408920584 0.0 0.0 0.0 0.0 
6.07229886654271E-17 0.9896052431082494 0.0 15.552080455075274 0.0 0.0 0.0 0.0 
0.14240550108408515 0.9761297710217437 0.0 15.365872198622315 0.0 0.0 0.0 0.0 
6.118900155196052E-17 0.9992832379335785 0.0 3.729799108652186 0.0 0.0 0.0 0.0 
4.12535881484276E-65 3.988537229591258E-49 1.520352920981056E-31 0.0 8.147703992443046E-15 8.588099318134061 0.0 4.204937407620739 
0.7387657553407294 0.6752031220665691 0.0 0.0 0.0 0.0 0.0 1.418673522144937 
0.04247263920588205 0.9843831892304458 0.0 0.0 0.0 0.0 0.0 4.354236990331832 
0.004310305097379597 0.9992366821267811 0.0 0.0 0.0 0.0 0.0 1.2633871348163754 
5.600391544165864E-17 0.9088437027869438 0.0 0.0 0.0 6.957198283219739 0.0 0.0 
0.9679382722522032 0.008399986936741903 0.0 0.0 0.046875168242889044 6.501176362297753 0.0 0.0 
0.8739362285566543 0.48606768266324574 0.0 0.0 0.0 0.0 0.0 0.0 
0.7157424711670958 0.7071654149948877 0.0 0.0 0.0 0.09040446685218903 0.0 0.0 
