439.7040128034371 0.7853952399801324 0.7853964928720115 0.7853977457658893 0.0 
533.4466222441433 0.7485185322735991 0.7485192691514851 0.7485200060300969 169.50128234966454 
242.65418300966053 0.42747990905266836 17.443202138910316 352.7675363510637 122.9945213158726 
348.11933685946065 0.5702034493446785 0.5702042142416449 0.5702049791396373 329.74560727428366 
242.97459319497978 0.38041574202186 3.007075499703115 0.3804453408106995 438.8590187762348 
264.91980802388633 131.32328482994382 307.3884631230129 0.7485198674300285 135.52419194288026 
268.99510219438594 323.1385727235511 0.7208101351537787 181.66813542971133 9.799638942372034 
212.11795896804387 0.6993993825579746 344.9045630177107 2.6993223543701634 0.0 
188.90780696690717 228.3917997218038 0.8739957956338698 17.039652312058717 327.24721685808413 
147.46050462036297 0.22937072348451581 158.16472929107604 313.59276530119615 331.4353283565798 
106.37533107314093 8.380823547861173 173.19468796186027 255.1984330157 133.01975999529938 
178.07167328479892 0.3117312762408555 337.1900630833882 0.6675408257750368 236.38304928572902 
90.74682002630578 0.18509702952614102 0.1738383896842378 336.9337619670957 215.25639144915863 
143.43694052922535 177.33509342510007 370.8956150803483 0.7853977374932614 0.0 
80.5547929251248 0.14041877076869816 0.26113767810270594 1.1464038372917553 443.30293161957525 
80.74195432310648 0.1555342309759429 427.59091062802537 0.7853977369710433 0.0 
0.7853959535759074 505.7405917915978 0.7853969006415419 0.7853978477083575 0.0 
0.5165566388224379 299.4142058886696 3.752702215336488 342.9036672321188 1.2123515431646186 
0.6458728035747272 396.74332438550533 0.6458736594125128 18.62730818482366 273.8714166233542 
20.248207509510486 204.10325073757215 3.708133847924733 542.5015595966121 0.0 
0.4439748086772445 236.65342285164095 345.30829910338946 4.463453150771023 0.0 
1.2069922418793764 124.98582232979439 208.52648745647187 272.1638595552743 0.0 
0.31595419630524907 182.53918328557427 340.3213403781671 0.6684424590837764 238.23246436044312 
0.1976735989943111 96.18061033532581 179.26454966171815 253.67317766976998 200.74605713313974 
0.21504405217138545 144.35446855803318 210.67303193168445 0.408812325092641 461.2383478760582 
0.12736184679841422 66.31716682430525 0.8439585283195957 30.79603923276671 402.3658326524127 
0.044450289403678706 5.150516776389468 130.0226778685149 359.9604579174381 119.32655072424323 
0.0012761959234747248 0.5999806338383455 0.001978611872666564 282.0723104809462 238.27312057766156 
4.595932430115076E-4 0.24846056100237118 134.32041685815528 1.4286744737133175 402.7856483177941 
0.38243353724543533 0.03755331932446554 0.009043878945101865 231.72888406506354 412.9091675504753 
0.516712495252861 0.005057699498005252 251.878640503929 0.5167383350340152 288.3046003391787 
0.35837226196884886 0.003121333284726279 230.5168169906055 230.51709558273797 385.9088971845826 
1.9468647906518117 0.0035253465066895614 198.8568018714776 0.36010345026001517 385.4581536451238 
0.25262122982469376 4.1552395259116665E-4 166.21349665348464 407.18753495669074 271.3093256835396 
2.804750675492622E-4 0.15844729681657824 89.51093379154739 99.47741476245304 423.0295222590234 
0.7853966882377079 9.965306056369566E-4 618.9959956492344 0.7853979526602115 0.0 
0.0014474340128774752 0.7763501289732319 416.4062505967063 0.7763528275818607 63.74804439234218 
0.746140343393221 0.001394029765271921 399.364775105063 131.23536153072547 1.119496307514162 
0.7485186648857455 0.0010089856244218506 555.291063764296 0.7485200249747146 176.44209656361096 
1.2243528638043306 79.70816861669427 413.77320332411534 0.7853977086566116 0.0 
1.4725798173639555 98.51590059212852 512.2823269083062 0.753247226214628 154.03658930561937 
0.6152546168741182 0.0013144446838233247 287.9840529806719 217.37312869561293 70.43202451610532 
0.6984591445217658 0.030246649756311302 341.27889336729606 0.699115217557095 174.7091192965453 
0.03122329451161583 0.62311990184378 314.51529999599325 240.49660032482453 0.0 
9.756076186977461E-4 0.5404372666910425 299.37539389357465 299.3758816977814 100.17594194190559 
0.6369797745725851 0.027407687389240962 362.9995221588889 0.6375701283318579 261.12881064205686 
0.6055664468438481 0.001112519599740701 353.67838156363297 165.2996797268867 240.83241266807093 
0.010542714372441144 0.44578106533989076 236.48413559850133 342.8917591439152 0.0 
0.3772962768154385 0.46650762225278364 414.5653528377471 0.599985496595857 350.19305360986976 
45.73679909404655 0.08434921467959047 237.41582355807478 350.57879674332696 0.0 
0.5455926068520485 0.0010718900463496995 277.7074646218484 127.05675307213735 257.9724425310147 
0.5719199752157341 0.0010014570702061869 244.7573669438038 354.9116044873501 123.74185307539715 
0.49128686390897364 9.121443993452091E-4 283.70433455499665 261.74934146291577 238.12173537354255 
0.41130352683699206 307.68008660578187 500.4885940414817 5.547209255883511 0.0 
1.0884102362214307E-5 0.022356567102834856 0.7850798749954897 1613.2525645651897 0.0 
0.034653416647571676 24.22962957000876 0.06304482273015241 548.615082601278 0.0 
4.679625613576808E-6 0.0014592659703058335 0.7688216250233952 405.05619166176484 84.56071186643013 
52.48647432887702 5.138735263078418 0.197892348879313 573.4708920749462 127.50061526964552 
0.9048970431434299 0.0013479363891253026 95.53033215205357 518.5267914855363 0.0 
49.03720528991489 0.8736225304019748 79.76930006506119 508.1799275074929 0.0 
25.175093235668502 30.550484153595093 64.37028260790382 409.458504978417 0.0 
0.7444561925536245 0.07318146030909507 0.003140412512799571 420.5644269244245 134.54345651859828 
0.622354723838687 71.91601213796343 0.2160863378523754 389.5204134561421 0.10345354583306195 
0.14472465475147686 100.0404641172745 0.2619460181725557 533.5955516841232 3.576144219428846 
0.4749007217212322 20.241896632012473 103.93414939893195 452.06539726574766 0.0 
1.7497506431165715 0.003599652793052908 93.44377067280472 370.15477645363785 1.3505155210426498 
0.0016217665700104743 0.7272981347509923 0.0024731265370697836 326.16713145814566 132.94289053519634 
107.75509119958826 0.1915322704601133 0.19153257302598134 428.5020192060066 4.04820362623442 
68.63399959306776 84.85526899312424 0.19152879935388276 434.02799546663 0.0 
0.191536266045821 107.29658071586165 0.1915365712222201 426.6692328064522 4.030893994948432 
0.24480584748507167 4.5790672027318984E-4 99.67514941601999 396.26383451854724 96.68033213588878 
0.017834071823372245 0.2774184441258689 149.3079951880987 394.52728331564794 0.0 
5.147126546944213E-7 5.896722988424956E-4 0.675548870453088 773.9320250693017 458.9456224948242 
3.7821496382977296E-6 0.0012114319436837238 0.6681445851051157 368.50253708360117 227.690156246911 
3.382153573521183E-23 4.033033713244661E-20 4.80917447953566E-17 5.734680347120131E-14 936.544702951212 
4.933205181953141E-23 4.8707932817966924E-20 4.809173445499455E-17 4.748333154546399E-14 775.4620504868653 
1.385492739961627E-14 1.6644514669285398E-14 3.239602260795077E-17 2.3760214908712575E-14 525.0303579129127 
2.870256827968687E-20 3.2238160102865366E-17 3.620928164369651E-14 4.008225541877613E-14 882.1440011775926 
1.0545595122176053E-7 6.60972548082408E-5 0.0414282229029792 25.966247128994958 491.58379009050503 
0.01551024185679438 9.765180668613242 0.12107302677664265 11.183803489711282 494.26071551346337 
8.719144730220526 10.474446681499563 0.021670564461253067 14.952351297644732 493.52053667994306 
0.03221965391645853 8.399946088046057E-4 21.574177811349124 23.992320297102534 524.7307950834563 
0.34587519896822466 23.00650239326438 0.28398865376260446 10.679913318128676 512.178895390584 
7.386656992543526E-5 0.0413823316851452 23.1836960286766 1.0919236238981835 439.39219893520897 
0.03738678131347985 0.01774124914193246 25.05599858110897 1.1769508675476448 474.8743557840273 
16.945551414270717 8.040053317678483 19.655342610992612 1.2728842890343863 514.9077055413601 
0.04522486323980466 0.0011793383586250858 30.150507930018833 1.411951308870454 522.5606409161271 
0.04548415896218804 7.137723110507265E-5 28.984190501939533 13.25453905635695 499.4687743399446 
0.04127690432985019 26.66304403144275 1.9114599714983622 1.2530394788869823 506.62639678989194 
0.048133034347830256 0.0012684603842216759 26.97127922761314 1.2703203699620662 439.1151293977816 
0.0500144167207392 7.8986282946029E-5 31.66935961576466 0.05001454146143151 496.3081495237307 
6.007353538585937E-4 0.34524816789098595 0.0043321966485753705 80.70794664634435 444.10184182705564 
0.05736022677041107 0.0016536816032533123 18.99202569225334 114.66635996028896 390.67462589741456 
0.13476467077371398 2.307110169738166E-4 78.71987797000698 36.00497191758819 450.53261913522834 
