209.8668560991281 1.559756461549664E-4 0.0 0.0 5.970232613464849E-10 6.46497354177385E-10 7.122224426043633E-12 0.0 1.9986605459504604E-13 0.0 
0.68502512388149 0.02748875107061959 0.002480101043209006 0.00824718630900389 6.705301981566414E-4 4.981377379659666E-17 4.008845160959949E-4 0.011235105638078035 8.761733661221178E-22 0.0 
1.0066531355800619 0.017728646591244037 0.0022850408018407356 0.01746275732082175 0.005647520723165472 0.0 2.9569123983056724E-4 0.016291844028544687 1.015377376908215E-15 0.027980733224961665 
0.5499599290093558 0.01865376284758329 0.0 0.00269468919668502 9.141980873249305E-4 0.0 3.1697931783779217E-4 0.03676029216665356 7.668071050880788E-17 0.0 
1.3591171120436638 0.019353555472690485 8.349350765679518E-4 0.018434190358908864 3.887494773090523E-5 0.0 0.0022983416741812063 0.0163815605425472 1.0210258776232129E-15 0.0 
0.6333299122634906 0.12852420576960952 1.8599336826253774E-5 0.007100371792802907 0.004550176895637137 7.522760295815849E-20 4.100095467342382E-4 0.018938090304461867 9.615186296545597E-15 0.01457752210170385 
0.3705659534008925 0.014174865616393797 0.002946223240381614 0.01845119125405431 7.192696072980156E-4 0.0 0.0017297257652394153 0.034759317523251336 3.1837587343876786E-16 0.0 
1.020810423658339 0.007318135431209018 8.94398360331752E-4 9.956489057082946E-4 0.006002907123564373 0.0 0.005488619278493187 0.0432270520582494 7.156982698179355E-17 3.1394352000205125E-5 
0.5274150184084154 0.05497739626404495 1.9091679310330085E-4 0.00545792602884896 0.008720163785827231 4.319427988849177E-19 0.002190612431450754 0.011581212561991879 1.911741496921683E-16 1.6067292712840033E-4 
0.139401195830222 0.10588852465657284 0.001684984959167155 0.01844247148370704 5.60693977285284E-4 0.0 0.0017647394884985903 0.037180872504197666 4.072285670898762E-16 0.0 
6.832944580063776E-64 82.37371682473201 2.0613774487356943E-10 1.9702923220822867E-10 0.0 0.0 9.705718521529873E-11 0.0 0.0 2.1638553232010575E-8 
0.1896794301089871 0.27258511549782766 0.0022805902114884364 0.0018070048270059792 1.324519865028968E-4 0.0 7.79346429891216E-5 0.025358863697115146 1.5796136969751245E-15 1.6509858774930781E-9 
0.16648967454309055 0.2666887196226844 4.668923091912887E-6 0.0016822404424807363 1.9495039475200585E-4 0.0 1.4783221888306696E-5 0.03315744323672906 0.0 0.024332313202090068 
0.11748842591886222 0.25507132807502114 1.82172409933346E-5 0.0072311072709518465 0.004844379896879489 0.0 1.2034325441508029E-5 0.03079540643162576 6.904961598661102E-12 0.0 
0.14996068683966096 0.5610221162940334 2.9190298418990074E-5 0.04444992286668949 0.0020129869706579026 6.628152834070159E-11 0.0015114824366522133 0.0 2.519031110256261E-13 0.05722439196370048 
0.3925764367035503 0.1470763313661333 6.499029021563287E-5 0.003079499465116882 0.0 8.744011256722788E-11 3.0460908397315196E-4 0.010243606364506436 2.0833217168295703E-10 0.0 
0.6479023349520574 0.22764930170887288 3.158465292649668E-5 0.005036768863422024 0.010331032406552155 2.2040530131843552E-10 1.0266706373597585E-4 0.019239431331493695 7.280355394401287E-13 2.1688164091237857E-9 
0.49175068770690955 0.20489327844313673 7.829402606530175E-5 0.0015112940950655596 0.002082228996322895 1.652330779353202E-14 0.002265610029332726 0.024219255626777184 5.607722642564913E-7 0.0 
0.6519573396712834 0.13575904303502542 1.9646706357649846E-5 0.008824785588896891 0.0045509428458946405 0.0 4.3116239055814823E-4 0.013463814095115911 2.4681828326337264E-19 0.0 
0.13955753016999187 0.25728666886799606 0.0024979219880003315 0.0017064425335703882 0.0 3.7069429612284434E-14 0.0023489331688370347 0.012221812380368487 4.020814783877223E-17 0.018378600945949758 
1.707701006399436E-70 7.419659703512246E-64 1.5603009290388627 0.0 0.0 1.839341644098149E-11 6.939305764777117E-11 0.0 1.8341799225785008E-12 0.0 
0.28617188963214313 0.11996381531156791 0.004771580570476847 0.021203882568160495 0.004987848382890657 0.0 6.0498488092178805E-5 0.01614866061752262 1.3309045664951962E-12 0.029639010409813548 
0.5351474714928807 0.04376557990150205 0.008909438939230832 0.02269665994570433 9.065884659069312E-5 7.250167346709901E-17 3.915736807055138E-4 0.010810897766647511 8.761733661221178E-22 0.0 
0.4637038384416246 0.013126103079639073 0.010832103488032797 5.935738064679389E-4 1.5777379746891306E-4 1.059141237582726E-10 0.002133731835494857 0.04844243430963038 1.142079412079405E-16 0.0 
0.19188784976189283 0.11490189461900004 0.005389093802578052 0.02329923974444614 0.0029793463586877227 2.4134104861461993E-14 9.574297581471051E-5 0.017351978502010507 4.697073842268386E-15 8.988910000719509E-14 
0.11921542383529765 0.17927852851013207 0.009006501831544509 0.025893225627135967 2.8599729705956284E-4 5.161047030443268E-17 3.864838255155318E-4 0.0109138228765007 4.029968515210109E-17 0.0 
0.182716052861243 0.10407204558778706 0.012266827674847021 0.02650894813216426 0.0017054711710043531 0.0 7.305803953923146E-5 0.018559069364836877 2.0041891911363156E-13 0.07654704505408393 
0.20370019062781616 0.1468745844831185 0.007910133563237427 0.001496316998881566 0.0027427573033038033 0.0 4.9501753074753984E-5 0.01018758873435031 1.4177385116198136E-15 8.186350814718395E-7 
0.04764070552441173 0.5403971590946985 0.009801899385004802 0.0018203890218660907 2.5953831248849956E-4 3.587530754561713E-11 0.004153359322381311 0.011094656667954948 1.2166275341875858E-14 0.0 
0.4599280561832149 0.05462865545189977 0.0026264801241500605 0.0028120950939398556 0.0026710777500016775 0.0 2.8311319499584155E-5 0.036362055669088095 8.111217947255695E-13 0.0 
5.196423707406794E-65 8.324285876767973E-64 1.232990031149654E-65 13.590991661212428 0.0 8.495029205193896E-10 0.0 0.0 4.614801954816455E-18 0.0 
0.11939610814083049 0.07582115769236324 0.01707721485781293 0.24265519738022617 0.0012391128536437949 0.0 3.3836656066394294E-4 0.07525634374545254 1.9376144814602783E-16 0.1813027413442291 
0.3494613182884629 0.008578634891384315 0.0030109445977413054 0.0889156394112249 0.0011971450640515988 0.0 6.638909870980525E-5 0.092153767727735 1.3510052853408763E-16 0.0 
0.2154585892915434 0.1291180801656855 2.6475246906979284E-5 0.023461081333563377 0.0030026809098448945 2.429712853261713E-14 2.753615513714252E-5 0.018426479245802072 1.2539631243039116E-12 0.0 
0.09603430062342262 0.07199970902572116 5.506764566202535E-6 0.05562988473639674 0.013004350119741302 0.0 0.0010922162557275973 0.06211468340734603 4.757663611786388E-16 2.7218865243971818E-6 
0.19577515456574499 0.12895152811073002 2.6029420135734014E-5 0.040489851094537864 4.974626307444847E-4 1.603340836632679E-14 2.7140776464291637E-5 0.0167675097327483 8.52188549424617E-7 0.06350768804297902 
0.6307684945109194 0.01166700099961876 1.4547786803440922E-5 0.06594179391726199 0.0076033283653221834 2.3923205711350062E-14 0.0027150907809448403 0.013294212086854088 7.082081370279743E-17 0.0 
0.5515495164514674 0.014394072654432176 2.6451490233853056E-5 0.0235095475621791 0.0030693327491010587 0.0 2.4109771287072068E-5 0.018426479245802072 9.460851391473723E-13 0.0 
0.0922909766837946 1.0462855305139123 4.364486869683638E-6 0.10939658268183364 0.011737735699531914 0.0 7.076513041500969E-4 0.07057100003803748 4.737184888005035E-16 2.695554920744838E-6 
0.09358874165324751 0.06536730576140909 0.005117474317047942 0.12689986482534774 0.0027312260725013103 3.840640134560162E-17 0.007977034129654908 0.06791000590949371 3.044123769421089E-16 0.0 
2.457151064042851E-71 1.860774454454928E-64 3.500177232164897E-64 0.0 2.9378224388069096 0.0 0.0 0.0 4.137652827449463E-18 0.0 
0.44993410076133267 0.010694518013011127 0.011607670313834102 0.025236163670238343 0.010316893667657218 0.0 7.21425661654554E-5 0.023838738801748617 5.361686301850985E-14 0.03233914105379975 
0.7698543897960386 0.012391928799370155 2.2353726863564462E-4 0.001579005441157588 0.037735110051347505 0.0 6.89963919832228E-5 0.043182666520310914 1.1770209798700327E-16 3.1717224922379335E-4 
0.1356901201371231 0.10611735478534294 0.005579558477778762 0.004145775740938109 0.015275637903036663 0.0 8.66932491281339E-5 0.0384552261361494 9.115107014337147E-17 0.0 
1.788321915539719E-6 0.3511605056731703 1.940579131215409E-7 0.042092828638128875 0.06092975178212363 0.0 4.6336551441725275E-5 0.02009484357505253 0.0 0.1581203196079696 
0.6708083002582858 0.013744238420177126 4.4943742123024563E-4 0.0018580366989413462 0.02035098084293526 0.0 6.856862966098253E-5 0.04775605611716917 2.0125600995296053E-13 0.0022029173700126377 
0.5839806949070191 0.010641544602858809 2.3786968054607233E-4 0.038221237551349256 0.04217705540645293 0.0 7.742045403184302E-5 0.24701887166873512 2.1871826653250986E-13 3.611226442556718E-4 
0.1948491727575681 0.8351807965902196 1.8066136768435034E-5 0.0038067091871062807 0.03872596740982095 0.0 5.492635135946902E-15 0.017683702877738 5.928117008333065E-14 0.1301487431431133 
0.08471966709716672 0.06577543592076067 0.004002143904854786 0.03581103165194977 0.012539404481386535 0.0 7.206544796883098E-5 0.06995085610333414 3.423752128534447E-16 0.0 
0.1504759697620414 0.1029191576549849 0.0057316010836350175 0.024076831437572135 0.00755252935515512 0.0 6.107360108770204E-5 0.026618006887958286 5.873843595520673E-17 0.0 
3.9799155396763585E-75 1.5158978858670017E-74 2.180608362147374E-76 5.139732237249812E-79 1.4553883444952814E-65 1.7725954452014752 1.650612273812226E-11 0.0 0.0 0.0 
0.11645269135363255 0.10147349606821897 0.00585971747831033 0.04506621844888513 0.001274272549919127 6.961357253727457E-7 5.281468709023346E-5 0.09067957368978921 3.173683501918972E-13 0.05589093405531511 
0.5088448139918875 0.013134262272930375 0.0019391439435882533 0.0014464406418275837 8.988629823004522E-4 0.002600504144291509 1.8093562525542363E-5 0.09032285790914993 1.5244539173468485E-16 0.0 
3.0441800258537612 0.0026649320013505 5.0050612312675305E-5 6.187619727738757E-4 2.0963262251870048E-4 0.003514903718577198 0.00712379505722128 0.018045948999173167 8.037113067432328E-13 0.0 
0.3777025069726869 0.009264388092237444 0.019300084952566795 0.14680883553651217 0.007510656238667108 2.827446408364517E-4 1.1704004072155009E-4 0.017783470410651744 1.0167257960646492E-16 0.0 
0.19931284342750616 0.09337372805531063 0.0036088586756138096 0.001456789959015301 0.006883993586334544 1.8201013759470354E-4 0.0032310415643588735 0.11920748089404591 0.0 0.0 
0.1320607233930311 0.05458847160892438 0.0023911579360821277 0.15917294099193338 0.0038024665533824996 1.820194738269809E-4 0.0042583976558887345 0.11524279833500597 0.0 0.0 
0.3019040721308783 0.08890704739106568 0.008020753119624476 0.044187068088391485 0.004233268779488381 3.4071756260765766E-4 0.0064745819369414715 0.010877591689627404 3.461376752824478E-16 0.0 
0.8135414285416318 0.011025023168485982 0.1467485082027536 5.925259894542908E-4 3.3243649595226295E-4 7.292813771742932E-7 0.0031997221692163444 0.04844243430963038 1.142079412079405E-16 0.0 
0.6051691189828684 0.013816848914000163 0.0019463803278312413 0.037309308068131354 4.1909772702595837E-4 2.0971780139855856E-7 0.0 0.01799007336582336 1.3887996286535953E-16 0.0 
0.6321942154737976 0.15384432594640418 8.190318113321771E-4 0.01135149300699306 0.002804127210778692 1.0471031169848443E-15 0.49283425729001407 0.016573145997177286 8.518065895440638E-13 0.0 
0.20758514650526946 0.08748710456661941 0.001083898325448162 0.010483783052217635 0.004361465118102926 1.339729251400877E-7 0.00431835995030871 0.05450317937551872 0.0 0.0 
0.43686406621194246 0.012353064395995181 0.0017076517798601018 0.01959127485099733 5.583938203149715E-4 4.4330208477500705E-17 0.008975413082211909 0.010819416976507502 4.2157955076416444E-21 0.0 
0.11177929365223392 0.09699908184125729 0.005901782452737907 0.0026193515165262925 0.0 0.0 0.00861371266131372 0.06997427157457554 6.64578624788589E-17 0.0 
0.09359074462380447 0.06667149793000786 0.0046130303358737955 0.055844750268756266 0.0027346808285184255 3.8497427729975675E-17 0.01193584487014573 0.07158265781901867 8.495661272824273E-17 0.0 
0.13599737835682407 0.1837323659718175 0.003218866947699173 0.024640951486244313 0.007112828708435631 1.0086821271977706E-10 0.007022428653272319 0.0 2.624527585743731E-16 3.9394611771698236E-6 
0.15683648397404898 0.06982682420684602 1.5890575125958527E-5 0.04487410652490899 0.005104969354935653 3.9451092711677554E-7 0.010416045323406002 0.07270683899365708 8.638906370064858E-14 0.05602137590885546 
0.5994242881208903 0.011033207735181613 0.010806865315768058 5.929388011832953E-4 1.1689181525593848E-4 1.611245830554377E-10 0.00601494222719162 0.04844243430963038 1.142079412079405E-16 0.0 
0.19542137999738318 0.14286461713001214 0.0016341915905058845 0.001201791732146356 8.991949318837397E-5 4.211006192058607E-14 0.004905175863409681 0.04967146680536958 6.134456238342259E-17 0.0 
0.32178609191864693 0.08492514175409205 0.0047441892607408016 0.03883602282564296 0.0011804366857401578 0.0 0.014151161023974082 0.1539546822089724 4.195241150191309E-13 0.09088524217090177 
1.5285936294646603E-74 2.3923305311565294E-76 1.7686430935265792E-65 0.0 3.190852916749637E-66 1.2756443772554316E-66 3.824850094572162E-67 23.11598970430598 4.4638031228226287E-13 0.0 
0.6865524104965813 0.06243537988357869 0.0017428609619048476 0.008243289061926834 9.090881972022015E-5 4.981377379659666E-17 4.783404306179703E-4 0.14445711131788075 9.940972749393053E-22 0.0 
0.3057976055447548 0.12757211437227214 4.4920097667248163E-4 0.02137623076736145 0.005915054782013639 0.0 2.3981936058423488E-5 0.09255476799931574 1.0492755087458991E-12 0.02979087178058245 
0.1259068963266851 0.14646268955247377 0.005244165113590961 0.002383654871891505 0.005024426300569965 2.5651681983703674E-28 9.809609824743378E-5 0.06994564619312507 9.583672093314618E-17 8.647653679430425E-4 
0.3617026065843522 0.03482510733824796 0.010249925275746988 0.0020695665606023745 0.007051102892208397 3.696511355879401E-11 0.0017502314532530107 0.08511067566369465 1.8714797177713583E-16 5.484127338180959E-5 
0.46014040402628104 0.01131860560754685 2.1125381308742975E-4 0.018170377071259666 5.280416836026723E-4 0.0 1.3777399049069075E-5 0.04777827712259845 1.1618827294701265E-12 0.0 
0.13648143941613747 0.11267482796917025 0.0023122732824011182 0.04364700594266832 0.0029863654815318864 7.572572023345967E-17 2.2218131630909837E-6 0.06719980922670067 3.044123769421089E-16 0.0 
0.14970751732369747 0.11375366157287299 2.206142786204766E-4 0.018571452523481413 2.814713945262961E-4 0.0 3.6893315992530255E-4 0.040236749779961514 5.513421993376119E-16 0.0 
0.1902716630562223 0.14452950396145703 2.801755983587799E-4 0.0016334987159301812 2.814713945262961E-4 0.0 3.6850156885513154E-4 0.03755513146684832 5.061756615385416E-16 0.0 
0.127087441468327 0.08413986851337461 0.007176809085901888 0.007407547332205358 9.013889212397265E-4 0.0 2.520698086337609E-4 0.075320402427019 2.269563686730258E-13 0.06837531245109356 
7.276344658000542E-68 3.795070085653022E-66 2.7918718465665765E-66 3.642023634925922E-67 6.374510512154873E-70 3.0813295473519784E-69 1.5568125023166844E-65 1.9240474568126158E-65 3.0158273535170093 0.0 
0.4847873273238383 0.060962656128048354 3.1504075294498963E-5 0.0029991761017959077 0.002690723113362346 0.0 2.8134031906050876E-5 0.035864445329821 8.487916508730466E-13 0.0 
0.8028102098234711 0.01128126259472504 0.0015407432902652426 0.018511354002412047 0.012151556124113956 1.7379578523848367E-17 0.009898423971046488 0.0129300453361673 9.802879551506326E-5 0.0 
0.24802515885787474 0.13990888999375303 1.1740866243485984E-4 9.676092529629898E-4 0.012297642788064849 0.0 0.008401753240451849 0.01757006679073952 1.1332781263310077E-11 0.0 
0.7641546280182961 0.038126128467922835 0.0031440739139983365 0.004971639361149984 2.1541611296023618E-4 3.1445470668867686E-11 0.0033487568743818855 0.03875680210088861 3.627553172931405E-12 0.03614821434208326 
0.5476454112103143 0.01598931717048288 6.116832282701555E-6 0.0018851144695818545 6.0543209163339205E-12 2.6040114462000133E-10 0.0019130081929144686 0.04087696707751856 0.00103697779322772 5.178148723486038E-5 
0.3086333688641594 0.029750442874489847 0.002474970925396055 0.014930050954696862 2.1550056678330652E-4 0.0 0.0033453157918536783 0.038654193112977145 2.597035174540487E-12 0.021932944787498507 
0.7792699493220042 0.01535634792179589 2.799703012059303E-5 0.025078160035521418 1.505369861652509E-4 0.0 8.773171060070997E-5 0.018426479250822653 9.460851394051608E-13 1.9362662242464304E-12 
0.13772450917387954 0.1963482974305216 2.1108247499671177E-5 0.0011543614631595092 0.012595148379934924 0.0 0.002515295661925296 0.020498024351027187 3.1795610137454225E-13 2.393520116713795E-7 
0.2643088187612504 0.12383510749020585 0.005804352901171214 0.002971845191491076 0.006119469933347149 3.0372112653658142E-28 0.011768013002874111 0.031476776981080416 0.001398734459416213 7.785783813316522E-4 
0.12101639192280925 0.06221397530198754 5.625822007428306E-4 0.013117731094450108 0.007948432461650654 4.253157505738048E-6 7.45423558132279E-6 0.029375128206554062 0.0 18.208462841158507 
0.40866352295645164 0.22711051132521526 6.358785083608786E-5 0.0017033482542272104 0.009739042879168795 3.525256615525479E-15 1.33727106001302E-5 0.020803270875681387 0.0 0.09826491055836421 
0.20913553800939574 0.09569450665234296 0.0011393821503657758 0.02978770611683821 0.0038396150398767115 0.0 0.0023816962554488084 0.3092926863046576 4.2703644841371016E-16 0.41678082127313143 
0.19910417187632223 0.2550978381094725 0.0024618311556824667 0.0016321754182018345 0.0 1.982114172818817E-14 0.002315000197438848 0.011890844266882042 3.402200308918004E-17 0.09835895987667932 
0.5311851181707445 0.01815585255436056 2.365862186357068E-5 0.001393091742971798 6.797304005836371E-4 0.0 0.002079629878805362 0.044739008556850535 1.300461396175603E-16 0.06307446657077873 
0.5850377513077658 0.14268830109803385 2.1400728577222362E-5 0.00701210469924004 0.004608498935001371 1.0764870899870865E-19 4.0869113730887443E-4 0.017558871272393722 9.615186296545597E-15 0.04388654180788117 
0.272391865155029 0.11996114887791323 0.0021889728806879652 0.020069943445613577 0.006324985441446653 0.0 6.04952877417941E-5 0.016149017221553427 3.801552472853475E-13 0.029636594639046346 
0.5622552876258482 0.01754583173641751 2.146364169059022E-5 0.0014972872274146257 0.0038137653442974853 7.083855340248941E-14 8.66668151018132E-5 0.041349327318255226 0.0 0.057364315010218644 
0.21767789295493314 0.18753123855863665 3.234216326485505E-4 0.0015473267129143358 3.4735774514473646E-4 0.0 2.7634763857265916E-5 0.017224408872456888 5.8563047445974034E-6 0.022494996793509713 
0.20091165519283766 0.09187375278913983 2.291491519049629E-5 0.016094108188703597 0.006140299899520999 3.561328892427049E-7 0.01067093096069325 0.07241802691004026 4.20385117601972E-16 0.18833961181177178 
