7.442068933526324 0.06013483453366606 0.025922187363126816 0.054740065247809104 0.014852997193166798 0.023893669691675005 0.035011483269681336 1.0252226830756 0.041547111848568005 0.03612330770485297 
0.05522275569937471 0.09611224578365744 0.04923371003273405 0.07055968513285409 0.035125673940212904 0.05312408413120205 0.07634279681153743 1.020075097624817 0.06000471676612131 0.052408614843977366 
0.9311976960523898 0.7779240599497729 0.02073711224574943 0.08294910129313414 0.01992739447671869 0.018526636968909212 0.3056474206545407 1.0215705442072351 0.04510202481637927 0.049201914935243035 
0.07261499226059771 0.07099314411063277 0.027193278869869966 0.04505893238144444 0.046035439856377265 0.025955141797955394 0.025346450161468626 1.017292077942238 0.04144881044846701 0.038852275101900036 
0.3986229602625054 0.11212282524490484 0.02433616826302794 0.19342616189431475 0.38676318122094594 0.0921985460491076 0.02751563509481934 1.0141243466247025 0.03211993275553318 0.03628734864676815 
0.05569590650264386 0.04746181842102249 0.03486026208159963 0.051585275304448966 0.03978752352318517 0.013475210107465269 0.048212171029201695 1.017894313672392 0.034641413583901756 0.037661820224856986 
0.05209697973608142 0.05381654888097518 0.03409026674729712 0.05446333922016761 0.014737492245598121 0.012999298751260246 0.0298862054926391 1.0208624464972986 0.03812641127648754 0.05026478888623183 
0.3276878346901781 0.7237304961049535 0.05400204537155223 0.06275696606406661 0.04882244871648587 0.010941428247230581 0.24543018708415967 1.0172670983152416 0.21250848559527652 0.04741712484943676 
0.06293010282262847 0.049150031862338385 0.04351385286777682 0.06350336538968197 0.009403280848751555 0.08194219214387309 0.0818243236350717 1.013994980196934 0.059057686242327906 0.03643480650550351 
0.05715103328190078 4.847505833107324 0.035007178536520404 0.05062469428303031 0.03354299422229138 0.014770804669928807 0.04662038366936013 1.0196347506344128 0.0220512526725851 0.032221264438430194 
0.04894811260236397 0.4192321268103003 0.02336434142389842 0.06314148043866774 0.03468348622009181 0.015806030459118745 0.029502037281954545 1.009467766479348 0.04728628085029495 0.18554756343258008 
0.0592552434001707 0.20793494629670664 0.030014429067540056 0.0565095313763237 0.014003209776072867 0.0895877306885118 0.055745455238750005 1.013561077891298 0.0510952592603406 0.046561155176176545 
0.055673037738996255 0.27317104481687327 0.030415223745484218 0.07207040131926418 0.013103273643975163 0.09439225093453665 0.030843186876285 1.0126699939429273 0.06706832091803325 0.13904136615516605 
0.0546484732571313 0.18966810476986312 0.03165982316889381 0.05051681143779742 0.010200938090991143 0.02935509355509004 0.11142321637584379 1.0934340576345947 0.03263265770034872 0.08249646003103375 
0.057569034933110455 0.7086197502469617 0.022226766747747418 0.0799893199423912 0.016523725651932605 0.698148917765081 0.10646619170471755 1.3771659894643793 0.3770600798883298 0.09300909848003676 
0.051193300017328885 0.2807011000854522 0.020957748551624404 0.19195852963349874 0.3831683314402489 0.5598947070528497 0.1820702082572301 1.0249605647005096 0.2199034383196184 0.4007220017085424 
0.08900760210409339 0.05247522528544914 0.023362506920168797 0.3190713649162977 0.012163554149877132 0.5280324917100057 0.049284132822375204 1.379325398209609 0.03516057217621455 0.0608903658865826 
0.06284894664042336 0.05223281133208509 0.019291638755583 0.09533713068641965 0.013191907117804335 0.5344917105295742 0.3188404201974364 1.3791924312543578 0.034053926126374715 0.4133300669784983 
0.060660177521549154 0.055146886153273046 3.6110590698742198 0.052425886847393625 0.020318848151161594 0.016073668239256118 0.053508738174232635 1.0212009085161369 0.04731354766511377 0.03925863685948779 
0.049900938222166 0.1496844658304092 0.46446890061820983 0.16253862942914396 0.01146879009246076 0.25356347424140463 0.03194083597164767 1.0253326505975477 0.03101209231190266 0.19877292620626585 
0.050424220123223853 0.06188862572960585 0.47888034801637525 0.055500313327688594 0.006556585342028396 0.07991433251261157 0.028940534219475896 1.0168253176552133 0.034986016307144964 0.4436390726937361 
0.022401811882965753 0.1020288450121419 0.1493096873548181 0.055038799545015296 0.015775562166570417 0.10211531091510215 0.16155351173463336 1.0212926431526765 0.04266292898204226 0.02665042973474368 
0.053562010493380274 0.05682388628625984 0.11526565578751251 0.05890147717856938 0.11107165141664756 0.009236804061570776 0.03244008685368976 1.0203420062098345 0.06217328606094587 0.03315259743024942 
0.06054911419849507 0.07376888675353167 0.07868285574823923 0.05654631179303331 0.02881965217904303 0.020961296828183547 0.030694414443459828 1.020588512050114 0.03944308010783749 0.058875431802850965 
1.4169308554405273 0.05644106425575377 0.66442724062237 0.31920005000165436 0.010819375376959808 0.5295228959673576 0.052209744167482135 1.381781477969921 0.039915370672795776 0.054040407548992454 
0.05698123574667393 0.1738970520020463 0.12394832582370982 0.12304392433058373 0.01026617936722608 0.009250250227012617 0.19991024165854776 1.0203879538475786 0.039448295972279446 0.04850703314150815 
0.06640708041776427 0.056616709134989 0.11923251686324783 0.05550113106938757 0.12103648231702911 0.10645625404302511 0.03630039978676509 1.0201964466062838 0.06208808304736785 0.03974097950330687 
0.11510032558308081 0.3613586486977244 0.12108087535272531 0.04565705803378594 0.04590774362482277 0.019084486633986236 0.029083618149493336 1.018081915297183 0.04748365518817248 0.04121983372885395 
0.05613672227463432 0.053723510933623986 0.026445243596258064 2.1218037177726083 0.014250921078102512 0.01286732905849044 0.044757456956450684 1.023507429333717 0.03895247970990374 0.03781084315600161 
0.05345194087084672 0.09874870331757289 0.03157478200735739 0.11335509465265599 0.012634062823338583 0.012924142819289192 0.1235094217310296 1.0202132463187326 0.03792803689055673 0.0708860572216932 
0.02263767209038464 0.10217053824283943 0.15008361088307343 0.20615561137440805 0.01581247427334564 0.026239096977769497 0.03642019034584575 1.0219044610832522 0.0419363996226356 0.02654380760039903 
0.11866550636813376 0.05274545528455246 0.1219431397268481 0.3127857859918741 0.017954080110504214 0.020508404002830157 0.05521716407996835 1.3805200591293811 0.039383992432916196 0.0845224728185023 
0.062144882741370505 0.059046929088877445 0.026933233456245164 0.11131053447037897 0.01610076038201573 0.09166635000582683 0.03212585677412074 1.0143460512942908 0.04633883042388745 0.05358462073903905 
0.06630372223131736 0.04792165602701969 0.028290429562030383 0.11085378771843286 0.02886302965705827 0.015173357396740667 0.038769354363885164 1.0205148335372822 0.054891048272070656 0.05877371300613911 
0.05513772445644911 1.1184474017622725 0.08872591338331585 0.8285776818527373 0.7216092499836212 0.03189708223075546 0.032940071247328125 1.046760561761272 0.048378985382899656 0.030610211473584115 
0.04729240260038657 0.1183695562638512 0.03869723470488639 0.12486542620115483 0.010463002484279506 0.012970769729164165 0.04232123198807961 1.0220372460321359 0.039725099123267424 0.057968014748913665 
0.024876955965364825 0.10406912506207285 0.1500147027513178 0.2094471939914671 0.015682251919367392 0.1628152116264315 0.25367731484032574 1.0222082521431548 0.04315616535736534 0.03362916938650656 
0.06205763000631281 0.11108899362123 0.02425182474719663 0.3081941733674352 0.38864230082365137 0.021168932573307705 0.026271025231714738 1.0152867920909845 0.027505198997100397 0.05998530374151185 
0.05815095834571129 0.047220249987724054 0.03523263659310886 0.05463588207124692 3.512194414452113 0.013305242271834909 0.054223569525847434 1.0168981862924011 0.03401564020105481 0.035801124218164955 
0.05347185417875354 0.1051626856328746 0.01772636977979476 0.1949528920905971 0.38599932441205637 0.017810567021728868 0.02936803586582975 1.171881741367057 0.2182351594510674 0.40136019668754286 
0.05589100266860917 0.05436164793538445 0.018551499644218827 0.05688686684993146 3.4587126430319217 0.9921007389274137 0.06816475528582648 1.016919414806246 0.042512901983443804 0.44883394709575425 
0.1149822430911209 0.3477777498097462 0.12182058595830979 0.05677544856347703 0.3691565754628193 0.019091900496488276 0.027996565453678388 1.016680976096905 0.059123878824345485 0.03734765360322033 
0.05321675128385185 0.05933721711263938 0.02099916948428672 0.05963634448746037 0.43232076619707316 0.35374349339593714 0.07600068674089797 1.016955324307955 0.0444377235447915 0.03629887661131901 
0.3256495943661788 0.05691902041026545 0.0543642358206654 0.4463986871789735 1.064778944583101 0.012504159393381616 0.24572203782458427 1.0176864954156994 0.20288866271803838 0.5747627521704197 
0.055500659121897326 0.10388725419175805 0.02183645581423623 0.19613492066860225 0.40043156029550664 0.014600283971743408 0.026493216034633768 1.0203083034285503 0.0432137174675565 0.043156812993915855 
0.057584978068097266 0.2295768884883337 0.03576084314553694 0.18970975567802445 0.4200530883198413 0.008380664827996086 0.0351390128977987 1.0210872302612748 0.1619556105911547 0.05329688920297326 
0.06184217067285065 1.0783661712042183 0.08744171025884523 0.31798241223072643 0.7001916576490422 0.029164079165977477 0.028161909159515264 1.042124365055048 0.027813213947089653 0.21931049628943056 
0.061857069922759876 1.2240750151002664 0.09052075244047063 0.42542922883676043 0.694294683968943 0.03142864118668443 0.02444192058297214 1.013179332399121 0.3773020079623255 0.21943445675392492 
0.05460905993740197 0.05168523331051851 0.030504846628041756 0.049742776317707287 0.006115327084874413 4.071428828280239 0.038366635295281615 1.0281215102349315 0.04594246274850208 0.034194951060514886 
0.06311726268999901 0.040463777575088476 0.038586416139614124 0.05849473762660431 0.045784573826044096 0.07941576089928465 0.027858062795454344 1.0174189094189166 0.03475345719511488 0.047574302690519765 
0.19633403885543316 0.11007889316587322 0.028679218148764243 0.38844313524631413 0.014511199501639224 1.3002591369212586 0.039377484769319245 1.0211364754982726 0.22848977057001246 0.418507544138225 
0.06537781775143725 0.05869040399512223 0.033709800457502555 0.05832075293916851 0.031019039155552378 0.17216013570655664 0.03420912628330211 1.0108554504839653 0.1088218813163975 0.04756647937201346 
0.06296991460120742 0.06097836762806504 0.02511838612835399 0.0822717421292 0.019088823799774383 0.5492853678830507 0.051048907673234625 1.3798838531863649 0.2678818095528311 0.056679598992622066 
0.0620351977531347 0.03774426694919231 0.030198582565830544 0.05407297965824245 0.022131252375571387 0.18648930034444433 0.06815327863511354 1.0863160508569216 0.017128527755933824 0.03756465963261728 
0.06999234140944999 0.07255441923868575 0.02729142368373811 0.05829837700571235 0.010822604043354587 0.35714023128900074 0.2609843455476762 1.018189588345013 0.03377116065557903 0.1822254440659412 
0.05380253268003607 0.06531929946707356 0.4746560671370119 0.05902436576471717 0.005923630764231118 0.5046131244952418 0.042371572283665226 1.0197163280083106 0.028301228612378125 0.07761363491038166 
0.05673047697213975 0.8199575112337262 0.4732766098128503 0.06723356617814084 0.008106439335851466 0.7785424514738843 0.03360679320431767 1.0182171168494534 0.03830958788242447 0.04498036812967485 
0.054544234784925795 0.10061990915528472 0.027056113674322507 0.04506950847917985 0.05897853907026812 0.09765906005764335 0.03255258745436345 1.0242583299813948 0.03996058653412323 0.06781603789657811 
0.061841092476953075 0.047520410802576234 0.029652571226963225 0.05618211503315652 0.019298899088727128 0.01901600372052596 4.9505106036979205 1.0189880370798934 0.02897618293237928 0.04326705940094637 
0.0614329181305382 0.21149261647322926 0.306334498787144 0.05865665990192393 0.029293917346714597 0.08196151490175893 1.1886838472194088 1.706892841077634 0.03978622455731466 0.0337985002346158 
0.8684232873685319 0.04567725557859228 0.026772952865700854 0.058085204673116765 0.10381644862086094 0.018419188870963246 0.741805180449138 1.0246041837669246 0.0292776821192716 0.14016500508282792 
0.049298330604030945 0.04803367665097442 0.035885466094111175 0.056215507777674284 0.04975140587236437 0.01137126229563753 0.11705864031312598 1.0211308636130256 0.0345097477487402 0.03909795771331091 
0.06971192691393886 0.0808302073907857 0.029548413733307227 0.05950018626832126 0.013784782541198243 0.018175551476422476 0.2620176639315024 1.014040337227189 0.033846330196197996 0.18068438076511617 
0.06728206761287157 0.04942823026416358 0.027526023426301546 0.12902848746189377 0.01919508743913059 0.16939594111082018 0.29018565612291236 1.0247970914158169 0.03667865531018373 0.04172721162881829 
0.05340657718388222 0.04854322831428086 0.11511135985350178 0.43325618899398843 0.11271964340721044 0.07512957252995614 0.8345734519751793 1.3756175885596216 0.047345859401102516 0.03294561450454977 
0.05820690410463204 0.04794931663263266 0.03263810274866204 0.06422525163284441 0.01856297489639968 0.018004895890553367 2.9143296733250543 1.0153188637781505 1.6276488977565844 0.049099075942877046 
0.062137922042578606 0.04911366396089677 0.051362921973984836 0.057913627787632246 0.033509758487504926 0.10255503240514173 0.15974747091472535 1.01584838383078 0.10862670214554704 0.049484812253111875 
0.05536687916501622 0.07015218739985674 0.03942263118062588 0.056522007655513865 0.010442345912881582 0.012158642661822983 0.07828201569311793 1.0131310015276116 0.04801584015970731 0.034571433480175814 
0.06168219228767213 0.0546416454471267 0.045005439075747625 0.05810093131862416 0.013935592239410547 0.014998771391270815 0.02688606666799963 5.682051543399278 0.032176110356231746 0.0366859877394872 
0.10618483855213354 0.036493683435431606 0.02857056910685137 0.050813855575262294 0.022000930696728562 0.01304960271760137 0.06849037677048457 1.0879609633796958 0.028321942161998744 0.04731198264107811 
0.05115088562071315 1.112839899508114 0.0887918950288281 0.5654063053940765 0.033848575813214724 0.03434262686078014 0.03316649946788028 2.8675491651236586 0.03349777825718818 0.0317705194268582 
0.11924181045439206 0.1906982050414401 0.018433129368962495 0.04619486674093281 0.015032814601104984 0.02143956282572268 0.023015427549732025 1.1879999677320439 0.0623784712642538 0.04359930938522117 
0.05227085103888687 0.0458365674514507 0.5089828929188686 0.05906330470179431 0.013710483505433925 0.07755810158900545 0.024610032082757118 1.7293147133681892 0.026913455943520355 0.0517719201901455 
0.04981699603156319 0.039035012827925444 0.031151438530026963 0.06375159531427098 0.020440445027332436 0.010979010057861633 0.04378636389953829 1.169824532222864 0.08272768598360863 0.11330317228720245 
0.05325214659218717 0.06698255063530714 0.03141300770286532 0.11185832381987827 0.012352001781147336 0.014449232448355043 0.7998334008020364 2.2901452849287143 0.04477739245101907 0.06814603445257864 
0.07928339058399879 0.03158360267385156 0.39433576155933303 0.5608875436827546 0.017315428733301216 0.30893187003111416 0.4120972242087666 2.191011502355409 0.035192679165659664 0.5926825495882172 
0.059868192220102895 0.10337117174321786 0.037219158260785624 0.1926182578530771 0.40471493997169883 0.011354186705314568 0.03603588019088256 1.47243633715471 0.031179230112081697 0.03693094326436766 
0.05905743106412837 0.04233034464137853 0.022006615660702153 0.05529656732781605 0.01661807842119077 0.00712199626359139 0.031726377089877744 1.0167315045450367 2.7898881459801674 0.05006805806427501 
0.08558341288093531 0.17049478377199376 0.030445459752246676 0.058151234616642004 0.030876637927765266 0.2605836107317899 0.02754187506745926 2.5449531066287654 1.4603082007123849 0.05292814297222581 
0.06289057305551088 0.06222271395331379 0.022716954426995773 0.04248333415438629 0.010622657710737893 0.013942545960670644 0.04758099212529779 1.013496745220621 0.07270349992780686 0.04920701242385874 
0.059847855608713446 0.1034451328830286 0.03794399000479052 0.200051415855954 0.40347883794688366 0.011497352225577493 0.03258259305983931 1.472577228272609 0.5303082903159577 0.03622042829497857 
0.07126272116014923 0.07568620728373514 0.0841350176801681 0.06492457631497385 0.03634976515891448 0.011527206632806836 0.02512559775103915 1.0191011133627148 0.09489162651813483 0.03236879180083281 
0.05532036680536386 1.0079764526475117 0.08234077479422588 0.5637671701431521 0.03398054838364694 0.0319970598208894 0.333268919135706 1.015276315275483 0.8363000327091026 0.029300642734323597 
0.1966609494570952 0.10890874713535457 0.024415351412826233 0.30779866890101326 0.38717530093084623 0.017435840091828643 0.11705727238175728 1.0135291938402704 0.37045915219016434 0.0301625059963265 
0.05247295017503692 0.04702500683653914 0.02903783196461388 0.05686128810595812 0.013702148358291684 0.01235995285442385 0.027583767931285193 1.020898277669227 0.04175694152723187 0.037809573689240546 
0.04435281545014554 0.2140815873734956 0.021827618528275607 0.04186621027005101 0.021266773999332203 0.01866957811156324 0.0771114126305288 1.084622353998892 0.5096840163384203 0.8941356431768999 
0.05086990162907529 0.2073027147699838 0.04680071928260363 0.03782848152486099 0.02107207542837411 0.018658526512826644 0.02921207941001907 1.0163575420765376 0.09435146228125448 0.12272490022519003 
0.052743771465211205 0.04412330604210946 0.02526050233541482 0.05589220792316399 0.01904678120568954 0.014034918391342598 0.0261653522300308 1.0178812902665435 0.02920636697007164 2.1790638921311145 
0.06438395503738284 0.08619720709966765 0.029326275517899784 0.05585820162164798 0.013493995513179797 0.017991242630129526 0.11989697443008099 1.013725475904798 0.04045438948555823 0.17715899736655327 
0.049800977940072294 0.038874920591987105 0.029857966215037432 0.058448792690892044 0.02038699397370206 0.01091701008145388 0.03901108124370771 1.1678392039172563 0.08864919490131024 0.2568193496341804 
0.05507919930757167 0.29598049935684506 0.02949508498051825 0.13016914023328677 0.010266727299808955 0.009251057273084616 0.19990298219448918 1.3753168909573463 0.03506130704218089 0.5586076210362327 
0.057028724988320526 0.17583075050648417 0.12214204220376731 0.05245173652960485 0.01890929577593458 0.5518072030070109 0.19930483613566632 1.0192699183527498 0.6628765032494234 1.2759781180524288 
0.8795213090556159 0.04977179727902943 0.0218567142139872 0.05501411002235435 0.015871348118522456 0.16678872567464226 0.18239078994792698 1.019924692223929 0.036782185465025395 0.5832759946987248 
0.05151751584068549 0.05582078151096538 0.027188437862434522 0.06515506583102361 0.12193689652852087 0.018187393295160382 0.04568295602489708 1.022843209565068 0.023237553976607338 0.12977140888757022 
0.03189550490033677 0.11476993037749308 0.14413272926233078 0.3790518887380079 0.012455802473997678 0.3790957832634631 0.3314408874953678 1.0184720527346722 0.037167083375920666 0.5708599299724145 
0.06926259905313953 0.04069549224905705 0.03856136196332459 0.06616136326402942 0.031074594485173794 0.021508185589983044 0.0326696935270886 1.0208295737353927 0.03714385355996184 0.07871183695653458 
0.19281846858063773 0.15720726707815372 0.12063295390118663 0.1466998878528652 0.012574496897929095 0.012028018975511878 0.3129713083811142 1.054036937088153 0.06679483201651631 0.2570277134082658 
