0.25472807997870833 0.13349741550979674 0.2705276928404736 0.03016676121052481 0.06801403714911311 0.289495642847197 0.3342802789303067 0.3596542932882249 0.8781714468884922 0.4221489722189339 
0.19215006419741348 0.1831224849214031 0.2151113128144017 0.07700299936013381 0.05400922381519327 0.259431848662946 0.3218736030073203 0.33654114267483193 0.8542997525574573 0.4711601578769461 
0.2590236172959138 0.2166106069533198 0.20400546481663773 0.02058227971539012 0.05461511002759726 0.2354617386380283 0.3748137719396389 0.33698769591308364 0.8889709048060728 0.4867734079190978 
0.26767776753051375 0.163809892302847 0.2570021538123714 0.08766435394720955 0.09373360124738575 0.26622513210663235 0.3518626691216011 0.3850036512266705 0.8735077534441774 0.4628158624024481 
0.21927570286929943 0.18405979814204612 0.22682025015521018 0.03498135012534704 0.05384434353945666 0.2641215051168362 0.3242972043889737 0.39218282335209076 0.8766034266328566 0.44796635783203087 
0.23073926541022874 0.15957844592072232 0.2459434012842208 0.02688322359621214 0.1643836791665515 0.22540091933313916 0.3839212908332844 0.39039305690901205 0.8770074632205754 0.4580552199986349 
0.22045164457700195 0.19880819789861112 0.19989525645250447 0.1195478129471748 0.04932992513537052 0.22597587855997514 0.3648996745869964 0.3564480295132806 0.8861452423438592 0.43173092886858405 
0.19876114940690842 0.1855700856742011 0.21845784235616117 0.0476391582922042 0.03444239265354317 0.2752795028322181 0.38011644530821354 0.3367702619150424 0.8552866611653017 0.40864083794081585 
0.19786751814567338 0.18098478713641766 0.2476624481627266 0.054213290999221064 0.074778199106838 0.2879939283575673 0.2960037915417397 0.3331210221047484 0.8658296715690953 0.4514251733342009 
0.22834744577000896 0.22484201212920316 0.19629888607967982 0.06982085028049269 0.05721596985684002 0.2335612082115078 0.38758828442941534 0.42959585530673655 0.8642951134713592 0.4360927570156303 
0.15319323152006953 0.3254654390394061 0.20542566252905928 0.040975339737667996 0.03862928990366497 0.23151591365019594 0.3832773977885868 0.33558252189499116 0.8835715263785914 0.46385992720203206 
0.16118659658629508 0.27675224000703064 0.22574852531205983 0.05439324162481962 0.08414054219391234 0.31143602404412024 0.33220568763367786 0.3502027854467132 0.9112212011254852 0.4218051817153122 
0.14044660695032546 0.2421613124430389 0.21444427463483215 0.07466266209245112 0.057594856284915216 0.3141346974895557 0.33525866129496334 0.34509581994259453 0.8495540471609259 0.5042708878335402 
0.174899743294739 0.24200217789328865 0.22591548209156492 0.06081931026560304 0.03271928916887248 0.3072993805163039 0.35272039066713 0.3382733893030449 0.9163431829556085 0.4293323873341514 
0.1305310347753349 0.21732965691642184 0.25036017485807593 0.035930173205325766 0.061148429663259174 0.31074505283001286 0.30074464972686266 0.3642480910278984 0.873909767918272 0.42311146006866907 
0.14885200944985963 0.2632389680229924 0.2343685681446311 0.030883867739190374 0.20960858977795782 0.3337691455053765 0.3571647367681876 0.3416137042247734 0.8966135690937413 0.47342144851503154 
0.15927757464207587 0.2157045391480737 0.20574388427597023 0.049373528326673605 0.0950486396079106 0.29000230672346783 0.3392549703615678 0.3462316105646092 0.8743428695607939 0.49398307533145963 
0.14044763217833023 0.22939252204300148 0.21225151961901298 0.02929027682116267 0.053687827916604716 0.335404294210718 0.3106641373102482 0.34058554915547073 0.8575244815960635 0.4388863283924568 
0.18944349644764108 0.1955689144527403 0.2119860849659399 0.044438234909977364 0.07207923857648124 0.2936478426453482 0.2923631123740384 0.32570127100978696 0.8609696286547371 0.4256788263362083 
0.15711863075572965 0.15745070488384338 0.4543154614764865 0.05876222225046076 0.08687347802099901 0.24453169272316028 0.37519084673644065 0.32448765957677556 0.8791797297018358 0.45127377228110493 
0.1345727439945923 0.16725160516981913 0.3008071038171896 0.03181787280739758 0.04297115741037895 0.2385234819969323 0.36645514661118084 0.3272050996624673 0.8537125568661035 0.44028338527867034 
0.12770839522819635 0.1770153333960312 0.36046484516694355 0.03095644119010486 0.11470749965759475 0.25356466236012026 0.4042113577092462 0.36146240836994564 0.8802108071660912 0.4469120568387558 
0.12944107897489762 0.1824799373600963 0.3738701013746654 0.04689438733119576 0.13766999340479164 0.32216904146426073 0.35662733435008614 0.3549714392203157 0.8878678312811394 0.4509754491132095 
0.1375706012853413 0.17005227480692237 0.31989729342914713 0.06906410138486144 0.12977995426116246 0.3710797772836023 0.3247707720536171 0.34520423785473076 0.891708648900615 0.4471469062469662 
0.21279818875538986 0.19268577911070495 0.2886127488601581 0.02161889435029925 0.10527490269757434 0.2994837054233144 0.35781329029583386 0.3368796879950384 0.8645289476810893 0.4807440792988717 
0.1892356146637737 0.2220943493649496 0.2947119432489696 0.0871495117310749 0.08098690328333576 0.3049436072956662 0.32959771177376246 0.41655414215655107 0.8407781131676456 0.4566048271621753 
0.13582699084340555 0.16250705633364426 0.26716224517240217 0.05449471176748463 0.11366954903947302 0.28095494863836845 0.3356013722039775 0.3396731912421258 0.8869043463097754 0.49388129931006786 
0.1521609277312091 0.20502464640818843 0.2648957354894949 0.33947090143311515 0.05548613867371956 0.24639272607481844 0.3624011277695203 0.3306113316679768 0.9054438241592037 0.4486705923022284 
0.13382763753451873 0.18068838364762896 0.2225641924977955 0.1111694237586007 0.07359151292735808 0.2564076558926606 0.3238552235483575 0.3448087918075595 0.875656638892675 0.46618369010763605 
0.12252530728647142 0.17537094320237706 0.20623169112624157 0.1056175270241635 0.07839889659181215 0.30666492217042085 0.3472021527973846 0.3630649540723132 0.870745693563869 0.5052997975066154 
0.13729049207023575 0.15211625470050055 0.22263141490839505 0.0693960950910033 0.05123644515240336 0.280321825617365 0.32583926768569843 0.3423371309903813 0.8606044585112598 0.4262138808505837 
0.1915605550965193 0.17029828647368225 0.23139599099459196 0.10639161950274735 0.08834082091765025 0.3076624111511893 0.3123529898671719 0.38776815532443176 0.873922538542135 0.4736019287385669 
0.13663460610286893 0.23934517125137866 0.214323722138397 0.09389793431432013 0.03047755600709284 0.2898622801628911 0.35831233699654785 0.33774844237077795 0.8748902962803208 0.42413404623064527 
0.15715474833807214 0.22196818553637632 0.22802617256834976 0.089993739520531 0.05471047586521447 0.27979230359914997 0.32584223619924746 0.33399395788552066 0.8982466171413783 0.4312503531751839 
0.1519781564710386 0.1534556910169021 0.24423643073819293 0.07231429527245815 0.06141035633562024 0.2759332546847875 0.3304369931959661 0.336745130012875 0.8519339449587087 0.4630088064471123 
0.19886938332494916 0.21494907615902845 0.20732651065740676 0.12686317429645366 0.1435437555022339 0.27619317295464946 0.3294829682845064 0.42765029906535756 0.9002911814642413 0.5233732449135522 
0.16206017108481408 0.14928768066641906 0.2008975000357014 0.07358051302366758 0.07597112509791468 0.27498529675426586 0.3299421554683577 0.37149402370499635 0.8654292312756487 0.4538531726005066 
0.14010092301437016 0.15546389950917333 0.2290122192171089 0.05275003305745163 0.09728126785583394 0.3042049154580104 0.31177737041462944 0.3505826047828424 0.8679458026871995 0.43052811799016877 
0.1514145205980254 0.15383204485304952 0.23186067847483494 0.03280450265359178 0.08153629445953839 0.28145634580997636 0.30663205555501394 0.33683480121447934 0.8718039807303912 0.4460317642901366 
0.15050547037239032 0.1580183202403577 0.2174807534324375 0.05608948616944681 0.05328889087342948 0.3811630000236193 0.3118325660962818 0.3253626396385327 0.8533167381179723 0.44968758639102174 
0.14036739148318172 0.16063836372762422 0.22832339284667608 0.046031655077953426 0.04945649467507919 0.3504143213967658 0.325401162237817 0.3336238121340767 0.847815701465638 0.45571735514412387 
0.17633448171698124 0.15701016807020962 0.20690570709821277 0.041909117166802214 0.06560170234297674 0.30950473771501924 0.3060008096285489 0.32679702483555995 0.8590304954041262 0.41938589563933 
0.1359757067285421 0.17763712178731067 0.21272211119344647 0.05586244313838376 0.04702642122554164 0.28526220869421554 0.32424013057998713 0.34509620148754483 0.8628522823539148 0.42334927762285285 
0.175966590116899 0.19011025445746058 0.23860111013313207 0.06897322621142613 0.05437815609695661 0.3048868132202907 0.30701230300228755 0.34506010270746706 0.8608687885547749 0.45223742503177566 
0.19061168631463207 0.17268551908193172 0.22082579110645273 0.0352188360565151 0.05017567499468906 0.28769307730900784 0.33771994809410294 0.327781955913908 0.8735643792171787 0.4119375406666533 
0.19453785025226958 0.17927566287728272 0.24484593144495584 0.0558996206104839 0.07603228084380526 0.2869808443734238 0.2954990849501054 0.3329884748634717 0.8650028111195545 0.45171972016326284 
0.20046183949779442 0.1882028658274519 0.2332588375067718 0.04449151568395942 0.04542441236774936 0.3002438739438661 0.34261651608534 0.39142606076266795 0.8672373457926397 0.48497036524841614 
0.19064564590622327 0.18961953134111595 0.21394898464380527 0.06958763242716387 0.05403848357754919 0.2592686678882287 0.3224894285717838 0.33643991313647326 0.8583866922612126 0.4783479590178439 
0.1405421770108628 0.163272877162225 0.21321845369568126 0.05044692141443599 0.04684376356182918 0.2719199243938082 0.38183407922557094 0.33218528829974897 0.8445975042786709 0.4822418612734615 
0.15205931232991649 0.19377774247002624 0.19492639773883727 0.11382725747145837 0.031051220955222277 0.2319783419526765 0.3726760428346202 0.34926083227912014 0.8635317605291201 0.4718454540861034 
0.14104155036791885 0.16464714956071788 0.20751610326398687 0.044121230262841135 0.06787782145616666 0.29439880504461446 0.35005754527110156 0.36068005597965136 0.8593568502477549 0.44845879619251305 
0.19285069869136806 0.18482676244952195 0.20474237113518598 0.015898673193579817 0.053070412319527416 0.2118484402064763 0.37313905254275265 0.34304197913070983 0.8835396747261899 0.4843125081023054 
0.14885747096766347 0.18940658926214302 0.211766307196451 0.04074320317504575 0.13540821773543404 0.294130350552663 0.3617963922890206 0.36893952715818945 0.8415281941415147 0.4382855042841086 
0.13804195415767048 0.22347039539385835 0.2003665901299395 0.04041458342193037 0.042852104451196485 0.2796745790577685 0.35366171425607246 0.3345078236355575 0.8621161671271471 0.42602121490589107 
0.17800758186536025 0.14741322851357075 0.20689113531069603 0.036096167657595386 0.047627338745151564 0.2785323122162887 0.3309373801756821 0.3317961794213494 0.8574410924508016 0.4230687107898859 
0.17065212823486134 0.19615467903889716 0.19565426496178592 0.05558592365486622 0.032363026690102666 0.23593845463039576 0.37190424874291683 0.3443747394693201 0.8679504828957674 0.43081143762324875 
0.22612095987096184 0.15293454653831715 0.2541072183801708 0.03209526287084511 0.18088660604093937 0.22797240662966628 0.3900683743553397 0.38711357808325936 0.8805467906239235 0.4509597418579711 
0.16607184181661344 0.13601707298896054 0.21012501104227008 0.04566330453715745 0.0731489516144172 0.2784405011525116 0.33705369794867157 0.35609999784546453 0.8772796522029048 0.46537507913614473 
0.12242495351579405 0.18142277890203623 0.23261332850444524 0.06159345363620011 0.06194478360510275 0.2377726931493187 0.37334366227768345 0.5536827491187344 0.8987199031322788 0.5072306908591921 
0.19725847870503962 0.20305212428785993 0.2027732798494769 0.10531224721443165 0.09835673324608614 0.22452068423452462 0.36418334912251926 0.4305246624524068 0.913928128474922 0.5254952614372077 
0.16709235497207817 0.13887061704175208 0.20414831393077776 0.05771403433905525 0.03924221541214483 0.22204996273125055 0.40391188765361175 0.4703324346918999 0.8213475069509925 0.4382792610210824 
0.19326615536065675 0.2175934526366926 0.2043550372008241 0.04053677270345434 0.056053075784162146 0.2473527871320017 0.3791071609310004 0.4450786405565308 0.8541210431259625 0.4439688229730812 
0.16540897674106292 0.19785035938316486 0.24959115386449954 0.05609218865066394 0.0742406524824984 0.31333344666238977 0.3389475566789113 0.44876847460885844 0.8116833307855219 0.5103900488319251 
0.17238866136678294 0.18085376254675173 0.20290254542853314 0.028076350830354677 0.05430785164415096 0.3087270616882232 0.3572802449877914 0.4224208014784573 0.8689696456315916 0.4593841571277968 
0.18723356419234283 0.15055061741686598 0.28335133904071547 0.03498457099205735 0.05782466799470567 0.272467402307048 0.34472440387893843 0.4184084076295844 0.8690946770299532 0.4477124667400814 
0.13116313122342313 0.16830234110552525 0.22656308792685473 0.10250956366106817 0.0790849747171018 0.27019962857297014 0.3447565396560781 0.40318753969701226 0.8392775462783695 0.4604521483363644 
0.1527372418184462 0.155027148638471 0.20980361565421046 0.04495842981543349 0.033121714283483705 0.2101536708052375 0.37484480308872037 0.3828184928649677 0.8608872612438181 0.4591971362709771 
0.12830835732679788 0.148978971446939 0.22021624156416267 0.034935750129671844 0.08634473739703791 0.2732757920129153 0.33752154609267704 0.38275328735081526 0.8624181456059464 0.4652921973247591 
0.12891498813052374 0.1714843852069198 0.216706596375874 0.035324498193087916 0.05118365682292416 0.2263007708101163 0.3707543660023336 0.3414131841871762 1.022766771627761 0.4443732097858471 
0.13296292868646112 0.19198840189352867 0.20733063682679276 0.05921298234337394 0.060639598538793166 0.27456848015788643 0.32276555002619617 0.35122643380346935 1.0100536165762832 0.4368060938007851 
0.1512237695045522 0.16289624718887338 0.20971424634446478 0.10267869687387113 0.08220737835941776 0.30081801628400107 0.2946391702675423 0.35450769212754335 0.9425493624043413 0.4543369561450738 
0.13070071213946052 0.15116819454537123 0.21313575361057208 0.063735632023631 0.06234668681010083 0.2523491087738572 0.35460393302771764 0.33839260510512154 0.8990616039195248 0.43895361446285136 
0.15245843131446782 0.14966648980806493 0.24987244822603427 0.03260760706059001 0.03805363359974376 0.2732741200670975 0.40550031756030475 0.33562624517215633 0.9148586921830167 0.45108614669594116 
0.15288594721658713 0.24682617290733497 0.21661555586147233 0.078600221230606 0.05404436849039743 0.2709023396849302 0.32662561286627967 0.3629397044643196 0.9704816108741623 0.4180463086029655 
0.15358170095532733 0.19781333998830497 0.20525199601951186 0.0502105721398131 0.043725648377478096 0.2137175486611269 0.38120313805543393 0.34274223032728823 0.9010355274855615 0.500386072254364 
0.13804789572040843 0.16629638323125825 0.20543880994861077 0.034277378847585915 0.045167569252672166 0.22176745657411487 0.3910867401581395 0.32863499390488643 0.8773642490992988 0.42748069788439097 
0.1658172092991114 0.2432496534156651 0.26878649834767915 0.020059948344569034 0.10104710628108389 0.22551688300291597 0.3850418974449551 0.3554224109370153 0.9298913696099097 0.4828818419967636 
0.1497020076859182 0.14511206486586337 0.21519045928919486 0.015721422343012728 0.06230678270510895 0.2762816620658287 0.3352042476460458 0.33358942322726304 0.868345427352899 0.4153175012250892 
0.15859848752569308 0.17480740862281618 0.21614619812883853 0.04318316861717804 0.07291922280586605 0.2877898052151051 0.33810909727130756 0.3567010302180293 0.8586696731976847 0.5481159219924305 
0.14822249942260898 0.2130539672152218 0.26377909155196705 0.05372201703899332 0.10450605600516763 0.29280373060086645 0.37056138299423946 0.3633155861348387 0.8517470859319765 0.5393589895527554 
0.23450600905604943 0.38884327460852997 0.2709770247124284 0.07635446724062872 0.05158403662946326 0.24987003082573117 0.4229216800412632 0.36978808252017425 0.8574251445286293 0.6402615054764056 
0.12999432465262312 0.2006160396052614 0.22079739765881345 0.051669110937580205 0.05811742384031557 0.32554483738921014 0.33285209767265733 0.33625909742015014 0.845569594788765 0.5084273270497328 
0.13133378815732408 0.17194549695358596 0.21904024763364666 0.05548378799368334 0.05570064111765349 0.27847983902604606 0.33145729781309186 0.32771243686874446 0.8634631019393664 0.5008935517845811 
0.1783887190791097 0.22382913217286177 0.26929800858688 0.08773386167371447 0.08117036009620399 0.2919019531125746 0.3194584497095713 0.35886875232569254 0.8674989987222966 0.5171424147326942 
0.18791744984885383 0.2479041466491315 0.20793096817623924 0.09390276587794229 0.05212062830583194 0.2228718478323207 0.37215267842750394 0.32680634659514496 0.8751833186332143 0.5152873588996449 
0.14819916781068593 0.17184220157025576 0.25220678943607394 0.052427849376649314 0.06729176963770603 0.29337104019095844 0.3394729688738476 0.3857082602241457 0.8432535574202589 0.49405950553378253 
