112.32017396058814 0.0 9.67125340117688E-8 1.4865571233454347E-9 0.0 1.1169648403196527E-7 3.015692479011034E-9 1.9684291692956228E-8 2.99305115150361E-22 0.0 
0.43410445755555693 1.0788383029493078 0.01788690025234589 0.012290785450145399 0.007557125627619985 0.039457813495411116 0.09861431558413508 0.004509056073565933 0.005432990681751559 1.7743247691228369E-9 
8.019137739603735 0.0 0.8248548318018036 1.6780016265532929E-9 0.0 8.216365229194934E-8 3.1594040532368294E-9 1.6882393612712765E-8 2.496315829357982E-22 0.0 
1.3831259219606413 2.1282670087393285 0.014676999011529454 0.022538476634640054 0.010679969327719765 0.06532089939199674 0.03612162310392351 0.0018910862607694633 6.668311558151709E-5 1.5897765629683484E-9 
0.7116987347461075 0.03804678207500471 0.0223400603336144 0.012249308432262235 0.032114532754503426 0.056364207794903524 0.056409152999415214 8.655770782185718E-4 0.006147309116976714 3.854844397084231E-7 
0.9476240353532781 0.0 0.05545158299386698 0.007253425030057406 0.06103496520519818 0.05705018359683996 0.017494869667428258 5.287983379165165E-5 0.015414996828836845 7.664813657320121E-7 
0.5661346483643337 0.30918232656035116 0.08483416110178583 7.132595806854168E-5 0.01051408908377045 0.06127676685085978 0.14639595083608592 9.804114620377173E-10 1.1489785896964707E-4 1.1021550400366143E-8 
0.4375606875364774 0.7173055401623786 0.0043574970899619625 0.005654659148386355 0.027484230276230724 0.041611312691520054 0.15495533541889495 0.0022390839051504557 6.188026011237105E-5 1.4148035594939188E-9 
1.1187174318153252 0.05306131943375181 0.06450452941040857 0.023860658334433373 0.004076461916252652 0.06664992121819194 0.027767386490092687 0.02502431893099273 3.1986903951487353E-10 9.174028432673807E-9 
0.5476485331970866 0.0 0.03263038657182871 0.00357618185446516 0.029864172170619256 0.1466604812114398 0.01838142487534115 8.84123614992169E-11 0.013887155466863884 5.036620001654062E-7 
1.247847232355045E-63 219.01892255802704 8.034768497257879E-8 6.526379031357592E-9 3.118057481734912E-8 7.037515681128399E-10 3.7839804750925E-9 1.2376697842990404E-15 0.0 0.0 
0.26789485640798166 0.5874805497641447 0.016603720375992406 0.006769011591867109 0.03135398765714646 0.06218205703932707 0.04961253115674278 0.007139505632399347 0.0024591584258395814 2.7345470022103225E-7 
0.030345546113913366 42.51515608272736 1.5406704746077244 2.70997133494558E-8 0.005855572671546306 5.582530773194292E-10 6.428267336367186E-8 0.02030470793770683 0.0 1.6869887582373367E-9 
0.20371269266834313 2.5905104485170636 0.029602676898337066 0.0027668025618310384 0.00698553031970866 0.01678705933883593 0.08838885254167957 0.015931723331588595 0.01021791131380435 1.1470455848569618E-6 
0.1005008780336187 1.281009798075633 0.017875945103001195 0.007899693127413853 0.05656369962306672 0.08836690070136567 0.07544604677441978 0.0010383385371803486 0.006174165576384924 2.9680723133887653E-7 
0.14405946473065306 1.6973144436260978 0.01571068010809749 3.836386113012407E-7 0.023852628427118786 0.16490618863421702 0.06350403523557782 0.0038670357014425937 0.004610872642826922 0.0 
0.3700587215911927 0.7956627621794389 0.023150374319995653 0.013115909548820387 0.006437358328289021 0.1222186236913385 0.06143147824648835 0.004145361011409472 3.394635566945681E-9 1.5715605052872058E-8 
0.09700570059448678 1.319021721693887 0.03169914343880609 0.022767244123601257 0.009533772363884653 0.01535085768046275 0.10264145025760606 0.018140529633827732 1.379352446814447E-4 1.158720533135172E-6 
0.0617057419552363 0.44951804667302053 0.03305335056041359 0.014341765078993563 0.032385846216758676 0.056742659870411605 0.07178566041088838 0.0018378696032443523 1.39200619172175E-4 1.7488684478684564E-9 
0.06269408287751312 0.7699523964681714 0.005434737903398646 0.0054901559904484195 0.017145348018442082 0.10824800441807012 0.10649533564176862 0.005326479251196204 2.017352820924514E-4 2.0591599776094326E-8 
1.800450785405642E-66 3.178044791521467E-63 16.177146208358014 3.250996939936482E-8 6.794730204392613E-13 6.340720936662996E-10 5.282884870837891E-9 3.915444393058461E-14 0.0 1.4739163598054843E-9 
0.13360531057950764 1.7327495800278598 0.29681389581112727 1.5868613115273486E-4 0.0315309272067159 9.7511333496293E-7 0.01956116225855776 0.004491917494615471 0.0076521918590838735 1.2805349264889821E-8 
1.0580312470785838 0.07638262228246298 0.3498740501843662 2.4790549855115577E-9 1.1161717481978592E-10 0.20123468137848796 0.14938146700983118 0.0076074920219519546 0.001046166208237707 0.0 
0.5416787165377254 3.8021534480634065 0.31810477091170297 3.6501980298075926E-4 0.07782656317490443 1.8288899814209582E-6 0.32937092589043016 0.003657085100298842 0.0 5.2769417626014964E-9 
0.06332382470854453 0.9453426127502266 0.09505926118844692 1.1934947139826816E-4 0.01114094416572959 0.05831067843028562 0.04691124341012889 0.004756274156230452 0.004079512877915188 3.1138394802551983E-7 
3.0468583681512307E-66 1.0153201308851909E-64 0.11607674788444176 0.010729375819993992 0.009405835200701308 0.12515323873438247 0.05959523205819134 5.417226875220176E-4 0.013187311534957962 8.123156066545851E-7 
0.0021635789086225294 0.028510815327386852 0.1281921780819702 0.018599675468994454 0.030801195328438717 0.01335983114485117 0.054687334529563814 0.004591578103652817 0.003821067060867738 2.873998527429859E-7 
0.24247103352712798 2.081614945621682 0.15500268128718647 0.02767748617380459 0.0206777636834745 1.2046699830972948E-6 0.02168308583116082 0.009852261039535027 0.01386875222321852 1.4582317037213803E-6 
0.027059584284566535 0.05901714890875576 0.07270220777257766 5.526095089775002E-5 0.03445757441480054 0.07020942811668794 0.0499116645738201 0.007655737945818826 0.004985187312776102 3.0107441157052343E-7 
0.09594194102714329 0.13230692474117464 0.056961632183306715 0.012118659531828658 0.007833063168404888 0.05223269557369626 0.077814534904809 0.0064168625481760624 1.639020300034133E-4 1.212184857833255E-9 
1.2832047912548446E-67 1.630796962500979E-64 3.782110189802643E-65 7.708786967409571 0.0 1.0018049611487836E-9 0.0 0.0 6.399258377493858E-14 8.306347720253813E-11 
0.10651399386115608 1.2256837745824505 0.08475348139871146 0.0302694588715235 0.061782943179501046 9.710874482090622E-7 0.12681078482733435 0.007163411732118952 0.008181275584052758 1.3992007374727119E-11 
0.02059841460561813 0.17678995024791294 0.062099511314518144 0.05168131868592197 0.020802318958273096 0.16048210692523393 0.05174006162698384 1.1101682303365184E-10 0.006877658388336173 0.0 
0.21747406370111644 1.5353663152990507 0.08904419363594185 0.035955946197981634 0.0396774294903702 1.0209652974247333E-6 0.07278212038802649 0.0019460809717106377 1.26075190438766E-4 2.3570522011115257E-9 
0.05702583381665503 0.08959366457223122 0.015912057037613767 0.02513679163328199 0.043517704759527785 0.06118311328632431 0.13261042042201712 1.5007708313249705E-8 7.719124749703263E-5 1.7091408664617465E-8 
0.0879898171657112 0.09791711592281399 0.02423924658430127 0.03602297916013991 0.007870009444717429 0.053119344514165334 0.06511564267405029 0.004246659882617215 0.005569451381088789 2.575360520785023E-8 
0.7562671122665654 0.0 0.009846426542031422 0.09168466172523963 0.018951347406176235 0.18282185222296626 0.2990499844965542 3.1636007030620348E-9 0.03901191411458688 8.323386528346929E-7 
1.1040912814768593 0.05090931998373791 0.09055779232414174 0.04337167150278163 0.039861729149230384 0.11680672952154676 0.0028526991421067346 0.0017463655102448038 2.171106556525524E-4 1.4636216052501817E-8 
0.7854608613592863 1.1901265038665854 0.0382463961359674 0.025401879298162382 0.010194316211854631 0.06556004626024792 0.04072558798696783 0.001939476669902983 0.0 1.7277045080460236E-9 
0.09118885216760242 0.6702415181401826 0.03838508853150808 0.016117683331017735 0.012722057833125208 0.056916948442801756 0.07370279925544684 0.0018123420669036512 1.4026805598661298E-4 1.3367930847342725E-9 
7.446151829775638E-64 5.454879406655492E-65 1.7632320587601655E-71 1.740025549418983E-72 11.966922300352705 0.0 0.0 8.487719025703247E-15 0.0 0.0 
0.2802589863748912 0.013300530954076021 0.02549532596602993 0.007270630277212863 0.10188464067050886 0.01879065135585139 0.1457579182503645 0.004392083987932636 1.4118438651896436E-4 0.0 
0.056038117413443334 0.035362793905460196 0.07394062283848865 0.01483995646689251 0.106450912594799 0.04025133159813812 0.06262947822062517 2.6200027737791743E-4 0.0026166257921515722 7.815203221978872E-9 
1.0660737136769396E-64 2.0437459471513176E-65 2.1763610154314154E-73 6.783404542762156E-67 0.3597555723887041 0.47731174375914187 0.0 1.5814002040550553E-15 6.403279850377977E-5 1.0727790622673222E-9 
0.04894393696396159 0.10265703551516042 0.12527003499516756 0.009990044941234275 0.08950226587859697 9.70690315567128E-8 0.05638305545348948 0.007323621939778284 2.0490984555940433E-5 2.4413374821872206E-7 
0.31969955537600087 0.493639136288836 0.029650201189146352 0.010740500951576413 0.058654598143972066 0.056816876250342443 0.06454209576131965 0.004821043654242236 0.004096739232832529 6.013637530346965E-9 
0.07980951837439854 1.1847420293937265 0.022108367942650455 0.008112755609857126 0.0914469250007375 0.011391544824816397 0.05042659524848381 0.004441162244878849 0.004994485174921294 3.556629039725402E-7 
0.4006146538258915 0.08485438997283347 0.015533162761370765 0.007029489440032206 0.056826403439774444 0.06464646190363742 0.05639771728030778 0.0 0.00416651199507472 3.648738583095975E-7 
0.7869537849054333 1.3021918689807295 0.007823517149112988 0.011897294644563804 0.0698945296987056 0.0798599357978641 0.02893279563489695 0.00205795153560505 5.954373168080209E-5 1.8123734664867282E-9 
0.7576541534542818 0.3550893191419266 0.9028072189246215 0.0010825701622174948 0.5355891247538466 0.9647219460134522 0.41422554255342053 1.822135405204374E-10 0.0 1.9472844162414007E-9 
2.3523608437479543E-10 4.884146107762371E-10 3.970637613487066E-9 2.6592492845179344E-10 2.3996157964794465E-9 15.397918171550604 5.8442735996464395E-9 0.0 0.0 7.255115006939414E-9 
0.009355827393463247 0.32143567745984336 0.07367304342957338 0.012799591176152498 0.009903253891073795 0.15403247068546566 0.0968179477507823 8.061055967843195E-4 3.6453362234397926E-15 6.199479705490508E-7 
0.6288507556294416 0.03172805409020352 0.07458850774835295 0.017427993215286666 0.026848472523025364 0.2875009181989902 0.003772015110192029 0.0022030064770497274 2.527987643079882E-4 1.5279257440821317E-8 
0.06905518398391748 0.012050155529890971 0.023858976683608275 0.007172926219860905 0.02972903698075944 0.18826520713443995 0.031116464592117983 1.145244086100405E-8 0.00482899398293812 1.9238590389056974E-9 
0.01264533269078719 0.38213240576917923 0.04831746265664004 0.003621129782099915 0.0347118793773123 0.17286343899840437 0.017824619657105533 0.003912494766214947 1.2704183067588359E-7 1.2781976812282692E-8 
0.021622931771843712 0.013098797311643918 0.03115746244289368 0.008045933889582335 0.027993179927198207 0.14339339974732526 0.043624674113069584 1.2136065212339792E-8 1.8636145000200472E-4 1.1315803461934475E-8 
0.035483088456508875 0.05556027277955065 0.020918685354148744 0.00769046090274047 0.05083053389907213 0.23975812320468767 0.02060054875294418 0.005235478987493808 0.008809492866849957 3.759975048285607E-11 
0.1161555611577116 0.473229023957698 0.018628360389761966 2.7424775229355875E-5 0.017297729327296226 0.2075529130201166 0.04853720885123532 0.007412070303038111 0.004378636776251133 1.8818550340335005E-9 
0.07444471602679982 0.037622262291156165 0.009572522803873912 0.0037010907053673598 0.024817978233687196 0.1261028687754338 0.10724063428387662 0.0018632882896927245 1.3658439404340325E-4 5.285453893248789E-7 
0.00923009004201723 0.10354117392046815 0.04365689702062722 0.009774182267015463 0.005036324458952728 0.13140967795125222 0.05694681287602053 0.005217461979512923 6.278758204071003E-9 3.358947835227372E-7 
1.5663419408661256E-65 6.62216202575329E-66 7.466716625524828E-66 3.4270856686592696E-68 9.275788803178457E-66 3.5242314420072193E-65 29.18768685466259 2.6055042979621635E-15 0.0 1.6400037420059374E-9 
7.359448063289328E-66 1.2352433808762703E-65 0.027378886848614233 0.004094462534479611 0.05359451175855169 0.014116073394590596 0.26289426251906495 0.004930519844437105 6.8756625555684505E-6 0.0 
0.005790537038433503 0.07111011950385454 0.08023282887457886 0.01000569495105338 0.022845829203068692 0.048804725886366265 0.2954008909979482 0.007820146852226314 2.513823767029054E-4 3.074080815239205E-7 
0.216378417279709 0.33142041896815133 0.0024453203251683865 0.0030030217895369703 0.011962354336120496 0.09634561998749415 0.1559485668431105 0.0019272670541898255 0.005474356966646325 0.0 
0.013830639682244109 0.008638883489506121 0.020379215928111264 0.005469922249174538 0.019200671383744098 0.09687715795275342 0.12684858011211161 1.0238918066839625E-8 1.9207539200537518E-4 1.2777972786191586E-9 
0.2757097929042676 0.015087152296393576 0.021428864632272747 0.0078900135060489 0.03903774988949726 0.051359195363201784 0.1350530398179598 0.007030440462220979 4.8352971426065665E-4 0.0 
0.005687504129068621 0.06394279638107771 0.02909082960868927 0.004980241023272268 0.00361467069773747 0.07794688880509239 0.15968936173464074 0.004487325443051405 2.2967364587198058E-4 3.5192783215626024E-7 
0.04201560034723777 0.008502496139523858 0.045200731668075096 0.01131822950576547 0.037251776771132006 0.07269294255092708 0.11564282274235975 2.3227836811711685E-4 0.002432247800903338 1.9619021154944574E-7 
0.018442152445853958 0.222831343109753 0.008726992440974234 0.002807110562591335 0.026829599011378658 0.06973003212110572 0.12643641258039653 0.006579925577974407 0.004931546453097305 0.0 
0.15326087620066345 0.23230282532150257 0.04831779406803249 0.010742057274626172 0.011906668113434422 0.05354556646861261 0.07206765827843989 0.004567892488522295 2.3030177270331862E-4 1.52229585186378E-8 
4.794393228374374E-67 5.905332003894853E-67 3.6218942550724304E-67 4.8307783214776863E-67 1.0276516162614828E-67 3.8158894278376945E-66 7.430112772251981E-67 1.325430288999669 0.0 0.0 
0.0024197616945563446 0.03154352787869821 0.02360358832080904 5.564664059429859E-4 0.025863033176327 0.09425274892843104 0.09529085118656686 0.02206787568583013 0.011066169730340112 8.122144811144348E-7 
0.0017452216958173034 0.04865320522102256 0.03646803357688291 0.04835615654664019 0.008252662060136445 0.1838415908864086 0.013329006002698335 0.021802271385171552 3.6252894668866894E-9 1.8111974559461684E-8 
0.059533082147209655 0.08835273330331905 0.007704199565393337 0.016923859330352394 0.02388694645590056 0.08126368287728405 0.08375419377585788 0.008048079871418704 1.6786031794905693E-4 0.0 
0.09578304693053223 0.13463436620075026 0.053366325557317316 0.012960105157084815 0.007890557529559174 0.05748056027143673 0.07448615494170675 0.0064050328627665055 1.657681120667428E-4 1.1479545617571897E-9 
0.021199099678386867 0.043101786473837646 0.05702108292193752 0.004209688457050548 0.038772103668425574 0.055636469035097454 0.053648637788430154 0.007970156128745716 1.2711269659256512E-5 3.079126352332882E-7 
0.003031454489921611 0.006921278708307747 0.057881863625866704 0.008732173377832941 0.03958723272433684 0.07771247768710465 0.04720187589133727 0.00531411183445618 0.0039935506439872075 2.324480307145615E-7 
0.0088419743974952 0.09986159609457718 0.0398492872341524 0.007609642538036514 0.005373941639220172 0.12493867538833561 0.059519577333706795 0.005293223099915786 1.9625731310775647E-4 3.273882642973307E-7 
0.021025155351320032 0.6338952665484382 0.08819503617521207 0.005694624336736563 0.00892089582295769 0.15388391165806933 0.016691975630273154 0.0040386871126934076 1.428338480703169E-7 1.3731066749746131E-8 
0.04259629663863897 0.18784919964349003 0.04688609275851964 1.746379557487235E-5 0.055114696343354384 0.191308690911205 0.02580273594580962 0.004507700211745871 0.00840707937486349 4.241893442629563E-11 
1.1581289222050876E-65 1.8049080283093692E-68 6.515419959811472E-67 8.522676827151951E-75 9.766458752687495E-67 1.8306141080435036E-66 1.964486757675118E-66 2.0133360496050643E-75 1.5213563645909607 0.0 
0.021906449515259444 0.047443324100330427 0.040813100433424315 0.009105078258379015 0.033927126684808184 0.023431236056630892 0.10863643004650296 0.0038822896545132697 0.010410825782038493 1.57815705542757E-8 
0.0074959904581114525 0.08287257262953808 0.05577212566267845 0.010740366677767142 0.03898812072860856 0.05856831986931168 0.04583558743937752 6.936902632231796E-5 0.009873866219049999 1.764538519203926E-8 
0.13525409867037247 1.3417378732730447 0.08360037274724477 0.0032531617216916653 0.051851836219033706 3.4996391945039894E-8 0.14412514620215652 0.0121070524739648 0.016065951944007655 1.954900099856088E-8 
0.3784110349955132 0.9440882553983124 0.013052560802539782 0.007765638292232079 0.038965919961755 0.04774238231670193 0.039002687233959256 0.004837431190754245 0.009105133451347907 1.143314065914689E-8 
0.11483791495107912 0.5337779790973851 0.0672016597628457 6.0822009632328804E-5 0.006931394495155944 0.05526632719060528 0.12760765961613668 1.6542579741320423E-10 0.009154479743808565 3.1765401137940054E-7 
0.018422543032251593 0.029937876289214068 0.006161113688160254 0.011336678467169467 0.014393539262693086 0.029663768932428603 0.23070936916220064 0.0019463717038027593 0.008384455995292557 8.707466049091542E-14 
2.8314605450319983E-66 9.845769400517576E-65 0.06517146959000257 0.008354343941076876 0.0049972612180452175 0.1572397511650797 0.033457502242684255 5.340026664032215E-4 0.009975848193304233 8.842949068093668E-7 
0.23539457227414012 0.1267730148351778 0.0051782128715450425 0.0029283900885398355 0.02930194056044513 0.047869986825722334 0.08876029060235505 0.017414333727410237 0.010118514421588185 1.216744133099495E-6 
0.11668125953419702 0.004662637106305724 0.019121664645093437 0.003907050813129757 0.03335351261118252 0.047675101419596085 0.10684792833471915 0.005436405170109549 0.005063913826276416 0.0 
3.448822160449219E-139 2.099838419918102E-138 4.654249758369214E-137 1.880824236738095E-142 4.245970822661172E-72 1.5557535190476978E-66 8.494699203020578E-65 1.7738935957556954E-64 3.1634573383101963E-68 10.207308159714897 
0.13837003169140896 0.3552271963223764 0.02790312775064744 0.010954122546155019 0.047105741381611624 0.05332206758639025 0.11102374462190658 2.484519776136653E-4 0.0018481725908809418 0.0033823324553295046 
0.007271720203405646 0.026233572001658843 0.10378762373754105 0.002791622500942308 0.0567734671355591 0.5533000535478697 0.5650526682992231 3.713758824356661E-5 0.05147641062224769 0.6905161942863818 
0.13473363041102188 0.33044742503993313 0.024747353176520596 0.04355792027916823 0.011104245390022815 0.05679827324521259 0.020446279283864405 0.008502063569414037 0.009300840409853564 1.9829606194363527E-6 
0.005270884580248422 0.07595769557156937 0.045509994307172764 0.006650156478836046 0.0043777546137058155 0.09907711875273402 0.13399381994301013 0.005354480292339099 1.2614652068663353E-4 1.1454824740004562E-6 
0.013012587973873498 0.18138300222022294 0.1322760600891901 0.013961749896764122 0.010642031483946528 0.01786128250078476 0.13872117991345878 0.005316083398562969 1.3638046103555483E-4 1.215368486421675E-6 
0.7033081529795299 0.03360597646545486 0.03181613226203587 0.10516666731038735 0.010436958712051414 0.22721406728942292 0.03695037403769792 2.6378183442737367E-8 0.008109838123791851 2.582303708891578E-6 
0.009484698493620875 0.08071096106390153 0.03236950245534088 0.007863020033085418 0.028166855921292557 0.02012511410428529 0.1028571120187395 0.003995207258713594 0.009899492322946919 7.133279616027331E-7 
0.0029124165395998944 0.08926935761907971 0.027564437379938283 0.022048018629632644 0.007347422025870032 0.1388388011180877 0.05007087784231702 3.957753922593321E-4 0.0026045499336345983 8.60927548264361E-7 
