1.9753924720713592 0.001233794959728243 1.9766262670310875 1.9766262670310875 1.9766262670310875 
1.8759670995423485 0.8322361205373371 1.7520840109610547 1.467733890022004 1.975998068527471 
1.6119105930747233 0.39752519635964284 2.009190248922755 2.0090876855524646 2.009047271781435 
1.71526047257494 0.918514201477279 1.3181496638628152 1.9758108612932421 1.9759117330694254 
1.5984619491814223 1.3037158621218556 1.7463193766500265 1.5514367766542674 1.7174634634424126 
1.1500713626835208 0.848564511930586 1.9535651709603217 1.9760971581949152 1.976090429010317 
1.2342963110322172 1.2448363059553667 1.8440725731170637 1.7296723129499318 1.852409872924707 
1.4458033151591472 1.691370949819927 1.3761213840752635 1.4153879211777445 1.9762278567440275 
1.1658068910429977 1.1765864815278986 1.9720151789395732 1.6139288445967388 1.9761124429292796 
1.2741681290865976 1.5129047247527312 1.9760348921207265 1.164996930402124 1.9760348921207265 
1.0619483485539445 1.0486646156653059 1.9714907750452861 1.8464312062693915 1.9761782927374383 
1.2355325419151937 1.576302874874501 1.7248920092629823 1.5219392074402638 1.8479868147100598 
1.0635006242191871 1.0764664332970366 1.8136188787386187 1.9761537246416212 1.9754833390002036 
1.2413636783383042 1.5537700218339714 1.9699949462280752 1.8142097124292023 1.3263154590669664 
1.3078583385637135 1.8081414036755705 1.5322021929971477 1.2797306130825692 1.975973451461801 
1.126589218172502 1.4496768474599409 1.6644928693593666 1.6869118443898863 1.9758902597938985 
1.1904068931227367 1.6703018172054502 1.3506471221811198 1.730253301741478 1.9625389565161397 
1.095445338066119 1.4525871953187228 1.6666135090880365 1.976352171503925 1.714988142686678 
1.1417700888358782 1.4642145393859423 1.9689462617675937 1.787708142719617 1.5430147851874847 
1.0245646252867715 1.3923155891811292 1.967966921053229 1.7612631218078292 1.7598230442109566 
0.3625562061268346 1.9758260144010629 1.9760800047201463 1.6137779891973998 1.9760798044351418 
0.7884977169269145 1.3382534244192 1.973175576621705 1.9759665767100056 1.8279730121621975 
0.3280776060859968 1.9764704687468209 1.669231584524563 1.9558003211629613 1.976301894466941 
0.017822644479565886 1.9760064280735155 1.9760064280735155 1.9640917508306983 1.9700984608367667 
0.5800078610782323 1.9765515106247489 1.6612459534228488 1.7118492067484166 1.9765515106247489 
0.3947202698128227 1.976053335037683 1.976053335037683 1.976053335037683 1.5813330652248603 
0.723580905904809 1.9761445938400222 1.9761445938400222 1.2527291681607002 1.975979113614535 
0.8368733347569506 1.9764553808755163 1.1399408736451593 1.9766347946388132 1.9766347946388132 
0.8170434363038612 1.9502006685376492 1.9745486169175044 1.9761615515669302 1.1866919329417758 
0.39471482100592814 1.6146223722788557 1.9760904146317992 1.9760904146317992 1.9428436359788146 
0.9835199484601272 1.9751341609166362 1.97619160746089 1.3850305434660275 1.5848901695398794 
0.5785332459703386 1.6565613339676304 1.9759893940392796 1.9759893940392796 1.7168842081405902 
0.6252967320680989 1.6725855698682468 1.6548890144023845 1.9763856497532806 1.9763856329211114 
0.6862586566847267 1.6519723687822425 1.9759502627822108 1.613672558695761 1.9759472041839024 
0.9826427063021194 1.8816982700501292 1.3476732797264488 1.7160571602156975 1.9760237827084708 
1.243986057434334 1.976229785596018 1.4387774578454469 1.2696960559122552 1.976229785596018 
0.8801898162977955 1.9765613841905885 1.7185221118964282 1.7878419483047119 1.54313027607283 
0.9749528865653789 1.724602969475059 1.9760957794616436 1.2526387617064048 1.976092720638088 
1.078290944558093 1.6267394717588934 1.2614216950934785 1.9754947480626577 1.962650508604212 
0.918797183958209 1.3273777680458958 1.9669408977151421 1.737287770135331 1.955207729927899 
0.0 10.160146025428864 10.160146025428864 10.160146025428864 10.160146025428864 
2.5220316279428743E-5 7.406216102567656 7.406216102567656 7.406216102567656 7.4061908822513765 
0.6906159496774781 1.2856839414351282 1.9759238324069452 1.9757926755273554 1.9758198313501252 
0.6531677654295536 1.3231020062491474 1.9762630419292204 1.9762630419292204 1.9762563121797398 
0.7501605162958787 1.22644451695828 1.9764255198481901 1.9764618323271668 1.9763549438791517 
0.7625355951241253 1.2149388014300668 1.97673898875447 1.9760037813065436 1.9767387884026744 
0.5925355913576614 1.384354366587259 1.9762308346034712 1.975571711262022 1.9762308346034712 
0.8071947967253654 1.2502845596552015 1.9760615549268943 1.8946437534732214 1.9760615549268943 
0.9439543928767976 1.0322886394565665 1.9762331792090544 1.9762331792090544 1.976223326084745 
0.7562844642710084 1.32099969713765 1.8809847577078123 1.9700690871074296 1.9759252117092825 
0.7028236366753434 1.4315874740918788 1.976331018450205 1.8182509261331878 1.976331018450205 
0.362832894104413 1.6136253235404874 1.9764582176449004 1.9764582176449004 1.9764582176449004 
0.381175830532301 1.6175025128794682 1.953606682055474 1.9761391480698287 1.9761324187422427 
0.8444448064407274 1.3922747827398148 1.9762462355756614 1.7157728990149446 1.9762462185314975 
