478.0624776257779 0.7853956902894009 0.7853967501919507 0.7853978100959308 0.0 
365.24945569091824 0.596626272971443 310.4467054950827 0.7830208558929302 37.379161914896905 
329.3332665459905 0.4804062181032382 6.8593619701105375 419.7706398027497 71.94211226792412 
170.9132764165576 0.3243566886510556 302.5920673297613 221.93722892155634 35.25024809097666 
146.89356250295367 0.22690386519913408 0.2269041359001589 486.7719873011626 0.0 
215.27444815495653 0.35619844138212503 404.4179771568087 0.7580585754149973 124.14847258575631 
133.61706200852925 81.4458810866172 277.0044917784088 203.19862693846423 32.27154721481697 
216.62094016215767 129.7622611993769 214.72607610752112 225.05465104533533 219.6579644189742 
71.297349306328 2.603354972610102 136.31983759598072 311.0693820087708 15.862675486106081 
156.6355182566524 163.7478464745972 454.91887948964103 0.7546921648150862 146.445091854188 
0.3012394640668504 0.35765165005210653 277.4000139997617 353.4742922549745 123.23640926428916 
0.3475665190625155 0.007702417058471468 155.7698678052085 315.55518491109575 0.0 
0.11868142311076647 52.56310470147142 36.87429887251334 341.8702585147336 0.0 
0.18874952294785233 127.44323513052055 0.18874972995903322 490.53444002478005 156.04983742835716 
0.7853958781863591 497.3283172221783 0.7853968575617323 0.7853978369383972 0.0 
0.6430343767000787 419.24930479936717 294.0127683979318 0.785397827654707 0.13625969033024118 
0.7735861231635561 513.1717386683446 0.7735870021259339 0.7735878810893533 90.01197612357294 
137.00573340528746 342.0030640818592 313.2858845179646 0.7853968934670341 0.7421154427457528 
239.8710770491406 381.60093638687533 0.7853965282511086 0.7853977206016207 0.15316319613001098 
0.6649758686385827 361.1813246379572 0.66497699567177 0.6649781227069064 226.99118940243548 
0.37968392138760404 238.91745906888517 430.5741977637416 0.7825436142640937 42.0954117127807 
146.01550335344305 250.94608900988777 246.8875024690854 258.76164169313137 0.0 
24.51268427892791 156.2292127827621 279.9434952057166 205.3509533633979 32.61368247844018 
1.9989727379044604 195.7801916523434 367.76416510874054 0.7518560357812553 125.83070824698109 
167.95870916318407 199.40489094668598 5.527875204059248 332.2716227491053 56.94877949628817 
0.23307150143630417 106.82805738097593 0.2330720561467639 343.7706269354228 0.0 
0.22943183069045056 116.69694008280997 382.0553694955275 0.7853976574262083 0.0 
0.4577805049592871 313.9462152638863 220.15753336938502 0.5591233664153196 378.2684153352384 
134.241564693443 144.00944956956437 369.77660289346295 0.7853957678287515 0.9300286692225526 
0.19600135471438382 105.68214957305466 0.19600169180258614 406.35289922256266 55.17128947482302 
393.84031706980534 240.00233723994288 0.7822253259147853 0.7822264509722711 41.57250134414653 
0.31255672867400097 149.91431033769558 281.5212221302422 0.6649780166302158 200.44903807319537 
136.91165462344182 142.2334293995388 372.3363431167733 0.7576577715854627 115.08122510857494 
0.7846348872172726 0.03461465186255266 1614.3133890456813 0.7853981323964832 0.01049834931977278 
0.14544988394473227 79.70841252747402 302.54250861577685 293.04144729646265 38.639684954922025 
1.1377820023666032 0.0019947010217932844 446.8453399641719 0.7833888598757901 32.02160856538239 
0.08057731431305874 47.3212803771471 495.71357230146333 0.7853978377738149 0.0 
0.056587049304005974 38.59655796736531 532.6666867551136 0.782998846539928 41.83871086159261 
0.2841850573984014 0.6783503214839788 361.42521406252547 135.41191554245037 0.0 
46.99187834883838 0.09478120045548397 386.54780130503985 0.7853953276310354 0.9430422058105467 
0.2881794572016124 0.6735026431170236 453.80230386538386 169.90324954711272 43.67797767265349 
0.11256640675626009 62.651915095472944 431.27231563681727 0.7829987057811343 34.140703873371734 
23.143829073589007 37.97930543157432 412.3472595623706 0.7729785768250784 74.64312569342958 
0.3341158256129597 0.5572387025719291 335.59387412455345 227.88296542400593 3.6164245458006703 
13.428160175835094 8.1839633124984 352.20549703827123 225.14685954823267 35.760453159070615 
57.48478066501287 0.7366537673889871 350.4823455149023 224.70463547117458 3.746823723330594 
0.10576510099656916 56.788722986713914 390.7646169179329 147.89956408770402 6.322456349792817 
0.0019350573725525678 1.0960324591376283 428.37121205784825 22.50859612937005 117.84539658490529 
111.25287128330821 0.23379662524756728 356.7909892907561 0.7853975853130137 0.0 
54.79885185463916 0.09338987920085093 441.4214338213084 0.7580585543639582 120.53483581101956 
0.2738813629106114 0.6542672965264633 481.5688593230789 180.25666678068504 141.26162907770697 
0.11817257073941324 78.04775178884893 494.0620674212751 0.7573388065537399 137.4126284633184 
0.3095764187271207 0.36751266407060257 224.22641383740702 285.6774007007517 49.25247989193895 
3.132597706326204E-4 1.5492211248454385E-5 0.785398079880148 1966.7295052753318 0.012793485087948196 
0.022798728208542056 0.08095952533355887 0.7805574438046426 450.16986421183 12.89216838953447 
0.015146533379574341 9.452903432736337 30.348567573758128 489.13316932612315 0.0 
14.104933629531411 0.023052582277063288 24.977276230181392 479.6960469648081 0.7374136993996356 
30.973438978988813 0.04679138773438914 0.04679144112792452 518.9686096762307 0.7977800671411642 
0.11828990080526784 0.08425883138168289 91.25071787608213 484.967084707965 0.0 
0.05257300304441904 33.8087602258726 0.052573066606718705 503.9431317523374 0.0 
11.562592258933265 11.61730398970962 89.28614066611439 482.43792997326244 0.0 
0.02297324302462313 13.560528937748979 85.76126915207222 455.39735450697077 0.7114003706044869 
21.505417279845837 0.04310260007616131 68.98300118396386 385.1440016571777 0.0 
8.61557892845026E-5 0.050813959705572016 29.969689022758395 460.56421499135797 39.455513912893444 
0.2266837035678056 24.337088285575476 78.10937241580099 436.5132768319272 0.0 
0.7833868802916628 0.0012643965952333473 0.0012643982421328057 485.3671745284984 34.78202021871152 
0.013028461707133225 6.2106893733404815 23.555822123224512 372.24427497094337 31.89011017776888 
12.95439935292065 0.023012015524692335 22.937260538292353 439.55910794783483 39.692220347573674 
0.05060036042752182 36.00825832833954 0.52177889651934 555.709111720156 47.60554112051909 
0.6671135116013164 0.40413983540264053 0.0012874037504664424 472.5559269215587 55.78686275641364 
19.50349552184629 11.817242356590677 0.04307702215362402 412.2794283963977 48.74534455271393 
55.68103076876871 0.11872314869555486 39.489808112979034 361.97094419292847 0.0 
0.10480673466738952 0.10749057665054322 0.7611496464162422 983.5367943618869 155.07361017945573 
2.1025013334004914E-18 3.619479517833775E-21 1.221313281503999E-15 2.790910364888552E-14 456.22645712489486 
116.22619457018072 124.68364148136558 320.16377412484013 0.6663015641966337 226.3487065482036 
77.03511058578393 0.15481108032029464 0.15481139292698542 262.56386378471154 279.04530654396353 
0.1010178741396411 57.699071537619375 314.10271408608634 0.5591232789128049 315.04519337834273 
149.84448275247718 0.3034004655996188 127.42956502746338 1.4424090185532068 334.319091248805 
102.3486672479904 106.3256379972033 125.50591862630571 0.39828640072893484 329.2628934700503 
0.3465315254824871 8.906297993124414E-4 23.91533843012186 302.5469573011393 190.76616056173253 
0.9446295771523164 165.1924257617219 140.4781367250581 1.549627513103341 368.5606967032333 
131.0330835797261 4.7210398730418515 247.2325160973643 43.95004625036184 259.32840941089114 
0.32658644374027146 0.5359204577443608 330.9775361035471 0.6275913147966642 249.03180870942447 
0.1834749245436908 119.78141775406601 392.5341793436975 0.6286340488396495 307.3730217836407 
0.5439979915980058 0.16932142788005652 285.9635444434203 194.18748570764902 189.5125783410963 
0.1697036017231935 96.86653916561387 0.16970386215574254 372.56275255535724 229.76224899435334 
266.81037185842655 9.618557575118922 0.7211051498975245 85.38150456500797 256.60494104341836 
284.2342877855694 172.1908803499643 0.5504586201431979 108.99774684074016 320.17136846807693 
0.0028913212460388417 1.4016197910714014 8.847351459635542 367.1796527299295 100.29481517354557 
