44.65023094707818 0.007980172662788033 0.005234703348523027 0.015160796148627703 0.0053674949721082416 0.004070749315937162 0.0034465338854574486 0.008343124995408404 0.004640993422212102 0.1370663482503148 
0.06817661165267393 0.012068075713364624 0.018390801587570234 0.011980428641253475 0.007844738216011093 0.005011997874006351 0.0030276679169487053 0.0067354009549897 0.026680437894669434 0.16354657796778205 
0.37654463513685277 0.01433560964661742 0.0060801398702392375 0.013612606197328183 0.005823786984779631 0.06326704236757456 0.013759372296321844 0.0029849255347647353 0.0253063218192568 0.1362593438278518 
0.10353450300387082 0.01055322681054828 0.008600220112968886 0.01505712215486307 0.006765035399858057 0.0016830875454265913 0.050000762399312886 0.00337962539789289 0.014097134965228932 0.136855984704729 
0.0526978238959221 0.0031080631132614084 0.016339401944216018 0.01148493403373629 0.005181739375106523 0.004143659720614801 0.014366388449675822 0.006907828061313181 0.003151378535688434 0.13782596751438445 
0.20543890738347553 0.1361319428525804 0.007565100831312297 0.024858761101911715 0.007337633193473666 0.0028662237327089553 0.032920684141921217 0.025166094663665418 0.007777631416283853 0.13828730515330717 
0.9098884555364554 0.010747781764474064 0.018899508503857923 0.02941191716943313 0.004584063453914119 0.0011514216438955017 0.01468228881910949 0.5576785946973207 0.024260365198088083 0.16406044607911807 
0.06238523891167159 0.002763767430085005 0.00713923606090751 0.008264805537989334 0.013163982173176214 0.0100764211905418 0.03976825509047554 0.0024784535032885933 0.007674099155550322 0.14137438186062484 
0.20553258249731005 0.025217668229043214 0.03776128802784066 0.10821764322405843 0.010552143218819112 0.002877953807446936 0.032002944377403315 0.026090668809620694 0.007614535215737028 0.13980531184728717 
0.010487839078588286 35.92552677009216 0.00929470819562649 0.013487632215393425 0.008499148414645245 0.0032885601093397953 0.0036251370419323886 0.004059573578995446 0.006851829601007443 0.13974167436908397 
0.020473810296448715 0.4637059048153048 0.005648390613301782 0.05718962175231317 0.0036859209284442053 0.007074133849011002 0.004832271673707436 0.02789570608968294 0.09754478556359131 0.31675194539437235 
0.015634680179833757 0.02680764384984233 0.013494702712070593 0.011461690256967376 7.820563017688791E-4 0.00251887914981031 0.02118015998878678 0.02054796127406134 0.007199731001282444 0.13994262226972343 
0.02753403800503767 0.47336948801784007 0.007434879136156974 0.059703723187946964 0.0044822622323604944 0.011926591063604983 0.005696161374871657 0.00316051705984898 0.3617249554320018 0.5458516708013524 
0.03388370906203047 0.027920183350022918 8.493833137692173E-4 0.00810011488358721 0.0015987443340671154 0.00898356869261119 0.018206114890977676 0.011308364433763474 0.007063100488287347 0.13532726767198178 
0.009620891254174415 0.26922585881102973 0.0014001470178649654 0.025172068213312797 0.0076091095175606985 0.14658925449949314 0.060684971333722235 0.026159414811653216 0.3105330683282627 0.23573698765653633 
0.014172270576525026 0.026317821006829285 0.010385572714400357 0.01015152260962756 0.004352563318971822 0.005417803752336019 0.02410522108195507 0.0091781358381429 0.025035690072715857 0.13761796966870601 
0.019186877321594083 0.00989496168662463 0.01616163552428481 0.01193481217759786 0.00490354612887863 0.009631136982976464 0.005017790983547637 0.011527743680248248 0.006859744712502367 0.16656305838165014 
0.04770989262609175 0.006837114209469387 0.004459103965054683 0.005665109462121572 0.007528690934169387 0.00221382976907354 0.013496722251423806 0.05840833713675317 0.0478502776022072 0.16876681774692107 
0.014113800645747496 0.009925769437513918 0.010824277108553207 0.012019781968236146 0.0035565836635284417 0.0030436434269872463 0.01671196917925939 0.0053884036933256 0.024602598430817135 0.16553284390877765 
0.003216411848530421 5.374841621506318E-4 24.03012110191532 0.008627707689028565 0.002695334055301755 0.002825079628232063 0.0029281754964745935 0.005950901332252728 0.008988498261010917 0.1348970478462631 
0.031792826110021745 0.01161970166114227 0.06939955880344878 0.023196835003828492 0.004224997304396344 0.003770811998027678 0.016790797463481843 0.005062621236025392 0.007015605506548104 0.136943156625089 
0.01834654548877738 0.010175133097814091 0.08188513635091568 0.01295116175740138 0.004509704518202319 0.0019334358205578888 0.013188637464174811 0.043103404148891 0.006773004796916194 0.13963365511970197 
0.016983511719584427 0.011778953561316795 0.05423969668930469 0.009744690320908503 0.006256916214872821 0.004723361004239197 0.0107608524789287 0.006221823190628595 0.024911441764769122 0.13752858169173576 
0.03434430016157005 0.012308975956298577 0.06978298562799776 0.055088983632020846 0.007582406838393692 0.004215748657596962 0.006901724898367718 0.0051248506605057805 0.006911307093950918 0.136943156625089 
0.24280998100471177 0.016074986024001276 0.163379044917394 0.015641141265750145 0.009837705598998499 0.0013805370977649314 0.004077905075160829 0.0012172434587101606 0.03485926141189729 0.16354657796778205 
0.012079679814330623 0.007894947331038894 0.03356504147285788 0.006582801349200292 0.006727351033653173 0.0028344271562842265 0.0107608524789287 0.006221823190628595 0.024867740457928476 0.16246536966771252 
0.8528290626931725 0.13237336562018953 0.4910893673775718 0.024703821314951746 0.2865327324935092 0.0011386147955430308 0.017594542014033692 0.014511673969929141 0.007706198256133192 0.1644731943673382 
0.023730300201450272 0.011595617638992787 0.01866520669480068 0.014581748510725261 0.0027393476547594455 0.004764876236773405 0.00907539302851354 0.011495946192772884 0.00916117613136027 0.1345249011829807 
0.007263329773044601 0.03674390985430302 0.021375235121774683 0.013186034848290201 0.007805728699591172 0.005209151032318724 0.0035534478333613248 0.006624330696477125 0.007305126028970932 0.13984472907932588 
0.004879328164171055 7.174603568252815E-4 0.003056142752685992 31.285522408844024 0.006450069821286571 0.0042719636014244165 0.0033940688653432264 0.004391829306395577 0.0069787707294766905 0.13721200136995068 
0.05737457098299449 0.014127581278250895 0.007612603235731933 0.10336637395438626 0.009662120415842516 0.009260509891609342 0.0024833740010627606 0.02991844070392398 0.007990715914607236 0.1704299315702948 
0.002331720763752001 0.03791770856894003 0.013489025731850762 0.048323017341311544 0.006104966504752811 0.003232318699405441 0.005364053520293528 0.0237218570486636 0.007831689134639792 0.1394078088192337 
0.016116233575904564 0.009340867649827837 0.011044804118911232 0.0519235035100257 0.0042807161610236445 0.006847694990650946 0.004814323237598975 0.019057268514279066 0.02441293520057374 0.16436330580817382 
0.010589951189729163 0.007940235326541333 0.009805188096627225 0.029663581673641148 0.006278746597958528 0.009046276102791444 0.015327795272642733 0.00621955441164298 0.008109546084454517 0.13716732986619057 
0.002656290578451007 0.03575729079987438 0.010383497162388126 0.05186367989471578 0.027024230017584992 0.0030949117383947673 0.008303165888914128 0.04137517099530103 0.0077399086160827345 0.20340541065563703 
0.0425490901890261 0.03616014884795959 0.0022542754637871745 0.0258695435302203 0.0059079374689134986 0.0042970242611106504 0.0029753966890364945 0.0016038301304436683 0.013166601908929878 0.13619772056878604 
0.02817831103356767 0.015580007894328823 0.011893938800872847 0.01759247547108793 0.0032073028325657585 0.0011810704030582825 0.009379142293059072 0.011899108248417981 0.006806361015862759 0.16445503788482985 
0.011763982109918063 0.026231040486635028 0.016469771227915313 0.07109816233230294 0.13415807414316272 0.02937117624319637 0.03181487056547341 0.005948744323382443 0.0051516381086836194 0.14063457987478575 
0.027066394092547803 0.013489866474458918 0.006572573994792148 0.015576099004342887 0.011630469408637656 0.004761221989612332 0.012367559213484432 0.011234914232083068 0.007778461538740214 0.14385602397020636 
0.008550835757686434 0.017508693937871665 0.014466515671103535 0.010970773062800043 20.56759270640476 0.013189007428692385 0.019178037255587654 0.0060211835076174735 0.006953028384735741 0.16656906091146712 
0.01603270341710515 0.008762670271633438 0.010915840029210538 0.009561753611037973 0.006977717891464734 0.0073089914407379036 0.00287614530102649 0.01904392342208451 0.02441204476247216 0.16691491095925237 
0.01825739233646606 0.005813628355834464 0.08983077427181865 0.006489063248034626 0.10351604416022714 0.002166270725751961 0.013531155561382003 0.04346325491748753 0.006325497279956858 0.1367066667962552 
0.015516827219192997 0.04167064874218206 0.012980065465441264 0.01263980807143609 0.03400458899056563 0.001978477453517395 0.016437240381606454 0.003665164051166921 0.008065141306756339 0.16439324622978332 
0.025613962444737712 0.005835253010532142 0.09335946065499018 0.00950311037022003 0.10709810798481828 0.004942546536257662 0.021715855923337073 0.02541540277562151 0.0070706218902406946 0.3197479663469404 
0.14009921079441037 0.022002695137133644 0.09375661099044975 0.006933263772627311 0.6228202198176072 0.30676519119409673 0.013458426027397458 0.04324097294506155 0.9639156130972779 0.14008777997852165 
0.011270937019406638 0.008496488915343993 0.08915425875986902 0.010910470945623998 0.09679571300425802 0.007861327933817396 0.13878644203042456 0.017413792779309312 0.12431265351353502 0.33946160859914676 
0.029357065497934112 0.02260824740515326 0.013345248221176461 0.004108584324840637 0.01406129214649151 0.010617135933954632 0.005083128940894483 0.032555133332147546 0.0046959020091511166 0.14191318983953985 
0.07288706190279849 0.015914620698644546 0.02420280051790685 0.015605256977371904 0.00986728185099964 0.001386090613126613 0.0032996661866231706 0.0012166606274310104 0.03493925810209602 0.16354657796778205 
0.018111609147303993 0.012644451615119044 0.010200321890191263 0.011352057845936337 0.004771608751826286 0.0022481903676245443 0.011098124131366887 0.0053958401348508135 0.02413997039015606 0.13673562977974324 
0.00562851760647127 0.00447785909931645 0.0033499249836137393 0.004214876007158564 0.0028553852646793503 14.495968611989248 0.004814271719599401 0.004772947210371242 0.005310008395106313 0.13761139476620576 
0.018876540347900293 0.011304978371901357 0.005089253421152387 0.005741230443407936 0.012257922904070984 0.07889762250508361 0.05393332066898246 0.00743986554731377 0.007669300495535667 0.14116084604594534 
0.018077348790095128 0.009266162979920514 0.017879414725275655 0.01128000906241947 0.004533113881589386 0.0667403677311326 0.007895784473685575 0.01126686576186019 0.007311029313486244 0.16638342250885582 
0.017467530595712096 0.009349274276200012 0.018558594516806554 0.009490298398010296 0.006460758481346999 0.06713364223826489 0.015353295294944225 0.006171338362596746 0.05649932525066728 0.13773204169138317 
0.014562557693123644 0.047174651396538154 0.0013540388758434205 0.020268546716624546 0.007905973192573456 0.025079765205963854 0.004941189912054089 0.005999420654845638 0.004502194431291873 0.13612639321840755 
0.030985662351845793 0.008684561540143113 0.006330467070047531 0.007429083238440697 0.0075433164748373634 0.019891183302457132 0.021320849545259174 0.004376653043782137 0.0043048871522292035 0.17637043990308018 
0.012983986981868196 0.01150345611064437 0.009893132487059428 0.015012409538947958 0.007766795084596238 0.021909627365211046 0.009931022639667272 0.005874879595535025 0.034747168405024606 0.1371252112313135 
0.020016420630870186 0.03600405224939138 0.007544948914924829 0.015511096699907986 1.2225772234614016 0.694157952079223 0.019416556141469657 0.008696254055744479 0.007320166810871268 0.544866149321432 
0.016079728254229868 0.010131985706396349 0.14511188792607668 0.011175164071243388 0.006248480792156909 0.06713364223826489 0.01533686232599082 0.006223939550113387 0.008109546084454517 0.13773204169138317 
0.024623518478435753 0.007930324998435228 0.01191587881673703 0.00673408657869387 0.0033489357207481247 0.009070936057900901 0.01813639061407352 0.009564887318764748 0.007818523917660936 0.13532793756689498 
0.0018498805667041865 0.0041013943835755285 0.0026923062808080224 0.002456343000853975 6.009962648511716E-4 0.0020716568554707566 44.32062115264134 0.004200778872845683 0.006015404011645652 0.13607395543224887 
0.011527685813498648 0.006585761185999301 0.010943452217554932 0.013081393752391533 0.0031665046043086835 0.002338862429003115 0.047139627043985326 0.011138175273084656 0.008026074352178891 0.16360176768874563 
0.02152757213338162 0.019795533008835416 0.0030436010415477877 0.009072855464273649 0.0014615129312319376 0.008143071530862602 0.0707661946183861 0.009954632393653351 0.00735459240129303 0.1355932682674256 
0.009326225486713044 0.0040119618542159745 0.0035523968957296564 0.0966009900719265 0.004864899154218961 0.006817994260243165 0.1564811201290886 0.042449148126873386 0.007561980040357978 0.14022280003066165 
0.025869158810515182 0.016688917010687896 0.021314040054204637 0.006109317003600698 0.00501596134753851 0.0029398780727518748 0.05339337055759369 0.004207380574526289 0.008757680811482572 0.13728493540207357 
0.03917747625842434 0.003121218496554047 0.0017818360289579545 0.016503645401098346 0.0028317421431211026 0.0023478365842843157 0.046716926718708245 0.012536713093110415 0.007295626123331482 0.13619772056878604 
0.21004603558942214 0.0324967041048909 0.14465470202254682 0.02228174973548836 0.011006107880570888 0.001037156485880206 0.4755274237246716 0.004649259310165856 0.1693154748730631 0.13729028388252018 
0.016237347404575494 0.011250026037715358 0.0032428809472664737 0.008915114662415312 0.024670164890777443 0.0018467591453933349 0.05373050211898269 0.0038048343601959763 0.008466300856768449 0.1359881752266291 
0.011563386299663539 0.010541038241562882 0.0038064507141116572 0.011680824449195833 0.005415234163893366 0.004201788212648895 0.04463101411769704 0.0030571689911047762 0.025345230986684286 0.13685963021064818 
0.06405773568647619 0.0031120989849480582 0.007529476099850002 0.00899096654713422 0.014596708740441418 0.0033443036891770113 0.03936248321974308 0.008020362069082868 0.007724157466098919 0.14127730095312144 
0.01127546812746938 0.00903441305503649 0.008583678003243668 0.00833241114475161 0.005245194976940278 0.0037239455114267744 0.009623485715036316 33.59853472332272 0.009466818868688632 0.14147170572912554 
0.01913702189862509 0.010186069739710136 0.005156490017194419 0.009581046810831356 0.004400286356143093 0.002052128998676489 0.013188637464174811 0.043103404148891 0.006892166594106748 0.13963365511970197 
0.011827367405381487 0.017404010460964157 0.005266375707560391 0.007573225796252619 0.008207413753520413 0.006150081157004378 0.001681681211079701 0.058438125834917226 0.007595955269754101 0.17638353787717387 
0.00941297197298532 0.022069277625389273 0.0630395835838231 0.00976015951006587 0.02663795938057937 0.0019671071365776087 0.0219903612759553 0.1200661270837243 0.004234334875971343 0.1484059234891497 
0.020150420084788054 0.008152033551681525 0.011880965857874261 0.0073520084586635595 0.013961086423718846 0.0010775020598404342 0.0017612967625116696 0.058438357213921203 0.006776020176770223 0.15078955611614936 
0.007132694523304046 0.015108932869665985 0.011240803157134945 0.016746133900192764 0.00415441805745402 0.006964073689109333 0.004076942661822526 0.03479305418379194 0.0075710447549488784 0.1406233071753596 
0.03600974919646315 0.14723050059085716 0.004062380898938137 0.016859015920819797 0.0032089330723218856 0.004194040570958546 0.007106055292695562 0.1350101513982267 0.007291566757473112 0.14412378339306636 
0.03496767955769033 0.0035832335101804065 0.03223747145343084 0.0076331883045399635 0.00868758203923294 0.0028023602479788903 0.0017150027609114246 0.058341221752132674 0.0071459632015136824 0.1709207828787461 
0.036644175662216553 0.01503977842206614 6.505181559117793E-4 0.12304682265579939 0.009773915007724183 0.0023649687213033663 0.02453102255654261 0.12618487213429266 0.024485443157102292 0.13676522969354588 
0.05731219877106884 0.005937952759934233 0.01337153679430607 0.0030370671394328048 0.0027035029683139243 0.0023212488010578296 0.003117543259742977 0.04504953624609724 0.006260784643443521 0.1369194301277864 
0.004571888016694318 0.0028849031521741147 0.0029900541739252395 0.004368502950506113 0.003416719885403179 7.719591848833808E-4 0.00151205089383077 0.004782805732195631 20.203142483014705 0.1360409167745213 
0.016469522987887477 0.01166381713484804 0.009478394504607586 0.012616840276152416 0.003982792399678117 0.0035456905664789833 0.011098124131366887 0.005300368892478302 0.02448948095205747 0.13666461025362858 
0.01250586958246556 0.009361761355220986 0.00997030603757578 0.010426238346934184 0.002955695529869908 0.006690580794847847 0.0026164852819107057 0.016450928462584793 0.06306453018202456 0.16691491095925237 
0.013811921379986691 0.006621048102887535 0.02431203218446632 0.009415140395714361 0.006122789568573879 0.004594513013941053 0.012718965010367282 0.0063085320156192025 0.058092551081412994 0.13693173623144164 
0.13782393314468167 0.012014170358136423 0.08602090149487406 0.006568505706952471 0.1013463006069835 0.32963436134732743 0.013458426027397458 0.04324097294506155 1.0590885279727427 0.13996661467857793 
0.14133563472638278 0.02520380222293821 0.009444847985760486 0.006226651996985146 0.019977519182922943 0.04965554517715162 0.006937024303566241 0.0038777830027973007 0.2848252426818788 0.33310978505548006 
0.0562962540035501 0.005822648817771752 0.01297065808037061 0.0029714141718380997 0.09354194935323461 0.0023049548296584376 0.0032429084882172206 0.045049260988461376 0.19348997184919078 0.13668102685710373 
0.2020562457478162 0.013678714240596163 0.003866816513674156 0.008403689040189852 0.00844176300315312 0.0011427017413685287 0.0017612967625116696 0.05855090030157629 0.17127812217738278 0.15130219413724338 
0.1889940500144353 0.017626125893420354 0.0032527644184559956 0.02357542085997392 0.008283805131944369 8.62993477832709E-4 0.10907249903839704 0.011678101181451385 0.16972569955227293 0.13739359612767435 
0.01474216790858602 0.011568214367212603 0.015572792069170203 0.008203193939544441 0.002890108185454705 0.003900041415225863 0.0179624161376243 0.046816422679683375 0.05384164901735523 0.13640093571019732 
0.026383926855450865 0.019350392760401916 0.013387892070292642 0.013060884886307215 0.0070040737654549975 0.001451141917368918 0.003091984064254291 0.011604089539893416 0.008480839012096921 37.373152035996405 
0.010412252427166148 0.007547999293874969 0.011427237507234844 0.024172287268200723 0.003477038343081343 0.0018442452394850756 0.14097140146793577 0.029825997965306654 0.007556566739865097 0.3873282474005537 
0.009567328659472999 0.027463697201601085 0.011374520641612179 0.008586548190544873 0.025670007515100762 0.005400600201930442 0.0219903612759553 0.12009294782785045 0.004234334875971343 0.3316090904713185 
0.019128473996600903 0.009992420046584233 0.012500338744062166 0.01140216487251906 0.008448798745160087 0.002595600758953979 0.0031985727120243668 0.0186968446556927 0.024532361170981135 0.1898555992471528 
0.20903458628776092 0.1339337856255519 0.007958840807496795 0.026908707591054314 0.007818023514141906 0.002968250850509135 0.013380967044088457 0.025324368885511116 0.00805284014804203 0.36087104944802373 
0.01685822863818211 0.016224329434838744 0.0044742033472450395 0.0081094418217316 0.030218312517547596 0.004761126438068479 0.016622119383450908 0.011234662646707543 0.007779913469459182 0.19495956083220253 
0.02712510103249816 0.015612687966146378 0.16276726835098615 0.009457184320197407 0.01051446067947568 0.005703815914777206 0.002720738130356122 0.02051359812488415 0.008028098700839531 0.35992950619181613 
0.008352385727310715 0.00764764084821005 0.008864755467228974 0.012352936399002947 0.010622599551966733 0.006711027163842881 0.13850961203261097 0.009686056832229839 0.12465376998232461 0.33973909251668966 
0.029168709893333526 0.02796536859288566 0.012510505247102309 0.05425054132498223 0.03177033935691981 0.0035054075385422528 0.00925247839337776 0.00446353489798396 0.007890462070717238 0.2097385616277174 
0.01201316975426935 0.0224669545100102 0.00964524227087278 0.013137655079877866 0.002581365296189688 8.222028543128718E-4 0.02007261288159106 0.015494321646017998 0.01208371625168985 0.16654213593415623 
