1.8999763816125943 0.32938929740678646 1.9640010489822992 1.9671808868377703 1.7081759325116308 
1.9170775861073641 0.7487517424008759 1.9670695674865972 1.9670695674865972 1.2683098064649545 
1.8889835925308631 0.07751182051106867 1.9664954130419319 1.9664954130419319 1.9664954130419319 
1.9284989374686117 1.0341134019624179 0.9709260062622513 1.9667691728466403 1.9667691728466403 
1.7151307124408914 0.8712022823396129 1.9667689896702605 1.606155707265784 1.707818266964493 
1.65851142308441 0.7234932614892073 1.966133144444663 1.5530603082849757 1.967066045767752 
1.7119530334721806 0.9187416449559201 1.3844339962972292 1.9463061115142153 1.9058846772652198 
1.5574893076892333 0.6842418685030826 1.6914603235474008 1.9664985152230903 1.9663040459295542 
1.8030658065803025 1.2549734199139009 1.7565686582206759 1.6761000121768967 1.3752649049047603 
1.4865301041270829 0.49626612951978766 1.9664726389800518 1.966625116223194 1.9506064760426598 
1.8008240362426946 1.2447373648930402 1.9666351251662517 1.9666351251662517 0.8877088491967686 
1.514553306231273 1.0985511221693107 1.9691800996769997 1.9691800996769997 1.3252557709534154 
1.4174359364872267 0.912631735969217 1.9688012491446076 1.9691097588661335 1.6084603549973493 
1.504730212819336 1.176554092646765 1.6604601635846112 1.9687815947299736 1.5646003151392087 
1.6283654095007551 1.3190329503075398 1.4706470156359193 1.48161177652412 1.9660168485615732 
1.6472150088440418 1.432103199710579 1.438653395527816 1.9672193100320614 1.3842213136812143 
1.3125731895762813 0.6535109335462955 1.9660686168177781 1.9660735481559959 1.9660754293654503 
1.5190320476229413 1.1091652952231348 1.3833308814106118 1.9465962455048558 1.9096905389492653 
1.3733885661987695 0.9743400400324748 1.5884228645636844 1.967268636198778 1.965654437801405 
1.4090011222365209 1.03612488593585 1.966979899796684 1.4888337914209975 1.966979899796684 
5.38192329661428E-5 1.966167876070678 1.9661922290210572 1.9661627627384701 1.9661922290210572 
0.40764589050653743 1.9655501181585473 1.9671638491725432 1.9671638491725432 1.5611316896800016 
0.3563185705150346 1.8359488272362485 1.7421551180372556 1.9672112578942693 1.9672112578942693 
0.7156344632641243 1.9677067083553548 1.661078027356853 1.9690036480373996 1.5625917451358666 
0.5508147422968476 1.7748648069777977 1.9667351602291976 1.9667351602291976 1.6077907711837498 
0.8483124868000331 1.9383249653814612 1.636654244785313 1.4827352935304345 1.9605689594876101 
0.8073540472820476 1.9377184813648811 1.9662056329346633 1.1873510136993781 1.9662097250936568 
0.9785956480686857 1.9351032299405102 1.9664456915519377 1.6445640450735608 1.3410741515730566 
0.505448634755437 1.4762966704150682 1.9684636126540869 1.9684636126540869 1.9551819201376686 
0.6687610436447047 1.5361535265531803 1.968277106180542 1.7449200762760493 1.9549966720676917 
0.8043481973321777 1.5812698565439531 1.7759055044176035 1.7434426102847393 1.9683220561928245 
0.9838873770220493 1.6613243327624725 1.6564145405484152 1.9231470613971657 1.642648949325497 
0.7160863570894995 1.575560112048943 1.9653703852811748 1.966439417127408 1.6423013969626061 
0.9717669604012454 1.6200215571461727 1.966423905876521 1.966423905876521 1.3410592942056239 
1.15905319219217 1.8031954641120242 1.330572716841413 1.9669214888429902 1.6079430933833634 
1.0868351823126912 1.6916688925021357 1.9667255649414808 1.4803167147321057 1.64285294677426 
1.0626433838923628 1.6643086432787404 1.2056793106605133 1.9660306971945136 1.9662206783420433 
0.5661348647124155 1.4008003249418783 1.966172600034072 1.966553894844183 1.966553894844183 
0.931751773643594 1.5222648123756228 1.9661422166779552 1.4782678473366935 1.9661422166779552 
1.1467065770002134 1.6694376911047482 1.7000606080105867 1.3876000001890778 1.9657825539594678 
0.6954289393682789 1.2777836716475555 1.966610444022836 1.966610444022836 1.960008277029838 
0.7890778474799619 1.1774089079550467 1.9664867554350087 1.9664867554350087 1.9664867554350087 
1.0047521221294424 0.9639575943887577 1.9687097165181995 1.9687097165181997 1.9687097165181997 
0.7911504964587164 1.3060966925456452 1.9628183044275547 1.9663007682274702 1.8388368112504945 
0.8482668680873326 1.3606419227889053 1.7244804454977651 1.9666946181870015 1.9666946181870015 
0.9514778150617458 1.2071262112264811 1.7767987557643554 1.966514583355881 1.964140968015061 
1.0540699979690364 1.104381326701985 1.7766730634001473 1.9663754703210312 1.9640020228919248 
0.8422093542595582 1.1322608668400644 1.9666539906852853 1.9632548970075834 1.96223685394865 
1.2418995119304654 0.999645190002347 1.691319622550483 1.9663349356831639 1.9661404825661963 
1.107361045552868 1.0600501851479724 1.9674702817215528 1.8924541626233706 1.8425454518404474 
1.02050794632382 1.1938057341904604 1.968292595043309 1.7355520481922315 1.955012056423415 
1.2628571892691114 1.486572976146564 1.9668144407442882 1.1900195706775538 1.9610099114873198 
1.3033393368084505 1.325387112194417 1.3836093722508167 1.9469881323854534 1.9100749960085779 
1.233600659159268 1.2427510044810344 1.753588711618331 1.9659500619976333 1.6714711180525132 
1.5180512113945648 1.4931022806034953 1.5027206410425074 1.5129810677979956 1.8397274760846938 
1.096687329001333 1.4951480714475833 1.9664594765481476 1.9664594765481476 1.3410835526473788 
1.3366392667323552 1.2740555679938042 1.9673642809671104 1.9673642809671104 1.3240337272080613 
1.2342050955250554 1.679859708078673 1.9666926535198432 1.6447705825714753 1.341242574384326 
1.3246124720841457 1.8034317544433391 1.4586001658682701 1.968767319789231 1.3196687711142463 
1.4549350459929562 1.5191436644212641 1.966790846822603 1.6581637346457574 1.268130095407831 
1.5303685610729099 1.856195817940924 1.6215445941362625 1.9687034710453415 0.8980090641879775 
1.3885141679630961 1.7656484864572084 1.9666663940218347 1.9671745756961616 0.7806946786463455 
