0.8758447545936082 0.0011591035291058133 0.04309688054870252 0.04611420120249554 5.290112644090126E-12 0.0 0.0 0.0 0.0 18.60956464620515 
0.8758149763023014 0.006850152828825937 0.06315970486795516 0.07165915666356965 6.004144936668522E-12 0.0 0.0 0.0 0.0 18.51277860403451 
0.8758149763023014 0.006850152828825937 0.038252522442257804 0.07165915666356965 0.0 0.0 0.0 0.0 0.0 18.55762454684376 
0.8758449730630202 0.0 0.058703814046830935 0.04611420120249554 5.370081558977899E-12 0.0 0.0 0.0 0.0 18.588946189275756 
0.8758149763023014 2.3152743872830069E-4 0.04210600148239375 0.0 0.0 0.0 0.0 0.0 0.0 18.675158180949833 
0.8758149763023014 0.019700625195010917 0.0010409615419009672 0.0 1.949428868428865E-14 0.0 0.0 0.0 0.0 18.711148493504464 
0.8758149763023014 0.006850152828825937 0.0793888983097101 0.0 5.836592906707367E-12 0.0 0.0 0.0 0.0 18.600196931466563 
0.8758149763023014 3.684174446551138E-6 0.0793888983097101 0.0 5.8933027843465306E-12 0.0 0.0 0.0 0.0 18.60589645239062 
0.8758149763023014 0.0 0.043035901078587804 0.0720239205017154 0.0 0.0 0.0 0.0 0.0 18.580147640803016 
0.0 0.31778912747553256 0.06315970486795516 0.0 5.939485060144838E-9 0.0 0.0 0.0 0.0 20.07938455400545 
0.8613944663791256 0.27457096913544 0.0010409615419009672 0.47509788015399423 4.1990186215465E-9 0.0 0.0 0.0 0.0 18.294714822488785 
0.0 0.27457096913543994 0.0010409615419009672 0.0 5.971102854194756E-9 0.0 0.0 0.0 0.0 20.002068599478065 
0.8758149763023014 0.43221555709649073 0.0 0.0 1.6830130856300998E-14 0.0 0.0 0.0 0.0 18.984143425247808 
0.0 0.27457096913543994 0.0010409524624464656 0.4726134939927849 5.971102854194756E-9 0.0 0.0 0.0 0.0 19.989664294455626 
0.0 0.2717254444855799 0.04309688054870252 0.8050787263497056 4.1413522794484225E-9 0.0 0.0 0.0 0.0 18.373102765621525 
0.0 0.27457096913543994 0.8405628174406666 0.0 5.971102854194756E-9 0.0 0.0 0.0 0.0 18.637407647581014 
0.862216673807049 0.27973526365790946 0.0 0.0 5.421711454515469E-10 0.0 0.0 0.0 0.0 18.309342699341755 
0.8758149763023014 0.27215525229850523 0.043035901078587804 0.8117468157632265 6.0495319623762164E-12 0.0 0.0 0.0 0.0 16.817952622923325 
0.8758149763023013 0.27215525229850523 0.8405628174406667 0.0 6.0495319623762164E-12 0.0 0.0 0.0 0.0 17.206689200247354 
0.003754032669142031 0.0011510705562232512 0.8648887264290964 0.03435709493159311 0.0 0.0 0.0 0.0 0.0 18.67139937556856 
0.8758149763023014 0.27215525229850523 0.8405628174406667 0.8117431139930265 6.0495319623762164E-12 0.0 0.0 0.0 0.0 16.035248711028146 
0.0 2.3152743872830069E-4 0.8011755229229263 0.013836689312056505 0.0 0.0 0.0 0.0 0.0 20.738627783217684 
0.8758149763023014 0.0 0.8405628174406667 0.0 0.0 0.0 0.0 0.0 0.0 17.07398200145141 
0.8758149763023014 0.008655896645665427 0.830500915545983 0.07202392050171538 5.376793640035107E-12 0.0 0.0968117893591034 0.0 0.0 17.812869626040705 
0.8758149763023014 0.2733111485803601 0.840465693846232 0.3838805188618849 6.004144936668522E-12 0.0 0.0 0.0 0.0 16.433382342993372 
0.8758149763023014 0.0 0.8405628174406667 0.8117468157632265 8.99111037864891E-11 0.0 0.0 0.0 0.0 16.72532661748608 
0.8758149763023015 0.0 0.3901114861295841 0.0 8.896511719016985E-11 0.0 0.0 0.0 0.0 19.14343937001405 
0.8758149763023014 0.0 0.4626488471851138 0.8117468157632265 6.0495319623762164E-12 0.0 0.0 0.0 0.0 17.394940985959995 
0.8758149763023014 0.0068695979026407 0.08512895194715542 0.07075581601731079 6.004144936668522E-12 0.0 0.0 0.0 0.0 18.463723947477238 
0.2937413271861175 6.943076176686177E-4 0.0813850974030119 0.8117468157632265 6.0505304351493546E-12 0.0 0.0 0.0 0.0 18.910795624219137 
0.7975478553661218 0.0 0.0 0.8050787263497056 4.190409926992989E-9 0.0 0.0 0.0 0.0 17.309500944840014 
0.8831170154763963 0.006850152828825937 0.038252522442257804 0.8401708631174013 9.198988317135796E-11 0.0 0.0 0.0 0.0 17.18314328523126 
0.8758149763023014 0.0 0.043035901078587804 0.8117468157632265 0.0 0.0 0.0 0.0 0.0 17.858646353358424 
0.0 0.0 0.06315970486795516 0.804654258176101 5.939485060144837E-9 0.12752914230383927 0.0 0.0 0.0 19.945747259139203 
0.0 0.27457096913543994 0.05839142854136668 0.821181277850406 3.9916733520951595E-9 0.0 0.27544854563992205 0.0 0.0 17.851354508932005 
0.8758149763023014 2.2816850364403395E-4 0.0793888983097101 0.0720239205017154 1.2177299676765285E-14 0.0 0.0 0.0 0.0 18.486522772090243 
0.8758149763023014 0.003520453642146758 0.05839142854136668 0.0 0.1690483393659095 0.0 0.0 0.0 0.0 18.29833764535998 
0.8612108979541115 2.3152743872830069E-4 0.042693098830712296 0.013560305108318854 5.23461224197343E-10 0.0 0.0 0.0 0.0 18.836093520862644 
0.8758149763023014 0.0 0.0 0.07165915666356965 6.004144936668522E-12 0.0 0.0 0.0 0.0 19.616744731621065 
0.8758149763023014 0.006850152828825937 0.0793888983097101 0.07024751539792963 5.836592906707367E-12 0.0 0.0 0.0 0.0 18.54286404023267 
0.8758149763023014 0.0011591035291058133 0.0793888983097101 0.04611420120249554 5.384604658052981E-12 0.0 0.0 0.0 0.0 18.552108235343105 
0.8758149763023014 1.9508276431746304E-4 0.0 0.0 1.949428868428865E-14 0.0 0.0 0.0 0.0 19.169985149442123 
0.7905174887101654 2.3152743872830069E-4 0.04210600148239375 0.013836689312056505 0.0 0.0 0.0 0.0 0.0 18.83710570101397 
0.8758163447952414 0.1526634252157208 0.05839202003911006 0.04611420120249554 5.376793640035107E-12 0.0 0.0 0.0 0.0 18.292809464384334 
0.8613944663791256 2.3152743872830069E-4 0.0 0.0 1.949428868428865E-14 0.0 0.0 0.0 0.0 18.724666762223663 
0.860981788635718 2.3152743872830069E-4 0.04210600148239375 0.013836689312056505 0.0 0.0 0.0 0.0 0.0 18.661144715025813 
0.0 0.0270463822098124 0.08414875991721113 0.0 2.3106803607962503E-8 0.0 0.2747086574249133 0.0 0.0 19.990642028605873 
0.2937413271861175 0.0 0.08561097594286689 0.0720239205017154 0.16904833936311425 0.0 0.0 0.0 0.0 19.42345122162241 
0.8758149763023014 2.3152743872830069E-4 0.04210600148239375 0.013836689312056505 0.0 0.0 0.27493406705667783 0.0 0.0 18.243768684933016 
0.8758149763023014 4.3037548441980357E-4 0.04303590107858781 0.0720239205017154 0.0 0.0 0.0968117893591034 0.0 0.0 18.408198211821365 
0.8758149763023014 0.006850152828825937 0.07976368279202606 0.013836689312056505 0.06102422996138596 0.0 0.0 0.0 0.0 18.485713062099343 
0.010691669444204693 0.006917303278189558 0.0587411622297198 0.03459112469459869 5.421711454515469E-10 0.1103692135236537 0.0 0.0 0.0 20.053885951044723 
0.8758149763023014 1.9719133085601082E-4 1.509383285755636E-4 0.0627696916179858 6.0261749442067796E-12 0.09206504004206062 0.0 0.0 0.0 18.48447747983025 
0.8758149763023014 0.1526634252157208 0.05839142854136668 0.0 5.593254074758998E-12 0.0 0.0 0.0 0.0 18.35987061260718 
0.6752307495122218 0.0 0.0 0.0 4.142246195277832E-9 0.0 0.0 0.0 0.0 19.69480704423618 
0.15101587536077038 0.006851742649446107 0.0 0.07947686163516973 5.413053037126513E-10 0.0 0.0 0.19906848219549564 0.0 19.593403230376047 
0.1510158753607704 0.005474437030869318 0.0 0.0 0.1660591050406601 0.10088725259081013 0.0 0.19456919468935382 0.0 19.982591353029495 
0.8758149763023014 0.0 0.0 0.8117468157632265 6.0495319623762164E-12 0.0 0.0 0.19906848219549564 0.0011249156035557741 17.01113379299067 
0.15101587536077038 0.27215525229850523 0.8426144683460933 0.8117468157632265 6.0495319623762164E-12 0.0 0.0 0.19456919468935382 0.0 17.832610810482585 
0.8758149763023014 0.0068695979026407 0.04384573864678808 0.0720239205017154 6.004144936668522E-12 0.0 0.0 0.09763748961030283 0.0 18.37926517564147 
0.8758149763023014 0.30111314604438516 0.817124602688218 0.07165915666356965 6.004144936668522E-12 0.0 0.0 0.020101879321218638 0.0 16.576530862667536 
0.8758149763023014 0.02776459705943165 0.0 0.013836689312056505 0.0 0.0 0.0 0.0 0.0 19.052863425923675 
0.0 0.0 0.05717782376035836 0.03676392614618528 2.453563013264106E-8 0.0 0.0 0.0 0.2379250203792294 19.861899476948068 
0.8607950867520153 0.006917303278189558 0.0851803419900859 0.03459112469459869 0.0 0.0 0.0 0.0 0.2379250203792294 18.113500413444566 
0.8758149763023013 0.0 0.0 0.013836689312056505 0.0 0.0 0.0 0.0 0.17616252522045828 20.861674589148368 
0.025615350579841913 0.008657138848027478 0.8405628174406667 0.7959206986659062 0.0 0.0 0.0 0.0 0.06308201779214417 18.10990586536803 
0.8758447545936082 0.14923834880130782 0.8405628174406667 0.04477615379600835 5.376793640035107E-12 0.0 0.0 0.0 0.0 16.71001532418527 
0.025020075641790984 0.14923834880130782 0.8405628174406667 0.8117468157632265 5.275689046967203E-10 0.0 0.0 0.0 0.0 16.865383556975914 
0.8758149763023014 0.27215525229850523 0.840465693846232 0.3838805188618849 6.0495319623762164E-12 0.0 0.0 0.0 0.0 17.049286704518913 
0.8758149763023014 0.006850152828825937 0.001450698908840923 0.8117468157632265 6.004144936668522E-12 0.0 0.0 0.0 0.0 17.206895936508662 
0.8758149763023014 0.13665717791380552 0.8405628174406667 0.8117468157632265 6.0495319623762164E-12 0.0 0.0 0.0 0.0 15.495080109846452 
0.8612108979541115 2.3152743872830069E-4 0.04210600148239375 0.013836689312056505 0.0 0.0 0.0 0.0 0.0 18.66099777406062 
0.002418031757151081 0.0 0.0 5.120516080680473E-4 5.163194135891182E-10 0.0 0.0 0.0 0.0 20.610787097398 
0.0 0.019700625195010917 0.0010409615419009672 0.0 6.004144936668522E-12 0.0 0.0 0.0 0.0 20.393787814093866 
0.023592796258829478 0.006853309773211911 0.038252522442257804 0.07165915666356965 6.004144936668522E-12 0.0 0.0 0.0 0.0 21.658218246666944 
0.0 0.0 0.05839142854136669 0.0 5.971102854194756E-9 0.0 0.0 0.0 0.0 20.334264555721184 
0.1840940569852074 0.0 0.018787486592116893 0.0 0.0 0.0 0.0 0.0 0.0 20.05421235911858 
0.0 0.14024191662818689 0.0010409615419009672 0.0 5.939485060144838E-9 0.0 0.0 0.0 0.0 20.328667743588962 
0.2937413271861175 0.0 0.0793888983097101 0.0720239205017154 5.836592906707367E-12 0.0 0.0 0.0 0.0 19.769237712067778 
0.0 0.019700625195010917 0.0010409615419009672 0.39163159454437996 3.91947916889815E-9 0.0 0.0 0.0 0.0 20.207066643169007 
0.4379074881511507 0.0 0.0 0.0 5.939485060144838E-9 0.0 0.0 0.0 0.0 21.448048984967674 
0.0 0.27367445341080854 0.0010409615419009672 0.0 5.939485060144838E-9 0.0 0.0 0.0 0.0 20.250990077416574 
