0.23449465075670162 0.0 0.0 0.0 0.0 0.0 0.0 24.642730802369197 
0.12123095407753937 0.0 0.0 0.0 0.0 0.0 0.0 24.65168228197744 
0.22903805109655906 0.0 0.0 0.0 0.0 0.0 0.0 24.642866835555026 
0.21759159319348953 0.0 0.0 0.0 0.0 0.0 0.0 24.64376752566855 
0.1905341885874563 0.0 0.0 0.0 0.0 0.0 0.0 24.644254038776992 
0.17328279354957488 0.0 0.0 0.0 0.0 0.0 0.0 24.644914109230452 
0.16314895781273364 0.0 0.0 0.0 0.0 0.0 0.0 24.650071087953087 
0.0 0.2235296922785288 0.0 0.0 0.0 0.0 0.0 24.64399891040676 
0.047183071823212686 0.22206115110267888 0.0 0.0 0.0 0.0 0.0 24.640444887464277 
0.047425543918102164 0.22073622260353787 0.0 0.0 0.0 0.0 0.0 24.638289297968317 
0.0 0.224228772276593 0.0 0.0 0.0 0.0 0.04618340216492456 24.640250986427525 
0.11997562520842209 0.27284870152803364 0.0 0.0 0.0 0.0 0.0 24.634524949827657 
0.025295327244130306 0.2716992049657492 0.0 0.02144428052252323 0.1326525710430566 0.0 0.0 24.631260964957374 
0.12139392459270226 0.20466622152162373 0.0 0.0 0.0 0.0 0.0 24.63187304726694 
0.13399230392631267 0.224228772276593 0.0 0.0 0.0 0.0 0.0 24.6285085755457 
0.16391625642500784 0.2716992049657492 0.0 0.0 0.0 0.0 0.011708311766579271 24.625726361330656 
0.0 0.10275731881759498 0.0 0.0 0.0 0.0 0.0 24.659691669712387 
0.11939874584816224 0.0 0.08927219754673033 0.0 0.0 0.0 0.0 24.646895127588273 
0.025295327244130306 0.0 0.09312709672131092 0.0 8.278564121120269E-4 0.16556852769415542 0.0 24.643540675578627 
0.0 0.22353681281315474 0.08927219754673033 0.2329711549943596 0.0 0.0 0.0 24.612861433601953 
0.025295327244130306 0.0 0.09205511859248716 0.0 0.29706083445249476 0.16556852769415542 0.004168651481954555 24.624455124692826 
0.06105007271078833 0.0 0.06164123994064141 0.24092765447749187 0.0 0.0 0.0 24.633276025841358 
0.19037275021370803 0.2716992049657492 0.0 0.23294205572254967 0.06632628552153008 0.0 0.0 24.5966122288516 
0.0 0.0 0.0 0.2334254852489046 0.0 0.0 0.0 24.64544701010152 
4.426942469599737E-4 0.0 0.0 0.2267147921112702 0.0 0.0 0.0 24.642090339527975 
0.16314895781273364 0.0 0.0 0.23104731229412678 0.0 0.0 0.020342426090699917 24.62662629315559 
0.17328279354957488 0.0 0.0 0.23294205572254967 0.0 0.0 0.0 24.62328995993439 
0.0 0.224228772276593 0.0 0.23294205572254967 0.0 0.0 0.0 24.62095237102803 
0.10100532026923403 0.0 0.0 0.0 0.0 0.0 0.0 24.656988858944423 
0.11716082882584544 0.0 0.0 0.0 0.0 0.0 0.0 24.654778740052187 
0.11916798433750841 0.0 0.0 0.0 0.0 0.0 0.0 24.654178828075096 
0.0 0.0 0.0 0.0 0.1377399536184427 0.0 0.0 24.654364978983573 
0.026210442827775182 0.0 0.0 0.0 0.03175608810386876 0.0 0.0 24.666103011528257 
0.01999514453825668 0.2716992049657492 0.0 0.23294205572254967 0.1326525710430566 0.0 0.0 24.608463106491094 
0.0656400292766186 0.2716992049657492 0.0 0.23294205572254967 0.1326525710430566 0.0 0.1916269717772714 24.583303450939944 
0.30762007559205884 0.2716992049657492 0.0 0.0 0.06552564386379345 0.0 0.0 24.618534669700146 
0.1905341885874563 0.11176484613926263 0.0 0.0 0.0 0.0 0.0 24.63414800719444 
0.12111259201093816 0.10003601587725797 0.0 0.0 0.0 0.0 0.0 24.65169487047081 
0.047183071823212686 0.0 0.0 0.0 0.0 0.0 0.0 24.664682241461033 
0.06291223611935948 0.10275731881759498 0.0 0.0 0.0 0.0 0.0 24.65416216931365 
0.0 2.7667994118019124E-8 0.0 0.0 0.0 0.0 0.19653770721042463 24.658955198270238 
0.0 0.21288812016820557 0.0 0.23294205572254967 0.0 0.0 0.19159907293022016 24.605975126926218 
0.061606585134153846 0.0 0.0 0.0 0.0 0.08310695534957091 0.0 24.657131396597613 
0.1901441041203178 0.2716992049657492 0.0 0.23294205572254967 0.1326525710430566 0.0769538079920764 0.1916269717772714 24.56071773031499 
0.004755493306433323 0.0 0.0 0.0 0.13702873617788924 0.08794960576431166 0.0 24.648858835256235 
0.11997562520842209 0.27284870152803364 0.0 0.0 0.0 0.07472447139417682 0.0 24.62758372661791 
0.06146445207376772 0.0 0.0 0.11811253652073361 0.1326525710430566 0.0769538079920764 0.1916269717772714 24.611181044507912 
0.0656400292766186 0.2716992049657492 0.0 0.0 0.1326525710430566 0.0769538079920764 0.1916269717772714 24.60029902302934 
0.12123095407753937 0.0 0.0 0.0 0.1326525710430566 0.0 0.1913705739243099 24.620608562209483 
0.16212377801118905 0.0013086512826312457 0.0 0.22994624725688695 0.1326525710430566 0.0 0.0 24.619180065750477 
0.09763941816593302 0.13658743333811074 0.0 0.0 0.0 0.0 0.046371262407156166 24.639259291670534 
0.11939874584816224 0.0 0.0 0.0 0.0 0.0 0.048122782964384214 24.65174322243129 
0.050802776871350375 0.0 0.0 0.0 0.0 0.0 0.0 24.663020568513062 
0.11916798433750841 0.15939887849810574 0.0 0.0 0.0 0.0 0.0 24.637485146956717 
0.09831945745432691 0.0 0.0 0.0 0.0 0.0 0.0 24.658490789471227 
0.0 0.0 0.0 0.0 0.0 0.0 0.0 24.666933628996254 
