122.92166500862079 0.00119836187608119 8.659057499413603 0.007713134613955375 1.1997403882063373 
19.265936009086513 4.41156066056658E-4 16.467946823356332 0.003929048473222013 1.2071683916268352 
0.9433335364517605 2.883033949270822E-5 0.4104698429210108 3.081546751315418E-4 1.2141192351392316 
2.4833516749892435 3.2194942028633495E-5 1.0176316908552678 0.003932419717349544 1.2104398568820824 
0.6167257930157392 1.341043538061871E-5 0.8915489935957449 2.0751322057847407E-4 1.2141203354473376 
5.069441031342863 2.1953687694970062E-4 1.0331064747630272 0.0037490024113213515 1.2105451424348466 
0.6365742529743074 2.2713321487803258E-5 0.7404951452367081 0.0010673937733705226 1.2134245072400962 
0.39929048438984577 1.209531633380944E-5 0.19060853530895988 6.376967555874266E-4 1.2140620850714545 
1.5715508513967202 3.291152509195875E-5 1.807942511704217 0.003928521554958018 1.21043883516689 
0.38706063168595056 1.5490661125050216E-5 0.6810819997617907 3.135069682897555E-4 1.2139924419774661 
0.29565082363222017 6.387263720494357E-6 0.45585907316571855 4.124466478329323E-4 1.2141271153839848 
0.22049025189113977 1.5885767826110996E-5 0.19702923301275949 4.831262826090593E-4 1.2140940805804445 
0.18158050234029832 7.172207972156432E-6 0.24642889533496423 4.2322198372357714E-4 1.214090452572403 
0.15405654236335747 3.4454149657809733E-6 0.019352317747793384 2.5242681700837408E-5 1.2144937565175975 
0.2882807687772999 2.0016763537198785E-5 0.6025499059701503 0.0014792806705948346 1.2131901424112321 
0.11837339144539977 7.111158021571722E-6 0.09071257780235284 1.3783415708757316E-4 1.2141365143118308 
0.16380303169193142 7.204035203343668E-6 0.06159491245098365 9.874199487596976E-4 1.2138816591830675 
0.1209053141568401 6.724889082835263E-6 0.19431927923307896 5.35052073003305E-4 1.2140220430840505 
1.2309969454696479 0.0028561920943894568 2.790148889154173 0.005339672503980989 1.203598306367123 
2.4993657219620147 5.154883421819897E-4 15.445558145661522 0.0065359461697633405 1.2017116836866983 
0.041179545478470095 2.9649667047869608E-5 0.2903992006570444 4.742327288034689E-4 1.2140821493855565 
5.081856650424537 0.001072683956128719 20.159996613614727 0.0330394053764924 1.1830511331604838 
0.0945163391323775 7.311381364338645E-5 5.2387873155580955 9.039351319611528E-4 1.2135740853365011 
0.3614127023532038 5.1650028976016575E-5 1.9550516837474756 8.470882808853418E-4 1.2129941436614469 
3.755920099778233 0.001849363560728059 83.49047608584267 0.06732592555505715 1.1307848020878242 
0.32428917652488254 3.7484422798692496E-5 0.1797255502396605 5.291880146747293E-4 1.2140550620270092 
0.032320070045041394 1.9807720482205992E-5 0.20139045939515363 4.8668847841993755E-4 1.2140819588214355 
2.0558657336942243 2.0984731806698105E-4 13.060627176357915 0.004392244989648428 1.206643293449693 
5.4756196019255565 4.657464259271894E-4 2.1030133804312 0.002669428278780648 1.210412888166886 
8.569062623246765 0.001681901229473737 189.5934041018799 0.019581576811055056 1.1855397472239986 
0.6051965636110285 4.382697322290361E-5 2.9902107267657594 2.3514546026945672E-4 1.2140888056971901 
0.3077706409997914 2.487310331838565E-5 0.727178137076983 7.797215478712545E-4 1.213178989945344 
0.893371551052768 5.271680637591899E-5 0.3073420273720246 5.23422441549961E-4 1.2140498593653857 
0.3294975647762735 3.1570724727830256E-5 0.30645853582746524 0.001700358397297371 1.213204267189128 
0.07884885918610274 2.430597625069909E-5 0.8032380031218421 0.0015794921817729496 1.2128126680302742 
0.13229456199694856 3.459246456690952E-5 133.19585286577689 0.005655127952036117 1.2024766097724642 
0.12687194886047584 2.8303206774207164E-6 21.37497200600528 0.003826257967818942 1.2101175834573252 
0.19579635469961493 9.236591078213641E-6 4.496314315350726 6.471655155164846E-4 1.2134693560157856 
0.12903819547460543 2.212912424480654E-5 3.3018961594064917 3.7436177072542383E-4 1.2138247816102319 
0.5996876337960869 1.1797380225636617E-4 18.46368881683829 0.006540639359169552 1.206695287853338 
0.01514017292593499 9.774978658386206E-6 1.7149244636310788 2.6926106208626606E-4 1.214015570861712 
0.201627687246768 9.629911818305456E-6 1.8099066346132289 5.906929457354055E-4 1.2134701214011154 
0.0829000288744222 3.4059249471876837E-6 22.84898403878043 0.017412372396722962 1.1904557629547914 
1.2876029625527787 8.289903959048332E-5 6.996759765895725 0.0037025232488060995 1.2075738406938978 
0.3983501969521227 3.138600227180782E-5 2.329671095467001 0.001189954843317038 1.2125284792463589 
0.10057984107465953 5.728265652020044E-6 1.1486396395758556 8.254761749368026E-4 1.2131842035671385 
3.0537874773659675 1.4927864254181286E-4 13.531000397666674 0.01502066272073279 1.1988397077305668 
0.38545219221409993 1.135742777851182E-5 0.9736252722711349 4.296935029335422E-4 1.2137705349891335 
0.002318795812178561 1.3920574247007946E-7 0.536666090192933 5.07129393290928E-4 1.2136499093470523 
0.32708230432949786 7.0420333609941714E-6 1.8499547728182806 0.004120264548567205 1.210107280320121 
0.0078092196814715745 4.072573299406731E-6 0.505531863898549 8.451004715041397E-4 1.2137750721230962 
0.13298605575432706 9.876659776705415E-6 0.5822055341883217 4.896200124532922E-4 1.2137269013660419 
6.475160658770054 1.539711662406642E-4 11.124784997600111 0.00679624089219825 1.207163050903535 
6.781789731061048E-5 3.0163920887692784E-8 0.0037733526175828353 0.49326307160508703 0.9240274899587421 
0.19867624022679511 1.4622373507851435E-5 0.32643031163468256 0.001518279937570181 1.2133624041998292 
0.10310871880872759 7.356043040369858E-6 0.1581600727800148 0.0017154463297215639 1.2133664405088798 
0.002997697713696261 1.2088210349558528E-7 0.590505433033812 0.001414444428425209 1.2132563237472163 
0.1486403645603869 1.1174582083115886E-5 0.22105297455172992 0.001645916909209147 1.2133763842316114 
0.016176963838169692 1.2525392660175192E-5 0.5012255825359667 0.0012282909463949378 1.2133173103080832 
0.008703635475345726 1.5058009431230025E-6 0.2920905079428519 0.0010248795659182984 1.213775307765372 
0.11713121235778062 3.1540680842516627E-6 0.022596735490580014 0.0010880925369058175 1.2138467864209537 
0.007970465552207017 2.2740846798838403E-6 0.1683090236441352 7.412439090653388E-4 1.2137575396380436 
0.005288923766995962 3.0410035605952892E-6 0.23838548200347714 6.318068516713853E-4 1.2139675805377186 
0.042192217421271466 1.0390136268334182E-5 0.26442503183490695 5.875142311910656E-4 1.2139798465224911 
0.0011769626789303678 2.76359879643602E-7 0.03910228039111329 2.2432480706520918E-4 1.2141363436669115 
0.0014781857667374855 1.2784405547673217E-6 0.3060728820674568 2.073379762938143E-4 1.2141945541504098 
0.0010207862962393806 4.541196920145483E-8 0.25402324950085703 1.374539387880587E-4 1.2142688809977416 
5.3976572523743915E-6 1.395131753301204E-8 1.7364467915403483E-4 4.555721479013642E-5 1.2145567053428008 
1.1303587431079404E-14 2.2163303726454654E-18 2.910764227458175E-12 6.08739237047918E-10 169.53863649425867 
0.06367641934366053 1.930650251339281E-6 0.00888957756568509 1.1073050881372409E-5 1.2145093280711157 
1.2127693582018248E-4 4.963616809744592E-7 0.0039971710506408594 4.244019096524807E-5 74.98262725047726 
6.297725269848266E-4 1.4501692341885146E-7 0.0012990060885053948 2.9950109832274566E-6 1.2145258775935421 
0.0025808161964373066 7.644573651637264E-8 0.002632723351159548 2.151796456326186E-6 1.2145311729939763 
7.970618367020215E-4 3.1036815542461155E-7 0.0035040449053052487 6.083973970368269E-6 1.2145257041774231 
0.001247169646254352 3.1082900795866065E-7 0.0028566906055539306 6.07670656393107E-6 1.2145228700522113 
0.0020710868041096046 5.631671354662959E-7 0.015566705897344256 1.2691140479384614E-5 1.2145219272519112 
0.00206711779591056 6.597719397664519E-7 0.005655655448184873 3.133135464239342E-6 1.2145238517851145 
1.9522213742226584E-4 5.619611687399562E-8 0.007885878351119322 3.385154533899796E-5 1.2142469496605215 
0.003868064784647037 7.27935284746282E-7 0.004768549896378419 1.2609232364227019E-5 1.214521706162669 
5.452749587878022E-4 1.6022728651587218E-7 0.0706684890311726 7.462872670000597E-6 1.2145264915409415 
0.0023120299386818186 8.399793926492398E-7 0.11454398939385836 1.2925939776140743E-5 1.2145151904529863 
0.002905544750355128 2.1812842095740626E-7 0.13437576774612695 9.83336636987922E-6 1.2145246654308437 
0.009707073886206148 1.2706948825460218E-6 0.026524376982762988 2.5159895527197117E-5 1.2144846076248887 
0.0115683116052005 1.0621619793937691E-6 0.06981073804135887 3.272222602490657E-5 1.2144667305631551 
0.006588993529508643 1.799005589916801E-6 0.028467515538404865 1.3664539332505715E-5 1.2145100340939634 
0.013522075318587175 1.988674410053996E-6 0.006681632542831593 2.0888323641020173E-5 1.2145119356947873 
0.00795664961934874 1.7162175976309607E-6 0.1454623108382324 1.726266378121912E-5 1.2145089315057351 
0.02732310350543479 1.1893828845754138E-6 0.012022056193919065 2.0171304543431228E-5 1.2145123817144476 
