0.21328234257862988 0.0 0.0 0.0 0.0 0.0 0.0 22.457274594256887 
0.20869644737906334 0.0 0.0 0.0 0.0 0.0 0.0 22.458890030450934 
0.1717609961543758 0.0 0.0 0.0 0.0 0.0 0.0 22.4620794857056 
1.2295459418609767E-5 0.11083714792488841 0.0 0.0 0.0 0.0 0.0 22.47085967081332 
8.392756131474499E-4 0.15318908826274935 0.0 0.0 0.0 0.012832496931732607 0.0 22.464888302634844 
0.0 0.006998318209101129 0.0 0.0 0.0 0.0 0.0 22.484561567708244 
8.137700887154153E-4 0.006998318209101129 0.0 0.0 0.0 0.0 0.0 22.483747692979026 
0.05902569540376312 0.10591401052144356 0.0 0.0 0.0 0.0 0.0 22.46666419518175 
0.1718052863117272 0.22004076530640937 0.0 0.0 0.0 0.0 0.0 22.436311752130834 
0.2077123764977351 0.2559555879024522 0.0 0.06493442225277768 0.0 0.10640115148216012 0.0 22.413143881198238 
1.2295459418609767E-5 0.05747360999994733 0.0 0.0 0.030425747782599544 0.0 0.0 22.477557697292138 
0.17179869229766354 0.1100203826532038 0.0 0.0 0.0 0.0 0.0 22.45053643223735 
0.21336291658901452 0.10664618431711759 0.0 0.0 0.0 0.0 0.0 22.44566762580656 
0.2193553655899354 0.1119340136028395 0.0 0.0 0.05655235109706247 0.0 0.0 22.43929694123336 
0.0 9.325482948518982E-5 0.2913426821021634 0.0 0.0 0.0 0.0 22.460395698143788 
0.19574086515419076 0.001146029306630325 0.2907125575327658 0.0 0.0 0.0 0.0 22.43777553042976 
8.392756131474499E-4 0.14860131775250274 0.2835030948760977 0.04733529893988475 0.0 0.012831172673175573 0.0 22.435642804028348 
0.17179869229766354 0.12844606483515975 0.2913426821021634 0.0 0.0 0.0 0.0 22.420890218196636 
0.3200504505079458 0.24676489473798213 0.2913426821021634 0.09153159113422582 0.0 0.0 0.0 22.3976993531448 
8.392756131474499E-4 0.14860131775250274 0.0 0.04733529893988475 0.0 0.012831172673175573 0.0 22.461041900554353 
8.392756131474499E-4 0.1076536544326796 0.0 0.0 0.0 0.0 0.0 22.472752894222793 
0.0 0.0 0.0 0.02596429931583799 0.0 0.0 0.0 22.483431843795465 
0.19501902299542628 0.26492010453111625 0.0 0.14878848959682855 0.05655235109706247 0.21280230296432023 0.0 22.383978191236576 
8.392756131474499E-4 0.0012881261516959341 0.0 0.04733529893988475 0.0 0.012831172673175573 0.0 22.479894103529055 
0.07013069571199004 0.0 0.0 0.06493442225277768 0.0 0.0 0.0 22.471453740072242 
8.392756131474499E-4 0.07430065887625226 0.0 0.04733529893988475 0.0 0.012831172673175573 0.0 22.472212098359794 
0.0 0.14860131775250274 0.0 0.0892993490756897 0.0 0.0 0.0 22.45615831672243 
0.21328234257862988 0.0 0.0 0.0879651454178525 0.0 0.0 0.0 22.44901546486166 
0.19501902299542628 0.2559555879024522 0.0 0.14878848959682855 0.0 0.0 0.0 22.414339618053468 
0.17179869229766354 0.11220465899494059 0.0 0.09153159113422582 0.05655235109706247 0.0 0.0 22.43335376865631 
0.2362577246398132 0.0 0.0 0.09153159113422582 0.05655235109706247 0.0 0.0 22.440753183484638 
0.21328234257862988 0.14468208779318203 0.0 0.0908751963739487 0.0 0.0 0.0 22.432608509247867 
8.392756131474499E-4 0.14860131775250274 0.0 0.04733529893988475 0.0 0.0 0.0 22.461941890516414 
0.0035082311974132807 0.0 0.0 0.0 0.13396877012231556 0.0 0.0 22.467789330477345 
0.22840945038313443 0.07430065887625226 0.0 0.0 0.0 0.028312190462870035 0.0 22.452512229788354 
0.2271845835483628 0.0 0.0 0.0 0.13396877012231379 0.0 0.0 22.44115320430777 
0.2271845835483628 0.0 0.0 0.0 0.009351464250647368 0.0 0.0 22.45691061331134 
0.22832553080169404 0.0 0.0 0.02596429931583799 0.0 0.0 0.0 22.455509837658862 
0.22832553080169404 0.0 0.0 0.019529616602543598 0.0 0.0 0.0 22.4559131220106 
0.20986460741822377 0.006995047961478207 0.0 0.0 0.0 0.0 0.0 22.458528605667876 
0.04871793248265277 0.0 0.0 0.0 0.0 0.0 0.0 22.48122492428786 
0.0 0.0 0.0 0.0 0.0 0.21091130499225486 0.0 22.458991043737072 
0.23805716427830603 0.14468208779318203 0.0 0.09153159113422582 0.05655235109706247 0.21280230296432023 0.0 22.399372968460533 
0.0 0.10657173852206192 0.0 0.0 0.0 0.21280230296432023 0.0 22.44799009399164 
0.05604496655799984 0.0 0.0 0.0 0.0 0.053968810464290584 0.0 22.479122004292197 
0.002151818453588916 0.005188458021889275 0.0 0.09153159113422582 0.05655235109706247 0.21280230296432023 0.0 22.448838019844725 
0.2362577246398132 0.0016536924161698607 0.0 0.08984579373381507 0.0 0.21280230296432023 0.0 22.422302284355435 
0.23070768537276898 0.0 0.0 0.0 0.0 0.21280230296432023 0.19492892289361663 22.419170678837652 
0.0 0.18890784214531386 0.0 0.06493442225277768 0.0 0.21280230296432023 0.0 22.42846970173086 
0.2362577246398132 0.26492010453111625 0.0 0.0 0.05655235109706247 0.21280230296432023 0.0 22.397544592887076 
0.21944114892133726 0.00205503603750401 0.0 0.0 0.05539767297509712 0.12606239914260087 0.0 22.438801606389507 
0.10437203802739958 0.19913562664404338 0.0 0.0 0.0 0.12376787868554828 0.0 22.43806002923846 
0.23636704258454522 0.001146029306630325 0.2907125575327658 0.09153159113422582 0.05655235109706247 0.21280230296432023 0.0 22.39109644661527 
0.0 0.0 0.0 0.0 0.0 0.0 0.19574532305958492 22.46199544035853 
0.2362577246398132 0.256029820702377 0.0 0.038701687948345054 0.028276175548530347 0.0 0.10956940083618427 22.412674274390795 
0.1717609961543758 0.0 0.0 0.0 0.0 0.0 0.1920709929807778 22.438442662255255 
0.0 0.006998318209101129 0.0 0.0 0.0 0.0 0.005659691506375353 22.484107250536418 
0.0025465048795005885 0.0 0.284459104702389 0.05532528250035007 0.0 0.0 0.19492892289361663 22.47109505228011 
1.2295459418609767E-5 0.0015661380084335264 0.0 0.0 0.0 0.0 0.0012012708610900091 22.484673292948845 
0.11270130664157207 0.0 0.0 0.0 0.0 0.0 0.036435930468574185 22.469141977783742 
0.017351056517057373 0.006998318209101129 0.0 0.001994179911292804 0.0 0.0 0.005659691506375353 22.483198518705713 
0.0029531565342573174 0.15149744499954743 0.0 0.0 0.05655235109706247 0.0 0.0021476971313418858 22.460153045108097 
0.0 0.0 0.0 0.0 0.0 0.0 0.0 22.48475986153997 
