10.546922593530814 0.10313516589109137 1.227293160646626 0.17604903842265948 0.12206490617209065 0.06843408801810484 0.15438715066066985 0.09955844662996699 0.014893156018837441 0.011227207838218237 
0.9360443527786545 0.20660952357657508 0.324452871211766 0.27052905185405535 1.485420725750833 0.1783061099904044 0.493757319027053 0.028935922010093963 0.12077223991696792 0.02160016046730843 
0.9498781383796508 0.5772220082445199 3.178188448992646 2.2591603323713065 0.21443200364496115 0.24468324422596002 0.529951034110981 0.01684970646167483 0.024642664637417065 0.007312125916836101 
1.0074565070112744 0.01767167019811463 0.11397082287670136 3.354204423123551 0.07142901408895493 0.5920258223992301 0.13396253836738098 0.04442823950051599 0.02117389428954829 0.008491006929575948 
1.1005783851762336 2.4113122090082437 0.35501741749676646 3.483930081181328 0.1040095702669705 0.609503226382239 0.11880033238561223 0.47183671901542146 0.014591366470962585 0.013816888253059403 
0.7240441670713821 1.497978154502878 1.2071037569947616 0.45162488054521027 0.9550142258333902 0.2079229893066583 0.6776333351699625 0.07197629577045853 0.023848332996865028 0.0727267349800446 
1.1015524009413844 0.1111517825977408 0.5077597144246402 5.067117694525008 0.08551085748888437 0.5720425859225454 0.011989635485672136 0.019403104747073217 0.23445235175410542 0.0013226936862028103 
0.7916944972927158 0.052980870233036 0.29476398734259146 0.12613407269885052 5.566926053238409 0.1909226113804203 0.7108481093264776 0.07221964172292482 0.029531406567383647 0.007515207436667972 
0.5219434761987253 0.1546686006426647 0.08730129437439965 0.003892301702405547 0.16087789589452903 0.15381632008499674 0.9670456108666171 0.012262906405090325 0.0092350176834324 0.0018885134639577735 
0.9482672320670956 1.6948856473990475 1.87164136538217 1.2271145899905724 2.2231056365749025 0.21176174039846546 0.3469154636103208 0.13459634133334747 0.14294260709687376 0.01472572990822227 
0.9538439354154108 26.77551343947977 2.570400330410312 2.913867723607891 0.8432167916347785 0.244710280168932 0.288681309220255 0.015917102317006604 0.11653847900484343 0.17483523562282538 
0.830244765931936 4.67858564815707 0.8682666397932863 0.17189876480789754 0.05316153953536844 1.76879458549843 0.6628334509112133 0.15654331387884396 0.14862539057117202 0.005654104128794705 
0.8472594147280695 6.850915379131419 8.098664110079424 0.13088509194050554 2.127767913829868 0.4729298766394718 1.3119952115702231 0.0069974989116185875 0.28051110071509866 2.744764630993905E-5 
0.8420893712214339 3.3140961902682666 1.0774913821346208 2.548076815310446 5.523051968320835 0.36588927953420003 0.05639589924208242 0.10897791102139237 0.025866420962565754 0.013013746577296722 
0.4790298756539968 2.300177807914931 0.10400939798558856 0.24807071426079985 0.14517809003337875 1.1182705954187282 0.9824743748550223 0.01467140944596687 0.0012046922301268347 4.002238553369739E-4 
0.8404729826845472 6.994866525670245 10.156757095465768 1.795412190032379 0.4874014976542654 1.6323274150153266 0.12185316879342954 1.5211550411680181 0.36647218918202573 0.011415643794602063 
0.9773442535900436 9.068380284852617 11.951668588370183 1.9669581487202108 0.16670269221066186 0.2823936699424857 0.06417645023156228 0.07475779167344297 0.11860787737833652 0.4622730652388587 
0.5100588811994102 2.483937490964695 0.13639430701631136 0.29911223164500156 0.15681344741932352 1.1789535901719732 0.8006571092884751 0.6817650627415844 0.016450557629832226 0.02368713542079803 
0.7579331936958179 2.9943465144086168 1.057166625973441 2.4795969223976786 0.17250282319563454 1.8215824306499016 0.8885281225583881 0.1505023199956314 0.16523220551203585 0.10140897854924329 
0.577217443657654 2.5714546976998056 5.108079495973565 0.6869384852325779 0.1719897004041386 0.3233480432721267 0.7085435750943281 0.6385450455742255 0.01961855878422774 0.0022996930129580606 
0.9572087077288256 1.7295553084017716 69.49943064179406 2.2510368747426486 0.10465112966271593 0.4237631130159877 0.15061930342087881 0.028826155035491293 0.029507709907369374 7.367019425575704E-4 
0.5157620346595958 0.33581683885345553 4.914105423370423 0.7782297113431298 1.2050046005643946 1.5018239498769859 0.8527249488361837 0.31405132417802833 0.05418231167092724 0.08411956385248422 
1.0006308188137734 2.023246514144306 13.690635679736523 9.474911597558673 0.0032293167664314234 0.8349232880798292 0.07003234982779023 0.6154253151558431 0.3667366088745208 0.033981223323900925 
0.8287194634592748 0.303468269654427 9.596107066791708 0.6662782540161803 0.002262024224783945 3.259785220336861 0.8387946672045854 0.22705983561019571 0.3746486169463191 0.036601577932537425 
0.7054890747362018 0.013776381092144671 6.058638657961532 3.5433412517497884 0.14485861292421992 3.2323127118344366 0.6353218800304054 0.04401371349225183 0.11745590430619585 0.008626065773828238 
0.34039647811120594 0.6283330741011588 4.358209825460907 2.5168688596256104 0.05106175380691241 0.0507415297643237 1.036739404724905 0.2933841981284799 0.024363303234606674 0.00813448052615335 
1.0971653635803509 1.9630991375839264 5.576016750319012 2.7813543564940173 0.026973622240378175 0.9569913115867531 0.44048581932948233 0.21647555439787186 0.11855786882127153 0.0012308395754271674 
0.5020149878693471 1.4739775291234807 4.39978030999482 1.7585979121417878 1.1532840817556285 3.1588253322434507 0.7762889500201982 0.176806843659861 0.06526491722144151 0.009511447670733386 
0.8076133158958412 5.845950505509306 12.598737069502317 3.201210636850305 0.26709805791170266 0.8298358471061499 0.4092904953615702 1.4851200492425434 0.40571427138464866 0.052979439171525776 
0.9543773252195493 0.448434389626872 0.18157682708436568 50.9306740550456 1.3105333125019414 0.26702650223668506 0.184690284579017 0.15393130178682338 0.06855044156931718 0.029531033540099692 
0.5377272075404822 2.3293717468247195 2.902326754165234 3.01632006584878 1.5877045309718445 1.7533047296605986 0.8643195663173259 0.43120486791259305 0.2542347319948162 0.06464399416901818 
0.8150218522079805 1.3869779182714062 8.84797819549764 9.543922644832008 2.8391057416944836 1.9372778138933038 0.49679174868814757 1.2674122696898231 0.16440445673363888 0.07864218340814304 
0.3072464248748638 1.0870372838922475 1.6607446634172127 2.450468484869305 0.1545797867262017 0.5491666295151159 1.0053615092646813 0.3374719156504604 0.0036713584927460805 0.001627955304418651 
0.15675571950932926 0.04507506277967033 0.9005587682853109 2.366284053797454 1.0186360833559187 0.5586831076802392 1.1726573881849809 0.14745391769027805 0.1500343828068969 1.1298705573402856E-5 
0.5230005258986907 0.3541255735177889 0.979525144383702 2.1434724825895684 0.1146449840861122 0.20123874793643734 1.148724317494139 0.01353230444949737 0.07540965802151071 0.034610241617380084 
0.3035120121212828 1.4308896140809686 1.6481771635956606 2.518605366745404 0.2330842337893925 0.5470988990554883 0.9747733124190999 0.3559874703948347 0.06499969288099458 0.10282258641844907 
0.7778749904418991 3.286700028294055 2.4433088144933577 4.646327173853032 6.36058256443327 0.04308675002609954 0.28378273535081194 1.3731744210896684 0.9307797341960442 0.32126631868987815 
0.16393240016663385 0.07860205703705302 1.0250111608724812 1.1288065670518341 0.09213474296592224 0.4434289905175282 1.0869790959750534 0.014227900955312405 0.008922637573749908 0.005367500718243433 
0.899570902276522 0.3312114041863249 0.3838306976549053 0.6130026109736124 62.63582088837777 0.35654584452628835 0.061523108888408534 0.048776374611647175 0.02227582778939389 0.009901971488167597 
0.5349931505816276 0.5441300759094505 4.245955704288365 6.324314108579059 4.975945394067938 2.512536958850891 0.7512032488330573 0.20997303052349858 0.1691980019934016 0.17086040582180112 
0.7209362783987947 0.248872310030037 1.76392926975901 0.17876423601674668 53.62652884604033 0.2861921619801757 0.36650308715773844 0.04152952556326086 1.2621932698427283 0.006085571790918136 
0.3336371415335245 0.06094218220676024 0.6010418517201784 0.22238443615943193 10.703703966028112 1.4055305016193849 2.4979843386310794 0.2549551811735667 0.032529368309721605 0.00711025816107565 
0.7878844725414569 6.007531223743319 5.546699258680337 38.07180167541467 30.493682572927458 2.493149305846453 0.22546887621352257 0.11665528497487351 0.16438819605513988 0.45428857317481136 
0.1762422956098168 0.05207161992406307 0.6941963931640776 2.081200947238783 2.944584009640387 0.5202308769713776 1.0854680906594971 0.01479130712429359 0.014167230384698744 7.832169385261445E-4 
0.6485006021708755 1.529360615617354 1.071160328746628 0.25515191856534597 2.1629089678365765 0.12689813289641136 0.8556721476042396 0.38591328033440436 0.028744546218251205 0.026330857402724686 
0.6447415689402423 0.6008598934287162 3.1568158893131897 2.1692306800931895 4.703977540796879 0.11951179600235105 0.5684462731872408 0.6191701906866588 0.09058417545819689 0.008794023130190922 
0.4912006859603286 0.3843866008982093 0.8671927305856038 0.8931961582720702 0.8348127448821977 44.952131394361125 0.511231904133525 0.07465623816937372 0.013862755950682117 0.017431100817265267 
0.6938189405844852 0.8442675852048285 1.965264402248333 2.9188077258195966 3.5877037320601413 2.558297521465815 0.7713007132031955 0.0048437866944198195 0.12876921951875886 0.08058936516312587 
0.9238085737569202 0.00648060511532893 0.9153651212225826 0.1898333512006908 0.06475294567677387 3.367351909986486 0.3045554851450365 0.04459619842923062 0.02123800936385893 0.010499172196844753 
0.1582444042553204 0.2723147439382498 0.24037824323782828 0.08493809720868863 0.14705431398050992 1.9953032738292977 1.0712643319698072 0.13810589983145075 0.024606244268701047 0.009820955977613923 
0.7470301894934259 0.05188786709669928 0.00612325549737016 3.901643646585353 0.9457656450238572 3.1817521950129857 0.4775998750625735 0.3379730333455649 0.015581184370215951 0.00728871083960901 
0.5258681944994525 0.1295991171992156 3.7292607158445388 3.554950850824209 6.740553439428894 3.917464892243214 0.8329303776067335 0.4085117664814988 0.17216462378846956 0.02005914566202776 
0.915193367327848 1.7650758024759043 3.789109274054751 0.46332808895435573 0.7954679040283713 3.9871701545878118 0.29722425509300715 0.21087212295257862 0.13536503014443493 0.004047752917398845 
0.2638655673649956 1.6110077624772692 2.2183581726975774 0.6815859766222749 0.0788894565355538 3.4202542625571812 0.8685090896646744 0.6854013663208677 0.2649847301956626 0.026913747064439657 
0.6561306025237628 0.05096380621015564 0.030721521171926613 0.49369408560240635 0.4038446771042415 1.4787079129757816 0.7054214343985346 0.37845921814335587 0.0908493670951282 0.028989949326473235 
0.4851684936403969 0.304615145850898 0.0816809487983593 0.06336946308989735 0.16809204769061104 1.127838565801646 1.069313355025405 0.020907090531612483 0.005494111407768199 0.0032122448491146613 
0.04093368514383065 0.021860056802107283 0.10730000299863009 0.048382963755958665 0.060257483826708695 0.09693366208430594 17.50514496542474 0.034559652157574505 2.0050113447791544E-4 0.002025723408360899 
0.014428287428262741 0.07278925443674554 0.006268617935219255 0.035660224833067106 0.010107582657246171 0.09660484117572296 1.1155222622319099 0.12542096652065282 0.09044724858677325 0.003080060090669888 
0.01414855492521409 0.06427848252259216 0.0019789652428971747 0.06686436960118856 8.724446389457356E-4 0.09655397272264214 1.0298263000486505 0.4069868990953381 0.03787382569715048 0.06643490858575266 
0.3865873402216789 0.3388441610584317 2.363776672245895 0.23890851061660376 1.590521266571733 1.1692540400260887 1.0169939361168239 0.08497240620408592 0.13308001676126935 6.381946285081115E-4 
0.15648575838975998 0.4488406540508037 1.6500441106890227 0.4122052053126773 0.21126981710500234 0.9966302816229017 1.0346224411005842 0.025077033121344825 0.01430844291538147 0.05060226560069507 
0.1581721196376373 1.4903847470279779 0.8213893309704338 0.5874954141364643 0.03170070998171047 0.7260371613620382 1.2626288996259663 0.027924631745200875 0.23409810596890115 0.004807157171573335 
0.5022902839762797 1.5654250614775218 0.43428893677201014 0.26692381581236385 0.2608513662459281 0.1614746982085805 1.0152510431323447 0.028588961567890942 0.12917433321898358 0.03923744535722622 
0.2660480741693264 0.7207183320954366 0.055156367878997956 0.024115829370181814 0.2837573707037463 0.5600517345253201 0.9937688696289858 0.3650059832251217 0.12505631152899413 0.07766936697166582 
0.2967213489288814 1.1430718317855069 2.7195372351320493 0.38188866961140044 0.1585807903813602 0.27833593333566947 0.9874749968528055 0.31695580853141375 0.003400848238178318 0.002080733489657442 
0.024723055772047853 0.02029714176877815 0.03551625634047978 0.10036124925836142 5.94236480943147E-4 0.05062138288282804 0.5374621466484076 6.924890936517468 0.010986147656295868 8.172265535407454E-4 
0.7211977087848576 0.1659471892632138 0.02163051825601058 0.03199450116732051 0.18753705340607355 0.10883807897175406 0.63863797370535 0.7192648879224997 0.018184544762276256 0.0037414626871057548 
0.6250973156265305 1.7543642863522884 0.453978340253934 1.7016714626772294 3.7662297983690878 0.412673107782268 0.7178922779501485 1.1112306672496746 0.16324047226709537 0.008191746172273019 
0.01709391680346771 0.09039460163869077 0.05731173673893651 0.07330810676784645 0.0019914755041153943 0.05583418135989106 0.8674496594208008 1.0791518806275238 0.31171510394200463 0.05477934281147628 
0.014709341067989901 0.04407973438282065 0.015788567418903707 0.006247232131403964 0.013305488024054391 0.03284971019034339 0.8683752058761341 0.706945433571369 0.12141369276093386 0.08724115296267591 
0.5188738411883745 1.2723598445360815 3.1428015864324257 0.23189639215579663 0.05038244632856451 0.7475493394388032 0.7461821722285312 0.6356379027032467 0.016513655623332006 0.04585159805817547 
0.02318381026229726 0.18731235491582454 0.022700613805705372 0.01487869531681448 0.030441106667445716 0.40756378685098854 0.9958006252035849 0.4686389533962525 0.11691667236605005 0.00753744511351138 
0.2183758295982311 1.4742695777115897 1.8126797945929365 0.6484635957571702 0.152634304148318 2.0067849870681096 0.7864340059934526 0.8669807413249607 0.06595574498660098 0.10567209443659208 
0.9054295029738093 1.0993679971206398 0.4880404340731732 0.625743101935188 0.1187105624401265 0.5644318501060063 0.48958051193552604 0.660274546244464 0.0974201344405761 0.05008809812414381 
0.685153848025233 0.25080047430165336 0.02191467924329033 0.03659356466425591 0.1519363877417795 1.4809033958792428 0.6485296008760721 0.6893340863823195 0.23416314351237486 0.0015670452703227438 
5.087611215840084E-17 6.692717157413365E-16 1.5302133986866154E-16 4.3179279494233E-16 6.668060365337909E-18 7.512597111440736E-17 9.656298799191843E-17 2.5048214824807036E-17 1.6624904978184503 3.849728972233046E-6 
0.7883186824577126 0.9109484686985067 5.331070414086036 4.713531399746462 0.9759531887342338 1.8312187178816268 0.5117610465942918 0.7764296645090634 0.512364047258034 0.011661500555405567 
0.9227264361229512 0.2049250814591265 0.32005868054631637 5.204844867166912 1.4802535354523123 0.17676606157337377 0.5706738319569294 0.10275626711452997 0.6229958020632311 0.018098037099664944 
0.4725061789108827 0.17082309750771826 0.015239723418860013 0.23832377303287572 0.1112804021759931 0.941735934160849 0.9601331478455102 0.0740337047413887 0.2578045687608225 0.028305698577246675 
0.5944476246524732 5.311116577147466 0.07845416193740962 0.3040729163127825 0.15448082465930077 0.19912258939333685 1.3816043502856716 0.020131166911353877 0.7155177312267589 0.037108879242808604 
0.8454548758138847 0.037581208786319376 0.8967058932864345 0.9443205110090713 4.006897037454954 0.7298839468848686 0.3472689900153201 0.03843190228719505 0.3407059850463566 0.03575609168480732 
0.7379571546606156 2.02850932048363 3.403495771691398 0.6561459770111729 8.957465712949672 4.054516201769571 0.7337812108781614 0.20692265999268888 0.6159147460090435 0.0052772593371638666 
0.01338915770339758 0.006451750036653086 0.1308578259985637 0.03223701218473881 0.00955269130209132 0.0902921519627752 1.0531994591361238 0.12420339830774539 0.259437551898072 0.0025245421625127557 
0.9769607869177396 0.9340540710712002 0.6260198566514069 0.05970798128745299 0.8533606041656061 0.34375038156810006 0.353551271849669 0.006732386329508391 0.2849547805303575 0.003819043307831725 
0.14824546447970555 0.9373193627567407 0.7249250593937878 3.7497784064935806 0.1300304438201486 0.5874132887680678 1.0183893007147158 0.18664471891237547 0.2916941706011646 0.03648884262708855 
8.369329384900677E-17 5.483732871152209E-16 1.741879523102934E-15 1.0101618406436905E-15 1.1193039556529738E-16 2.0756432981173524E-16 5.424618600968311E-16 2.548097420994411E-16 1.3648739523748593E-17 1.2154521483275629 
0.5134256482636629 0.4441517137544188 2.7314216308800456 3.1236490273538897 0.806147882809522 4.544328051504147 0.6016556144887767 0.45706702160931556 0.14086129389489044 0.15716830716826619 
0.7454085854554207 2.4113688004572174 0.07856542609897822 0.6884872407731669 0.4299891622741698 1.581468837674928 0.755538634092204 0.04100090558019612 0.20243051696674325 0.27116246665889004 
0.897363513425492 5.364546085365706 5.780273329320326 1.2172412102398282 6.598270046884989 0.011482411807761737 0.11916193988344272 0.08455899041684037 0.08776988736053484 0.4403293469576272 
0.2951252973415993 1.8444803418793374 0.13960751593592 0.2331609315829258 0.12671378161732172 0.7210491640699981 1.0679256505105807 0.3090157254455639 0.022570470832145775 0.11815909098071588 
0.2921861896141445 0.3017351381103276 1.1456149990448738 3.3454171198903535 0.25180019410077875 0.6869776114701217 1.0667845567937766 0.3596126842716523 0.014812336402651664 0.11720253521926584 
0.4829567286364907 0.14174817342834908 1.5442873947370965 0.12876341497386815 0.36333122306346505 1.045991077224581 0.9498980125661557 0.07234487952357731 0.011811807035662763 0.07899067837436104 
0.6376025577392825 0.4683225110330732 0.19866943338304527 0.9224903174549072 0.6646459961141351 0.23354315218219807 0.8578622272326762 0.5002970018743256 0.018250539300476723 0.10747152989132237 
0.2940386608753532 0.7051467220341557 0.09218099944587553 0.3354935132747253 0.3243248769266414 0.11325562488956895 0.992359573530442 0.5007514063568876 0.1463758099883333 0.11298226360187213 
