365.72103048607244 0.006530635511317014 3.897895165038138 0.016273978909544812 4.985524822726821 
12.224796807763223 0.07668322633224839 3.893502584478874 0.02493060718794719 4.976294048810509 
2.258868561986906 0.00892973427065703 3.8475893712595974 0.01557330395423457 4.988757424139934 
365.72123317613324 5.953841112151073 3.8459523804395657 0.019820504293855127 4.97872274261382 
2.2613578074368688 0.007245227371328963 3.848382400716526 0.01555163377030043 5.93366832957525 
2.2463900555226046 0.007747828612300059 4.70495100249013 0.021578395204960955 4.977099991989689 
2.320748498199511 0.010563257239143685 3.840819303424348 0.027995089925756615 4.973957481541399 
2.235956811053474 0.015173591154915877 3.9661074552930753 0.01744897151334698 6.163134071116282 
2.1665194114484922 0.017475762218375046 3.9303492247093588 0.014764318199108348 4.988170450747276 
2.298797636161553 0.006319340000742277 3.9006248863804274 0.032731087402959755 5.910563698804921 
2.212387395470642 0.014626020571450123 4.038515673307057 0.02823080025965482 4.9753470511759375 
2.2545154958377953 0.0070266564562707174 6.096858165047375 0.01719990152531703 4.987146872489073 
2.2459384001072515 0.008648554803209063 4.708024823374415 0.014310928815505825 6.521286410513494 
2.199548466851361 0.0150399201066625 3.924210410655238 0.023503473880026965 7.4181927520368065 
2.2308286410925042 0.008527254210581441 4.665546751177329 0.028676297474025534 4.967504236858038 
2.1639356908892866 0.02900934404561923 4.021691968729509 0.029607026097880258 4.977037319545265 
2.2121473696468743 0.015023979258527026 6.694264678757216 0.0331852137136515 4.963849222031551 
2.389305359422429 0.0042405725507105585 9.410277685009868 0.032855097882629435 7.203280296144091 
2.2624712337623594 0.009445500020525636 3.840958933377567 0.06335017182816738 4.942446737803193 
2.12502314307912 0.03567540098598926 4.433358142496784 0.022940350426257652 4.976615975797094 
2.1368843468094174 9.34006409014225 3.975860668376575 0.025114688057579174 4.977612699422114 
2.0504515216744834 0.10022697890567506 5.8153449515161375 0.10354346465818515 4.882791314940901 
2.05435574347724 0.4867585663524913 3.8548457660584208 0.03832261976749281 4.9632993091881445 
2.2108917055145976 0.3974235217874676 6.359656787766482 0.030931460609524765 4.965922672100325 
2.0796270741107286 0.48614161693615177 4.033268275734157 0.05394533619733342 4.946376791743046 
1.9434515730429875 0.3590246385999027 9.071644413156966 0.01645863722427225 4.982536896302902 
2.149644947765442 5.076287546988153 4.271513147928515 0.9226705552465458 4.811674445765868 
1.9765417888542571 5.187146633848594 6.684827288541216 1.3170737113708066 4.864202468128412 
1.930896472552151 0.47980623210125095 6.184758080450402 0.1537043222101842 4.969192676700295 
1.9309606877056769 0.47997409435871197 6.18294140492666 0.16974393534370674 4.9477324274908145 
2.1030360069262346 0.17642472392645606 4.946815443701927 0.1128851378908641 4.882267591335849 
2.1298152501466383 5.075454370693735 4.415971416181826 3.3246248544019386 4.811118289795721 
2.083390505967913 0.08066630563126266 3.854033942631732 0.12236662924915499 4.873154066283222 
2.0340988245018052 0.8805200899983756 3.9049020411927806 1.3173855419226745 4.864364065735248 
2.1541566130333023 0.03854766801688557 3.851219374427475 0.12691768601260428 4.862659787590401 
1.9492091946782133 0.9434418544275077 6.702960402744584 5.3044498046082325 4.837090677170498 
12.764420905557573 0.009077264197743453 81.50741985727178 3.0109767568800567 4.8862514389428044 
2.2234998708702647 0.009301527271768658 140.04839420455386 5.609762129473658 4.966527615489221 
2.24086476780293 0.008961339225211922 1372.1862252298295 0.016867360200767817 4.9821630136533175 
2.1203879070155036 0.03625522656342831 17.284841693673698 0.019673316096591557 10.67557423631646 
2.1533067865927555 0.024343984244853706 9.294153816585396 0.02116701993008132 4.977407810050783 
66.56950524259078 8.584648980903696 1372.1849963851082 0.02223704822804895 4.975744044405071 
2.1433398393687577 0.03548761703936904 8.63558704675029 0.029361350340849874 4.974193708948584 
2.2230293635553138 0.009530342235171853 140.06128968228666 1.16765640442619 4.968080893252441 
2.1509162595490463 0.03022983832755083 6.582917198506459 0.015902443559864254 4.982067714856233 
2.1652174260149653 0.02526441142484858 6.621255743235165 0.035292655605781875 4.962885216825073 
2.0702027113274144 0.07553401142225494 8.615262480475451 0.04298111467194017 4.955983144525924 
2.153147729862992 0.02999623217148776 6.595543676216585 0.01527366794248968 8.14529300871046 
1.9724999266501724 0.35749472862194975 19.792184969876047 0.03647977603521041 4.9628421626147965 
2.1602866660981555 0.029465304542283396 6.2083422836117315 0.06071086621432029 4.976885390544086 
2.126575357600607 0.059278276133551924 6.64861130038747 0.030985191113201804 4.970107408810888 
2.066056363798301 0.07448514435028575 5.81976510461457 0.020679770466070592 4.9798957938697725 
2.288052813922515 0.0055038011943132755 9.125935465446927 0.1850055789180124 8.790971196491899 
2.150840752176402 0.03013143309255276 14.125880224070743 0.39168845048921946 5.043239981880528 
2.251593770500497 0.00798623542339257 3.847498385258561 12.601425442665219 4.883878531552259 
2.163068318985343 0.030879449547186286 4.0807870700573465 0.6387796264504797 4.986656668557984 
2.123595555988243 0.03621965025142698 7.357794625737453 1.0659945950803393 4.974745353381655 
2.1509825389930617 0.03871255012449736 3.84966584596732 2.696699904470104 17.24266665238126 
2.308229567100513 0.005756621041333297 8.990143374002022 1.1990364661835675 6.457580816329337 
2.2239901929505783 0.014739976782945996 3.824254966479881 0.27426657249649905 4.978942052852916 
26.12764614472647 0.009192144917630922 3.844083873239279 11.203395678712297 4.975013873425141 
3.0787043439676784 0.01861893075392059 6.2449949872023405 0.6657242574974757 4.904998619626046 
2.073151302738964 0.07411438686705495 6.620277916331707 1.064999252827756 4.970955127067276 
2.1263103299228874 0.06184613410277749 3.8244358155208795 0.775233339430613 4.98756253767419 
2.1333611443151037 0.04005073739459588 50.92414342787102 5.310733245420635 4.970181758309852 
2.1168421001377875 0.03643580083087567 4.7056318441961515 0.3874216538679672 5.888959501805819 
2.2370054391072727 0.03184969628361249 3.9322677920268854 0.3048086283160021 4.964774845500875 
2.1531354685507793 0.025155107652544247 9.290215081453528 0.5952888921307681 4.976618126700649 
2.0589091166766385 0.07584141148134325 9.690042726830965 0.8690606524737601 4.939979140978361 
2.332040920270545 0.004426997489736072 3.873562907603537 0.016276632418449975 1406.956437039265 
1.970133799687931 0.48291659073407617 5.974494154809562 1.029244840352587 144.12061886921018 
2.2747739462960324 0.005849177537534036 3.9670512865499026 0.055713021805448626 11.001336658184888 
2.110601960005004 0.042023091475744914 3.874466810174096 0.016220587542567312 7.42441079114231 
2.0432025122001733 0.4824331023002758 5.408817193488168 3.331478328038359 144.13632925525843 
2.1243890241955707 0.0357413935412558 4.437809730995776 0.026129751521925305 4.972832679225954 
2.068804928785009 0.07531359095769577 5.131461973254971 0.018916696405870438 4.980638247639401 
2.0732392054960727 0.07330759610287138 3.8944307864915175 0.04110310679977339 4.961294174255868 
2.0585376000769062 0.07455296858821608 4.69905841736424 0.024450498722453133 4.9745591290509275 
2.07315643102908 0.07298945692339216 3.894614677961888 0.050837009939974497 4.94775775776446 
2.058558139622608 0.07519939478282466 4.966415533104368 0.050161102035650065 4.947203285597731 
2.12628254666195 0.06311671590792269 3.8259435658836516 0.023658804219692364 4.983876675116769 
2.06991712684156 0.07548643994668588 3.9934768987255995 0.03563572382516176 4.962552533035966 
2.0925002003951887 0.07854171187371967 3.8231352784379866 0.09474728504945755 4.9882077757435805 
2.054346979357183 0.0789021070668133 6.628996296807176 0.09937968211236083 4.8913438824587825 
2.1775069357014454 0.03421577204848224 6.236350512437133 0.1609716511245521 4.909020951374347 
2.1187890930658257 0.05873842995869569 3.9273941734856406 0.2900475309181453 4.9803410304359685 
2.054800379031382 0.07387052722586054 4.001935873329484 0.014812531050210732 4.984379741372326 
