14.51872075518784 0.1115555244921662 0.12374270286601084 0.14907012682096285 0.0644987401638253 0.005734567337475451 0.040172473717541596 0.3149718309537109 0.7486657393196212 0.025342941460359605 
0.45246415137606294 0.14499908331888783 0.10457218949469319 0.3107295768181112 0.08481609496147073 0.009338695822713919 0.03034492141112986 0.17363559220306418 1.0042169518271005 0.07241238455583203 
0.7671367304125677 0.025778130653400292 0.07912760902614657 0.08932227709140142 0.17471690857061356 0.008185493201087026 0.23051441874873524 0.24108233877571117 0.7455692466271192 0.013598583790019323 
0.5277386121766728 0.00462787215612337 0.005267598724356537 0.04911530198125494 0.01904829361782651 0.004298786314593328 0.04850883119471228 0.22210342647485137 1.0025347132465579 0.0568559879940261 
0.7334450237467487 0.2627120240184744 0.03643563682588486 0.18027820181904794 0.013328864071198236 0.07132672793197961 0.20585837677003727 0.8500368241174826 0.8244508015026127 0.001937673775298957 
0.5144009380333153 0.08645485334834338 0.1294284333275649 0.26646092202378957 0.02068925156724102 0.0014037841326979374 0.07845928116275053 0.38531106394918063 1.076034287915123 0.01127280009138107 
0.46869930035536567 0.0029104134483567464 0.033895411379376045 0.018363947935190583 0.09284039146004043 0.06805446910652073 0.04940864335307695 0.2396032920454146 1.065844176771377 0.044239882746280865 
0.5409638252787474 0.25424241652169394 0.05808605859454153 0.103556218807929 0.02099893481338197 0.015898067536143288 0.08502617578279971 0.1624062617086419 0.9365897378594567 0.007250522150743783 
0.646889687131195 11.67224993551306 0.3983645475906506 0.07892327160495798 0.009608090633488364 0.04571573717245442 0.02701556125473289 1.3232809576011106 0.42432122055027427 0.19008525088650063 
0.4735669562319655 1.024071796026644 0.16926274685444528 0.0866629682669504 0.44270064799441045 0.005194468740060492 0.4931653705152412 0.19791354754145207 1.119319090966897 0.006869287186535897 
0.5546521517082019 0.797342716449525 0.44175151598268386 0.005381772243996541 0.03601089448772403 0.10509994388711281 0.37251430245062794 0.8141645571238516 0.6705157589125372 0.008721110816483357 
0.5465912007786916 1.7541653221195281 1.1124801368324844 0.09145667581783279 0.8503206310678114 0.3469479056147531 0.03516548025440022 0.30977318325200054 0.9602905144885845 0.4134035551036985 
0.45453072915457104 0.3823624542833179 0.025205100825953647 0.313321221361634 0.02526617290501265 0.0059607513836004685 0.05022363786560238 0.18888044632125855 0.9927946439806185 0.0027593889357481562 
0.5565389491095093 0.7241040565040517 0.5751478638645472 0.7288300491738737 0.33037713226502513 0.11058361866066323 0.03368141837848996 0.8332602869982837 0.666267585849786 0.00840051322538831 
0.465249744095407 1.158086979522628 1.9564531352004908 0.5333108534643871 0.2547036208784508 0.0061867887654574105 0.009856247204070858 0.7116600201780875 1.1721349105911785 0.30708379370147953 
0.43274254785562444 0.3356264833414058 0.022310007867411486 0.08421937324454426 0.1544673060382884 0.10901456814168292 0.10919522858916231 0.1996882397641222 1.113965586364289 0.00385370950557059 
0.427608355518337 0.2897422190578419 0.36279196333520447 0.15253424556271253 0.0231829059829913 0.001972610064495514 0.13720930814846913 0.31550828588541857 1.0011985554873961 0.004870202561607322 
0.45571859895636535 0.2052674715069762 1.70983454494973 0.020292095270202985 0.09868204268353754 0.14473985518422414 0.4528567510971534 0.2526453533708958 0.9819739232106311 0.005989296638308594 
0.4427874559479828 0.2522813757240284 1.1673936687539914 0.04056399950319234 0.034837341257511346 0.04143719170656115 0.00123809478273372 0.3668385069692975 1.1674533625044377 0.07463753509234732 
0.4333702099487302 0.04278086331853562 0.7770803541602278 0.2985478986062017 0.020844572325674347 0.0020479720209367284 0.01700837164564483 0.21109546353190473 0.9922011222206178 0.005282540270828924 
0.5018445341303331 0.3859141522600498 0.20203888546565701 0.6225328081501125 0.29513697840962505 0.18266280721691772 0.4647986289008047 0.16990351850983446 0.9922113718899886 0.11564421379949515 
0.4339202077995328 0.2636137119126397 0.008394623701550141 0.33980208658542566 0.011691004028992997 0.021021105831867597 0.04587613450573308 0.15627243937995833 1.0093940473439162 0.006166160673936262 
0.4388943132673211 0.28470581119040816 0.004118004238843894 0.0024196871749284487 0.19777140532821505 0.002444743080490536 0.01715049367319155 0.2647193934208475 1.0309730255906135 0.10536627437184198 
0.43057965517408936 0.22991710653382189 4.872500103900095E-4 0.08429183942593285 0.15687225465041493 0.075132555591874 0.10111323300277548 0.19987068478211534 1.1136316743741548 0.012674907044398585 
0.4421959629586861 0.17863129208225126 0.5230444846555806 13.163325720753807 0.08303998463306145 0.008589515091518835 0.059626855399552633 0.14376685402741912 0.9874576966569805 0.06521653547953817 
0.5124988904499317 0.034698024804912866 0.10130519628506895 1.429773509926729 0.012080566544044853 0.002803232580695765 0.02575293658020365 0.14269850572874623 1.0559064363779525 0.04395978078401662 
0.43534373849973 0.2918807203924677 1.8730927866764113 2.4018672206481395 0.24261623251012382 0.005677638615071467 0.014419316047864223 0.3432480796981086 1.1924124885794207 0.10891104005473672 
0.5655723374957013 0.05388455481914855 0.07836582857930756 2.871362578082122 0.7138585687569181 0.4244142728617247 0.009333964773425327 0.2694332978864091 3.6479439998534815 0.0032781330765083725 
0.4357459280010715 0.12510344716161684 0.22660103123516692 0.9334403343135538 0.005316700899364385 0.11460729639341752 0.008629577075538193 0.28069435389151326 1.124959224126424 0.11466046001504113 
0.41485739018270473 1.8143966627792196 0.009604418522568919 2.84737930023712 0.03318079034374406 4.566049103537656E-6 0.14798167883150937 0.18274569230483492 0.9340856151901021 0.524288196740443 
0.5057646902711083 0.001561940817244406 0.15996737524500867 0.46677214041533344 0.007037102319353726 0.0012612905052040665 0.019584454115204115 0.22099840746940724 1.1058473395542132 0.004670269508057961 
0.43168953318339665 0.5336848377763275 0.01906533943197169 0.6363576195325857 0.011010524621952102 0.002635811418884903 0.16205093140317453 0.2523443463876909 1.006513511860886 0.031584964439001224 
0.35282787192262577 0.7233510015429795 0.5652293267075861 1.064225788124987 0.3177094831898306 0.1378548509392786 0.3315504011301133 0.11907231674926094 1.0682222314153242 0.1320257633653754 
0.4652036591186191 0.1357837943188623 0.3576885486170837 0.46759088709848623 0.008186833701364965 0.028865005980376023 0.04858334239538093 0.3458785616785453 1.103823834200169 0.11206980553553687 
0.4988665401102201 0.03307230018544078 0.061826689202273806 0.4561056198734473 10.775026921104217 3.3717598840545546E-4 0.022571907985997446 0.10078807800290267 1.0176458776350554 0.002884056042609104 
0.4082572703630861 0.09857830376097235 0.7164303556747591 0.4521931896799755 0.5409623347905453 0.06400604599700821 0.06281554403111778 0.17725364964274481 2.723719412168187 0.11377870062803512 
0.4332658126456046 0.12322625399772091 0.07695984236513166 0.2228119985339064 1.4735978096747488 0.049769433949963963 0.079810892996235 0.27912056016527464 1.0840151530186841 0.18395585526625172 
0.4319070987314594 0.1369900376809301 0.018561204117593127 0.0647629662211802 0.5324716838858079 0.0032322239779463613 0.6985841881108431 0.1929060096147521 0.9954602732819732 0.005447890051836345 
0.5787100536857571 0.019342671359043676 0.06447327489658744 0.00165212266657221 0.37621248007473623 0.003687057276546761 0.04099995403488941 0.7874406582682422 0.47318216618896114 0.0045376442654579295 
0.4351472996045884 0.08390073503944011 0.5125318233793874 0.2141035805859116 0.48703306612286407 0.09916632805554812 0.04528381983516604 0.27801579632542417 1.0577663277290226 0.009945353090661902 
0.4444608019390832 0.051210137624959705 0.02713400566110316 0.8577614962929953 0.48227260981737197 0.0011116312521666464 0.058995083938823335 0.25856996359198575 0.9517445498554812 5.940483020718283E-4 
0.4195070703006802 0.07460499071792275 0.05880610199259158 0.08191053339517952 0.24256074672942818 0.0279451408003836 0.13849426605574042 0.21535783580109344 0.9745311453106404 0.024442046605919705 
0.47227990019585164 0.7040535928181434 0.16423367063195837 0.08580202490924636 0.45877410394767615 0.0026810134055005696 0.10888389198213888 0.19794217189892452 1.1193190909668975 0.007034341941038597 
0.4312400849329324 0.13666183908493948 0.11401573009833979 0.1299547216677095 0.0516599938477355 1.5304248594137935 0.01304533616347293 0.3184760646114613 1.0040378811213653 0.047149199691820194 
0.4897309866262666 0.21553734583048798 0.44440690502231955 0.26446689085350833 0.1555278426001483 0.1823303219487653 0.5096199602756459 0.16308454675231066 0.9913494034057871 0.1115164436430819 
0.6073784273452091 1.87794899205574 6.813009492392619 3.6825769774019093 3.7152252321697716 2.47011832553822 1.1168685533875684 0.6458702677477102 0.7824096211776735 0.18470257693301212 
0.3908927926122327 0.044827063866608355 0.030421713912759416 0.6204074603749117 0.25571317330545573 0.25338665025277946 0.1773912806204691 0.22753672492711324 1.055868104626634 0.1288969356720648 
0.5498724394135642 0.7380713846641398 0.4357309083776329 0.001773344433612731 0.07065040027153935 0.2439863108418342 0.02190817409428531 0.8150033087505467 0.6693716288558302 0.004891884284043985 
0.5192655326387915 0.10164667630876094 0.034379812617004804 0.053661307857853086 0.17782641967388882 0.15545376724454946 0.05494600036569441 1.8377644945997118 0.9934057152185631 0.056414047783932574 
0.43276214364804183 0.026916323244863545 0.13862293139161333 0.7771511647173355 0.03940171155013444 0.17719639370910317 0.19939338051056138 0.2271213926905456 1.210059986498676 0.03796857492449844 
0.4369269445479657 0.14934800449027272 0.12514475875698539 0.03706277440749654 0.048615153498377195 0.09806355264365982 0.01757467806233414 0.3169425262850078 1.009212999421143 0.006367569192029932 
0.7939859690331935 0.7178079489197102 0.28224280898675397 0.09847764027863683 0.0510510355233149 0.24097202195100126 0.15056469751679039 0.27289051723136704 0.647740247396188 0.22986247812403418 
0.9264984830775855 0.009037369651471885 0.08149691110817653 0.04303776500761321 0.2212100615158311 0.014048815189689621 15.245936973367682 0.21818082843331968 0.6261780194659209 0.0674672157391578 
0.44885526672886744 0.23598976978132916 0.21193676609705844 0.12015991697716868 0.4713423887943718 0.11139475006067813 1.8730313431865984 0.27453806860795665 0.9649691996152104 0.15011103208424315 
0.42412312355506326 0.024139316251949827 0.7540575569259453 0.10915943613477598 0.022972058493601878 0.001914207576713687 0.7701381670488006 0.19969467716199182 1.0011362212169168 0.0042194040339068135 
0.4453473622958297 0.09422664552794953 0.7754434217307506 0.012326243068296362 0.166090104963178 0.14560012615137732 0.8044945954837569 0.251393000313733 0.9963005234906968 0.008043933158127644 
0.5050819240796035 0.048961263845808636 0.16931935808565582 0.02068558792019964 0.04733433715472513 0.02911911563481421 0.33848340057860465 0.16689074509065113 1.0012936442848284 0.0022374941634825864 
0.4122966456949487 0.0010777984436196012 0.5582428885117864 0.7216643216443279 0.10046969121679548 0.012566444148529159 0.5714986357234421 0.19983510299612736 2.373959065538934 0.0017940703915178089 
0.5531329254418752 0.045593965366313445 0.006877402037224301 0.7151243348071055 0.03610303966972502 0.10536711300136775 0.4005521971465169 1.002328791684116 0.5307663400216631 0.008108779061209341 
0.5647228989890796 0.3102289936010746 0.01723138968729224 0.5681394006428727 0.07798592212646274 0.0026297640291866385 0.4822770796428398 0.21648261506590386 2.655858121712087 0.1150297423277437 
0.4927961171819176 0.16413315344593038 0.20366646396576793 0.7859013222997258 0.29626904846470903 0.10758474140850742 0.4631586139366363 0.16826243381322012 1.0095034656020416 0.0941993478532788 
0.7258952907061349 0.6327690632204911 0.21302044622212946 0.8751244989628858 0.0072441437697185985 0.05825278400578418 0.5172321079766238 0.8643733994393142 0.8218300916506758 0.04814476155916776 
0.6109193256378176 0.10022017823810223 0.10678314861515675 0.13314278418803405 0.02319963798813518 0.004249131898359703 0.059399417076076266 47.31203357296616 0.16487529006052087 0.007941764510188097 
0.5773045338568413 0.07190496721014354 0.041474512359529 0.04066296716028494 0.0014973214164086803 0.013799229208194291 0.012333110616088161 2.5876170662953166 0.4728754484458069 0.004167472924355319 
0.5754581622521574 0.24874526739956584 0.7642041288495691 0.5696920666041704 0.11472333918427226 0.003718943999254516 0.024634164952435814 4.646196123238798 0.6422828970104482 0.06668275469174699 
0.4175131200783799 0.032722896073162575 0.29117280807254703 1.6730158015786845 0.0024897920298963434 0.012933238571817772 0.07355674568728071 5.68882668800094 0.9562882340956294 0.00742093117542458 
0.5442167175001352 0.011734521210349251 0.6215692726138776 0.035434523003076306 0.0014993168206766715 0.003957746616477787 0.011848324446622455 1.2335426082205794 0.5123159203422816 0.003417731634841842 
0.5654580905054101 0.017085294323185462 0.01159288101278683 0.0015200001379219194 0.017028932066716528 0.003794181285140994 0.04028818962147725 0.7956522984337439 0.4713407414426303 0.006964060555608528 
0.3504755529849434 0.3908776132768104 0.06311704054667702 1.4039635802645878 0.19067908435025094 0.2274884736828673 0.3250380119756237 2.9325835263141244 2.1576428921504154 0.1239104125718992 
0.5786311381764373 0.04301469071203379 0.00902974343744624 0.005566187735344708 0.03751794594793901 0.109498299889288 0.3842291894658384 1.0426111190089349 0.5587274657759292 0.008261191440081308 
0.5822639931427496 0.25745189985339595 0.01233194298283829 0.0015575513305492918 0.01725433696944115 0.003724718483662289 0.049253340045407594 0.8117045164020272 0.4601274008726784 0.038651641550420376 
0.682559002945295 0.1863290648359127 0.04180177943117657 0.08312715816972628 0.03432045575534183 0.006332818535231179 0.4128925003600017 0.8527844775686311 0.1298760498594241 0.014813595659223562 
0.46377216216184713 0.012148056583451226 0.0889645813188411 0.00353714908880419 0.006433952095974455 0.007597242881023183 0.018670597441154995 0.17659123967644563 43.424664150569996 0.005212057978040705 
0.40256608956813894 0.426817457894756 0.698411424429398 0.266549533141543 0.07920414310135407 0.05779235296077529 0.05235238650087405 0.45957901440109833 2.1469184842329323 0.006970389507200165 
0.4416373047893533 0.05740218114886567 0.024430481817440536 0.41429661508804855 0.4119037528428326 0.0022474576981256033 0.3174245794023376 0.11100806656801986 2.5505367805908623 0.007319747785070793 
0.40948094975963706 0.06741425225514587 0.734394807324585 0.21896097062146924 0.05887448951465267 0.0617850647987365 0.03901213402709835 0.17384053185018616 2.674359950669041 0.10417487809019647 
0.4401608618347216 0.6221847403157895 0.006827703824008378 0.41313055468884324 0.410794317211792 0.002233566871653551 0.4398383775265981 0.15561983429302587 2.890619606467007 0.007322687286338248 
0.4071046000091243 0.011301749098929751 1.2615421131103923 0.06768549175429608 0.0871277138959987 0.03815043099357793 0.06583213444391675 0.1619682787050601 2.766972037311258 0.024524173951939426 
0.40832131219305867 0.1043436226805586 0.8643290724173218 0.721325996284359 0.028530797027085233 0.09677367654443918 0.019886097714410515 0.2007109549901905 2.3734456522867617 0.003894147594050807 
0.42176796675823625 0.15155757010558 0.13504435365334314 0.08144356888170903 0.15236987448007772 0.00657937032958221 0.008961183101852621 0.27668126442052315 0.9692710431095521 0.005279901689585365 
0.42416853810083516 0.2119962421261074 0.046396878667012975 0.10249619776205844 0.005482096266987566 9.609300230047162E-4 0.08511166837798076 0.23541695271323837 1.0458584020179298 0.0014024239775524351 
0.5051300499952673 0.012794827471963345 0.007592403104919107 0.0015544889129240444 0.01208328170226629 0.003471427274121157 0.02606062243095614 0.1678268776077626 1.0597613672946078 0.0031536832847273025 
7.843421165488661E-17 6.647312541269128E-16 1.1983721156567603E-16 3.473317439399189E-17 1.273391862309526E-16 3.574573982215036E-16 1.0349643177750575E-16 9.985633525719853E-16 1.147172817927385E-15 3.265953291901485 
0.42341431045240824 0.06460095633652503 0.5489255676897631 0.07120618515745895 0.10165518349475568 0.03473252603884734 0.007709101551431816 0.7278050532797525 1.0374550402661222 0.1970165921462584 
0.588292307408484 0.042887754453718556 0.06987856706710782 0.005703155830666223 0.014657313842704585 0.01866380931700397 0.25828174710788465 1.8839323547846034 0.5714028518928854 0.21551738067066317 
0.47401295599596655 0.02015830593750805 0.030045004209797187 0.30054574442803467 0.008241779290832765 0.030693426017130956 0.007570923834697652 0.26079093840651735 1.0583145983226128 0.15284865608623194 
0.5074858457815026 0.10129391783232738 0.13975805052749085 0.0467896030491157 0.05579984180868532 0.015348335927945775 0.3836126436618712 0.1718273172831281 0.9680758953583767 0.15417664849393994 
0.6467632997968443 0.477630883991353 0.30065185409725953 0.4898916033983373 0.5513054500769636 0.6522005280002958 0.3370782667153347 0.13334757711818696 1.1212622262120395 0.5966620028034625 
0.5277400673089744 1.2620451515166917 0.029141886259110978 0.17921718652911123 0.020431288515580976 0.0011654584904553398 0.04942607760218086 0.24657433960291847 0.9820498343393591 0.29239476687702726 
0.43693066769819117 0.2002891946384783 0.049259403174116256 0.4270924896570835 0.4249150822205592 0.12900378942340276 0.10705852406562769 2.079785990901585 0.958327958725821 0.2245066155615961 
0.43199026478200603 0.1507481976598345 0.09834982411288244 0.0019753302738910188 0.19780865756332097 0.0034428680388080275 0.016925445832801658 0.6300135536873562 1.0334131872571672 0.10622637725701183 
0.4152235379586681 0.3502622609584638 0.023918699288961644 1.190627968787428 0.002784207458335046 0.009432113463597597 0.38496492827137024 0.3423048191113881 1.0524624740044934 0.2392452283021941 
