10.50456216562306 0.013892454340628909 0.21552854433342813 6.086575157815479E-8 0.01760321686597408 0.06784706992352688 3.4812423867749496E-18 2.2445062115509094E-4 7.812767055131928E-4 0.0 
0.044616140142765666 0.039938752431078174 0.2955575082608241 0.004978940545369165 0.012500484689340664 0.1717868277265404 3.8078136985324315E-4 1.390704352299234E-4 0.015019473755689813 0.015793856857878177 
0.08251316324068673 7.590241819858029E-5 0.14720803061929896 0.003218970261893363 0.06041624955702955 0.1397061462010816 9.464125918331698E-4 1.3438768874499514E-4 0.002398080853105978 0.08523551484367498 
0.041465665123911796 0.0 0.2727053910298099 8.420769136646869E-5 0.011293383142340975 0.17794695059657614 1.0852119725117115E-8 8.757132681441867E-5 0.0027888056248358906 5.90446300505746E-9 
0.07040131157452996 0.0 0.8894138153078399 2.2923009493488463E-6 7.178781487375512E-9 3.629435303430827E-7 0.00510046502134755 1.0958148750100844E-4 0.0017667363485304826 4.3375459496334385E-5 
0.04641112041464859 0.038395168285350896 0.3150814800859699 8.292278130728969E-9 0.04395601764847783 0.08645949363336715 1.8632662934624017E-4 0.00466026483693283 0.0026941826985535703 1.6864176659161095E-5 
0.02481343021850587 0.014560048342204398 0.27192851473520196 0.01654417447914744 0.02055951999858404 0.06127406513660938 4.667521057167699E-9 1.512157848580926E-4 3.86145070089836E-4 1.5236429065413639E-4 
0.07747362115649903 0.0 0.7110302822223071 0.08142325756800639 0.007834328737914306 0.08498034659286345 4.1924362632691005E-7 0.0029438468746232167 9.011477449767086E-5 2.939283146214632E-9 
0.0385746347607096 0.07832720055931178 0.46985741394360175 0.009100634266119878 0.05181223767571534 0.02086337322785764 4.65421950134625E-9 2.6500016782995983E-5 0.0 1.0720589738700555E-4 
0.026070384903137834 0.01422594899188243 0.551936527431977 0.0 0.028867708294281626 0.022332516904515983 3.355325866799063E-5 9.658470885627555E-6 0.0019682948779514925 7.52873094168281E-5 
1.0540116918425276E-4 38.31785363519186 0.4678992283918276 5.257724120417533E-7 6.453440748545356E-9 5.409492587566297E-7 9.948002572803785E-4 1.0995047194590457E-4 4.6938598522083857E-4 3.198357894842035E-5 
7.108820637488551E-12 0.15205112551882818 0.25509141291490944 0.0058815448244418245 0.016044472109726725 0.14630783987693238 2.328083858449132E-9 1.1117120075089862E-4 0.0022606051903311672 0.04304742564370972 
0.011290201880081037 0.14951920244329608 0.500347326995515 0.009908293064983528 0.012221837106379634 0.018928301884200163 1.2756625939581832E-4 0.003772048016944683 1.98508747022932E-10 0.0 
1.0960470771154926E-7 0.17260741360767676 0.30550103282071533 0.011919696285463048 0.0198736327855351 0.10747351496781375 9.63345189613852E-11 8.198596194607294E-5 6.628529165507346E-4 0.0 
6.414934015534901E-66 0.2736134642649722 0.24551298222304016 4.049845158344997E-8 0.1210741517328276 0.08291874759681561 2.357361197348526E-6 8.664065620264609E-4 0.004801351032223081 0.0 
0.0361229262202279 0.26213713152152973 0.27111313819039295 4.521942487170829E-9 0.03487109171082754 0.1398884340104512 1.400668085590174E-4 0.004567522349900172 7.624963008472128E-4 1.9099600785074895E-5 
9.962765913091292E-8 0.10097915404404058 0.2896538387207343 0.01063971611956028 0.01727101339581617 0.1563099552979474 8.29842448850524E-5 0.0032556119429175967 6.560620585498434E-4 1.7128944963392027E-5 
0.022087783728819387 0.09764726518625874 0.2425478769685984 0.0 0.010507888374694551 0.1841543820773186 0.001372317353865204 0.0 0.0018172999106803916 1.578202198691173E-4 
2.340866352818117E-66 0.1591386750109936 0.8684998286219003 0.009521396451014434 0.01133003712202468 0.13948194791954452 2.42020803023928E-6 0.001368727157445122 0.0010127651255189825 2.9242597384834074E-9 
4.3288660584954016E-67 0.055539077275002686 0.353004749865196 3.3084566586486467E-6 0.026814876655264698 0.09043477591905788 0.0 9.080362589641332E-6 3.328506566424117E-5 3.803014818177813E-9 
3.969057349514454E-16 5.801707988569119E-9 254.3468961333579 1.1488520451878432E-13 2.53636658755265E-6 0.0 1.1112984705815597E-17 5.232936109360285E-7 2.6589231566170996E-7 0.0 
2.500369899667016E-18 5.098367616152621E-10 18.173888122104493 0.1831437164260801 7.900467744544311E-7 0.6264350039713643 2.1348259785160835E-17 1.0448133687019857E-7 0.0010331771635637428 0.547537285958673 
1.897454854919529E-19 2.3826608986876038E-7 0.7553267049278968 0.013297347984669439 0.0 3.8842097552858603E-10 0.0 0.001975828453949223 1.3560832173376905E-4 2.171326835872839E-4 
0.004904239472078593 0.00925165449567302 0.649730529788798 0.011005742362928218 0.013498267953326539 0.02078218053711209 5.392280751876039E-9 2.427828495160447E-5 0.0 1.1734147531999197E-4 
1.2261274934836819E-72 9.582489393279062E-8 0.6073326316025516 0.010071742901413033 0.018349082942688093 4.049592763483791E-10 0.0 5.838728723388828E-4 1.318951961586022E-4 7.215769429008266E-9 
4.3250933386039623E-7 1.8498285435573519E-7 0.6432283453647598 0.009533343964608344 1.263258460296955E-9 0.08712801787478713 1.6600604755964585E-4 1.0749222178551417E-4 0.0014235774611161232 3.199888447345607E-8 
3.736203874336594E-16 4.5489059187550915E-5 0.9407670521140653 0.009266541199628659 0.0121634676567374 0.06553966381331094 9.94057113754945E-4 0.0027605632665052425 8.959889569312233E-4 0.02012922734486081 
9.464846059757122E-4 6.05647155335244E-7 0.6475324230660482 0.017501935217114756 0.013641014546986312 0.04778807880306621 5.109374805633635E-9 2.430257162394036E-5 0.0 5.270005863656618E-5 
0.011542833896433553 0.1535825836366728 2.326093649087671 0.01015913869299569 0.012422538076171552 0.018481593101741186 0.0 0.0037711462081315918 0.0 0.0 
1.8100604174547384E-63 0.0 0.6165626792532615 0.022697094408627282 0.0012766209095282648 0.02176491607083728 6.811146085113457E-17 1.321324246861788E-5 1.4334936210172463E-4 9.589966116094013E-12 
7.0014664857905014E-130 6.132778194035639E-65 5.304595545762367E-63 20.276915236880683 1.4293069457226767E-8 2.0533214901397512E-8 0.0 7.578242825818248E-10 1.1307638164160738E-10 0.0 
1.640131195298899E-9 0.035283532193274826 0.133620671819832 0.12382277545292976 0.001133300401589801 0.0736129286116017 5.592715747273296E-5 0.0032117899228852826 0.014957144665240379 0.07488264204552832 
0.027578338906944028 0.05742647552640056 0.1964173475064668 0.1781148314174791 0.01516933687445329 0.04057684587096686 1.492052062533635E-4 2.546801857061772E-4 0.0011276646639098002 5.4461172175126836E-5 
1.1053634799728273E-8 1.1031270074704287E-7 0.0646482690035967 0.1559834075779295 0.06592650779014451 0.08251455837616267 2.7596312213705373E-9 1.966115962430453E-4 0.0025291871445216863 0.0 
0.014195169766685086 0.019233718465630854 0.12278457893644203 0.18706198323850184 0.0010769578590271364 0.09017213342349518 5.342534815435141E-5 0.007573227129480751 0.014540021827208248 0.030774160136053906 
1.3725212031653646E-15 1.1584092681520625E-4 0.10804838543982923 0.06933023162427754 0.010338573219284927 0.07421168380765789 1.2269400063658566E-4 0.0029406059061167856 1.6554876684657282E-7 7.408828680762114E-5 
5.395812474794684E-8 1.5184129100373363E-7 0.04667196877346825 0.10036222022310701 0.009100349373647492 0.19237005703051802 2.7203092894845768E-9 1.1467268016053108E-14 0.001052604306026776 2.2085879507471016E-4 
6.972318316099558E-8 9.172953144822491E-8 0.21981625224993978 0.06182812994354376 0.013275460216783998 0.0781044444674864 2.428215674267119E-9 1.542541468554521E-7 0.0010528113148054528 0.001045522126441811 
0.012531651142611804 0.007318268778365243 0.15412463602746337 0.06582615289764632 0.001053593342970384 0.09087642856058048 1.2516429813420158E-4 0.001916319078659231 8.309503786760582E-4 0.0 
6.7765074679945606E-18 8.394488379859577E-19 8.969523606771841E-5 4.2369178487572894E-10 21.56684688841948 8.954550189790767E-10 2.0764083179235643E-9 0.0 4.142844469834514E-11 0.0 
4.8005261945067165E-73 6.109283452638481E-8 0.38686256505787575 0.03128060074380876 0.09964758950371957 2.5685087333263153E-10 0.0 0.0011301675958206006 1.2168481960314365E-5 0.07914874191878413 
0.002327000269073966 0.016725633740217478 0.22568601570913377 0.0035298534497829755 0.06837944487745766 0.0633761924971711 4.210579979047898E-9 0.004709891184421463 3.8999554675593166E-7 2.1575802639798886E-8 
0.020352177471401535 0.00908290720901746 0.24997222513132103 0.004079835342609794 0.062169014583765524 0.0629248160852227 2.1285186252467035E-8 8.60873606563107E-4 0.0 1.7854832775581985E-4 
1.785570426211195E-66 0.037032858668561486 0.37772361425777573 0.0075095270991150185 0.03852597694634807 0.021520561396769215 3.382657469142623E-4 2.2127087574114627E-4 5.243666247113581E-5 8.310407905797146E-5 
2.860982421364483E-12 0.09353565704446573 0.14720803061929896 0.003218970261893363 0.06415287696464068 0.13982235601568077 7.181109364534309E-4 1.1665975481385559E-4 0.002401778301978255 0.04254965904839191 
1.0262552649787321E-66 0.1225664961650709 0.6330243950407278 0.08534581696492707 0.11691438059550432 0.01775733513037105 7.144721628261635E-7 0.005104814548731651 8.247801212251266E-4 0.0 
1.0159996603445099E-65 1.6731461967165155E-64 0.06145933050922278 0.025436709355300367 0.04408517771998624 0.17249290462755526 2.750786250811567E-9 2.834177233157042E-4 2.9381102157940644E-5 0.0 
0.010394723927514556 0.0 0.20483649649892544 0.005463111820436465 0.03536425621228522 0.12023800169443241 2.276405361733045E-4 1.0619254300418879E-4 0.0038553144776502742 0.0 
4.5708412971298565E-7 1.528400718190165E-10 0.21646180594585548 0.0035139945195791452 0.03415440322750799 0.14920895235015325 2.5114902155468286E-9 3.1126536162339304E-4 5.285467659982485E-4 0.0 
1.9802381237058613E-70 4.424075348141602E-70 7.526384228882786E-64 8.813479947684015E-67 7.917828643090365E-66 82.86187809885472 0.0 5.003651819919246E-12 1.0839969417982364E-10 0.0 
0.0036823472915494134 0.0018496196724314148 0.0753349697830191 0.032036222319763566 0.013612116696014403 0.18171608093288136 1.6357072994933663E-4 9.63423765422695E-4 3.682180099535369E-4 0.03719845412909808 
0.0026174330303003622 0.0015685651184953078 0.02551423366781794 0.053565909253034616 0.0010996956398863708 0.46745515073377286 9.621118649254003E-5 0.0 0.0011367036406852342 0.020121922095105015 
9.253496015865361E-129 9.289048742280281E-64 0.271339669888841 0.004930338904524546 0.007484066151194813 0.16794982236653164 7.000609698416828E-7 0.002796647511646089 0.002068125150635012 0.0 
3.011423871352228E-64 9.860239961293137E-65 0.2868629676322777 0.010788691185410242 0.0010750527140040713 0.1279503189054703 2.981990494782476E-7 1.0837613505398786E-5 9.452428108271591E-4 0.0 
4.157571935440797E-64 1.4032800543573707E-64 0.39622550523636196 2.3893980236937594E-7 0.0010750527140040713 0.1279503189054703 2.981990494782476E-7 1.0585242139184028E-5 9.440380649138527E-4 0.0 
0.013991769731541266 0.0 0.22392435659094276 2.3532579481315105E-4 0.031434365515152336 0.17725727245481934 7.331207983411171E-10 4.362213251051794E-4 0.001998277309642384 0.0 
3.9915247064730224E-8 5.277827208170405E-8 0.09388586857007176 0.042684079757176314 0.00934641887468548 0.18451593826533733 2.489952760129947E-9 1.7044558950180218E-7 0.0010518916483616245 2.2403849497745144E-4 
4.2925205761108017E-7 1.435227721968824E-10 0.24243153249428256 0.003501420224585396 0.03418088975555938 0.14906678288342173 4.221718802130493E-9 3.112517855747311E-4 5.294077400207487E-4 3.6815709919127674E-5 
5.089043553365971E-129 6.60024968412246E-64 0.12955512974127648 0.001964546585904549 0.04338221347820081 0.1846739367462622 1.438978445014017E-6 0.0030430568732861384 0.0 0.0 
5.223271696229275E-147 5.656502000812381E-82 1.0134568595511505E-75 1.1876753655249997E-69 1.858875958831876E-66 6.369232673567182E-66 1.8963033864987338 5.776835820427903E-15 0.0 0.0 
0.022855449901219346 0.04375717967276578 0.3557049922656977 0.025079839587940737 0.0012519534656356295 0.12636402091013346 2.3521710818276523E-4 0.0035661088745459818 1.5083863339811727E-10 0.09567488527829285 
5.555577525380269E-7 2.3023225863717013E-6 0.3551731466875413 0.005197130109768324 0.02667341888248303 0.06033150566710801 0.0014774433120628523 1.1422856504378336E-4 6.991211642713547E-4 5.657796836588087E-4 
4.147013791556027E-15 2.2449733691969152E-4 0.2526934389877178 0.009692163475516536 0.012338356253086293 0.0652901020241106 0.0010141083753292192 0.0027832217694514173 8.8720733054616E-4 5.25984117280669E-5 
1.7302483623547314E-16 4.4657066875017435E-5 0.16527797960435975 0.005320830651469286 0.012825358040433624 0.17877411228191556 0.001050318442932138 0.005560362376852463 0.001241014132787652 0.020113604913038666 
2.662820425614672E-8 0.08394159248796246 0.13017699066145427 0.002926737006231882 0.054777573688422794 0.12671010622612958 8.650330209278299E-4 0.0038279121325976435 0.002179744038575627 0.09165923886865406 
9.48436747859725E-16 3.0187432788604807E-5 0.36258582651580024 0.006144565240650411 0.011143675483025636 0.05835218169465076 2.1758337999070013E-4 8.246078523324718E-4 3.8576977828960247E-4 5.748702746543816E-6 
7.770481244558951E-66 1.4275661119361333E-64 0.04891524118071053 0.03017892132179656 0.0429054717663959 0.17649276363417463 7.118990606901111E-4 0.002807334220048144 1.137749751622428E-5 8.344084628141617E-5 
4.636192885807668E-7 7.893046629920437E-7 0.12792526829864106 0.05097733411920599 0.023581645735741605 0.08910216933276806 3.724036992138367E-4 1.0700680506546549E-4 8.374384052644262E-4 1.7190299049075607E-4 
8.178544671142761E-7 0.0 0.3073201462036477 5.861099278879327E-7 0.014987401891466771 0.01195422859144205 3.457774652298872E-4 2.4893787549680417 0.0018000408820688272 0.0 
2.5764039623718367E-18 2.0742342906055509E-7 0.10405073362484014 0.07460845211626296 0.011164137039131904 0.07571185955327267 1.1311908742512276E-4 0.006835640623325889 0.0016130410415598209 4.355570710081166E-5 
7.730631965087081E-10 3.8476046129861204E-5 0.30632718338265263 0.009488123159768857 0.027358114997667556 0.07449839477029416 1.3052965358667102E-6 0.002825149317494754 7.424852533755109E-5 0.021057221990805806 
0.010415864112277566 0.048871540984601926 0.1885549167352193 2.427252351434482E-8 0.02917155312966395 0.19013551265043335 1.4056111775824585E-4 0.0033329822517904908 6.451203194041198E-4 6.537972851289074E-6 
0.022825369434229983 0.05909002593260687 0.3299876224707777 0.0168584092938334 6.689333988188988E-4 0.12693197701385087 1.7671683536510122E-4 0.0035560778161916663 2.5869166719627804E-10 0.0 
1.2174400538056072E-72 9.624525622100613E-8 0.6080202502714527 0.06012547579574537 0.015971832856216856 2.5413440914087877E-10 0.0 0.0011638077921409284 1.299431963598434E-4 0.0791418560154559 
0.027802274590164114 0.01204757016575333 0.7534733493012432 1.786648350456232E-8 1.0097661646539293E-10 0.13683415249502973 3.235836955007023E-5 2.7458307290759046E-4 0.001200272633863072 1.294413989114996E-4 
1.0521997412641518E-65 1.6731461967165155E-64 0.058648731679113976 0.03746570993858266 0.044290948313836585 0.17249290462755526 2.750786250811567E-9 2.833771742652044E-4 3.280321359300167E-5 0.0 
0.026553490675116108 1.1491926066704463E-5 0.07799732727879147 0.046828323259687825 0.014189222615777776 0.194942696784771 2.0840017393137852E-4 8.324757025926973E-5 0.0 1.352881427806427E-4 
1.1065021869823866E-7 5.084636522828284E-8 0.40841293190185357 0.009481726488834595 8.882466481163608E-4 0.07192028555595277 3.121632694620264E-8 9.22753542545387E-5 2.9975276343197283E-4 1.0387953326119298E-8 
1.403535208773298E-66 1.7868623381999966E-64 0.06061070160218119 0.002109807533122177 0.01879753274361383 0.09778759865284131 0.001042474647897591 2.6904666855908814E-6 8.115767374034979 5.583000425349631E-5 
1.297349786359351E-66 0.06330345511495633 0.24737240668163638 0.010617673040755194 0.006605430304501807 0.08231555964315768 2.3207899399427433E-6 6.321140635117322E-4 0.015398989979217983 0.008431380791554238 
6.816793050274843E-16 6.387039212881608E-5 0.34252348356608087 0.006011034196492908 0.008709141369293565 0.05557788353730911 0.0022447517224255613 0.002038579486288949 0.01366658983876419 1.3498361176237533E-8 
0.04184686269836477 0.046626291869685726 0.3079717281700746 0.011896121553997418 0.001056718890678501 0.0901434229494418 5.317806761100912E-5 0.007683396478367691 0.014540021827208248 0.040253697312312535 
7.419487681590987E-66 2.0448310256242856E-64 0.05151039932328072 0.030367117189619233 0.04444579962992419 0.16301305382716647 2.6929009431820696E-9 0.002563807587909044 0.008510535559324331 0.0 
6.584115726306691E-16 4.182454127079729E-5 1.066512027063425 0.006735781483303935 0.01039988031631944 0.05688317168240197 4.4288755360443437E-4 0.006519833803614351 0.010348191157145002 0.01720270231317604 
3.4695033235920177E-72 4.39917503322943E-7 0.435151016692202 6.281541254371787E-7 0.009315210791544572 0.07124577538064167 1.4715061787152857E-4 2.7279015707443677E-9 0.0038493895944824563 9.482849704451393E-9 
1.2264542306259875E-8 6.139540238415607E-8 0.08610673837461795 0.04956006440260821 0.03796205636312377 0.11200839766541636 4.340142240791898E-9 0.007841169473580444 0.009307612803232989 4.5510150019650554E-5 
0.004204474631114071 0.041469875759418455 0.07739128611477601 0.129651321242776 0.11515405744962874 0.07949407793119923 7.857530128609413E-7 8.455303476420805E-4 0.01588281508672734 0.0 
0.03958902015687982 0.2583913746130348 0.2981905865233057 1.7172976428230072E-10 0.043765589841399236 0.08190760188890206 3.4568567127043587E-4 0.007841198298308708 0.01587548947546161 2.6793030847135724E-5 
3.8579996875731365E-74 1.7903377080328987E-72 2.813658444590792E-66 1.467676306189393E-66 7.065374282960981E-69 5.758712992979107E-66 2.0642749676782155E-68 3.378373415377785E-68 3.790814304583181E-71 13.089136083269413 
2.1498815283040515E-9 0.5670791511011775 8.812411453765288 0.08087078127629486 7.900467744544311E-7 0.6263873745717213 2.1348097499637113E-17 1.1186454007657869E-7 0.0010329485415195053 0.28612793030378153 
0.022565563744062992 0.017265497572843607 0.3529530138157436 0.0 0.007028947495498397 0.19063076894046152 4.155954303748582E-5 2.1917930944638762E-7 0.0015132140126187536 0.015121679899425396 
0.010171671454098573 0.02535867941403691 0.12074696814649533 0.06847928340763973 0.02041703174564087 0.1012489126636628 3.058814112125626E-5 9.211316623508545E-6 0.004681322954888344 3.251676971815934E-4 
5.630321190238191E-20 2.1794307906712099E-7 0.33670154671317126 0.00808263406767491 0.009444692671121599 0.07276624462366103 3.2268483463660985E-8 1.6325299035350814E-7 1.287093268426744E-4 2.8033380867744732E-9 
1.2020136466773008E-63 0.0 0.4083882337479298 0.023186405964698616 0.03122942010265139 0.02293357401069837 6.811146085113457E-17 9.76373115264033E-6 1.4328026774791897E-4 1.3321537605573476E-11 
1.0766856492604435E-20 0.0 0.685826699763314 0.03859290660372196 0.0014562613577406031 0.0218895931993834 6.895293348651976E-17 0.0 1.389936885508754E-4 9.589966116094013E-12 
0.05342152581894993 0.1436950506219372 2.3839290495645744 0.0972640807208911 0.11841249476747798 0.02033178501486333 0.0 1.1344619823352286E-4 3.3043238784907656E-4 1.13104651185941E-12 
0.03988806206183634 0.03888324623905541 1.8193810117315812 0.006947606266679832 0.025768067191342323 0.07972152422387993 6.129068500760172E-6 2.1341315495103954E-5 9.673049544559733E-5 0.1118479127845365 
