0.15114236037719664 0.0 0.0 0.0 36.04719181241689 
0.2838820850795507 0.15680162789901786 0.09629515860005355 0.0 36.0276565013944 
0.09045211351569549 0.0 0.0 0.0 36.0512033204329 
0.2838820850795507 0.0 0.005614192497830572 0.0 36.04007139141136 
0.2838820850795507 0.0 0.09629515860005355 0.0 36.02918185758304 
0.2838820850795507 0.07940583088033293 0.09629515860005355 0.0 36.02800696272188 
0.2838820850795507 0.15842224198527788 0.0 0.0 36.02888193889651 
0.15114236037719664 0.1515607954891678 0.0 0.0 36.03581533885625 
0.0 0.15781695428518816 0.0 0.0 36.03642102909831 
0.0 0.1382090749764302 0.0 0.0 36.042317536731424 
4.036015610608956E-6 0.08589784623718444 0.0 0.0 36.045978999441616 
0.0 0.024626608393372607 0.0 0.0 36.05108442331132 
4.033022594995828E-6 0.0776783489167272 0.006682342199024305 0.0 36.0457200100942 
4.033022594995828E-6 0.04298588178973972 0.011961524493059983 0.0 36.04885624107126 
0.0 0.15778556640353614 0.09283545055932052 0.0 36.03625415830257 
8.371204202006766E-5 0.15778556640353614 0.09629515860005355 0.0 36.03582385847736 
0.014880933327095391 0.04298588178973972 0.02158922361943283 0.0 36.04654891750367 
0.0 0.15781695428518816 0.09619041138556383 0.0 36.0274151980138 
0.0 0.0 0.15300381485797843 0.0 36.03971935854105 
0.014880933327095391 0.0 0.1450866782500384 0.0 36.03931090742606 
0.014880933327095391 0.0 0.09619041138556383 0.0 36.04598694017892 
0.0 0.0 0.0017463045819710032 0.0 36.05027831567013 
0.014880933327095391 0.0 0.02158922361943283 0.0 36.04819832936587 
4.033022594995828E-6 0.085971763579483 0.1450866782500384 0.0 36.03669290644451 
0.15091732006554892 0.0 0.1450866782500384 0.0 36.03135271636528 
0.15091732006554892 0.002182510599666898 0.12639842128810486 0.0 36.03421093412185 
0.014880933327095391 0.15682224680971046 0.1450866782500384 0.0 36.033444741601045 
4.033022594995828E-6 6.835641944036297E-4 0.1450866782500384 0.0696189216026859 36.03952252678054 
0.0 0.042659360660699974 0.15300381485797843 0.0 36.038749823889354 
0.0 0.15781695428518816 0.14453210712472142 0.005585739113495691 36.02073385838614 
0.15091732006554892 0.0 0.09629515860005355 0.0 36.03443257133217 
0.0015348544785567242 6.855725497132426E-4 0.09629515860005355 0.0696189216026859 36.0417251708946 
4.033022594995828E-6 0.08502473131867916 0.05290579872439949 0.0 36.044779599795504 
0.014880933327095391 0.15682224680971046 0.0962365297486798 0.0 36.0361182083928 
0.15091732006554892 0.15682224680971046 0.0 0.0 36.031385403852724 
0.1505599180870476 0.15682224680971046 0.09619041138556383 0.0 36.02839907021539 
0.0 0.0 0.0 0.0 36.05268020977321 
0.14730889890157428 0.15682224680971046 0.006682342199024305 0.0 36.03295657176904 
0.15091732006554892 0.15778556640353614 0.04493116389873819 0.0 36.02994988145737 
0.15090545984392278 0.1577603893502868 0.09706926631761092 0.0 36.0265519261718 
0.15091732006554892 0.15778556640353614 0.09629515860005355 0.0 36.02334413808472 
