6.591943639139625 10.090491359749812 7.1275050716887955 14.093130818538391 4.1528277203997614 1.0948815293000742 12.327289132989181 9.896673779218453 
6.230473124230768 10.094531145988874 7.186135244939462 14.187652866328111 4.187997280261976 1.2872777606023877 12.386644795750655 9.814791094163411 
6.385924098477872 10.153657729116143 7.0640715567994565 13.994268774224908 4.152342541283957 1.1555004249089984 12.39930607245405 9.871999646204918 
6.290831637799548 10.141319645544028 7.1923788344373225 14.16388974433578 4.212438938162792 1.1433865654499624 12.237485680037699 9.939316715994103 
6.253562372002306 10.037352861004633 7.132311211384298 14.160041639898985 4.15924256317354 1.1374273338564254 12.416231921569738 9.845084557384643 
6.28273195809073 10.142201983419104 7.213602582246419 14.238301691059286 4.227574543867208 1.2126205002609667 12.461102552156335 9.736874483618339 
6.218315474944699 10.140432110798255 7.05912339982369 14.047220030893335 4.193647931816925 1.086452262109669 12.412611480450988 9.858279621047677 
6.196231650566179 10.12420510290152 7.117423424218011 14.067393389839529 4.110188028174471 1.1478770754069485 12.391991724872174 9.85724567460192 
6.210388614573337 10.048574032817045 7.075391724920023 14.123912170741608 4.2760214808790655 1.2391905595583201 12.435668561016852 9.80112930905038 
6.198392131154284 10.073054758645307 7.209036306872723 14.08807215153138 4.331229826866094 1.27295060832194 12.386821876370405 9.778636004436093 
6.192990955667296 10.044299289826842 7.085959938909368 14.149282685128325 4.207984627170856 1.1832567110660903 12.342908065590848 9.866415640209956 
6.197398582308461 10.207270244762228 7.254881888286836 14.23783700481922 4.146755307105781 1.2064853162645475 12.464698534513936 9.81255335346402 
6.146151662709189 10.512867884652215 7.099526556886436 14.096369842696413 4.10103163848722 1.0698158474692563 12.403366106291298 9.91461551443161 
6.247387826317644 10.218585822218515 7.254509276512407 14.19021930857571 4.164025673707989 1.1945465975165097 12.460894600923023 9.80709125745893 
6.093217215333037 10.353604837775194 7.082009689159897 14.064635484444164 4.180081961439463 1.0923556454778565 12.300849478171939 9.901102697480432 
6.022991587208835 10.311499722450993 7.0165449912076 14.08482914720059 4.334555158039778 1.193227165301297 12.429038850497799 9.962087858390426 
6.114196569608945 10.207563170066697 7.148837883455104 14.213604514666326 4.203637131899686 1.151571202908967 12.344350993517319 9.871571507790176 
6.192482935990921 10.217983165233926 7.148640014719834 14.16599635207884 4.179132323263747 1.171123067887361 12.450494658853534 9.790317597154553 
6.2336102218346445 10.210026355198787 7.139630730974355 14.143105722141597 4.119550061237417 1.1197556781161806 12.372103460635888 9.880426799408845 
6.190644279307068 10.191768127217438 7.152575720216855 14.009465476331867 4.170794654861095 1.1021005743656271 12.336331468060061 9.902673322418387 
6.043752740251855 10.172217132529449 7.1255994744265045 14.155586595319017 4.122790315923609 1.2130003628802886 12.36055789129744 9.84419137061067 
6.124820381371763 10.154678239144815 7.086338165260573 14.019972001721934 4.156713074883188 1.093130053962197 12.33824655515974 9.891954779195366 
6.056349626304847 10.202863442136332 7.067946772941768 14.172225123295945 4.299536333320294 1.256899513864688 12.324428130835512 9.919110256619076 
6.057563892770002 10.223262506617004 7.035533326084507 14.222821976397968 4.286427590418922 1.2781455222246567 12.400607700889388 9.938541556553904 
6.123014622864083 10.037527200493837 7.335957653706015 14.047548820156836 4.168215368820397 1.1602238422562892 12.26273453523386 9.886361593769923 
6.133271002335143 10.10056496510609 7.3090497760241675 14.241544644024765 4.183835361660086 1.1908523854313169 12.2977737565319 9.841895372085032 
6.179996257781013 10.063637752162581 7.324432930763234 14.097124611702686 4.295699156332077 1.2445265663437064 12.41322989259939 9.77408391652009 
6.280445253888875 10.054053849392188 7.300963426158028 14.092243382443796 4.197883166386374 1.1391679902615395 12.239161436822535 9.926044381680551 
6.123154626399218 10.073675520058394 7.267018517317925 14.067398001264808 4.125712520675552 1.1298253038446426 12.429920802723148 9.82629282030782 
6.210223002639627 10.085732034807224 7.338922532048249 14.18489641491991 4.409206893079023 1.2952487236375707 12.49431894000513 9.70346039433058 
6.087639630156955 10.060038946214027 7.219409938249807 14.164016519605463 4.199474256160221 1.2016924884204079 12.32863392742912 9.83661042059499 
6.117008962608053 10.089816840450458 7.220599883528348 14.150964430427281 4.228794467465591 1.1748513834256658 12.224054541505614 9.886647527852467 
6.200871228209667 10.051297560399469 7.23544460066338 14.185898600120353 4.173874920401847 1.1293658218334408 12.374301595429818 9.853955315738963 
6.018750520250509 10.085677909880028 7.1919816659617535 14.0532328824566 4.259429283609741 1.1778673136414806 12.233929023274603 9.88587272654695 
6.083733625570105 10.046268824549408 7.205954398410278 14.113775956766409 4.119457578945534 1.2069818187951118 12.41742190715891 9.86755633412529 
6.211484616456006 10.11997261960919 7.2341561143812125 14.172068055073266 4.230404609034468 1.2037585608167356 12.42317446481708 9.781531799539385 
6.109729942422668 10.12883279661341 7.122469498486265 14.463792282104642 4.170831397465834 1.130717490416107 12.309089593672068 9.919247395413656 
6.062923985583882 10.201719765818819 7.267937167135289 14.63134335384919 4.346029277714555 1.247663310700281 12.47981248465796 9.673796221248578 
6.010814786838618 10.060055071465081 7.1127276390094885 14.381313405308902 4.378743322473073 1.1770887334864792 12.34000666449538 9.869731398115354 
6.086065747680878 10.089470647986602 7.185261151043964 14.33933413135514 4.257490312820149 1.175886944631571 12.363179841349664 9.878626704184029 
6.0234481011995955 10.104160558034078 7.171052846246453 14.473607467544662 4.5320638861790306 1.2710895368403516 12.504685032204346 9.669478547510428 
6.157484403991302 10.046635403329448 7.089772644995342 14.240765358220509 4.2439811734281525 1.1829152478565936 12.43616748314854 9.820330003911799 
6.227654447822544 10.035093621954033 7.186746702458414 14.238120244560848 4.1761392688451675 1.1323084046679461 12.382351849658392 9.858219957030235 
6.013825147975187 10.032612068996611 7.161882099224318 14.205524291922007 4.194320476427134 1.0626627942822535 12.374896094811131 9.90719586151878 
6.0511141752736375 10.07542635311955 7.056845686230838 14.234442673968928 4.18763596858329 1.2137951385786405 12.439372172859553 9.847204538667109 
6.192144511878126 10.114538752094727 7.214688294541237 14.262007078074035 4.336139407688041 1.2607782359391568 12.426400434197433 9.680153525332603 
6.0607614313588565 10.161300294787537 7.210007285662186 14.201823087924089 4.180775845817789 1.2710694137516134 12.291108030971406 9.855304189842744 
6.17188761874779 10.043871574833583 7.035443940196717 14.22345692491712 4.194119538553324 1.1486865908175437 12.30768931271624 9.903570116728169 
6.048364676276269 10.095716060786057 7.153422702824158 14.137979479600434 4.503699688838693 1.2740766689997987 12.449886059724673 9.660637713172624 
6.186244277724021 10.14519694377397 7.23719201291362 14.229930436984443 4.336241963126451 1.2702412902263807 12.427103959953378 9.681440998693976 
6.058808900951245 10.048556290154075 7.096825158998095 14.18274119228133 4.384846357860588 1.2522075017701384 12.281094895770272 9.857336485362337 
6.137242204704738 10.115931325329829 7.182589030224162 14.163109633589345 4.371852488125636 1.2272124073130422 12.454184166166417 9.744385269593225 
6.025196955782115 10.04352328260939 7.1759351982701105 14.06950335723976 4.281095189913361 1.1101183328123732 12.42243930101313 9.847785741841225 
6.050045498233918 10.076200860969388 7.0650509153849494 14.073654836150451 4.348658956305184 1.270568665319256 12.438530471719703 9.946258035463655 
6.140073825706486 10.046208395328641 7.090239869464828 14.148576441982437 4.277632713617599 1.281265664205815 12.450282926922482 9.803243293143366 
6.112776671761383 10.072588327534639 7.153643993066669 14.080922887640721 4.267977083951843 1.2732626789691608 12.454714520365902 9.828487724753323 
6.063327896624791 10.0890858622934 7.11416390512591 14.12414730714477 4.230429110844596 1.2502091585545039 12.374571229146364 9.847589165603182 
6.086434742016999 10.073828125919157 7.192695336019713 14.16469845712893 4.204614962112195 1.217768850255178 12.326704211611446 9.83969478354901 
6.155007367581751 10.176691901712859 7.212003833651067 14.019748731870228 4.1392911716295995 1.1453499650490264 12.438515653952264 9.89294180386123 
6.140189064025032 10.076415427770671 7.1773502903353545 14.135989708413337 4.1472597041882215 1.2097688029739135 12.388878307526179 9.863403678506995 
6.05626865648619 10.04442768794022 7.205272892861501 14.150722960564087 4.195203236735433 1.5969645295086496 12.345310432813827 9.85519358792692 
6.166974739253949 10.155122217412007 7.120872691466768 14.14733359384008 4.23597259702333 1.3698517388724674 12.289671064242203 9.849631987366779 
6.0541787922114585 10.027048374464702 7.127368574576097 14.063722245732063 4.2904515152717835 1.405943114230848 12.217536564199339 9.924102136831339 
6.055353035333372 10.019975027379175 7.080411082188865 14.045939834174545 4.168609628236951 1.3746532170629557 12.29284281581563 9.949310864024747 
6.118920930998931 10.0874734155414 7.086121000142546 14.098220427907115 4.298785189639681 1.378059921387841 12.305021131472497 9.85194740036976 
6.047274624120276 10.063446490109593 7.10528708980352 14.05204625068171 4.26320299949154 1.3020035209919731 12.255044510932445 9.892415179785326 
6.071776100130175 10.062995909177562 7.055511681074451 14.303665072605883 4.2770109851760765 1.4098667262787412 12.49695527755871 9.86939492041263 
6.084981024256755 10.054060692344057 7.131581452197452 14.080693536768056 4.250949556909285 1.2865881765392544 12.43867379368825 9.816501913137415 
6.202074487638863 10.070876657527572 7.189229414924511 14.104220154469502 4.126003623439143 1.2729936853656731 12.256883517983512 9.885686573459928 
6.130717868505129 10.053459594928636 7.166132597057348 14.077231166383577 4.193477782107117 1.2630195134747728 12.377108703260692 9.868289812889756 
6.040946309255718 10.02826694341267 7.071498450057075 14.04487708578892 4.247062660599266 1.1921095121939482 12.741667628692221 9.677902550890526 
6.073143960002378 10.150885207330848 7.06260060909768 14.061854507806228 4.304829958892745 1.1628554124589472 12.763928177225628 9.525318788771587 
6.088045817994279 10.15794158813332 7.090268198513904 14.073704443199109 4.12481060964923 1.1820642694981995 12.548195393859485 9.784470133934434 
6.149678991686244 10.053784129407973 7.1555695442553455 14.153204918981213 4.302640015627593 1.2118464965048537 12.566399604325122 9.685066363155936 
6.029731296769885 10.029751102527275 7.137516244709985 14.056357274096081 4.1729982914771835 1.122921671548084 12.461724081224586 9.837869501529568 
6.038349992153072 10.129271893050497 7.071994294781 14.101196873462449 4.376324010615713 1.2862871657865858 12.550373630173628 9.860286770044537 
5.995726412535897 10.025965205170145 7.073205710934456 14.128500611176214 4.216201627307363 1.1793245043872513 12.44568186268401 9.857160851123991 
6.088398530347067 10.31808804913095 7.198348038171806 14.225744805137822 4.309946725883048 1.2217916617344415 12.539009125979781 9.670252214038296 
6.209748618231597 9.999167721308718 7.106589056612637 14.085101029192948 4.150406457339966 1.1381232430386554 12.436160212420777 9.85285930283205 
6.107193800597065 10.130456533716588 7.078456084790918 14.106343893754946 4.130053453533296 1.0984493492905372 12.422214133097828 9.885547423931754 
6.056329149468572 10.161678032628618 7.192879250409248 14.121426835287767 4.24569217309356 1.2512310919650993 12.46144144834048 9.815369173667849 
6.028805326956511 10.07670152984626 7.105412688162831 14.19603942851014 4.181102729946566 1.1764426528363199 12.425638580145245 9.847304712109333 
6.063640934397026 10.027354043060235 7.035685234401235 14.006830016145075 4.130570055763999 1.1079697813174634 12.31143962881723 9.905340309034607 
6.046381162747797 10.01478628299832 7.104256127416606 14.022359098097311 4.1546211223981295 1.1387832737946793 12.27537067379581 9.894463744626883 
6.077230483927818 10.040853395816605 7.084461302339896 14.022769577201176 4.138377940265843 1.1317547734119047 12.390367186727527 9.891282400546054 
6.164264015925109 10.046711709566283 7.1172935983903916 14.008594945549714 4.134171379715897 1.1758485175702533 12.308926948095829 9.90460059702118 
6.201691000204732 10.05780099665603 7.107708880457794 14.077410776170375 4.067788087354307 1.1388380677955057 12.314149699597499 9.897947418964918 
6.136823191688495 10.104337549622253 7.189409787353315 14.032213610310356 4.216252527758667 1.093110621609787 12.366584977561496 9.938286476903457 
6.027622530927298 10.083296854605063 7.105769356724673 14.127987180897057 4.284482477907737 1.2277798646276485 12.229294869720045 9.887413100347667 
6.018226916927363 10.012374772953866 7.06763687441337 14.100854437208127 4.213311298452874 1.0966043723355148 12.328808433214926 9.892333411696136 
6.065313982013079 10.088341395100603 7.1868530786000395 14.177588661156603 4.201139472305482 1.218903081025291 12.305013349504431 9.879346838113362 
6.189286978292816 10.082709892402208 7.123268690361455 14.069642986200636 4.275877555363635 1.176647903520664 12.264891836570165 9.88016670939511 
6.173943828042115 10.100398420432933 7.19834666574338 14.15115624243231 4.206737365766053 1.1649084461031594 12.208703603245558 9.885658212282266 
6.156857290043762 10.044654257542414 7.072955310561517 14.144472973653999 4.180168764478507 1.2081349881949932 12.29434325269916 9.899437089781816 
