1.0000341439365887 3.0600664691202044E-10 0.0 0.0 0.0 0.0 0.0 1.797732250087993E-14 0.0 0.0 
0.9999747811028213 1.783471643473201E-9 0.0 0.0 0.0 0.0 0.0 2.388343916965981E-14 7.61838838727039E-29 0.0 
1.0000432990841355 0.0 0.0 0.0 0.0 0.0 0.0 0.0 0.0 0.0 
1.0000197506804605 3.479446099510149E-10 0.0 0.0 0.0 0.0 0.0 0.0 1.7919045145196267E-29 0.0 
0.9999977131519843 5.619175251607019E-10 0.0 0.0 0.0 0.0 3.4420825105136046E-90 0.0 1.84670310477304E-17 0.0 
1.0000022930538424 5.574808857145406E-10 0.0 0.0 0.0 0.0 1.4677969381422379E-89 0.0 1.7526276815186526E-17 0.0 
1.0000113508490003 2.756466164978413E-10 0.0 0.0 0.0 0.0 3.545555853614518E-90 0.0 1.7060073793360093E-17 0.0 
1.000017675598372 3.032222896439544E-10 0.0 5.628174400963115E-11 0.0 0.0 0.0 9.472841041477785E-15 0.0 0.0 
1.0000248651269439 6.045288153306724E-10 0.0 0.0 0.0 0.0 0.0 9.472803264905956E-15 0.0 0.0 
1.0000139854802899 2.6697412610056704E-10 0.0 0.0 0.0 0.0 1.2438503262359902E-91 5.4681403858121915E-14 1.5806159213161965E-24 0.0 
1.4058682095876328E-65 1.0755181290255138 0.0 0.0 0.0 0.0 0.0 0.0 0.0 0.0 
1.4058640080794697E-65 1.7283322268987535 0.0 0.0 0.0 0.0 2.2095568870343187E-89 0.0 1.5771659481996544E-17 0.0 
1.40576593970875E-65 1.2570930053368352 0.0 1.5972747761089522E-8 0.0 0.0 0.0 2.8050449763320353E-11 0.0 0.0 
1.3920894716634992E-65 3.1316863303992037 0.0 0.0 0.0 0.0 0.0 8.229770442657202E-5 8.887346296000208E-18 0.0 
2.124762839637456E-65 0.8608514896836158 0.0 0.8535221238429448 0.0 0.0 0.0 0.0 0.0 0.0 
0.04354880605205394 0.06341256868289297 1.8723318035078114 0.0 0.0 0.0 1.5400735394002667E-91 4.6275415101458964E-20 0.0 0.0 
1.588943416708397E-66 0.09687825264301714 2.2828731415408274E-7 0.007691618558412066 3.2311641677847924 0.0 8.054952261273602E-76 0.010455764415683261 1.0759305447957987 3.104050955307816 
0.9662762940413878 0.0 0.0028550568203045937 0.0 0.0 0.0 0.0 0.0 0.0 0.0 
0.2504136381933685 7.042593540775319E-11 6.741316121840584E-6 0.0 0.0 0.0 5.940478815986207 2.4516978339524002E-14 4.468729730553545E-29 0.0 
0.2370904323903926 7.934680269108024E-11 1.4917112959785736E-5 0.0 10.093858689774512 0.0 0.0 1.1181221963384352E-14 2.2741133979642325 0.0 
0.9574055141314641 2.901295985130471E-10 6.508732344143505E-5 0.0 0.0 0.0 0.051512725565570336 0.0 0.0 0.0 
2.1386729205050268E-65 1.01544835460946 0.0 0.0 0.0 0.0 0.0 0.0 1.507870449427288E-24 0.0 
1.0000037695213775 6.050967086386493E-10 0.0 0.0 0.0 0.0 0.0 0.0 2.094989913170283E-17 0.0 
0.5082640069521619 0.11342832370461679 0.0 0.0 0.0 0.0 0.0 0.0 0.0 0.0 
0.9994180083258353 1.1102196321785781E-7 0.0 0.0 0.0 0.0 0.0 0.0 0.0 0.0 
1.0000037608617502 6.691582362918273E-10 0.0 0.0 0.0 0.0 0.0 0.0 1.8744602319156208E-17 0.0 
1.0000197351065558 2.672621733659258E-10 0.0 0.0 0.0 0.0 8.090950099569713E-74 4.773615038286208E-20 3.913684273535567E-29 0.0 
0.9996852266297491 3.841139116105017E-8 0.0 0.0 0.0 0.0 0.0 0.0 0.0 0.0 
1.0000197062490601 3.720704184399893E-10 0.0 0.0 0.0 0.0 0.0 5.058825682416213E-25 4.73276755466432E-29 0.0 
1.0000129712243404 6.027593219272695E-10 0.0 0.0 0.0 0.0 0.0 0.0 2.11491678217073E-17 0.0 
1.000003929425571 2.604183508034541E-9 0.0 0.0 0.0 0.0 0.0 0.0 0.0 0.0 
1.0000064266711342 6.050967086386493E-10 0.0 0.0 0.0 0.0 1.4459773469435281E-89 0.0 1.7073214873261314E-17 0.0 
0.026723881651768824 0.004738906633513741 0.0 0.0 65.05363000403803 0.0 6.755485359554906E-74 0.0 1.463464065300933E-24 0.0 
0.21383285815683437 0.3114398360380158 0.0 0.0 0.0 0.0 1.1540079492857477E-84 7.512365173529155E-14 0.0 0.0 
0.34152476898155265 2.0644993497739185E-10 0.0 0.0 11.572428667389117 0.0 0.0 9.510019393122217E-15 0.0 0.0 
0.17540057629123393 5.3103393104389033E-11 0.0 0.0 6.3505300013028485 0.0 6.371651210750661E-5 2.234398306701079E-15 2.332863348047598 0.0 
0.21382967473542322 0.42774357258784396 0.0 0.0 0.0 0.0 0.0 8.29517965899448E-14 4.757412225226911E-29 0.0 
1.976632788081056E-130 1.1676206386248939E-64 0.0 0.0 0.0 0.0 108.78330374467527 0.0 1.6689448087697323E-17 0.0 
9.257430361263886E-132 9.281729914657201E-132 3.001882859778416E-135 0.0 9.005584128080675E-130 3.519535875344741E-65 7.534001429274478 0.0 1.3344478370784605 0.0 
0.5174291565383319 0.0 0.0 0.0 0.0 0.0 2.259427298371347E-75 0.0 5.016613475271402 0.0 
2.0547924508213797E-65 1.037207070610406 0.0 0.0 0.0 0.0 0.0 7.414690379625141E-11 1.3671613983805075E-17 0.0 
0.4968448695572619 0.08815458792078573 0.0 0.0 0.0 0.0 1.1589895734300376E-73 0.0 8.58245599789804E-18 0.0 
1.4058898476581138E-65 0.0 0.0 0.0 0.0 2.9266933873235983 0.0 0.0 2.8958245532534304E-24 0.0 
1.097357342725557E-66 0.17972300084134296 0.0 0.0 4.3324891869148345 2.96580712766852E-14 2.980045859366229 0.2955776611787344 0.0 0.0 
3.385681700304776E-73 9.012037542140301E-8 1.7010417768382463E-12 0.0 1.7187631068989344E-6 1.5955180715529105 5.987283718789574 0.0 0.0 0.0 
3.5145436282761603E-66 0.25566072929876876 0.0 1.398354395258511E-9 0.0 0.6733035514485007 0.0 0.0 1.5927840584105224E-17 0.0 
1.7750382429324422E-130 1.3857417575197652E-65 0.0 0.0 0.0 1.1864398106125695 0.0 2.4051532767386377E-5 0.6226179027962715 0.0 
3.4986681713375204E-66 2.272745170146815E-75 0.0 0.0 0.0 0.9962993880722469 12.119133060591759 0.0 0.0 0.7557320518515007 
3.331463732225632E-131 5.950785697351746E-66 0.0 0.0 1.4602759710434928E-64 1.30895804785531 1.4659947662790797E-7 0.7638174345073886 3.0548177432877414E-6 0.0 
4.023441094411167E-132 2.719454717530812E-67 0.0 0.0 6.867547536110169E-66 0.060114980658029 0.7915274368948004 0.5587967867506949 1.3940393527135677 0.8098682267202453 
0.7296606972229603 3.5640306911198016E-10 0.0 0.0 0.0 6.530493316553759E-14 0.0 0.29400175729890526 0.0 0.0 
1.4897541124677516E-65 1.0372823610626103 0.0 0.0 0.0 0.0 0.0 0.0 7.090926637290704E-24 0.0 
1.3509415851428538E-65 1.1398666008710112 0.0 0.0 0.0 0.0 0.05075323820202026 0.0 0.0 0.0 
0.9608747526040935 0.0 0.0 0.0 0.0 0.0 0.007447605438952617 0.0 0.0 0.0 
0.9928723939569314 3.762286802669756E-10 0.0 0.0 0.0 0.0 2.241118858097298E-4 4.021862059861034E-14 4.4781189371675736E-29 0.0 
0.9928652035429594 3.7378423913464086E-10 0.0 0.0 0.0 0.0 2.139992613778455E-4 4.448798969737666E-14 4.234405362237294E-36 0.0 
6.622459846773049E-5 1.0592826748957447 0.0 0.0 0.0 0.0 0.0 0.0 0.0 0.0 
1.0000021479713586 3.095004794799709E-10 0.0 0.0 0.0 0.0 1.626565757105509E-9 0.0 0.0 0.0 
0.9982082939616268 1.2652999101957674E-6 0.0 0.0 0.0 0.0 3.9571937271347255E-73 6.308956917623988E-14 4.8457208442218605E-29 0.0 
0.5042716027614715 0.0 0.0 0.0 0.0 0.0 1.7065870626089546E-75 4.436102926571515 1.5109644699508185E-17 0.0 
6.93546962153346E-66 0.5848950667235175 0.0 0.0 0.0 0.0 0.0 1.5569025340189202 0.0 0.0 
1.1783395595396861E-131 3.430609077390312E-131 3.0584868370952186E-135 0.0 2.2153023706849425E-129 7.98284151763386E-65 10.23325459782069 0.5593815381964176 3.3246032439015983E-18 0.0 
0.7075619550626449 0.0 0.0 0.0 0.0 0.0 0.0 0.9136510683416442 6.059735278301588E-25 0.0 
1.4097306395190604E-65 0.8696157251091862 0.0 1.660662317358902E-11 0.0 0.0 0.0 0.6985812706118425 3.396051574083195E-24 0.0 
3.4391416869256785E-131 5.680115921415279E-66 0.0 0.0 0.0 1.4945208578092618E-65 16.109521516236384 0.4098838089709729 2.4849462271545113E-24 0.0 
9.577796723807637E-66 0.7331180315856274 0.0 0.0 0.0 0.0 5.849152822383491E-73 0.13080339634152796 0.0 0.0 
0.48962992494830676 0.017812376582817018 0.0 1.1058236543274746E-10 0.0 0.0 0.0 0.12572281289153878 0.0 0.0 
2.3481838366123833E-196 1.986667067751498E-131 1.554765505643946E-135 0.0 4.499200502303238E-130 1.77773637443493E-65 3.258613975845067 0.534850792691937 1.3344478370784605 0.0 
0.39666884389055035 2.0684933830892304E-7 0.0 0.0 0.3300469291514728 0.0 5.819987627350762E-5 0.013596135830487145 2.0206722836737034 0.0 
0.7791557729703299 2.4555350029106524E-10 0.0 0.0 0.0 0.0 1.5121428599086813E-4 3.383535397684946E-14 2.1838063022127177 0.0 
0.23249092518529005 0.2242274884702947 0.0 0.0 0.0 0.0 2.8302831569513604E-6 0.0 0.4718376858579908 0.0 
1.4250965157992443E-130 1.4947147248390797E-65 0.0 5.298750744715965E-66 0.0 0.0 48.05542124406125 0.0 0.12167714160136635 0.0 
0.4968448554539398 0.08909188362605663 0.0 0.0 0.0 0.0 1.8903326287829517E-73 0.0 1.5478498842411776E-17 0.0 
0.24766574493951546 0.2900843866747397 0.0 0.0 0.0 0.0 3.4420825105136046E-90 0.0 1.84670310477304E-17 0.0 
0.23458069343773943 0.3212190344976762 0.0 0.0 0.0 0.0 0.0 0.0 0.0 0.0 
1.4058907358145704E-65 0.0 0.0 0.0 0.0 0.0 49.90654359436154 0.0 1.634162342029255E-14 0.0 
0.9917618262615198 1.8895783874155965E-5 0.0 0.0 0.0 0.0 0.0 0.0 0.0 0.0 
0.11192913702747817 1.0992164231084961E-17 0.0 0.0 0.0 0.0 0.0 0.0 0.0 23.24959275040309 
1.6522730692970921E-195 1.8197864208432327E-131 8.63722124742404E-137 8.555334547327135E-132 6.2736668871786895E-130 4.2621206425388395E-65 4.441292236832104 0.012882774613150554 0.5343954482078137 0.9255890409457715 
5.625309330074972E-196 1.824884167259047E-130 0.0 1.6210194882371575E-131 1.903695060534834E-129 7.627159502018967E-65 17.292282487145236 0.0 0.04475124484220195 2.8273124394656985 
2.5571704161486883E-196 2.302204717156124E-131 8.089840882438945E-136 0.0 5.078240344446154E-130 1.7992284344190442E-65 3.314479982816391 0.5690115154985212 0.6767465327188235 1.399821005479746E-4 
0.2818577050080606 3.630219713545641E-10 0.0 0.07520966633570236 17.74021721166243 0.0 0.0 0.0 1.451214572472483E-17 0.0 
0.21383280989505601 0.3114398360380158 0.0 0.0 0.0 0.0 1.1541483996072238E-84 9.23833355388198E-14 0.0 0.0 
7.376187736528154E-66 0.5765215881229474 0.0 0.0 0.0 0.0 0.0 0.3273508628550913 0.0 0.02210792788239543 
3.477214240684629E-13 0.4317582157298627 0.0 0.21472480370871438 0.0 0.0 2.0443691200085344E-75 4.4394411564564905E-13 3.895483450399422 0.0 
0.4756238333693991 0.11635719183195238 0.0 0.0 0.0 0.0 0.0 0.0 0.0 0.0 
