467.47871871056174 0.7853955770400864 0.7853966854779726 0.785397793917423 0.0 
73.20119563765715 36.4428404525518 378.1687137238776 69.44333156131646 118.51815148567174 
306.9511272274984 0.591511939621305 0.5531932495291761 8.872864690506217 309.22486871845877 
226.65999933067377 10.828535497178798 323.7204047241386 0.785397646750366 0.0 
369.7455662265626 184.0737633432027 0.785396270143811 0.7853976900837822 0.0 
331.9531562914154 165.20088491618992 309.4896254944573 86.54986932972625 112.21921846239728 
155.6475163821681 0.29582040357747785 221.76254799550065 312.0320162274936 0.3495205430972755 
182.82666550825087 181.211892532739 367.27128263913335 0.7813979016622997 45.43796878124464 
0.6437174328648275 0.0014241998062090625 290.9515545072056 175.96084740323917 101.98908521562599 
0.7129851146576347 93.48715004120182 402.0351060893893 6.4112932829903775 0.0 
0.15200936925157374 75.43458007017058 1.5894785635765973 383.0147039113121 0.0 
0.13186438580534157 79.24496178290029 299.1249468304361 356.3996576888115 0.0 
0.0010729493766956954 0.5630442224832745 295.46535835433593 284.3780218134168 41.17522301612026 
0.7853944783976682 391.6394965305058 0.7853960576812943 0.7853976369680923 0.0 
129.68402530260076 152.65384199642875 285.4124804810319 292.88897234475814 78.66481432065197 
0.5877816291506386 371.4410931940511 310.03618043643553 0.7656295079140669 110.65452475247152 
0.6075705560699414 353.59462870764094 18.25463858331771 3.933591138367862 289.05130152871897 
114.66696870617548 340.0666975220865 299.55274896302825 0.7573962059374748 128.28451358545345 
0.34626607302925 174.26491398980883 8.663786301928992 354.67237724468583 0.0 
111.51919278016265 339.1199175369581 0.5542690140022363 0.5542696820841333 358.3899272110125 
0.42268584469410875 290.5491711448262 242.50967272417677 0.5505730755894511 385.0107859103702 
2.473892772539046 231.35430672424386 330.0733064396465 0.7853976664407352 0.0 
55.46103633641846 172.18016809858236 3.4664930758161256 206.55317483169753 279.3417988983472 
0.3565373267859619 231.68797173568458 0.35653774894663615 0.377766514066019 454.75499520290776 
2.477141339129635 169.03946093364453 454.6844972703953 0.7714812887863688 92.55423513876292 
231.93367944251577 258.17114918811563 25.022451541613776 0.692970950320266 185.6082262023616 
0.26542743861548745 134.2832904340437 279.33806649968574 0.6116319536945982 249.67262921695274 
0.25998049937230006 140.43047795093682 0.25998094489435297 264.4156290256545 300.57040950486066 
0.9491533921559391 104.88452973259312 315.2744817092375 200.9189032625128 0.0 
0.1775105184676378 90.24269918549987 182.19548137440455 343.63670730306114 0.0 
0.5658205128102123 0.5446992240792611 1689.9745854987625 0.7853981351253622 0.0 
0.7834343959433168 0.0013778473479699026 479.49966019806425 7.321284884474472 33.15971993122378 
0.692022104642297 0.34452837011294407 399.014667561872 71.62414416907691 0.0 
0.0013880570417161367 0.7734679040255655 431.00070381001433 62.146796948249026 43.72276404505283 
0.04867289563852539 28.190004426522638 453.9731518797885 4.68378806449469 2.989724692975159 
0.005976140018837577 0.776202114084093 392.8784802855617 0.776226634522111 60.57151607274597 
0.04779554943711852 30.584213723631837 493.73666007113394 88.64829733951538 3.303185943489968 
9.969757300161708E-4 0.7589131009641281 577.6967025924852 83.06670501605437 129.6121677391673 
0.5174035381480377 0.5528617636363344 396.34555212404894 0.7572084545863597 109.15138781222745 
23.312297012066757 24.910471687782195 463.82612209458915 0.7656294816293547 106.36617430127147 
0.7062726379460594 0.09973089044831794 392.65754666602 194.1751566829947 33.477651699392695 
0.740016765551294 0.0014009284997363312 390.90203011751606 70.15404047447919 119.9738286327158 
0.04118542357129807 24.964140690688094 454.60835877214663 0.7511352694327691 139.07670587816094 
0.45924682951498846 0.49072220605554645 364.14431341324655 220.16975445435273 0.6136274663557643 
0.02128615793099377 12.843046543390646 403.6690684962898 247.85342151232288 3.1145404872925115 
9.329390157297695E-4 0.6678365983892495 478.0657147098057 290.5002860298904 56.168057141246024 
28.090301785673308 0.05047373427450481 372.9929990958501 226.15042343650052 0.0 
0.5978600434474757 0.28575972813622386 491.9489586556828 297.3397611893477 97.7820078288917 
0.0559819847702713 29.259300964638044 350.0517643578834 212.39678930028495 0.0 
93.6896031716657 1.62090082192443 476.2267664124719 0.7853978206352074 0.0 
5.352898954305621E-5 3.1804749779080354E-4 0.785398075102936 1912.5913534024783 0.0 
3.3880235855020556E-4 0.4033102325445787 4.8816570055767565 934.9251416922806 0.0 
6.08683863756873E-4 0.45961331257281074 23.08867274392959 592.5996913247194 0.14230557854918002 
1.25236340186072 0.0027504386260438895 0.002750445259114504 356.88575583621633 22.834146426809397 
1.3007489753489318E-4 0.07133472049406597 39.12092881975106 428.94248446119985 0.0 
0.030843931503108348 18.43289309057833 0.03084397468402486 469.0063755620491 0.39699249185306157 
0.06643597520666346 1.1991118565399966E-4 36.808459251968884 432.29487897562075 33.42779577045977 
0.05731472874348964 9.335677792654587E-5 0.7793639074280314 479.76867541078394 48.171806251371535 
0.07089981485506305 1.0628661680560329E-4 47.29465991090345 520.2164413244456 40.246720204598915 
0.03064153560571842 19.048534708823883 0.030641575249776724 485.4326767733425 48.777954214147506 
0.15146839217325864 8.686346002704111E-4 104.9013457334489 533.7174038752725 0.0 
0.0033328132837904447 1.5646525612228668 75.48263328521696 383.2571791924894 2.5674373298653332 
5.570758854239316E-6 0.0027640016086259876 1.371396717941688 385.13287356341135 59.3774921374726 
0.15092096283157636 4.081918810172565E-4 83.64273228882978 424.9474983214652 43.4860225283774 
0.04652496908383774 23.03303303058824 69.23313885757901 381.91891194928394 0.0 
0.07134320015857135 38.864716362864435 0.07134332036186293 426.0828802374432 0.0 
30.27756286435881 0.07156267323895128 0.07156287312718704 330.23277025904616 21.217335421510363 
0.27330606238869903 0.29203045675066885 187.3017582777299 316.52577108068886 0.5303662318172833 
0.3589402962287731 0.17160907163235595 250.52564042201502 423.5384449980719 49.40842056191426 
0.22051490092372106 69.32343560420013 1.0076147435637417 392.7109851879883 68.8890479003301 
4.041768438560753E-17 1.941400412789352E-14 2.922112204612555E-17 2.53769094785968E-14 521.806374179626 
109.71061653939714 118.51702781042142 0.33733405232001057 210.55629947876915 266.4047055499279 
5.167716258412699E-4 0.35653744089037165 245.98695811926657 0.3790792094168377 482.82020793655954 
0.2454846277661969 0.018538787964236626 152.53377851401103 310.1833435426626 342.52952641775227 
0.49995534563624 0.23928458557707188 217.2259522428565 0.5542693033505032 218.08126886600846 
0.19181700189765916 100.01282314867991 5.2429670818811145 158.52664982691837 364.05136478908435 
0.4938356733377479 9.156122644363068E-4 266.3508352890367 161.04258508830125 287.338827672988 
118.11304195526067 0.20481565457890788 168.29754139929477 0.3567171240499023 403.5652786185829 
80.75130068660003 95.05523116172115 177.72592985033435 0.35653820336322956 426.1677140981063 
0.20759173298593186 115.44977122755438 161.20821671968713 0.37469984439587484 389.190420468658 
0.6115212631356689 0.0010963037306056399 0.011587686124502632 341.1700397136518 274.8313364584354 
7.350195712856669E-4 0.43759758375956603 260.5262810947745 300.0309907588633 246.4726614545578 
0.0010325924665160644 0.6071111110853955 356.950535936168 163.01703159108774 243.40639366189515 
0.46310595510265545 0.5154996415820716 360.4306580020387 0.6929709814882518 192.264177421868 
8.48728242257278E-4 0.606678843682514 433.66010604607567 262.11880177078797 241.68943094961296 
0.5197518263354219 0.20913829372331635 0.4676696209882695 378.6526473349056 150.60447262378398 
0.7563546973143034 0.001510109329024386 0.03761068541675736 379.29731383807876 104.29501182542471 
