1.0107276247680492 0.0 0.0 0.0 0.0 0.0 0.0 0.0 0.0 0.0 
0.9912299814003231 0.006874006635875676 0.004127416476001625 0.0 0.0 0.0 0.0 0.0 0.0 0.0 
0.7243390255308149 0.04670899340327016 0.0 0.0 0.0 0.0 0.0 0.0 0.0 0.0 
0.7022804415393306 0.046981609996611634 0.0041647532512747625 0.0 0.0 0.0 0.0 0.0 0.0 0.0 
0.8273837627703398 0.0 1.0800361535194491 0.0 0.0 0.0 0.0 0.0 0.0 0.0 
1.5527489591125123E-65 1.0472999106429395 0.0 0.0 0.0 0.0 0.0 0.0 0.0 0.0 
1.492181251869607E-65 1.2518743510336736 0.0 0.0 7.774037512110522E-5 0.0 0.0 0.0 0.0 0.0 
1.4689761443184543E-65 1.589030558793895 0.003938237245178885 0.0 1.2531945383088018E-8 0.0 0.0 0.0 0.0 0.0 
1.4784595335560623E-65 1.614472466213935 0.00428248818525197 0.0 0.0 0.0 0.0 0.0 0.0 0.0 
2.2358437371620965E-65 0.0 36.22063026247984 0.0 0.0 0.0 0.0 0.0 0.0 0.0 
0.23714572655955088 0.23134615649089804 0.5528878356834043 0.0 0.0 0.0 0.0 0.0 0.0 0.0 
1.523709740009542E-67 1.0283398594291793E-65 18.169040237316878 0.0 0.0 0.0 2.490106431390067 0.0 0.0 0.0 
9.845266139713923E-66 0.6900387154653617 1.4326735906394832 0.0 0.0 0.0 0.0 0.0 0.0 0.0 
0.6660802476385536 0.0 1.2527014524699456 0.0 0.0 0.0 0.0 0.0 0.0 0.0 
0.6769522780826588 0.0 1.227317211936828 0.0 0.0 0.0 0.0 0.0 0.0 0.0 
0.7142575416158603 0.0 1.1336212696306047 0.0 0.0 0.0 0.0 0.0 0.0 0.0 
1.3290971770167434E-65 0.9351752418730993 0.541898174871346 0.0 0.0 0.0 0.0 0.0 0.0 0.0 
0.21750867975790295 0.39382993093178204 0.005051212430869398 0.09461440089879551 0.0 0.0 0.0 0.0 0.0 0.0 
0.5158184116712167 0.0 0.0 0.037797317515867644 1.656684965229124E-16 0.0 2.7615093122068104 0.0 0.0 0.0 
2.5717096053684736E-130 4.953478942168345E-65 21.097767692831184 0.07917361349052031 0.006525854706892221 0.0 0.0 0.0 0.009118873109986289 0.0 
0.9934268830872642 0.0 0.004943083005329821 0.09763491659186538 0.0 0.0 0.0 0.0 0.0 0.0 
0.004330445416129652 0.4455532167620957 1.2623196678157248E-8 0.03941971796009882 0.0 0.0 2.5053767564025096 0.0 0.0 0.0 
0.05213447745441783 0.5406113560675628 0.5689219046167334 5.370014293222923E-5 0.0 0.0 0.0 0.0 0.0 0.0 
3.930696028309983E-67 1.2136400217448624E-65 36.69097811882936 0.0 0.0 0.0 0.0 0.0 0.0 0.0 
0.02110635574076453 0.21137415251169667 6.413738768965874 0.0 0.0 0.0 0.0 0.0 0.0 0.0 
0.0372073830041009 0.33807487296686484 4.885565871573907 0.0 0.0 0.0 0.0 0.0 0.0 0.0 
0.021769602034937434 0.0014231715613323686 0.5569402524572229 0.0 11.783333276527806 0.0 0.0 0.0 0.0 0.0 
0.19132833945301841 0.1697735518975258 1.4623292666754588 0.0 0.0 0.0 0.0 0.0 0.0 0.0 
2.6958387274607826E-130 5.64694311916553E-65 22.28039378141583 0.0 0.004828870494404381 0.0 0.0 0.0 0.0 0.0 
0.6659222763594174 0.0 1.6063886114684826E-31 0.0 3.692429889849021E-4 0.0 1.5212477647227898 0.0 0.0 0.0 
0.07893474503672071 0.37828166306224925 0.6141691102201503 0.0 5.740228624017306E-4 0.0 0.26723728553524084 0.0 0.0 0.0 
0.6479375723801591 0.05607973660078379 2.5085449627672667E-31 0.0 0.0 0.0 0.0 0.0 0.0 0.0 
3.015109147242592E-11 0.11613275508685793 3.180138004310619 0.0 0.0 1.821061178846084 0.0 0.0 0.0 0.0 
4.119004888600556E-66 0.285323831909002 5.694240490152849 0.0 0.0 0.0 0.0 0.0 0.0 0.0 
0.05440589175948182 0.5440737214167107 0.5837006182242463 0.0 0.0 0.0 0.0 0.0 0.0 0.0 
0.22578139338557862 0.01372036110105203 5.080431471800842 0.0 0.0 0.0 0.0 0.0 0.0 0.0 
7.620678155745579E-66 1.3283113360779197 0.001954028479864766 0.0 0.0 0.0 2.507797941174019 0.0 0.0 0.0 
0.022847192744360544 0.7717070290799675 0.0 0.0 0.0 0.0 0.0 0.0 0.0 0.0 
0.00882512545060417 0.8702739493655354 0.0 0.0 0.0 0.0 0.0 0.0 0.0 0.0 
0.32244135169762456 0.22976850061650794 5.8660974789118E-7 0.0 0.0 0.0 0.0 0.0 0.0 0.0 
1.6225409504340652E-65 1.037701172116309 0.003840149647004005 0.0 0.0 0.0 0.0 0.0 0.0 0.0 
3.689567646806585E-66 0.26079217715949854 9.428753227072535E-4 0.0 3.1804746326064313E-16 0.0 9.38240827429075 0.0 2.5858548308681686E-9 0.0 
2.094087036264599E-66 0.19394134038075753 1.5032050498781986 0.0 3.4972986989739714E-16 0.0 5.035064478659024 0.0 0.11020945168908207 3.200187571949748 
2.416552136434688E-66 0.17486003484158022 2.8744252994321515 0.0 3.880476059155095E-4 0.0 2.509974823603759 0.0 1.0181234174569798E-22 0.0 
0.09946214249644234 0.08573973972193377 0.7234154404158122 0.0 0.0 0.0 2.55008519987176 0.0 0.0 0.0 
0.16897524738037936 0.0 4.250501186530477 0.0 0.0 0.0 2.5283519688214717 0.0 6.861015528817057E-14 0.0 
0.22967287607166936 0.1440815799699428 0.0 0.0 7.808188913841266E-10 0.0 2.618228328975368 0.0 0.0 0.0 
0.028976480531152655 0.2364764577889984 0.28409094442185867 0.0 0.0 0.0 2.2686272612163534 0.0 0.0 0.0 
8.119822587681464E-66 0.5241751256870915 0.0 0.0 0.0 0.0 2.5006153277064413 0.0 0.0 0.0 
0.5578058613860069 0.0 0.0 0.0 1.9141215674357017E-16 0.0 2.333837706636291 0.0 7.829651559159839E-14 0.0 
2.2898812254564795E-130 1.082730251533949E-65 12.939039596956956 0.0 4.135030301157822E-4 0.0 2.140630566752636 0.0 1.0556888254166274E-13 0.0 
1.0156949560733547E-65 0.6434952423805874 0.0 0.0 0.0 0.0 0.0 1.155816721537028 0.0 0.0 
9.458595640303648E-66 1.0301627970902605 0.0024516358968995977 0.0 0.0 0.0 0.0 1.3961546308920618 0.0 0.0 
1.7759205567799394E-130 1.841289325005046E-65 15.12454702275778 0.0 0.0 0.0 0.0 1.109244986173357 0.0 0.0 
1.531019216265509E-65 1.444990919962166 0.0034523411243164233 0.0 0.0 0.0 0.0 0.19847163115844466 0.0 0.0 
0.0016368581208683654 0.17356783063559944 0.0 0.0 0.0 0.0 0.0 0.24460650778924253 0.9523163157287405 6.7345109752202 
8.281567286388086E-75 5.849339411537368E-10 5.286404973039704 0.011438753920238744 0.0 0.0 0.0 0.2046756110916598 0.9078522046811413 7.135904427776477 
0.12263229412662434 0.3580392832684595 1.638426235436127 0.0 0.0 0.0 0.0 3.621818840547928E-10 0.0 0.0 
0.1888050449576919 0.16016968708238355 1.4911504602309922 0.0 0.0 0.0 0.0 3.365161562975045E-10 0.0 0.0 
0.314738986514842 0.266087687991683 0.0 0.0 0.0 0.0 0.0 3.84086544579981E-10 0.0 0.0 
0.002607813206232414 0.10223601745589123 2.0668554441798737 0.0 0.0 0.0 0.40165430809569813 0.0 1.0531076784864106 0.0 
0.019416251861091055 0.1705804593170215 4.57445267901849 0.0 0.0 0.0 0.0 0.0 0.1330995381114853 0.0 
8.299096821809067E-66 0.9915132177569069 0.0022578343287535858 0.0 3.330764094039128E-4 0.0 2.3265326992237148 0.0 8.983129923903751E-14 0.0 
8.615691125307944E-132 5.8230107081167914E-67 0.9377119369192494 0.0 6.444911137027267 0.0 2.32764356854892 0.0 4.90233314556219E-15 0.0 
3.130847726242462E-66 0.22731821043294045 5.5144849282664365 0.0 2.132273735175233E-4 0.14857656358796825 0.0 0.0 0.0 0.0 
0.10021000833512618 0.10815776536752542 7.075842774876601 0.0 0.0 0.0 0.0 0.0 0.0 0.0 
2.1643776750584222E-66 4.623072400488822E-66 14.667580850053668 0.0 4.158679854534111E-4 0.0 1.7311279333186904 0.0 0.0 0.0 
0.05985988738697778 0.49172252262883326 0.5579773136816458 0.0 0.0 0.0 0.0 0.0 0.0 0.0 
0.2675940125460446 0.3009652316643744 2.381564955585755E-12 0.0 3.7786454743878095E-16 0.0 0.0 0.0 0.0 0.0 
0.1795346677231219 0.1812410952439223 0.0 0.0 0.0 0.0 0.0 0.0 0.0 8.639552220894638 
0.34334074781654317 6.70748998536136E-7 6.00507124974292 0.0 3.504805631984378E-16 0.0 0.0 0.0 0.0 0.0 
0.07880160427416336 0.41121690064424654 0.5158768621215426 0.0 0.0 0.0 0.0 0.0 0.0 0.0 
0.536288739817927 0.1382223718861506 0.0 0.0 0.0 0.0 0.0 0.0 0.0 0.0 
0.6754770546513261 0.0 1.2483916153317818 0.0 0.0 0.0 0.0 0.0 0.0 0.0 
0.21314905270971435 0.36040741767489853 0.006083597475178662 0.0 3.02851377413136E-16 0.0 0.0 0.0 0.0 0.0 
0.22783959413735158 0.23050635200718814 0.5754779492439629 0.0 0.0 0.0 0.0 0.0 0.0 0.0 
0.2585434208956447 0.316081243955885 2.577778074045317E-31 0.0 0.0 0.0 0.0 0.0 0.0 0.0 
5.658515754036514E-13 0.6318574588958229 1.5565002125209033 0.0 0.0 0.0 0.0 0.0 0.0 0.0 
