9.669950167496176E-5 1.4720333183921726E-5 2.8258228627076394E-5 2.4886733845625328E-5 2.1260986823010155E-5 7.846166519433116E-6 2.624170341185185E-5 1.0000113951158784 
4.609982828921462E-5 9.273550009205148E-6 2.7163853423103017E-5 1.6001532289200914E-5 2.5838614300413342E-5 8.324989105168445E-6 8.233669546725523E-6 1.000021444543024 
3.830946162920221E-5 5.940622063205614E-6 1.4480289399165517E-5 2.179840552075454E-5 1.3759162813936491E-5 2.5156089738758272E-5 1.0419649382342803E-5 1.0000159270865574 
3.8122195793339724E-5 2.0178868302977722E-5 1.9992983081134857E-5 2.0221247920303236E-5 1.2922751109628707E-5 6.907263027483153E-6 9.557750304454578E-6 1.0000116894354023 
3.472879711288403E-5 9.40939258080877E-6 1.37738598385773E-5 1.6046538235469918E-5 2.173507669331481E-5 1.845457974011324E-5 1.754505118336397E-5 1.0000082492402365 
2.8497892161985217E-5 1.1882181841817675E-5 1.345400520521351E-5 2.8947609809495596E-5 1.2558272977128612E-5 8.77236359613962E-6 1.1709231490928673E-5 1.0000172247215386 
4.161835367844831E-5 7.3770649107188515E-6 4.281936951852704E-6 2.6160951276477133E-5 2.098358181883258E-5 2.330093697638167E-5 3.644809645649241E-5 1.0000345183906538 
2.8022532676863268E-5 1.0222436455219954E-5 8.779341609937884E-6 3.4779696649990726E-5 1.2343015278170161E-5 1.5972552352240442E-5 7.249203115578717E-6 1.0000181123483678 
2.8262437563090563E-5 1.9285303256507666E-5 9.646222489445703E-6 2.785144221776835E-5 8.38294954683769E-6 7.439584356780624E-6 1.3233453428593638E-5 1.0000140941841429 
3.0768658558441396E-5 1.6587302041674304E-5 1.2157068837455476E-5 3.384970967558763E-5 1.7682613405767399E-6 1.1353670147852144E-5 2.6254973179219945E-5 1.0000104755838157 
2.5164473181604493E-5 1.4549141083662118E-5 1.2216579323762508E-5 2.129347072439317E-5 9.885541258715906E-6 1.3817867449837848E-5 1.2796297370039748E-5 1.0000213964660094 
2.5614285430605186E-5 1.5560601602750513E-5 1.7023470002232062E-5 2.0904479060010054E-5 7.532612615729044E-6 1.4089720664427804E-5 1.9810536081114868E-5 1.0000128364842427 
2.4168481712824716E-5 4.442856912020397E-5 1.854123470438494E-5 1.3587021088272034E-5 1.39831086507572E-5 5.788686532097692E-6 1.5325688836059458E-5 1.0000213182260287 
1.3997796702664305E-5 2.188930278274526E-5 1.721554914671451E-5 2.1079275810135333E-5 1.3242073614283939E-5 9.779911418248104E-6 1.4754032135805604E-5 1.0000195480787504 
1.7413522574086804E-5 2.9311533804237684E-5 6.936972171068176E-6 2.2728736136105967E-5 1.5882174823072138E-5 1.318733177736644E-5 8.610645300372865E-6 1.000019237578275 
1.6569649776973414E-5 2.9797516370740037E-5 1.332061097171133E-5 2.2201347261234684E-5 9.75397830533371E-6 1.3274023989137872E-5 1.65935768705147E-5 1.000009779877862 
3.345088263187428E-5 3.830149361013701E-5 1.2385857862583715E-5 1.7242058778892105E-5 1.668211339138844E-5 2.998856990777378E-6 1.5167571637637395E-5 1.0000204105332278 
1.542150891182627E-5 3.2067278326744684E-5 1.2031130484476386E-5 2.8803119545320144E-5 1.062723778095877E-5 2.10050556857791E-5 2.6389363949947004E-5 1.0000055614130934 
2.0687241975021682E-5 2.7996473998365736E-5 1.0243104974007363E-5 3.477127345772304E-5 1.6587091344131483E-5 5.474983603110424E-6 1.39971297842592E-5 1.0000151222907658 
1.8387427820330403E-5 2.633889816013567E-5 2.4577675532370563E-5 1.9026946188555465E-5 1.2511729680055574E-5 2.0501096698440714E-5 4.62369831070452E-6 1.00001226065479 
2.280953803714204E-5 2.4163666970719708E-5 1.1033969026260571E-5 2.3474416083452136E-5 9.809050119914716E-6 9.169347023221207E-6 1.9551387413775064E-5 1.0000076667510767 
1.644527686982133E-5 2.9071834128887225E-5 2.4166618802718046E-5 2.9403027029594728E-5 2.022257998058131E-5 1.87439370655545E-5 1.6306895919898473E-5 1.0000059276463509 
1.7107043241122093E-5 2.3214378147269372E-5 1.4690318611539726E-5 3.247351207313737E-5 8.544619587760297E-6 9.184663831429492E-6 2.3755919320540465E-5 1.0000105270634359 
1.72715568213177E-5 2.348417029846451E-5 1.9241155337540005E-5 4.1177061426961156E-5 1.660480232791234E-5 4.153531650428197E-6 8.381235050290756E-6 1.0000117829228048 
1.1815723180704158E-5 2.7463830462657912E-5 4.28769481264261E-5 2.6027018747649297E-5 1.772960430910804E-5 1.5430029115654908E-5 1.1119899782452215E-5 1.0000085963142245 
2.5546228231486718E-5 9.569226890288913E-6 3.524228786115529E-5 2.9675688788528834E-5 2.1735997262128045E-5 1.5832946779126737E-5 1.620274584000367E-5 1.0000139558315313 
1.8150863451780213E-5 2.131962002258909E-5 2.9978792330141567E-5 1.8515012345784278E-5 1.3807777243920583E-5 1.7140451446077934E-5 1.4626546611386622E-5 1.0000050218070502 
2.14218792253554E-5 1.8275975199408717E-5 3.201708544225561E-5 2.130934890829494E-5 2.3111684298175568E-5 1.0970418154138221E-5 5.287084939012777E-6 1.0000064466210543 
1.5429373663553855E-5 1.9493403775740566E-5 2.7214986033420486E-5 2.5838082670282663E-5 8.991357927984507E-6 1.2615211002616059E-5 2.49183465435793E-5 1.0000117019891743 
3.740876423170263E-5 1.0239032850925798E-5 3.0511638744661743E-5 2.5610643804065242E-5 1.0468689767491493E-5 7.809749661767983E-6 7.76157691003356E-6 1.0000123360379314 
2.8172565939509575E-5 1.5211564017808714E-5 2.5436912340230932E-5 2.3098379831708422E-5 9.364187151625178E-6 1.0931918935333488E-5 1.6290494749166492E-5 1.0000067610402006 
2.788027230294598E-5 2.15525837848787E-5 3.006770720630043E-5 2.0127432792845994E-5 1.1398587960815331E-5 1.0349064444942506E-5 1.829769483776036E-5 1.0000252049749858 
1.9986918079776052E-5 2.125179200484764E-5 3.2000867711085674E-5 1.530559555690209E-5 3.0052463207895912E-5 1.2963749788011383E-5 3.069934953399652E-5 1.0000092340779916 
3.403405853237187E-5 1.535668861411573E-5 3.0394457577339833E-5 1.3708803349378256E-5 2.152450397807642E-5 1.0819736825847514E-5 1.2002970318568185E-5 1.0000263308220259 
2.1181783559471155E-5 3.963636922552389E-5 3.429063593795328E-5 2.2802043800714283E-5 7.905470990842776E-6 4.52625323343323E-6 1.7517966403395773E-5 1.0000052301525362 
1.7302888585248037E-5 2.563211153784777E-5 2.598529904036111E-5 2.0140931274944107E-5 1.2545271219982008E-5 2.2171856287026845E-5 5.313654551259598E-6 1.0000123337662354 
1.6430271048063524E-5 1.959578100420894E-5 1.3040264868081358E-5 4.106457105790961E-5 1.813683359015059E-5 9.064401226394392E-6 1.34692419253634E-5 1.0000111608066335 
1.9012833810419303E-5 2.2784370090345137E-5 1.739380396446585E-5 4.6582178755769256E-5 1.2973856005153676E-5 1.994988016706252E-5 1.807627354991347E-5 1.0000079660666983 
3.236872703446681E-5 1.5011539950372808E-5 1.0364599350982525E-5 3.770076862910177E-5 1.7855090283584317E-5 1.4610669211130261E-5 2.6006473125033283E-5 1.0000264848980374 
2.3598135698769282E-5 1.8089473475753727E-5 5.536728077080648E-6 3.0980186534129477E-5 1.501422417639239E-5 1.9659667769522772E-5 7.2791500081380685E-6 1.0000145568427192 
1.9071020973382354E-5 1.5375443856357492E-5 1.1328020063448696E-5 2.414537743140747E-5 5.965687983220739E-6 1.2977439858318664E-5 1.773113876122962E-5 1.000016656569099 
1.7514570654544125E-5 1.5678645834664927E-5 1.1006584490226976E-5 2.8039687684161674E-5 1.3661394811321004E-5 1.3000375820915147E-5 1.995978196507603E-5 1.0000138775821852 
2.5067952123914334E-5 2.3391826895883102E-5 1.0763266374579988E-5 2.821685716880572E-5 1.9130807420905328E-5 1.2174997397057852E-5 1.2850051128605168E-5 1.0000082306787088 
2.4482431206576953E-5 1.520802964942356E-5 1.2528416447330641E-5 2.1249191438579926E-5 1.0006079736962242E-5 1.4824894666187931E-5 1.3181546890596331E-5 1.0000201605228989 
2.6648954109379654E-5 1.9292832418875496E-5 2.3653460894629352E-5 2.04050204172936E-5 1.5555950537820945E-5 1.5866397926370962E-5 1.2162990928759124E-5 1.0000106643361393 
2.0623048189432265E-5 1.9669795838435823E-5 8.69151079510297E-6 1.9655468218339267E-5 1.909883433735051E-5 1.3722498175606265E-5 1.4775231669660476E-5 1.0000206166763068 
2.5015284470346676E-5 2.105824139755455E-5 1.9940485693322335E-5 2.11559490309726E-5 1.2645938702925253E-5 1.3294758024218148E-5 2.160219659646472E-5 1.0000103169136247 
1.689167337270381E-5 2.1259753099450007E-5 2.1329293945904396E-5 1.63963353679146E-5 1.6373190008364698E-5 1.7136580029723206E-5 2.4349341353929484E-5 1.0000217043292012 
2.0389748643734405E-5 1.9847486929962546E-5 1.5502774397085748E-5 1.5710767004922588E-5 8.017703725559037E-5 8.516710955198145E-6 2.008893070158968E-5 1.0000311992232684 
3.0069682078139584E-5 1.0555096963612659E-5 3.2757503519628614E-6 3.2507736042782684E-5 3.472079573944962E-5 2.41279548992367E-5 1.2197265086961744E-5 1.0000308792346952 
3.1119354915166665E-5 1.3642788495777986E-5 2.2171986288881615E-5 2.9023861347583624E-5 2.8627896952734192E-5 7.4310779291049946E-6 1.3655592459910669E-5 1.00000495112256 
2.1761356973320577E-5 2.1984586663253233E-5 4.985253887905425E-6 3.392657616423935E-5 3.3057676800987025E-5 2.2553993239950328E-5 1.1565774436771126E-5 1.0000296815569933 
2.1451745525226313E-5 1.2627503304452138E-5 7.671050115866179E-6 3.448643921740309E-5 2.2849058833430922E-5 1.6630870818318234E-5 1.2369437053245784E-5 1.0000116496476168 
1.646809104530269E-5 1.2139023981552389E-5 1.605647103116582E-5 1.8130520021805396E-5 2.0243975936590018E-5 1.642934181093296E-5 1.8631478271680135E-5 1.0000188506945953 
4.447685693038837E-5 1.831080998480603E-5 7.463389784068795E-6 2.3007563102290862E-5 4.3673106958873724E-5 2.562241560884325E-5 3.19241425841149E-5 1.0000364866146279 
1.2225850543319691E-5 2.1009796955064484E-5 1.98059623046788E-5 2.8046691370430777E-5 2.3072863946523705E-5 1.5125599894666298E-5 1.5498424745453896E-5 1.0000181167904207 
1.438464463902745E-5 2.7692155204785508E-5 2.622830612325987E-5 1.9877291128798447E-5 2.7186836824584406E-5 9.013362445188622E-6 2.396783646242551E-5 1.000015439858907 
1.4434191582036296E-5 2.1176144257670715E-5 1.588374953785195E-5 2.0980359439706144E-5 2.1626291306830457E-5 8.020415454186296E-6 1.8736674788170244E-5 1.0000227583035948 
2.525437308476676E-5 1.4209571291079998E-5 1.746465157988582E-5 2.0714204384006256E-5 2.0375455820592616E-5 1.7151392503941545E-5 1.1729634065121917E-5 1.000013257423094 
2.6796865649059723E-5 8.423515154237E-6 1.2658293473501432E-5 2.386718180216276E-5 2.0246171818689087E-5 2.015488671130067E-5 1.471754215938572E-5 1.0000151188065125 
2.0688121090547616E-5 1.110108256470896E-5 1.649084653102105E-5 1.5069137843356498E-5 2.773373740949006E-5 4.3042684796747525E-5 1.2803595564230837E-5 1.0000166190037978 
1.4924779575890566E-5 1.008530419204147E-5 3.7810624800531786E-5 2.538977252913852E-5 3.1281141443181245E-5 5.243814507171317E-5 4.0786673408221796E-5 1.0000219171943643 
2.0875805448766364E-5 1.3099019714184935E-5 1.4050527220860056E-5 2.347579337802569E-5 1.218552279737435E-5 3.540917635338656E-5 3.2257865827325654E-5 1.0000103680428647 
9.323695734416683E-6 2.2195756112567875E-5 3.0812185537347316E-5 3.031044000108767E-5 1.189494992731574E-5 3.328243292034458E-5 1.3924722116812295E-5 1.0000108420507257 
2.2965160248667493E-5 1.634837177771318E-5 2.8196577345276143E-5 1.544086504540042E-5 2.024913330268237E-5 3.139172246649432E-5 1.1716662795351374E-5 1.000011774217142 
3.617088165082575E-5 8.086058052335017E-6 2.231445112774756E-5 2.07168469273867E-5 1.1148513901225936E-5 3.0446708658254395E-5 8.126283959032311E-6 1.0000181342489523 
2.5138884669729436E-5 1.2527080813299245E-5 2.1025187836762186E-5 2.385804409689062E-5 9.314132215234432E-6 2.583777654426276E-5 1.9375926443754377E-5 1.0000253710551008 
1.584554995469086E-5 1.3415605161023368E-5 1.378312989227654E-5 2.043526426685284E-5 1.3977701088748996E-5 1.9746396682377E-5 1.7375640686604815E-5 1.0000211131515866 
2.529085882917885E-5 1.8261388340099258E-5 1.452775211578442E-5 1.5516079777821856E-5 1.682564539715414E-5 2.2749121690800542E-5 8.889961687119486E-6 1.0000159565709017 
2.220164353132234E-5 1.713882491481954E-5 7.379022287203645E-6 3.5593371497591346E-5 8.351548713027794E-6 2.0673437152422775E-5 7.905331816510747E-6 1.0000149421665072 
3.601341449882653E-5 8.942648265213691E-6 1.476995289594703E-5 1.3031738081886556E-5 2.1964540093600728E-5 2.5993792027053053E-5 1.4198968442208519E-5 1.0000154428856312 
2.8466738383689635E-5 1.718717409354774E-5 2.163624564543209E-5 2.3987411126345505E-5 1.045032651923476E-5 2.248547205838366E-5 8.755705513423654E-6 1.0000129879312816 
2.4418068429669282E-5 1.8484676214713898E-5 3.009370771745619E-5 6.922795484951397E-5 1.1716342855025506E-5 1.3131435166697744E-5 9.475399249619807E-5 1.0000122950019341 
1.3196946866277454E-5 1.8316633075821728E-5 1.4446236139618068E-5 3.083950703635692E-5 9.980131825505406E-6 1.0427060547557799E-5 2.7668119688652744E-5 1.0000209742554298 
2.22334590797855E-5 7.434418070960799E-6 1.354317504205109E-5 3.364917151925953E-5 1.5457714650603253E-5 1.499867313005264E-5 5.864231159628441E-5 1.0000231978190308 
1.840106270803359E-5 4.6130595005334425E-5 3.347869440845573E-5 2.843338684078119E-5 1.5446770745393337E-6 3.203737584426852E-6 9.261410460304808E-5 1.0000240370830642 
1.3487639468357662E-5 2.0422849538090424E-5 1.05382818238208E-5 1.0229975696527714E-5 1.8995344365513346E-5 2.053216891150075E-5 5.914118153273314E-5 1.000050856899145 
3.731950038614616E-5 2.2419168691036245E-6 3.069280866469815E-5 1.406287001981186E-5 2.0901880408086084E-5 2.6143172924472176E-5 4.8619474092622436E-5 1.0000169535509535 
1.1770826302338699E-5 2.0364488657541352E-5 5.177280315073423E-5 1.6116649029391215E-5 6.317486722911346E-5 1.0483392682099695E-5 6.199876861961821E-5 1.0000539422601715 
1.7404576776988222E-5 1.0900229465747706E-5 1.258650836843778E-5 7.591623528387541E-5 8.925282373615767E-6 1.2409661362060136E-5 4.0334104375485025E-5 1.0000226931820038 
2.207044124263853E-5 1.4224238469691042E-5 2.9281655688565912E-5 8.325341913875326E-6 3.024729627750283E-5 1.3101263330855057E-5 3.245988829223657E-5 1.0000170225016758 
3.2313696519490203E-5 6.350799625785039E-6 2.192370245138396E-5 1.477754444563931E-5 3.1589463792437756E-5 2.650833558617817E-5 3.8783166634371636E-5 1.0000231238928374 
5.014268508889668E-5 1.2895841365064077E-5 1.6269872988336598E-5 1.3958174568584447E-5 2.8195160429727314E-5 7.5664935226610985E-6 4.569779267021537E-5 1.0000203132709096 
3.1765284789307965E-5 9.568771721322739E-6 4.213388056892608E-6 3.408524154319792E-5 1.8793395626106536E-5 1.560739321998694E-5 4.108070677314966E-5 1.0000335456535687 
2.0897328047101883E-5 2.3498309720072246E-5 1.1735378572461044E-5 1.2093262881383861E-5 1.722795475837553E-5 7.2952951035809706E-6 8.281883886452042E-6 1.0000496676862123 
2.1040377310837446E-5 1.3517027232454743E-5 2.14985767142776E-5 2.155101227483235E-5 1.097409377866547E-5 1.4208585624383063E-5 1.8077287451172233E-5 1.0000353787433334 
1.584257887563656E-5 2.6551314972019167E-5 2.2370687048660234E-5 1.4305693862690013E-5 2.6310519205231035E-5 2.2336448096827043E-5 1.1963528970143548E-5 1.0000469838281523 
2.186180821451813E-5 9.830773256695644E-6 1.480192578678953E-5 2.853474954479952E-5 2.4422506462732295E-5 1.8704296300465543E-5 1.0400808197683523E-5 1.0000311053822926 
3.252188363107798E-5 1.6963354667572007E-5 7.915923551823262E-6 2.8169880373112638E-5 3.436156541026583E-5 1.620656535378909E-5 3.968540503647584E-5 1.0000443062713158 
3.344670949092702E-5 1.2634938702191952E-5 1.600525923822405E-5 1.0858446107118165E-5 2.433916477139367E-5 8.18549685754709E-6 2.130301088707913E-5 1.0000338198583394 
2.4050291401253386E-5 1.828892357963331E-5 7.677857562502078E-5 9.70339643848093E-6 1.967513149320516E-5 1.2639697183094839E-5 1.85846965659236E-5 1.0000386005322683 
1.2976367304540115E-5 2.100623503029352E-5 6.443032253244153E-6 3.7006850468299325E-5 9.512787935605356E-6 1.6630655745952694E-5 1.7940180564572884E-5 1.0000258162540028 
1.8372416101107064E-5 1.2088708341079472E-5 5.5856512676243955E-6 4.419264335427501E-5 7.363431322232457E-6 2.045037107782902E-5 1.9156554290071325E-5 1.0000252776644152 
1.6584190203124825E-5 1.1924693202185457E-5 2.5142322162105936E-5 2.0854111778615658E-5 2.2800713643278734E-5 1.1734298433830726E-5 1.5868968224987623E-5 1.0000226451030223 
2.0210886729648782E-5 2.02861085014301E-5 1.7642098017521977E-5 1.565413011293161E-5 1.3888450301445532E-5 1.664555725807149E-5 2.258376936979241E-5 1.0000272820821225 
9.241540464728363E-6 3.181825129791072E-5 2.0865462422055425E-5 3.6458702412216135E-5 1.6111644579796882E-5 1.4070233791005599E-5 1.4284465839456101E-5 1.0000314571360867 
