1.0000003285600518 0.0 0.0 0.0 0.0 0.0 0.0 0.0 
6.125860254151021E-17 1.000657315815046 0.0 0.0 0.0 0.0 0.0 0.0 
6.126232283670012E-17 1.0003796235023212 0.0 0.0 0.0 0.0 0.0 0.0 
0.023165926371323215 1.0000921523210746 1.075447767259039 0.0 0.0 0.0 0.0 0.0 
6.07413069934088E-17 8.27337118669602E-18 25.199773945502116 0.0 0.0 0.0 0.0 0.0 
0.8001556283139416 0.10680991578419319 17.71566673356773 0.0 0.0 0.0 0.0 0.0 
0.9895697439403707 0.1350363469430954 1.4795098820104635 0.0 0.0 0.0 0.0 0.0 
6.124791589206463E-17 0.9994439577149683 1.1608983582285082 0.0 0.0 0.0 0.0 0.0 
0.9934238703833363 0.1160582817989899 0.0 0.0 0.0 0.0 0.0 0.0 
0.5956340806997172 0.8238146642078358 0.0 0.19975580690526373 0.0 0.0 0.0 0.0 
0.9104750636219435 0.4174244864457055 0.0 3.337686261438758E-5 0.0 0.0 0.0 0.0 
0.7219245167266399 0.6929078164667154 0.0 0.0 0.0 0.0 0.0 0.0 
0.3071752280396403 0.9521853857148284 0.0 0.0 0.0 0.0 0.0 0.0 
0.9931553147444424 0.03234063755538301 0.0 3.372641231738272E-5 0.0 0.903098548722896 0.0 0.0 
7.207234644146965E-17 1.5119614162361948E-18 0.0 22.695731042596382 0.0 0.0 0.0 0.0 
3.2906046649753712E-49 5.583455005654887E-33 1.8115535635959477E-15 18.022416657131313 0.0 1.3267241732969062 0.0 0.0 
2.442674644573259E-49 4.748417422687254E-33 1.8691684169893485E-15 22.119059609760004 4.157203480314742 0.5297661500601688 0.0 0.0 
0.770206146080505 0.0 0.0 15.390861881046282 0.0 0.0 0.0 0.0 
5.6378091604701696E-33 1.0511239094525558E-16 0.0 20.54470925546048 8.154229573469932 0.9357929874825385 0.0 0.0 
4.1372162196182135E-17 0.671775387764476 0.0 17.377354401168617 0.0 0.0 0.0 0.0 
3.3419107558777293E-49 5.032006932202726E-33 1.7365044707344158E-15 16.98143588870066 9.151827799772805 0.0 0.0 0.0 
0.7249070461850635 0.027673882035189102 0.0 16.652353252853576 8.33588436456798 0.0 0.0 0.0 
2.6880013225725666E-49 4.597673363503092E-33 1.764639006092068E-15 21.447142273286897 8.024362030182493 0.5262708996255824 0.0 4.149401517784702 
2.150815621102023E-16 0.7399416244817782 0.0 16.97708916839715 9.10457300111979 0.0 0.0 0.0 
0.9297326365745355 0.0 0.0 9.09081083421261 0.0 0.0 0.0 0.0 
5.678634071283077E-17 0.9272368395580198 0.0 9.309898240232554 0.0 0.0 0.0 0.0 
4.0178519279934396E-33 6.453077844065079E-17 28.419996592434572 0.0 4.329633463924822 0.9629972524450466 0.0 0.0 
4.019934536501211E-33 6.952708020351802E-17 29.467680410879982 0.0 4.236401797459645 0.0 0.0 0.0 
4.045380917366012E-33 1.1231856335953614E-16 28.238683179327886 0.0 4.095703716994618 1.1740257319131409 0.0 0.0 
0.5957667247932118 0.8053467165879205 0.0 0.0 0.0 0.0 0.0 0.0 
6.119126004375456E-17 0.9996497763308974 1.1419727340709487 0.0 0.0 0.0 0.0 0.0 
0.9997582103109812 0.035403207739017124 0.0 0.0 0.0 0.0 0.0 0.0 
5.177972462239087E-33 7.915342753996802E-17 22.988430625597942 0.0 0.1962839519638994 0.015257604269905346 0.0 0.0 
0.9998240099764664 0.019242777223137907 0.0 0.0 0.0 0.0 0.0 0.0 
0.8386374897035692 0.04900958981331338 0.0 0.0 0.14894873025226002 4.012989464474729 0.0 0.0 
5.024153628112309E-17 0.8110483980496083 0.9173508864342715 0.0 0.0 4.75493597364877 0.0 0.0 
3.444500486525729E-33 8.738290562439699E-17 13.55224676960056 0.0 0.10468597836283303 4.307984697444926 0.0 0.0 
4.484446542698661E-33 6.894879440247218E-17 10.91807440723781 10.514534023077994 16.1967195179191 8.313080238869908 0.0 0.0 
3.0584001546186365E-49 4.689978072561489E-33 1.1670600710896142E-15 15.559262596186644 0.15734139865528862 5.063149939900182 0.0 0.0 
0.6842339871259776 0.02507654568155133 0.0 12.912616894531874 0.0 4.128411039282223 0.0 0.0 
3.1634670048742614E-48 7.554536724344176E-32 1.0556494497934802E-15 10.87305033118148 0.12136166202392343 3.1189378198302564 0.0 0.0 
4.214937260657333E-33 7.618985740240302E-17 17.914957829236943 0.0 0.0 3.647886354000687 0.0 0.0 
4.159264316475334E-33 7.024451543859925E-17 19.30162711672682 0.0 0.14721983156452542 3.553186548298253 0.0 0.0 
0.9917378854862372 0.019062428467150755 0.0 0.0 0.0 1.0112367421763817 0.0 0.0 
2.5045509811069664E-18 4.2094715380719704E-16 11.741116131331237 0.0 0.0 0.0 25.03485393825854 0.0 
4.3406083180885415E-33 2.9730932425455687E-34 1.754075051685909E-15 21.702193782196275 0.011755288522269336 0.6354956705762883 8.572621327306623 0.0 
2.756481920983114E-49 5.461964925424734E-33 1.7498940270174475E-15 18.261842224181674 4.684539886834118 0.0 0.06033318479730213 0.0 
6.07023333944962E-17 8.275604210289749E-18 25.293930858777212 0.0 0.0 0.0 0.0 0.0 
0.8195228703652617 0.0 17.83907686075591 0.0 8.836357736647528 0.0 0.0 7.3208409035123205 
0.7245941090949228 0.0 18.311906906596708 0.0 0.0 0.0 0.0 0.0 
5.72422523620418E-17 0.9352659778833313 9.342593258990606 0.0 0.0 0.0 0.0 0.0 
5.1740544373694834E-17 6.5037249164625626E-18 17.49245189650497 15.711993455992793 0.0 0.0 0.0 0.0 
5.721499558394382E-33 1.6250036069793932E-16 15.994553039358733 9.943398101406084 14.887464688039369 0.0 0.0 0.0 
0.726859664816603 0.0 17.367143566029466 0.0 0.0 0.0 0.0 7.463785448440993 
0.9999943881264131 0.019209815097788987 0.0 0.0 0.0 0.0 0.0 0.0 
6.043532062046944E-17 0.9897618784321861 0.0 0.0 0.0 0.0 0.0 6.987354141087891 
0.7208803861536455 0.7067421983085 0.0 0.0 0.0 0.0 0.0 4.900929024968499 
0.9957625526303561 0.019329071662923775 0.0 0.0 0.0 0.0 0.0 3.7565087287758168 
0.9751570806112325 0.0 9.979518505056497 0.0 0.0 0.0 0.0 3.6879424424186666 
6.10952971201031E-17 0.9974039008504455 0.0 0.0 0.0 0.0 0.0 3.2194616126713824 
0.7119766197626498 0.013597745318664646 18.144425643530557 0.0 0.0 0.0 0.0 0.12483471488658852 
5.950258334844136E-17 0.9715817528291778 0.0 0.0 20.46017625418915 0.0 0.0 0.0 
0.9996961801635829 0.01922326303899813 0.0 0.0 2.1706870259559197 0.0 0.0 0.0 
0.9998182892996103 0.0192439279551205 0.0 0.0 0.0 0.0 0.0 0.0 
6.099590955187837E-17 0.9955535931649944 0.0 0.0 8.465785827069066 0.3207885360511784 0.0 0.0 
6.118572717752974E-17 0.9994530985779274 1.1541910378486628 0.0 0.0 0.0 0.0 0.0 
0.3689053150411701 0.9299979329210233 0.0 0.0 0.0 0.0 0.0 0.0 
