1.0001874306858656 0.0 0.0 0.0 0.0 
0.0 3.3047800903671782 0.0 0.0 0.0 
0.9475258305029592 1.124775174235804 0.0 0.0 0.0 
0.9254555799407952 1.5897976962926474 0.0 0.0 0.0 
0.931644911545085 1.4577122069771653 0.0 0.0 0.0 
0.9326316896567866 1.4395039077220817 0.0 0.0 0.0 
0.9333292514287199 1.4260813373776973 0.0 8.445190183752705E-15 0.0 
0.9340676184925786 1.4104063919820247 0.0 8.446996064336674E-15 0.0 
0.9342911963651863 1.4008023165681305 0.0 0.0 0.0 
0.9349044258397438 1.39145705214293 0.0 0.0 0.0 
0.943482727563788 1.3784847851373498 0.0 0.0 0.0 
0.953043614277171 1.005559555059111 0.0 0.0 0.0 
0.9530860259968186 1.004006710245519 0.0 0.0 0.0 
0.9533786110419351 0.9954340956365885 0.0 0.0 0.0 
0.9537163187284532 0.9886078572851436 0.0 0.0 0.0 
0.0 0.0 3.901810957251246 0.0 0.0 
0.0 0.5017149674783621 2.912085626012895 0.0 0.0 
0.0 0.39891647174501443 1.1408267050334502 0.00110963581118576 0.0 
0.0 0.4215466647007303 0.9670575867611385 0.002236753168072761 0.0 
0.9385664950932349 0.6339210376954783 1.8756837970445241 0.0 0.0 
0.9708568412096844 0.01188966423144637 1.654581854443856 0.0 0.0 
0.9246918074061634 0.9660230172503033 1.7316590228605815 8.43458443143906E-15 0.0 
0.97801371154265 0.0 1.3289657685159606 0.0 1.0604159300911858E-14 
0.9826275478483851 0.03426052354114148 0.9513872605028479 0.0 0.0 
0.9838746074244272 0.01312816347330381 0.8976233641358338 0.0 0.0 
0.9420979061389054 0.46887116511213234 0.9370805907155133 0.2004610466359927 0.0 
0.9427147549559937 0.9846291575137348 0.6512964790634952 0.0 0.0 
0.9658380816112888 0.5637246538464792 0.46081126507699244 0.0 0.0 
0.9946707868904477 0.0 0.3208394469301302 0.0 5.296594558167324E-15 
0.9994967553877809 0.013187792269511577 0.019124063487599804 0.0 0.0 
0.9998958768392368 0.0 0.01912138773568404 0.0 0.0 
0.9996797953134319 0.01220990957462132 6.324522995185812E-15 0.0 0.0 
0.9597766180987117 0.8742992952646671 6.323375494924914E-15 8.434871710168337E-15 0.0 
0.0 1.3157325075523063 5.106632224605736E-15 0.0 0.0 
0.9531379250981155 0.8736639097012747 1.2617315053829017E-14 0.47266498370601556 0.0 
0.0 0.0 0.0 1.012279142060882 0.0 
0.9477557760317369 0.9864406800619206 0.0 0.47850494847841923 5.29972226688572E-15 
0.9934562250001825 0.03460287270511494 0.0 0.47561718029834377 0.0 
0.9940231186739855 0.0 0.0 0.4690332837213857 0.0 
0.9942167352309347 0.012138097876811157 0.0 0.4668747870328825 5.297275092592235E-15 
0.9989574926684357 0.012241573808792833 0.0 0.05133306840364139 0.0 
0.9601474059373425 0.8725471863578383 0.0 0.0 0.0 
0.966015738838302 0.7291704966151165 0.0 0.0 0.0 
0.9902561220971959 0.21756010199943432 0.0 0.0 0.0 
0.9726083540920183 0.5919866817101103 0.0 0.0 0.0 
0.9980865507046486 0.052297021661508944 0.0 0.0 0.0 
0.9770655535911825 0.4964422533093009 0.0 0.0 0.0 
0.9864262971830028 0.2977941922243524 0.0 0.0 0.0 
0.9758771242797172 0.5300557310995632 0.0 0.0 0.0 
0.9702276227921585 0.6373169226142072 0.0 0.0 0.0 
0.9853207576064104 0.31694507211780676 0.0 0.0 0.0 
0.9746783100835494 0.5427868624671148 0.0 0.0 0.0 
0.0 0.0 0.0 0.0 1.4540473871754587 
0.9540036356491167 0.9793275864685115 0.0 0.0 0.0 
0.9802897586992851 0.4302483340051631 0.0 0.0 5.299687049624791E-15 
0.9545276950569785 0.9706040234343882 0.0 0.0 0.0 
0.9999743253638106 0.012195367876912567 0.0 0.0 0.0 
0.9974746274290384 0.058092394283427495 0.0 0.0 0.0 
0.9996043529034753 0.01225574993396328 0.0 0.0 0.0 
0.9997056616057134 0.012232100649002113 0.0 0.0 0.0 
0.9758841540053107 0.5300514454589517 0.0 0.0 0.0 
0.9758743932617114 0.5304679169975264 0.0 0.0 0.0 
0.99960905940599 0.012235771729142825 0.0 0.0 0.0 
