1.9457273816696317 1.594409112344039 1.2385071776817151 1.0631052889814854 1.947249653558957 
1.8996317489265555 1.3928619880846425 1.170678010625199 1.2886555969842297 1.9172757815402088 
1.9420866153416325 1.596777308553395 1.3828429168932506 0.9308601242378287 1.940802403289926 
1.950199910529358 1.2613322923055132 1.2226014861660892 1.4164660425871132 1.950199910529358 
1.9449583245715296 1.4885634573230777 1.0075683578293109 1.4238835179336786 1.9227699275393446 
1.9203539329543786 1.5742770155504686 1.4430963319196886 0.9904968058522992 1.7545414504644439 
1.9488426067102824 1.8628773227023359 1.3849637550834732 0.7356885648987969 1.8644990255043576 
1.9482036840904806 1.8000538026770734 0.9782084192412054 1.2039280889911066 1.864415970195937 
1.946702793772463 1.1021017545436076 1.4040079105497758 1.4600304145536542 1.8739683016703514 
1.946147564957283 1.946147564957283 1.4494336363246771 0.49671392863260594 1.946147564957283 
1.9218244166735978 1.9413041322636115 0.8299610980190962 1.1483354989064747 1.9471417152875932 
1.8954789170305069 1.526423344887829 0.9865804318675377 1.4413177356279037 1.94012547602949 
1.9482514160297766 1.4568153251850167 1.2623013311699018 1.5105237484059555 1.6217323262398722 
1.9458002471772873 1.6961960307713857 1.2528219370751925 1.4169500188902415 1.475758923005095 
1.9459874570986258 1.688424820756243 1.4275017530576823 1.2989090301122224 1.4275908718046884 
1.9460683361153446 1.6919280691961387 1.4240893362385418 1.298953091804345 1.4276392986521522 
1.8506907326659958 1.169841636937237 1.384825509406587 1.4437930428534331 1.93735796109796 
1.9481661312597596 1.9481661312597596 0.7620757944199957 1.5103082807944124 1.623948187305111 
1.9492549578225216 1.4729503449169008 1.4461706543962083 1.5798230623097138 1.3488208118447416 
1.6369978051114538 1.872045101731739 1.1562723300804993 1.2637231802300415 1.865716573019398 
1.6720886719928822 1.5959425823642306 1.4706870793547016 1.1091040119338456 1.94927411521522 
1.145082099984703 1.9040996524703866 1.4041493883727982 1.4605866466143007 1.874308976173067 
1.4931221586067172 1.837215174471991 1.3367194368796693 1.2641949201990044 1.8664130333613609 
1.9479559857343198 1.9479559857343198 0.30085606595104 1.6470999197832799 1.9479559857343198 
1.6865610232742727 1.88533686892227 1.290826526331064 1.394530496668306 1.543357920763989 
1.950830495554635 1.950830495554635 0.9703652992565968 1.5813846593190513 1.349911032533622 
1.2600836335875973 1.7589566624655013 1.3845876175734324 1.439588905034687 1.9477389395537394 
1.5128675300829235 1.7443913001373696 1.0665834795689126 1.5229837458776518 1.9489420185556192 
1.7889941143335892 1.7494227355821255 1.3825073251040756 0.9303935229390338 1.9413649547305019 
1.5499361431538354 1.8729567774920701 1.4463735599942353 1.5804888676088273 1.3491463614554267 
1.4203838482199835 1.8669196663208423 1.5823585668359577 1.5806172735120096 1.3492559720706092 
1.6003348468790508 1.7852931831649086 1.243810091452972 1.6084164293552765 1.5569592408800113 
1.4266600618415846 1.7188258369413825 1.4659682081951806 1.5129709801207472 1.6646576630897871 
1.6565283313922163 1.5609898006019105 1.2046553275608274 1.4168951647223385 1.946014569068349 
1.7404689013185908 1.6814033699841087 1.3010884387575559 1.532774263197052 1.5429830256283676 
1.6780665933446568 1.602728069536756 1.5827580613593666 1.3947680379061322 1.5436208129357865 
1.5867613076956044 1.486550450557293 1.3515619212524639 1.4224764659389506 1.949116715148104 
1.6459495123735823 1.5621736535738946 1.5025410281443738 1.527622372847204 1.557221922598538 
1.8605557519980112 1.339154296161728 1.5274018893370136 1.635505221509398 1.4356934462460715 
1.9098724950860286 1.307566344228709 1.9498650073909423 0.6824043702239768 1.949902738976552 
1.9160289755714828 1.351916668556146 1.4706485528387159 1.109074957545563 1.9492230515039688 
1.8387211661925602 1.263692604869594 1.9488916113149979 1.224831320960943 1.5194297419218967 
1.3081955338223732 1.7903578096783157 1.9502108068328252 1.2138523818408362 1.5382266951569508 
1.945345884778867 0.9724857118643042 1.8084376676079168 1.203878000290535 1.8643384022962204 
1.5114434097383243 1.3797990153113517 1.7692764097589908 1.180639122013991 1.9470526522742193 
1.9453200826280064 1.9200206890795621 1.9126198118146238 0.06423723516191551 1.9390825118279176 
1.4501684843391813 1.2853104368308892 1.943804438164327 1.6914537355578225 1.429815927291399 
1.7778402014898764 0.877404303451198 1.9503558474308549 1.6752517214750888 1.5205713158764012 
1.861144211400665 1.796307736642293 1.7794760021732832 0.7514945197107095 1.6080401231835308 
0.3664318014521857 1.9493985359331687 1.9407908410820924 1.5978447609173498 1.9431282043478781 
1.9392148122598178 0.008452613540829289 1.9476674258006472 1.9476674258006472 1.9476674258006472 
1.3384427996692247 1.1727161089937492 1.7018253969478416 1.627829314638561 1.9469378734164589 
1.71843405061495 1.609052858107849 1.6170566922765397 0.9032420083407607 1.9492618697800332 
0.8167554645021954 1.8865082372875155 1.720497044428433 1.417393800781863 1.947051515666669 
1.9349209914896874 0.5060011077722574 1.6892319467036954 1.7099965181317642 1.946716854699135 
0.9909396923213445 1.3200745728111714 1.6464045148260167 1.7907101734900568 1.9160429844828633 
1.7837163971103676 1.6613328498463005 1.6025707855338667 1.213577306569452 1.5378781123045788 
1.2662689140803896 1.7798276067916774 1.7876022969531702 1.016569895736379 1.9500895711872053 
1.6731234665532704 1.855094158087748 1.7332615169269772 0.4847915303995992 1.9154235573225316 
1.6538290147233652 1.5961197400862124 0.6456308961112592 1.9477898254604185 1.9477898254604185 
1.4451597940374878 1.3049382069898245 1.2776871726952108 1.8225505786104634 1.9501119174443289 
1.5650033209433154 1.4580591280105275 1.004739792292863 1.8225583015710318 1.9501201809392459 
1.440738174873583 1.830336497463572 0.690364342311287 1.8798290649809388 1.94708935987646 
1.9479677321248625 1.0623572656971159 1.036472134717763 1.7971060638348464 1.9479677321248623 
1.9451421142571503 1.365141814309654 0.7538776917881824 1.8029801769904013 1.9234807293321108 
1.3396545975832728 1.6682381214331516 1.0356346871970983 1.7956540402182735 1.9463938154772655 
0.5329251172417642 1.6640198880146002 1.705171083005339 1.9485014409755328 1.9433882346648954 
1.9461208769537137 1.9461208769537137 0.0 1.9461208769537137 1.9461208769537137 
0.8422703155242831 1.726759940013931 1.7589392108806772 1.9492178528736324 1.5196840922020058 
1.8755996631920733 0.951062734507497 1.3028870559370158 1.7097462004036443 1.9464318846800768 
1.324611285669421 1.9132504689678675 1.2721443625459368 1.8367791490675374 1.4394741130213262 
1.948887170728108 1.9183563777739328 0.6276453645145964 1.8238096296893556 1.4773793033263893 
0.962204617215605 1.8641150158274942 1.3027290662051991 1.7095388744175233 1.9461958578886072 
1.17741080816362 1.6097557096506223 1.4265390718761695 1.6297148882973123 1.947806825995908 
1.9448217340387544 1.430838532834568 0.889150036288455 1.6005045410754302 1.9228817819709667 
1.1979475916542364 1.8831608707071208 1.1106802492533892 1.6482718626745094 1.9466868580964185 
1.4533051464315625 1.9043833132711323 0.8600629116322189 1.628460991513739 1.9385983602688321 
1.6571907182786463 1.5609848418741792 1.4565696611445011 1.6921331402642485 1.4289498927504745 
1.945569688607491 1.6265652658269745 1.059914994962221 1.6799457244842526 1.4758121009020109 
