0.4683955802233353 0.016206332505971418 0.057616384903407335 0.053769867174855684 0.11953496018930618 0.34638714793070297 0.8341337242524733 2.349686886366633 
0.19074860409426547 0.026850845240806786 0.04559377103262117 0.0906872334576422 0.2156341948529356 0.43288336563012425 1.0393742883069172 2.9420361761149265 
0.2751374156980308 0.018446274598429464 0.07197680062846207 0.05369969854920666 0.12353037535959534 0.5090703924722371 0.8234039995012719 2.4124035935577366 
0.17934272723254754 0.013000416274913329 0.04769028842561917 0.06162269591655523 0.1470817707127022 0.5006840596540187 1.261733256114835 1.3722286509511985 
0.18247326117995674 0.016629905951908965 0.04621465762230379 0.058499137960495606 0.13203978098244076 0.3049443952674576 0.941257673001761 2.3322823644131683 
0.18217711408469595 0.017901461621631788 0.055481472015841575 0.09105718590126911 0.10303914025632398 0.5316567701975604 0.9034916965024714 1.7984718519043394 
0.17743194121302433 0.014998068380913412 0.0467062403397997 0.04870891810048183 0.19448666325243555 0.5292303982263368 1.2262963359881784 2.634290018697486 
0.18221759353919367 0.021720158394029892 0.04594087295090546 0.06256585842481772 0.09918096877247334 0.3828218883933354 0.6229157235341306 3.044179168931203 
0.18472329737196055 0.022418257053707365 0.0445598852135084 0.053133505542372964 0.15958921412302388 0.6169223291948065 0.8313773012418153 1.9860927258555188 
0.1633436610386544 0.019889235909704803 0.06493582958463748 0.05232930427717067 0.12606272780893307 0.36565486236814876 0.948392947835792 2.4026001693281 
0.17855451857548982 0.02433261573970732 0.047501810296935704 0.047205256528492875 0.15312787038981676 0.23963937675918728 1.2520562793033054 3.978355195830159 
0.18142427995015298 0.03276128873418103 0.052436734418710204 0.07672532547815916 0.16486309171312044 0.4127216691051473 0.8451813689060004 2.635950501251812 
0.16208212622398752 0.02685897412887292 0.0695903427119966 0.07392277220465071 0.08881150134902446 0.44094972660606313 0.8859825855423896 1.9652483158447056 
0.1799625665475788 0.030302323765182545 0.04381924333629962 0.06155537855564304 0.18969757566588388 0.5249817294182261 1.1111160802653546 3.7637182956479935 
0.14519137274447555 0.030259771385456553 0.08020174079236578 0.08783722618398603 0.13975156844954206 0.35486646090110036 0.8665533974556362 3.3701502239535133 
0.1743065777772969 0.028867303680023278 0.05836075936670298 0.10272307464826916 0.11252075358206456 0.4654290677690227 0.7987071865609977 3.741659434835559 
0.15764356135046478 0.024715080527023016 0.06581166188238041 0.06369297672779711 0.20011046929535814 0.4566563412917409 1.165045643519324 3.1107455423431394 
0.15948976576333418 0.030620091980956898 0.06488614381235351 0.12016299314470802 0.24176747553372613 0.6350345049126709 1.0115089292886539 3.011734444304879 
0.16046800190630336 0.02332853613788867 0.06543938627913913 0.038370886436316864 0.119888883616065 0.44537863373451153 0.7666533585097463 3.0361880384052258 
0.17997498388975994 0.03457737704844228 0.05130794637314347 0.07376266891442142 0.24060122883620677 0.49476872661071997 1.442415784364981 3.111449171782929 
0.08054113893634282 0.009532454751940768 0.11479411821576374 0.06070591574190922 0.10564868164667875 0.3850054214543356 0.9148944122874184 1.7717129246402383 
0.10725232515147777 0.02079581631611139 0.09622232364914965 0.09131283307683753 0.18872723608003164 0.6607762412965037 0.9633732751222792 4.179804056181489 
0.0791996761267621 0.00972596667166825 0.10528694229353418 0.0655957160898366 0.094737146686247 0.31831872452006565 0.8980211892879008 2.981759552086879 
0.13224772889739503 0.008264570260522073 0.10835388036961269 0.0701937289286021 0.11263086387291842 0.4275810986772753 0.6367118365669612 2.2968557963625322 
0.0789920820123553 0.009987880082514378 0.10960733366219416 0.04126025054474774 0.11399957890172735 0.650825231005126 1.2623779456634519 2.062471124971614 
0.07826061807801443 0.009384114025224911 0.10388863065019148 0.05073976121928697 0.22298586957352784 0.34529379962976803 1.0495401634702943 2.49169598153737 
0.11295074421768533 0.014101090364327856 0.0895082012080997 0.04611586388640946 0.106966861623977 0.394588626680437 1.0671996157169767 1.579348085699684 
0.07673044276933763 0.006324855047690059 0.10308668185108245 0.06384832892537118 0.12158063635281038 0.35068868724742414 1.2394205396967342 2.460640199146824 
0.07553196993844696 0.018895508064759352 0.1290964395396258 0.0688294104633774 0.2073348885294983 0.7882812498915012 1.3673621678718495 4.0409574138591875 
0.13996168055479 0.017223914857839404 0.08891598098174347 0.048113350845225646 0.16745427657908055 0.4431474578053787 0.9663179160615096 2.7605506976510825 
0.18126609870174895 0.003634475610915403 0.10227688889146341 0.08166180800682096 0.20913937940434607 0.5052086289804677 1.353591859986395 2.5936134180341304 
0.10417281952338736 0.015191769502938749 0.09744014249969955 0.06450069993140176 0.24264167003847245 0.531715408896221 1.3648274812157617 4.17285952586043 
0.13254777683592073 0.0145185246301367 0.08076028267860356 0.09453363722464851 0.2363131598000607 0.5650878510538944 1.1122613794434055 3.6734817266132485 
0.1795316380333442 0.023951392143887903 0.04390673170333755 0.09860638780862695 0.2227949281178803 0.42719343525226544 1.3661764024309804 3.409211058909761 
0.14328791092767423 0.020823090130033008 0.06850034815295211 0.08093018560906233 0.17091689550347255 0.31439188863984835 1.2289134780108122 2.1355046048605684 
0.16031907745671248 0.020694011958668962 0.06598763694732385 0.07326170572088561 0.19595779281245754 0.4523661642467062 0.8959109947149053 3.161700807438795 
0.1822698439267452 0.003949941154855028 0.09550018256991566 0.08256258466976384 0.18955203950194266 0.5412106575506994 1.4628710343580047 2.0011558095787816 
0.13882470136493147 0.01649829332514649 0.07379297703891072 0.06652260890181177 0.20573531052679497 0.4028033903292678 0.8983150045899049 2.914246092175797 
0.10401768944070101 0.01681434660742233 0.08830767333704895 0.07675349461603632 0.22768359581098194 0.5289994182368207 1.49270353888946 3.8515619194501722 
0.13615402582369485 0.014188703226279183 0.08189570728586171 0.06097815674013586 0.13154613828643402 0.31285127057957646 1.4485863799365255 3.065318302498101 
0.1605442334186484 0.01769979054464884 0.0724920762540962 0.05198696908938235 0.09452088604126417 0.36628809528264633 0.5670532633768334 3.1527360525276813 
0.14025776769317932 0.014006031732045003 0.08096281515487845 0.05584057100583521 0.21547456048612343 0.6196235318096261 1.200663727886698 2.5050262091798374 
0.12804892161683226 0.017951299840964857 0.08519208363375856 0.04234448926782583 0.3941960566342414 0.7956849329817908 1.3999221374435664 4.373102102019988 
0.07317444157427469 0.030477182852249093 0.09573179683475064 0.17903030189207614 0.8447816289440772 1.110568398067429 4.501018159106837 15.321382559319622 
0.16870572185843966 0.03923724650656414 0.04840431177164468 0.16968253184302984 0.3875649033776385 0.5488652860400569 1.4554895495948743 4.281101368967313 
0.17855498845779844 0.033471336971968274 0.05325642008939906 0.04397186259973488 0.3148993651824054 0.6300609444344744 1.8776356515987982 3.56514806984981 
0.13597575289402467 0.0323177026277464 0.07432469873208232 0.08650590127604713 0.35673508856855346 0.9188115531870676 1.4559234663124696 5.981041947600865 
0.15243413590253552 0.014627748583489128 0.06833776280792905 0.0439986841409509 0.2500626733220172 0.6884349850427902 0.8025895860123329 3.399175527371148 
0.16631429863433012 0.028485415855368543 0.0544353794195007 0.10889052755064325 0.4390006033482809 0.6988530341157001 1.705187802141507 8.97575371167525 
0.07967892690519066 0.021412360409286183 0.10294628146459216 0.08075918885660295 0.2687942811012244 1.8652814204064436 1.6107350306267734 4.321093329353796 
0.1875339311345827 0.05465712752282616 0.04089915889522427 0.033417447514977106 0.23254896311210738 1.3662451409805638 1.5126560825956483 2.871698585895954 
0.07790036109586404 0.010417841116989672 0.11132542659705 0.057715275250352686 0.12872056207142252 0.8792439801781263 1.1064598299007427 3.503632949953576 
0.16245989211447778 0.01871297696671892 0.06655279474823063 0.05249949552871033 0.11531792676943486 0.6530901282579448 0.9556858981767767 2.312902661399518 
0.10803455148967153 0.020901630100724433 0.09778050725995957 0.12590637816898037 0.20526959528412275 0.9022477062618831 0.9587477605023362 4.351397140663483 
0.176506279166523 0.03205930809277136 0.050771056876528206 0.047279359633789625 0.18428305369776973 0.7492544086416995 1.1550101980791823 2.8215716655148464 
0.164487204614846 0.01461751216112377 0.07724462074031166 0.10419353847159199 0.23843824470606875 0.8348896606668633 0.98404141794157 5.732041155177893 
0.1759800505016249 0.018834094137617052 0.053731780882814856 0.0788877348396059 0.2083783436499513 0.6577317709281245 0.9045943475817035 2.9279398485884194 
0.18471082636039424 0.005537132941543391 0.10953043324094353 0.054192044013849014 0.15506307920993306 0.8307497612618943 1.2416078536073438 3.871047607341375 
0.1809883041924536 0.03785231682348405 0.045224778255007425 0.0704649188651891 0.18878773662618165 0.4681491988877361 2.6045271973222337 5.113880809203297 
0.13754087562889702 0.030470392065851965 0.06639512103822272 0.09202457857527123 0.3184700399241015 0.6643557282870626 2.2230532517306387 6.337105277161242 
0.07620395386179753 0.012504104367383756 0.10406346973375186 0.05283186704786334 0.2334267289708114 0.5023200684037762 2.768601345372228 5.57424030308983 
0.15997465520314605 0.020807838871498043 0.06646556010884301 0.05355303631128596 0.18653846943923458 0.4470124168655955 1.8096426223486848 3.3100018553601283 
0.17601595630376474 0.034540451696685806 0.042615740566879015 0.1111982152977527 0.28843017608252286 0.7039892404440597 3.0081199780138164 6.816843098509426 
0.17633842775194225 0.02199457543852191 0.0604913750568563 0.07400825911564843 0.15452869029641766 0.38025021001355813 1.893250735086206 5.31648316559548 
0.07456760958430811 0.017174565889463846 0.09588188655226618 0.12656135487150377 0.32134575356186773 0.5359547426372667 2.339097170546409 5.437610360329054 
0.1341598329634082 0.016042846779905914 0.07755587040686525 0.054886764735062106 0.1493014897064322 0.3937477012531063 1.5497272514609115 3.1129766109636194 
0.07673017608410271 0.008745923109519516 0.10475942984834011 0.0705403915094545 0.13062186835866121 0.40649955189675735 1.7432846152041648 2.040255522489223 
0.16871500942118497 0.0320325100892698 0.053483807391991066 0.08936711231298586 0.3091811451795248 0.6165103504831322 1.6448828617753146 10.844851958570986 
0.1777896754418007 0.018289138964184316 0.052146855889040146 0.04685907088954192 0.16899873397594947 0.5103548373901657 1.529730022640212 5.078782128525405 
0.17767325392167047 0.023757118166935858 0.053718749764153514 0.09046779270606281 0.098832973232177 0.4797892067854169 1.6807274874411593 5.3801850927102395 
0.17529919851946685 0.023115679896162013 0.051665351693779775 0.07529609960445625 0.24884003809583705 0.6758363775596651 0.8396133957986062 5.3708962052855584 
0.16188916663021116 0.019329135410010967 0.06878548875750876 0.06139413874757299 0.11974996649521688 0.4081158586973221 1.0067042221039055 3.711347093474302 
0.15156059943011704 0.024112606243215966 0.06684221699938454 0.06979630725704056 0.21478638808382028 0.6258470544752303 1.638138495389836 4.417535898575138 
0.17651001311915576 0.025849772788908806 0.058580699920108247 0.12557119890388185 0.14772764775497388 0.7455160647346234 0.9423656753036526 4.59115139990409 
0.18118619104161182 0.024064517010876755 0.050141528724510914 0.08318285471567877 0.22209483966580063 0.4204303588691903 1.1697670411757048 3.9815113465787606 
0.13395419311276655 0.04236586515695439 0.07876892823883411 0.15768936779414433 0.3379575125172879 0.47745477227882294 2.0336390644080673 6.774262302327834 
0.17996717196366416 0.04362456837866315 0.04618389029362467 0.06707581240660952 0.23136621735316576 0.6930192815870717 1.0335041308769615 4.5854344876110975 
0.07448389114486445 0.007124780678598001 0.11176576440266539 0.04833498230410763 0.19053734722055563 0.4881547403914068 1.2465974928658428 4.403416458154823 
