1.0000000496416925 0.0 0.0 0.0 0.0 
0.9999955395861764 2.853598549769585E-4 0.0 0.0 0.0 
0.0 1.0170892533337863 0.0 0.0 0.0 
0.9841423971667473 1.0005775163097181 0.0 0.0 0.0 
0.9841424033165346 1.0005611319578276 0.0 0.0 0.0 
0.9841424536034677 1.0005387802181342 0.0 0.0 0.0 
0.9841572606510397 0.9996323191113405 0.0 0.0 0.0 
0.9841784533345952 0.9983075234923944 0.0 0.0 0.0 
0.9842010793636801 0.9978902517464322 0.0 0.0 0.0 
0.8670197227762536 7.228216808776962E-7 3.978413856333613 0.0 0.0 
0.9717638031938685 0.9832709160285561 0.4612909071396639 0.0 0.0 
0.9924226908848087 0.0 0.22669237840361406 0.0 0.0 
0.9767046679739185 0.9704627649478265 0.23668591806635533 0.0 0.0 
0.9957058194279235 0.0012909865027087991 0.12798526567343116 0.0 0.0 
0.961038682845866 0.0 0.8855323584235235 0.8796048664233801 0.0 
0.9906773391681385 0.48636236845647796 0.04831000689730068 0.0 0.0 
0.9986804939065435 0.0 0.03993883975494822 0.0 0.0 
0.9669194869759855 1.0018627067694557 0.23448329415247532 0.8795742008859385 0.0 
0.9833325184833327 0.9673905091023093 0.039957849657670866 0.0 0.0 
0.9855983098105268 0.9436041111644758 0.0 0.0 0.0 
0.9999935148317057 4.1560383035350184E-4 3.3214199162741676E-15 0.0 0.0 
0.9808714588756808 0.0012721992726839506 3.2599312520304837E-15 1.7958035256406952 0.0 
0.9908098636102315 4.2151350417868306E-4 0.0 0.8777819683595942 0.0 
0.9797764292059568 0.6852791647907704 0.0 0.8795909043387284 0.0 
0.9953190017798695 0.0 0.0 0.4397821480502382 0.0 
0.9869046251000536 0.4973596175112304 0.0 0.49637515477392724 0.0 
0.9795936962516874 0.9619851438231162 0.0 0.49744017905056476 0.0 
0.9968335177287359 8.30854313686771E-7 0.0 0.2975149462245864 0.0 
0.9314467880982554 0.0 0.0 6.477345285860316 0.0 
0.9950939459318091 0.24990618610493495 0.0 0.08882066839105393 0.0 
0.9775949240654862 3.94616765308408E-4 0.0 2.1042415760719253 0.0 
0.9968380280843845 0.0 0.0 0.29755887196081254 0.0 
0.9892294423975634 0.47267218029735636 0.0 0.3114951700052615 0.0 
0.9800279485717014 1.0023213083690479 0.0 0.3839442569465057 0.0 
0.9983988058468742 4.022246629201218E-4 0.0 0.20733530813254702 0.0 
0.9989999123655295 0.0 0.0 0.09410346892859756 0.0 
0.9925071810273919 0.46858968871196865 0.0 0.0062598110815836145 0.0 
0.9999440017203252 4.036423657233622E-4 0.0 0.0046712727002464795 0.0 
0.9989681324265336 4.159169653647627E-4 0.0 7.516574632507794E-4 0.09911001337815795 
0.9920716103171435 0.5002470463184692 0.0 0.0 0.0 
0.9933628195076126 0.41878620181452325 0.0 0.0 0.0 
0.9901985856774466 0.6184444956042954 0.0 0.0 0.0 
0.9987702389543875 0.07770728849346396 0.0 0.0 0.0 
0.9999936797609574 4.0365826532226046E-4 0.0 0.0 0.0 
0.9850951077419701 0.9404573167303785 0.0 0.0 4.472945558416941E-15 
0.9960289180376644 0.2505680619559506 0.0 0.0 0.0 
0.9964860922127815 0.2218652106719937 0.0 0.0 0.0 
0.9890802487257836 0.6890219186339669 0.0 0.0 0.0 
0.9836986247620478 0.9613182851098283 0.0 0.0 0.0892152415624591 
0.9999710618970441 4.255568925659162E-4 0.0 0.0 0.003366925984725125 
0.9986862648027887 0.07769904856516492 0.0 0.0 0.003373827207021004 
0.9846860558016977 0.9645103238026278 0.0 0.0 0.003367251651658084 
0.9947634421704924 0.3304163521591918 0.0 0.0 4.472918772293574E-15 
0.9934103131849612 0.41578571944609155 0.0 0.0 0.0 
0.9925239224173091 0.4742180227730711 0.0 0.0 0.0 
0.9920989080933674 0.4985410450284203 0.0 0.0 0.0 
0.9999939500279887 4.036262117900834E-4 0.0 0.0 0.0 
0.9999935842522145 4.1526813218257857E-4 0.0 0.0 0.0 
0.9999936703166438 4.0365916936362735E-4 0.0 0.0 0.0 
