47.78152223413816 0.0033242556212388697 0.018174240777395812 0.007546612285312574 0.024389268659780347 0.007152118874831874 0.007295506549161027 0.017013281130039845 0.01981039686241025 0.0151991756133 
0.08429074552800365 0.006418179640882264 0.0032010779997436985 0.006288313967608292 0.020620549805675042 0.006528568411871311 0.008584903958742037 0.01578280809529647 0.023755189333516075 0.02577455825509231 
4.37129207658362 0.006727528745940402 0.011468323707775854 0.003707674538245126 1.8199055475936414 0.029962889959606685 0.2216922421888559 2.2378573292995028 0.39495840362688134 0.015098307654168596 
0.053689234002583686 0.0037345496116148987 0.02792959751950511 0.010216955554894254 0.02039494753081135 0.007132907091538008 0.02016905978322842 0.006174174798733051 0.019135647992219968 0.01740440902044109 
0.2525701117568118 0.002150552040964078 0.16363373177229562 0.007163478454840863 0.021894690843213785 0.04056929876546127 0.09713406085746924 0.16104323465814765 0.018283336451258368 0.028266480604340356 
0.06506364573561878 0.0023274358689983686 0.019867103567626967 0.015137122846193778 0.001762247449347689 0.006754400939232301 0.0077960663185662 0.014756467961590053 0.06442244139337214 0.014686238817997846 
0.045024522774678284 0.001265682488695732 0.003571086288037576 0.00267781821536078 0.019843774213685654 0.03020025388932219 0.008669468832254218 0.018590568234472516 0.023506386426845414 0.014360843754784938 
0.4085349773957464 0.007986403780128137 0.015484235915502438 0.040338709777683036 0.001703684019402079 0.018649845026282526 0.27869827500200933 0.14378274548734649 0.05438409077921474 0.2823135409742437 
0.04074273208997363 0.00990015598457105 0.019685877980819146 0.010809836984005375 0.0024028973474707043 0.006271703343823385 0.007331338778356261 0.023786883032383986 0.024530464511335413 0.014648840114341009 
0.05817914812326579 0.03348065997462564 0.0040014442279447575 0.00697670190017141 0.03328284719866379 0.008612540490273655 0.007523577544629947 0.017665201906210463 0.005569926919613305 0.014396510896572096 
0.016532352338335173 15.960432182931152 0.006011880569126697 0.008070420477894823 0.0222539321149772 0.01029526789872293 0.012715303370628539 0.004675805437487125 0.02229525035258296 0.014091289209052942 
0.01502033898261533 1.639873431735188 0.028779017965096222 0.009125648427891604 0.02416978216324333 0.0029817379591907268 0.00847548314507161 0.11380850464268301 1.402447679871282 0.7997210486438594 
0.0252529967658063 0.2700946326147741 0.005215871157493884 0.006845876375557355 0.027946656593038372 0.006970422824388817 0.1351642019886399 0.005711808625601009 0.021724053873190374 0.27146013446308304 
0.0770171512582269 0.5142938270706408 0.014988269308187618 0.007250115793807027 0.017846792052863825 0.09476828223471725 0.006145520209833746 0.48332862151079886 0.5604137196858447 0.01518610996450458 
0.05226602032569925 0.05426389457703091 0.0020456707597101293 0.02856464797940866 0.014654354102709375 0.03301365591917928 0.00715507975883226 0.00754726111080938 0.022991232031315423 0.014552674640869097 
0.13782688965358536 0.10818650511738816 0.021487017426179835 0.003169028537670356 0.005282422318589072 0.0186775407023162 0.004388844552275985 0.0093170470328126 0.09127918211901155 0.07655193987259098 
0.014774096992914465 0.01958362516967174 0.005008992723474982 0.0038329436728941585 0.03351062204940602 0.006836711961672359 0.00954092757205487 0.02304318545193826 0.021409214323319298 0.015501966205948133 
0.01776489136045968 0.02270201202775396 0.005331363836735572 0.005246373952485705 0.0389918054512737 0.007608895686597596 0.006851436388780087 0.014822418351320754 0.021459188528243425 0.054393712172623794 
0.016316137264052014 0.008826349817549772 0.018086971162346203 0.007029108171679824 0.011770803009471151 0.014946733163387026 0.007250908599683066 0.032806133849862355 0.021631175493916986 0.014762984134971954 
0.042868436480840544 0.0018988931085083247 0.013910277621142938 0.007364950271977153 0.00481038099044854 0.01812148145535777 0.025962279666240706 0.04809405813661431 0.05953827844602183 0.043183902478717034 
0.007557429588351497 0.0027159014959900526 49.04961908044769 0.005681309020291697 0.01936035265159974 0.012237467549076227 0.010999075961244014 0.00796127595231224 0.011580370471657182 0.014240599616422206 
0.017218814379663976 0.0038172886338781833 0.031978539274059976 0.010712586327269399 0.020997004558345224 0.009269705152852617 0.021615784468462296 0.0035248375780374836 0.018790504871516997 0.01740440902044109 
0.03430964410235279 0.0031347959264124542 0.05135308566841958 0.004985388817470371 0.028267340838894907 0.0020530327773308665 0.007885189647965939 0.004496775014278097 0.01640136294389665 0.01581865903698934 
0.016992211197101943 0.009450024143159487 0.46711492661477216 0.011683771640963892 0.029051194123105705 0.001335117226878111 0.009413657987009537 0.3503007631101015 0.022930738235654214 0.014190938121376739 
0.018875778865284312 7.961358938024259E-4 0.052033626085053436 0.004072369788932973 0.024769926743030298 0.0072729918353616405 0.006182922309503983 0.014761847587748882 0.0639484761696445 0.014458365864109968 
0.013774994506617875 0.0017868922235036806 0.05254158318016215 0.0036890218196426123 0.027642486039483292 0.04747881567918926 0.006168922589597725 0.014716069854026095 0.022726715041554123 0.022344535393277687 
0.013609710251894933 0.013840598317237697 0.04499808575243549 0.014814007338269108 0.0014591121626241035 0.00849820970678685 0.006970298354098076 0.015144909581797726 0.022843738063870776 0.014112309575016637 
0.007966305622314294 6.351674458361453E-4 0.07448824392701761 0.0037733392800599727 0.02147736286019553 0.007709454418127618 0.04568061973437987 0.014909002813226518 0.02676252822128791 0.01806895562292228 
0.01224191730513714 0.004894714885463764 0.479960148969707 0.018399614458285564 0.014571185456186981 0.0037691863243394766 0.32744545275612563 0.3421264876615006 0.5413226867923812 0.014483506418217872 
0.025767057004644645 0.10539972907124455 0.17775740023087536 0.0047700794067629506 0.027851933407672867 0.009875078596278678 0.13857882465701138 0.004660901460478262 0.021721831686922197 0.01494885201135239 
0.0036872242769422797 0.004303538004616639 0.00997355679317325 21.299234730896647 0.021474363076226508 0.006789408255389364 0.005762135467008246 0.0070869731814691694 0.015883403276147744 0.013798214889394481 
0.01601361293359318 4.988936822921295E-4 0.050782431435356094 0.3560395959246034 0.021753728395641457 0.01036865305526216 0.010196250788087361 0.004887219661665594 0.7607052487955154 0.013982195948771502 
0.08428740304472657 0.00630680294217346 0.003737365475121241 0.03685645384191461 0.020412009778807066 0.006804086145224679 0.009246618286642371 0.015812228182778935 0.02349379801120399 0.02577455825509231 
0.004244686269918465 0.0018664523668906966 0.01007407442052767 0.029598985668120626 0.019979126167116886 0.006679793804219327 0.0068541076926297035 0.037096448389847644 0.02900728268595623 0.01397397572321218 
0.004299045443635866 0.004235845921181694 0.03214599387929681 0.047225512264593206 0.013705735205144417 0.03256009363636382 0.036758132575946484 0.015151971990601063 0.061322766082717195 0.016602531425711095 
0.009374103384757708 0.0017379698519829337 0.013335055364646374 0.044548636997977356 0.02374780587023467 0.04839036259519822 0.03482851466904953 0.013622434465092908 0.020462073176613315 0.016511904335790972 
0.026353682672581463 0.005671429217649164 0.04909129683048272 0.02381358900695494 0.0040887683613917095 0.010650513965309102 0.010472501141861804 0.04159958346061689 0.018556073290547932 0.02779532446554968 
0.006299646543714941 0.42388767800673627 0.12034577309418805 0.3937420760341676 0.01954282713069799 0.008045089675738722 0.010794045982665758 0.017081808644078482 0.759003828141787 0.01409974922944458 
0.005656365421692668 0.0011967315515158947 0.01519691798583316 0.03373389989846247 0.020618843331431862 0.07541589667684072 0.008569498888980604 0.005483881614363301 0.02091469140887237 0.07888415788205673 
0.00235663373270327 0.002136161566167266 0.004135125628011048 0.0035234695838508756 53.73715662038859 0.00952978030148674 0.012968934332350602 0.009286000502164795 0.016541850731137037 0.013782310623205004 
0.01305298698219089 0.0018127129137900661 0.01960408608567365 0.014377963773928385 0.06898088815803162 0.0164755662714543 0.009474330731629349 0.006724404704320258 0.01849794825865351 0.013143701664640434 
0.014749801933683238 0.001975663204566018 0.022997910758722748 0.01361514750904024 0.07754648942857267 0.008532225006379325 0.00922733280902602 0.006724250308918832 0.07078402321407896 0.01359143906998199 
0.028162274011408434 0.009071705480237042 0.002417751785547652 0.009645634590612078 0.038979410033923335 0.007191964049133464 0.006846534705521785 0.013955870935786166 0.021670964205430545 0.014117681726327509 
0.006657482186573529 0.0037131725741650864 0.021358366364106984 0.0039027224123288984 0.051485574262711054 0.02662161570865109 0.01659386975810144 0.018352671289534914 0.0316527269496973 0.01411922548152137 
0.01213450975758363 0.0037199608577764727 0.014138983265112294 0.01037316519405905 0.05470534406950248 0.02107379898708197 0.021962433030504425 0.008006539671499946 0.01798286598904496 0.04288083640281277 
0.01372717178375835 0.008907971395065472 0.01574722051170884 0.004425399566128326 1.8300001534775499 0.007343902275120687 0.22185838119377777 2.2393614614718533 0.3945189133580913 0.017942731641126676 
0.013885825996038024 0.001432346344945833 0.005815657836192005 0.3706743078755032 0.46806205416143437 0.07593490825527408 0.0053304715624150015 0.019829611817636705 0.12731432787958463 0.04158215920709551 
0.03374070948743625 0.010705784443729268 0.00137734900010332 0.013387469967566686 0.04302464005917624 0.003319942900649053 0.03587086300274123 0.013867073081072873 0.021382430057694555 0.01415714220184012 
0.020397144790399762 0.0028489730693076047 0.016951113116184042 0.004378248164440142 0.030935732615398837 0.004959662334834355 0.007001065126705588 0.03782684653612351 0.021061905989895085 0.013473803231552004 
0.013371496201153991 0.0023249840133982907 0.026929017646399846 0.009918316583476455 0.021402215938772257 28.63313594026031 0.009884787743569398 0.008877771600289174 0.023051465199063457 0.020402173068763237 
0.013249841247766531 0.015610349050251352 0.014320464409170211 0.009617296655766385 0.019898256743889793 0.066622807822197 0.007252180184437024 0.015527582650366785 0.021258062859823675 0.016525169870262205 
0.01671870826713003 0.058892069321444425 0.02131806521823259 0.006376809836196524 0.02519762354715944 0.44921441477763746 0.008903486714057626 0.4838630843856443 0.01950600774919341 0.01513024742859096 
0.02349457686478074 0.0749663002748853 0.015209883751768936 0.012771755650388069 0.018048407384148868 0.4837352092078555 0.0048038262300467705 0.4797796674079367 0.5370114323780234 0.015167603088136826 
0.005331548404713897 0.005679284366640217 0.021324066622704915 0.013223657207270426 0.023188684401449923 0.07355677188025274 0.011548409069840539 0.007267749635546064 0.058276009156155544 0.04390735901703753 
0.01710436376782311 0.031414103120114466 0.005395308893148265 0.007337864744147176 0.061076562900207465 0.07459657951309405 0.007573179237355435 0.007706070307211806 0.018765643862711887 0.10055059698088466 
0.027105139665176647 0.0225944872641681 0.0059645789378580515 0.0038068246435903545 0.017704343171385934 0.03262955698048864 0.010859021478363068 0.004943739637795692 0.016688217881327096 0.014495826633865765 
0.02568784485632158 0.0010737516352590586 0.01424746444423398 0.010386034826164507 0.01598491242483058 0.023074389273316395 0.00885556560485154 0.012258895194568924 0.026599175873992235 0.016288911359166987 
0.02331313826406774 0.006057477672639453 0.024559228014751057 0.008825972791023895 0.01629319743620765 0.02176349055775235 0.01545055324950393 0.005114717577413292 0.01631131430982154 0.04032686706938174 
0.03784453783563268 0.007604567769703699 0.03337396113323099 0.007694906867243657 0.02172296244991096 0.12363316189070096 0.01156757256192868 0.325343624378311 0.03186623312353621 0.01467467664871065 
0.005595556505587901 0.003281741464335048 0.006814685490772338 0.0024092350643630097 0.008705544353198782 0.0022718926988698077 29.169131118975773 0.0026825892737000574 0.010951545420458814 0.01534259967962088 
0.010154367733336767 0.007615150508359015 0.029731800748170913 0.010558259590592983 0.025571253792438096 0.009817724529161647 0.02510537644575782 0.04430944310353753 0.017903010516267557 0.014481292735788097 
0.049426474785358214 0.001810289208685499 0.015165135426215441 0.012365434940751777 0.004598751452829032 0.005694150012351427 0.16338300533138875 0.04637050700293564 0.06420991378845435 0.014587228220295739 
0.02495878034122786 0.02232531479238445 0.02066218584860366 0.01515664612123729 0.0017380012909086345 0.007413713504948294 0.07634477550201738 0.020055815429905408 0.04065187968315798 0.01394636184066438 
0.018366646733560265 0.0048701206671297945 0.029516304356646997 0.009097306765718157 0.02141955862077603 0.0034849086255894757 0.03478153763019873 0.01694110668689925 0.019538005787213476 0.013899825973220238 
0.01768146236184443 0.0031714217003971064 0.013898158371106813 0.014097490629299835 0.03289377520803017 0.005534844760526308 0.3232722767868209 0.3644520944724405 0.06432601291727798 0.013649827404634097 
0.02512911452370247 0.10693107120159759 0.00519164681016389 0.006827368645036946 0.027742835361831635 0.00973995987550217 0.13215020475381195 0.00596176330845305 0.021721831686922197 0.015050519104271961 
0.002897456857966131 0.005601115766914148 0.030668813701991555 0.0035301084765254473 1.7611848446361358 0.0273311152224891 1.3464089655167135 2.23834006005348 0.021339359362790154 0.014495630702959951 
0.020784192400340774 0.023317694800636835 0.007083782059237337 0.006388863539781523 0.01388066958951623 0.00589569858309922 0.03589050723949384 0.034246045853250334 0.01758062317741469 0.01394151213791728 
0.006860726050733575 0.002405876167986469 0.03551212870696713 0.007694290472516546 0.014362769418531773 0.0069332006398945285 0.09531593692171182 0.03861518293456379 0.022806058760879246 0.06161425336300891 
0.002363793703125949 0.0014766714660617197 9.596112145067347E-4 0.0015113213414217636 0.002239989974207678 4.108088190638985E-4 0.0014080672648650282 35.900611461561446 0.01749079808502415 0.01374769595976882 
0.015370304724787193 0.07754210573601722 0.012554376400255508 0.045607303534567566 0.032420474743353314 0.004997648828146242 0.007277556597778538 0.5060948173758284 0.020871098405099056 0.013473803231552004 
0.03340258679897154 0.029099256308136055 0.00383725194583876 0.008679298463248502 0.4116932688100611 0.0051232829134907855 0.08186942105487673 0.6320694439803053 0.023626383567119092 0.014108433504389147 
0.012579900217966353 0.016293742938222396 0.014700526773638065 0.009856704934329885 0.020918049790094317 0.044670241854857705 0.03153901685752055 0.16227224964004322 0.01819775122949718 0.016579907968719304 
0.041943678208767786 0.0024485843436084214 0.04559170873874623 0.007674735819485844 0.029873452180870962 0.1235507678576143 0.0115922079413015 0.32526648292552884 0.033846318343790045 0.04910893426032324 
0.01884383414954831 7.956386778857948E-4 0.05194864806394607 0.004095390097424934 0.024769926743030298 0.007359401696113832 0.006239613644499438 0.12685723159257664 0.0639484761696445 0.018288234076550478 
0.006449007093292877 0.006841367390893684 0.025350575874496958 0.008355387915801645 0.021975074720160827 0.02432191680460736 0.008630523697487263 0.11364547931884367 0.07296277556387105 0.0391489521594362 
0.04268031507395834 0.0017840095600224078 0.012772883781842142 0.007589097627605122 0.004407027094197405 0.004476639768624898 0.017026395279686315 0.08280845729953398 0.06449547766150544 0.014626143793133973 
0.023833197172683486 0.007920372776257694 0.01578309624529182 0.008095077136432316 0.024133755582483835 0.0025242692602701865 0.11973998162588242 0.24524725129665764 0.023573840715882782 0.183550734447713 
0.019483598358583886 0.008387753443636615 0.017469705673066122 0.007253610035598428 0.031427423399116416 0.005054547556775004 0.006248997046658552 0.038613709700912505 0.023600396567938955 0.013480318182011295 
0.002845028290732311 0.0020564154262009545 0.004464205481870134 0.0025333542107953406 0.004278121150904779 0.0023438442123849493 0.002419606246150065 0.0052466426792625 41.559455707867706 0.01643405276015224 
0.009600591732840655 0.003449057085011162 0.02384202758212354 0.008700002032833649 0.022947926624769525 0.0077880750954651135 0.009459794490840933 0.02381564366729762 0.03247509556360163 0.018478421501030455 
0.08090755184599749 0.10692668538744318 0.005187043026288899 0.0073776921978258875 0.02765439676899722 0.00973842885932904 0.13215948940365116 0.005835492270891423 0.5782222227521902 0.01711718254965711 
0.04421476763082236 0.007670318412039852 0.01952872918024179 0.01329483687165616 0.0014841944619630116 0.006639221377677036 0.03159692789043764 0.019643550755471074 0.0952107762954521 0.013948074380214346 
0.03157307233169557 0.0012078669673862787 0.03304343411206596 0.004063232611608933 0.026773514883455463 0.007398455537003351 0.0061834100158965205 0.014761856641803303 0.0639484761696445 0.014458365864109968 
0.02387112739634278 0.07518863703864019 0.015208488743160824 0.012771755650388069 0.016428993329570648 0.025062242683936482 0.0048036645628244746 0.3059672845176602 0.5360944174559669 0.015160210683920173 
0.02299715898825287 0.03980152728525189 0.004713978512807432 0.009008342840300988 0.02771531631002426 0.009724953521471734 0.13224760486597892 0.004951492733464293 0.20768310061098758 0.01722962354022354 
0.05055460100969307 0.001811225373601999 0.015176914407248594 0.011545880674687214 0.004523754331842732 0.005673000824438908 0.026727264333219293 0.04623078950094271 0.06420873929472826 0.014686238817997846 
0.026249184633806853 0.022702750044627518 0.005946554658806661 0.008605156782763758 0.01989017677960656 0.014309185581527552 0.015454136213798774 0.0048008310135904415 0.05570254295685966 0.014431046379665607 
0.02983087177621403 0.0029331991313658223 0.04521458673414067 0.0155032127451786 0.001765174609972278 0.008522340777026481 0.039190778744912384 0.015130347432038208 0.05803583410324042 0.014000337963047343 
0.01152562461957398 0.0015325039038235704 0.009889544894664225 0.004293965882083896 0.00712319785182216 0.005762176081495312 0.005331337729204032 0.008403009853676216 0.017224363822437385 39.389198196050515 
0.01396568486797412 0.0012983219307170146 0.016251866076130224 0.03963127209444681 0.06429859850745592 0.007372987982213768 0.02031349304057469 0.004366832298781287 0.019162381339559147 0.183609628044907 
0.016470471772707333 0.001527544575461612 0.04422783372784925 0.06834205026496398 0.01705184619705511 0.09475264848195183 0.0059389365938135414 0.005704878501915354 0.021478494082095196 0.27048739767218366 
0.01649979084865552 0.08189824814914301 0.012248387649837255 0.04346915069414908 0.018500402792730207 0.6046054424979768 0.004824323896052179 0.4788969053870923 0.5360881335392355 1.0920691904840154 
0.010078997056351575 0.0035331683790191092 0.02371584590356073 0.008152500816928875 0.014343355947895948 0.006899359635014746 0.008217022299725386 0.038344175844597386 0.02475817337548815 0.06177700481437112 
0.00551008818770906 0.006422452235359186 0.4580927835751142 0.013429446570197349 0.021422214384248878 0.07359201573993748 0.011549717625516256 0.007227344511876786 0.05770212788002599 0.3441229065458294 
0.024464059199577975 7.672097051478825E-4 0.01158488157171893 0.01156524832813893 0.03429814169320375 0.006984824499106871 0.006171227123957413 0.022079112613742607 0.026233411539315868 0.05439370254684816 
0.015186585111362918 0.0015244140754934214 0.04151656007167415 0.005956924569459479 0.021294269683702745 0.03583765527331884 0.1311559100071119 0.005681965886442713 0.021719802888654514 0.27146013446308304 
