0.0 1.0436570744158054 0.0 0.0 0.0 
0.9616469575254906 1.0405310840279203 0.014314773630955917 0.0 0.0 
0.9617721658017615 1.0399391498563435 0.0 0.0 0.0 
0.961772168644262 1.0399368009210306 0.0 0.0 0.0 
0.961772179030299 1.0399181709212746 0.0 0.0 0.0 
0.9618130910599203 1.0388205074470314 0.0 0.0 0.0 
0.9618744352262547 1.0371486991704808 0.0 0.0 0.0 
0.9618503731066167 1.0371063617426284 0.0034771191226813827 0.0 0.0 
0.9617753854366387 1.0370379857766494 0.014314769012112438 0.0 0.0 
0.9623316900474868 1.0246998165796692 0.0 0.0 0.0 
0.9616469564668628 1.040532440391416 0.014314738798134339 0.0 0.0 
0.9622356554780289 0.0 5.251168569519152 0.0 0.0 
0.9919382758684432 0.0 1.120988277711464 0.0 0.0 
0.9487384504601315 1.0219684353694514 1.9640862721934815 0.0 0.0 
0.9551986992365814 1.0370689276632479 1.799678652271232 0.0 0.0 
0.9975804909267136 0.0 0.52351970468161 0.0 0.0 
0.9753012316878281 0.669100011836957 0.014314755898703978 0.0 0.0 
0.9979942430309813 0.05456558399571077 0.0 0.0 0.0 
0.9921664270318606 0.21505332763399096 0.0 0.0 0.0 
0.9909610026398775 0.4179432417397076 0.0 0.0 0.0 
0.9809065743380392 0.5194072527659087 0.0 0.0 0.0 
0.963976272582481 0.9799772266987594 0.0 0.0 0.0 
1.0000000263480815 1.0804403204979033E-6 0.0 0.0 0.0 
0.9627098806519071 1.0144237012814419 0.0 0.0 0.0 
0.9244511893805089 4.994076830405885E-7 0.0 2.2656903806431044 0.0 
0.9836536191941198 0.0 0.0 0.49020566780365227 0.0 
0.8942457322570933 0.0 5.330254065922942 2.2791710023100697 0.0 
0.9466488528657995 1.0207087670243118 0.0 0.47471460854819436 0.0 
0.9938446987909803 1.0737916510288356E-6 0.0 0.18459521946843743 0.0 
0.9741297116791653 0.5363167789256593 0.0 0.18459611531302725 0.0 
0.9532235465387943 1.0306978551285062 0.0 0.26655502962490574 0.0 
0.9971198071879167 1.077329196640329E-6 0.0 0.086374286559634 0.0 
0.9419752558778706 1.0175946745391575 1.769335596980272 0.26509223291544987 0.0 
0.9861301751703885 0.4228160985952637 0.0 0.08659328592253913 0.0 
0.9980206519899698 4.980855951639267E-10 0.0 0.05937969078633354 0.0 
0.9736363960790954 0.850918239765779 0.3004827008631061 0.08912267410470469 0.0 
0.9790934094921707 0.5148752421460338 0.0 0.059373651615254076 0.0 
0.959656130590917 1.0191272561875073 0.0 0.08637480441264249 0.0 
0.975574805527849 0.6714863940291156 0.0 0.0 0.0 
0.9841077339426924 0.43238928257498066 0.0 0.0 0.0 
0.9979869459741776 0.054764144440039186 0.0 0.0 0.0 
1.0000000253385952 1.0804437536520583E-6 0.0 0.0 0.0 
0.9999959831898858 1.1063179032116721E-4 0.0 0.0 0.0 
0.9968297751373586 1.0723272609191863E-6 0.29998407595205845 0.0 0.02604354569821292 
0.9990928972111955 1.1030229721637922E-4 0.0 0.0 0.019597762774847566 
0.9724755609762495 0.7654999556728534 0.0 0.0 0.026237491305467937 
0.9994473595588208 0.0 0.0 0.0 0.009824674920652976 
0.9609063900345817 1.0356557029420357 0.0 0.0 0.019681360401413262 
0.9608253100856069 1.0377504369940096 0.14280466680312848 0.0 0.0 
1.000000043147581 0.0 0.0 0.0 0.0 
0.9582896771022491 1.0383509216561218 0.4922038099716156 0.0 0.0 
0.9585149305947018 0.0 5.7684678259473 0.0 0.0 
0.9479686277294924 0.9077171106946255 4.796174717580605 0.0 0.0 
0.967366261921322 0.5086798975648796 1.9977442533977445 0.0 0.0 
0.9883166844359289 0.0 1.6287947435313874 0.0 0.0 
0.9496508878779367 1.0170515364826245 2.014845827561189 0.0 0.0 
0.9555438809597961 0.9709059637556131 1.215927385457592 0.0 0.0 
0.9773481336832365 0.512073744136013 0.5322969280122981 0.0 0.0 
0.9978430976547629 0.0 0.2999307366749868 0.0 0.0 
0.9788144250362573 0.518406630289984 0.2999431967697981 3.333494719703503E-15 0.0 
