0.8886231164615205 0.006521754755787439 0.0 0.0 0.0 0.0 0.0 0.0 0.05069382599727052 19.168483778413155 
0.8646119824727709 0.00652175475578744 0.0 0.0 0.0 0.0 0.0 0.0 0.0567229442089944 19.12532062545421 
0.863035429182045 0.0 0.0 0.0 0.0 0.0 0.0 0.0 0.051530814285996304 19.140174700862367 
0.8646208663420288 0.0 0.0 0.0 0.0 0.0 0.0 0.0 0.056738516640906574 19.13399844116215 
0.8646119824727709 0.004886943048907793 0.0 0.0 0.0 0.0 0.0 0.0 0.0567229442089944 19.1311083899304 
0.8693004675325855 0.00172195271506394 0.012646016292278794 0.0 0.0 0.0 0.0 0.0 0.051530814285996304 19.136052800569814 
0.868312112400877 0.012065466587409769 0.0 0.0 0.0 0.0 0.0 0.0 0.050849215927804545 19.129399077192655 
0.8692679553462543 0.00652175475578744 0.0 0.0 0.0 0.0 0.0 0.0 0.08416922036876029 19.070562707592376 
0.8683382490877866 0.0 0.0 0.0 0.0 0.0 0.0 0.0 2.697121777254626E-4 19.218203640008692 
0.8688861947925536 0.00652175475578744 0.0 0.0 0.0 0.0 0.0 0.0 0.0 19.213254933237245 
0.0 0.2747482569938491 0.0 0.0 0.0 0.0 0.0 0.0 0.05071243871740456 20.416606850076224 
0.7186901872524152 0.28010234337016626 0.0 0.10936495800631417 0.0 0.08667628228758638 0.11098596108735885 0.0 0.0 18.993225926689995 
0.6434013032054956 0.28010234337016626 1.3895602357545948E-5 0.0 0.0 0.0 0.11098596108735885 0.0 0.0 19.89998121828766 
0.8671647020791161 0.28733173413985474 0.0 0.0 0.0 0.0 0.0 0.0 0.050849215927804545 18.745351553504552 
0.8646208663420287 0.26365298963911454 0.0 0.0 0.0 0.0 0.0 0.0 0.056738516640906574 18.713392639335733 
0.8693004675325855 0.28010234337016626 0.0 0.0 0.0 0.0 0.11098596108735885 0.0 0.0 18.735165409760686 
0.7321010356425949 0.28010234337016626 0.0 0.10936495800631417 0.0 0.0 0.11098596108735884 0.0 0.0 19.0463753835144 
0.7396474734376338 0.28010234337016626 0.0 0.10936495800631417 0.0 0.0 0.11098596108735885 0.0 0.0 18.887692431842538 
0.8671647020791161 0.28733173413985474 0.0 0.002857927953993755 0.0 6.577845175590349E-4 0.0 0.0 0.8303060715843367 17.15442586615402 
0.7350586420596648 0.0 0.0 0.0 0.0 0.0 0.0 0.0 0.0 19.786844332293324 
0.7350586420596648 0.0036667072499425137 0.0 0.0 0.0 0.0 0.0 0.0 0.0567229442089944 19.64982261437516 
0.8686204827764187 0.005090447906869204 0.0 0.0 0.0 0.0 0.0 0.0 0.0 19.221324006556838 
0.868312112400877 3.3295751623851757E-6 0.0 0.0 0.0 0.0 0.0 0.0 0.0 19.222768369673787 
0.0 0.13822800601148474 0.0 0.0 0.0 0.0 0.0 0.0 0.8355305024492707 19.674847937990105 
0.7909895026114331 0.0 0.0 0.0 0.0 0.0 0.0 0.0 0.8440196159895236 17.722663716536026 
0.7350586420596648 0.0 0.0 0.0 0.0 0.0 0.0 0.0 0.056738516640906574 19.650207924477094 
0.8646119824727709 0.004886943048907793 0.0 0.0 0.0 0.0 0.0 0.0 0.8329765347293326 18.266657460150476 
0.8692679553462543 0.0049298321461689505 0.0 0.0 0.0 0.0 0.0 0.0 0.10998634964132441 19.00907021278463 
0.863035429182045 0.0 0.0 0.0 0.06596733780251307 0.0 0.0 0.0 0.09851610919778175 18.93509494283323 
0.0 2.4851307794300243E-4 0.3310763200340772 0.0 0.0037748704912499154 0.0 0.0 0.0 0.0 20.578406816770855 
0.0 0.27568625580585054 1.6047460827925307E-7 0.0 0.0037748704912499154 0.12088527007769602 0.0 0.0 0.031189112170296407 20.21882679114866 
0.7186901872524152 0.28010234337016626 6.947801178772974E-6 0.0 0.0 0.0 0.11450146634112925 0.0 0.0 19.468647498904247 
0.7186901872524152 0.0 1.3895602357545948E-5 0.0 0.0 0.0 0.11098596108735885 0.0 0.0567229442089944 19.675625298614936 
0.7186901872524152 0.0 1.3895602357545948E-5 0.0 0.0 0.0 9.765126687274297E-4 0.0 0.0 19.968637608297396 
0.7186317952150432 0.28010234337016626 1.3895602357545948E-5 0.0 0.0 0.0 0.0 0.0 0.0 19.442778884904026 
0.8654212044535708 0.007266534822529078 0.0 0.0 0.0 0.0 0.0 0.0 0.05020435381389385 19.13785037213241 
0.0 0.0 0.0 0.22312518231663023 0.0 0.0 0.0 0.0 0.008367052852834705 20.502900317675056 
2.1305877245672268E-4 0.009976889098042941 0.0 0.0 0.0 0.17335256457517276 0.0 0.0 0.0 20.585453519286084 
0.0 0.012281328159632737 0.0 0.0 0.0 0.17335256457517276 0.2333022312966063 0.0 0.06000403802515973 20.053426857267265 
0.8474741136746572 0.0 0.0 0.0 0.0 0.17335256457517276 0.2333022312966063 0.0 0.05703230996204014 18.379287587947506 
0.0 7.028030213736975E-4 0.0 0.0 0.0 0.12506010021108227 0.0 0.0 0.8513904731524502 19.155977871341754 
0.8671647020791161 0.007266534822529078 0.0 0.0 0.0 0.08667628228758638 0.0 0.0 0.8303060715843367 18.138883430526004 
0.8764914143059559 0.28733173413985474 0.0 0.0 0.0 0.08667628228758638 0.0 0.0 0.793380264738572 17.200308231463513 
0.8661059166602754 0.2873317341398548 1.4294170226253894E-5 0.002857927953993755 0.0 6.60498385669844E-4 0.0 0.0 0.8303060715843366 17.748847586849518 
0.8646683459406245 0.13984674621778648 0.0 0.0 0.0 0.0 0.0 0.0 0.0 18.945887145225548 
0.8186879097818207 0.00652175475578744 0.0 0.0 0.0 0.0 0.0 0.0 0.057438995359429326 19.207667272905482 
0.0652586914041711 0.014641069764527873 0.0 0.0 0.0 0.0 0.23326896886604365 0.0 0.0 20.372891842795383 
0.4326924742181131 0.0 0.0 0.0 0.0 0.0 0.18495026679640647 0.0 2.697121777254626E-4 20.456711250361227 
0.863035429182045 0.0 0.0 0.0 0.0 0.0 0.18495026679640647 0.0 0.08541672186703733 18.701824014336108 
0.0 0.0 0.0 0.0 0.0 0.0 0.1144112919301297 0.0 0.8440196159895236 19.16095432396671 
0.7186901872524152 0.00862382423743253 0.0 0.10936495800631417 0.0 0.0 0.06124922422908001 0.0 0.0 19.692988205022502 
0.0 0.007266534822529078 0.0 0.0 0.0 0.0 0.0 0.0 0.8440196159895236 19.356009177430355 
0.8216007963840889 0.13530746489907836 0.0 0.0 0.0 0.0 0.0 0.0 0.0567229442089944 19.12685287664255 
0.0 0.01222037078313942 1.4164928949296675E-5 0.0 0.0 0.0 0.0 0.185196191143322 5.630994550010385E-4 20.547044545889523 
0.8689462203447564 0.007266534822529078 0.0 0.0 0.0 0.0 0.0 0.1821435159683648 0.062998069506132 18.765230850656184 
0.0 0.20695019498766679 0.0 0.0 0.0020085852817267108 0.0 0.21872387312162997 0.2004407096003687 0.0 20.195447240183547 
0.8186879097818208 0.2751048526473601 0.0 0.0 0.1871816504305624 0.0 0.0 0.09108684360883532 0.057439414034637606 18.75508959675049 
0.8216007963840889 0.0 0.0 0.22312518231663023 0.0 0.0 0.0 0.058090738566227706 0.008367052852834705 18.790253877110985 
0.8693004675325855 0.00652175475578744 0.0 0.0 0.0 0.0 0.0 0.0 0.003281301711224264 19.213215299619133 
0.0 0.2747482569938491 0.0 0.22312518231663023 0.0 0.0 0.0 0.0 0.008367052852834705 20.105717248822376 
0.0 0.26365298963911454 0.0 0.11156259115831511 0.05053331526000915 0.0 0.2288225838602594 0.0 0.0 19.814724808410134 
0.8646683459406245 0.2873317341398548 0.0 0.0 0.0 0.0 0.0 0.0 0.0 18.829923901954007 
0.8683062179354223 0.012065466587409769 0.0 0.0 0.0 0.0 0.0 0.0 0.10998634964132441 18.9991842604183 
0.863035429182045 0.0 0.0 0.0 0.0 0.0 0.0 0.0 0.08541672186703733 19.068562701851675 
0.8646119824727709 0.014724799684086633 0.0 0.0 0.0 0.0 0.0 0.0 0.06000403802515973 19.1121674691808 
0.7186901872524152 0.0 0.0 0.0 0.0 0.0 0.0 0.0 0.05621357901475139 19.77013129545269 
0.0 0.0 0.0 0.0 0.0 0.0 0.0 0.0 0.0 20.908771385620177 
0.0 0.11016217050453235 0.0 0.0 0.0 0.0 0.0 0.0 0.0713137890467283 20.601605955152255 
0.0 0.0 0.0 0.0 0.0 0.0 0.0 0.0 0.40162533214591667 20.764664655126506 
0.4326924742181131 0.007797341735718979 0.0 0.0 0.0 0.0 0.0 0.0 0.10998634964132441 20.63749828763901 
0.0 0.0 0.0 0.0 0.0 0.0 0.0 0.0 0.043303318499210326 20.857604548185748 
