0.8685591450039664 0.0 0.0 0.0 0.0 0.0 0.028992567333109634 0.026814985351995762 0.0 18.385605579170683 
0.8685591450039664 0.0 0.006435250338398091 0.0 0.0 0.0 0.028992567333109634 0.06942687703920643 0.0 18.299650766621344 
0.8685591450039664 0.006376034525696914 0.0 0.0 0.0 0.0 8.61785620374385E-5 0.025493984423574836 0.0 18.416340223370696 
0.8685591450039664 0.0 0.0 0.0 0.0 0.0 0.0 0.03869912822176923 0.0 18.409161651724474 
0.8685591450039664 0.0 0.0 0.0 8.862349729846758E-4 0.0 0.025405749094184426 0.0 0.0 18.430998230455742 
0.8685591450039664 0.01057469258154009 0.0 0.0 0.0 0.0 0.007551319608820329 0.0 0.0 18.44234465646888 
0.8685591450039664 0.0 0.0 0.0 0.0 0.0 0.0 0.0 0.0 18.462659949884674 
0.8685591450039664 0.0 0.0 0.0 0.0 0.0 0.029800529641332747 0.05785037750623115 0.0 18.330176327853206 
0.8685591450039664 0.0 0.0 0.0 0.0 0.0 0.0 0.05785037750623115 0.0 18.36885141243716 
0.8685591450039664 0.010574692581540092 0.0 0.0 0.0 0.0 0.007551319608820329 0.06930750307703509 0.0 18.32561445206983 
0.0 0.28275539095812957 0.0 0.0 0.0 0.01302855719695084 8.577001913519853E-5 0.0 1.6447310400020598E-4 19.728591975351563 
0.007983584645979905 0.2635442866640228 0.0 0.0 0.0 0.0 6.758337494473237E-5 0.0 0.05775672534633042 19.645782478259775 
0.3060555852739754 0.28275539095812957 0.0 0.0 0.0 0.0 8.577001913519853E-5 0.0 0.02887836267316521 19.328699980345124 
0.0040008185690909555 0.28275539095812957 0.0 0.0 0.0 0.0 8.577001913519853E-5 0.009887225258234215 0.0 19.729346592997814 
0.8685591450039666 0.3802909761881843 0.0 0.0 0.0 0.0 0.0 0.0 0.05775672534633042 18.15781752286899 
0.008001637138181911 0.28275539095812957 0.0 0.0 0.0 0.0 6.758337494473237E-5 0.8676669050633039 0.05775672534633042 17.973747795123515 
0.8685591450039664 0.28275539095812957 0.0 0.0 0.0 0.0 8.61785620374385E-5 0.026600363960254347 0.0 18.00761221515781 
0.8685591450039664 0.01057469258154009 0.0 0.0 0.0 0.0 0.0 0.06930750307703509 0.0 18.333118664558057 
0.0 0.01057469258154009 0.3105876014183472 0.0 0.0 0.0 0.02924890484403125 0.06873418480549585 0.0 19.615838742098735 
0.4278357962184529 0.3802909761881843 0.3077703313094062 0.0 0.0 0.0 0.03148805677269673 0.03869912822176923 0.11551345069266084 19.155469714371133 
0.0 0.3802909761881843 0.3105876014183472 0.0 0.0 0.0 0.03148805677269674 0.0 0.0 19.517007235232448 
0.8616858133373941 0.01057469258154009 0.3105876014183472 0.0 0.2429711790215546 0.0 0.04998823616386515 0.02672768488479703 0.0 18.639207405893885 
0.8685591450039664 0.3819748774507319 0.0 0.0 0.12312453988916341 0.0 0.03148805677269674 0.0 0.0 17.98248996226203 
0.0 0.0 0.0 0.32802249097904 8.980590575512575E-4 0.0 0.0 0.02672768488479703 0.0 20.050070344278165 
0.8685591450039664 0.0 0.0 0.33105431004021435 8.890816281479646E-4 0.0 0.0 0.02672768488479703 0.0 18.08650789405551 
0.4418459337230016 0.187918409221497 0.0 0.0 0.0 0.0 2.584575193910223E-4 0.026233121244999283 0.0 19.698312470051135 
0.8804180306412295 0.0 0.0 0.32802249097904 0.007115372058856595 0.0 0.0 0.06885088244538363 0.0 18.008133414882707 
0.0 0.3802909761881843 0.0 0.32802249097904 0.12312453988916341 0.0 0.03148805677269674 0.0 0.11551345069266084 19.105380805509697 
0.43313758253482726 0.0 0.0 0.16378297639516787 0.0028291973458624995 0.0 8.577001913519853E-5 0.8676669050633039 0.0 19.240307048283352 
0.8685591450039664 0.01057469258154009 0.0 0.050817762928769605 0.009954448106004987 0.0 0.007551319608820329 0.06930750307703509 0.0 18.240021075344586 
0.0 0.006257928105542108 0.0 0.012011307989255204 0.0 0.0 0.06944396358183329 0.026097993588930963 0.27925123527768203 19.58245155113015 
0.013559860539876485 4.060684294391013E-5 0.0 0.0 0.0 0.0 0.00731170057342709 0.8721285692812333 0.0 18.441981791696364 
0.8685591450039664 0.0 0.0 0.0 0.0 0.0 0.0 0.8676669050633039 0.0 16.777804692723933 
0.8685591450039664 0.3769842414701394 0.0 0.0 0.0 0.0 0.0 0.03869912822176923 0.0 18.178145958320325 
0.008001637138181911 0.28275539095812957 0.0 0.0 0.0 0.0 6.758337494473237E-5 0.0 0.0 19.73386024738825 
0.7383347484914131 0.0 0.0 0.0 0.0 0.0 0.0 0.025773902964939022 0.0 18.931855582893075 
0.0 0.0 0.0 0.0 0.2429711790215546 0.0 0.03398524758252605 0.04485281695554116 0.0 19.61903179034785 
0.0 0.0 0.0 0.0 0.24118062910318952 0.0 0.0 0.8676669050633039 0.0 18.04567541572641 
0.420186430315996 0.010407380365369425 0.0 0.0 0.1164991856219582 0.0 0.0 0.0 0.0 19.88148995805658 
0.0 0.3802909761881843 0.0 0.0 0.12312453988916341 0.0 0.0 0.0 0.0 19.723146335433068 
0.0 0.0 0.0 0.0 0.0 0.0 0.02879584698904988 0.761413709569877 0.0 18.766700979635768 
0.42166724349129314 0.0 0.0 0.0 0.0 0.0 0.0325165658423949 0.7908888756903243 0.0 18.489180724185488 
0.8619344186369596 0.28275539095812957 0.0 0.0 0.0 0.0 8.577001913519853E-5 0.8825860210986551 0.02887836267316521 17.32303454522817 
0.0 0.0 0.0 0.0 0.0 0.11509338795271386 0.0020556921010140036 3.106270641114154E-4 0.0 19.99320135552423 
0.8793967174987473 0.27775375517182976 0.0 0.0 0.0 0.11373359580820934 0.7152750314286487 0.8791983019973859 0.0 15.92067172035635 
0.0 0.0 0.0 0.0 0.0 0.11373359580820934 0.0 0.8791983019973859 0.0 19.30579284748493 
0.0 0.27775375517182976 0.06742084223288092 0.0 0.0 0.11373359580820934 0.7402288358764902 0.0 0.0 18.238348450356497 
0.0 0.0 0.0 0.0 0.0 0.08789856860231286 0.7402288358764902 0.0 0.0 18.85714378189605 
0.8685591450039664 0.0 0.0 0.0 0.0 0.11457488360014587 0.029800529641332747 0.9136237432200778 9.998685656743254E-4 16.63665821336823 
0.0 0.27775375517182976 0.0 0.0 0.0 0.11373359580820934 0.7402288358764902 0.8791983019973859 0.0 16.705764492714422 
0.8685591450039664 0.01057469258154009 0.0 0.0 0.0 0.06718900192108976 0.007551319608820329 0.06930750307703509 0.0 18.219289545808575 
0.014288902497665667 1.8291268569456105E-5 0.0 0.0 0.0 0.0 0.7280563589643724 3.106270641114154E-4 0.0 19.005068872707014 
0.8918794152695751 0.27775375517182976 0.0 0.0 0.0 0.11373359580820934 0.7365719419168039 0.8791983019973859 0.0 15.09129322610416 
0.0 0.0 0.0 0.0 0.0 0.0 0.7049448394836139 0.7764613388618099 0.0 17.854133967902424 
0.8384959463580207 0.0 0.0 0.0 0.0 0.0 0.7049448394836139 0.03869912822176923 0.0 17.464528949075667 
0.0 0.27775375517182976 0.0 0.0 0.0 0.0035842099187990916 0.7402288358764902 0.8791983019973859 0.0 16.914161260966605 
0.0 0.19272536136338353 0.0 0.0 0.0 0.0 0.3486267014282431 0.026233121244999283 0.0 19.461582099770713 
0.8793857201187065 0.010407380365369425 0.0 0.0 0.0 0.0012175465697771175 0.7365719419168039 0.8791983019973859 0.0 15.889637179093933 
0.8685591450039666 0.27775375517182976 0.0 0.0 0.0 0.0 0.7365719419168039 0.8791983019973859 0.0 15.343731740017915 
0.8685591450039664 0.010496844058469373 0.0 0.0 0.0 0.0 0.06851487362641219 0.0 0.0 18.411010318680937 
0.8685591450039664 2.2179797010833815E-5 0.0 0.0 0.0 0.0 0.0 0.8676669050633039 0.0 16.766655052872338 
0.8685591450039664 0.0 0.0 0.0 0.0 0.0 0.028992567333109634 0.8619941040024347 0.0 17.21164942917687 
0.8996035864010257 0.0 0.0 0.0 0.0 0.0 0.021867308838539174 0.6286694551813071 0.0 18.110530097860106 
0.8685591450039664 0.0 0.0 0.0 0.0 0.0 0.00944597422472122 0.06873418480549585 0.0 18.344142662571056 
0.8382674825430638 0.0 0.0 0.0 0.0 0.0 0.0 0.06930750307703509 0.0 18.35900600475052 
0.8685591450039664 0.0 0.0 0.0 0.0 0.0 0.06851487362641219 0.4626667736751541 0.0 18.318232450478767 
0.8685591450039662 0.0 0.0 0.0 0.0 0.0 0.025405749094184426 0.06873418480549585 0.0 18.330258244926362 
0.8685591450039664 0.0 0.0 0.0 0.0 0.0 0.02993659683784924 0.0 0.11415433935463576 18.287833200326908 
0.8670456291715388 0.0 0.0 0.0 0.0 0.0 6.758337494473237E-5 0.06873418480549585 0.05775672534633042 18.476967392838745 
0.8685591450039664 0.0 0.0 0.0 0.0 0.0 0.0 0.06824372435322863 0.0 18.34870752767015 
0.8685591450039664 0.0024262282027740045 0.0 0.0 0.0 0.0 0.03148805677269674 0.0 0.0 18.43090401612201 
0.0 0.0 0.0 0.0 0.0 0.0 0.0 0.0 0.0 20.158865264404806 
0.0 0.0 0.0 0.0 0.1164991856219582 0.0 0.03148805677269674 0.0 0.0653865158648706 19.795508414358952 
0.0 0.01057469258154009 0.0 0.0 0.0 0.0 0.0 0.06930750307703509 0.0 20.02427211058654 
0.0 0.0 0.0 0.0 0.06385553450016879 0.0 0.0 0.02672768488479703 0.0 20.01293517289664 
0.0 0.11058924778841106 0.0 0.0 0.0 0.0 0.0 0.04943323187201652 0.0 19.898081288182052 
0.42487948818386956 0.0 0.0 0.0 0.0 0.0 0.0 0.0 0.0 20.053126733894953 
0.0 0.17863006673667015 0.0 0.0 0.0 0.0 0.0 0.0 0.0 19.7988387629916 
0.0 0.0 0.0 0.0 0.12312453988916341 0.0 0.03148805677269674 5.399841123126668E-4 0.0 19.889884675829396 
0.0 0.19131783243710435 0.0 0.0 0.0 0.0 0.0 0.03869912822176923 0.004139771175695776 19.7115184014255 
0.0 0.0 0.0 0.0 0.12312453988916341 0.0 0.03148805677269674 0.06979716279694337 0.0 19.76179930074841 
