10.866458050971202 10.208748433559562 3.630859536759188 4.569252089920794 5.569937287867113 6.875273294947385 6.881907385849071 4.068458079701868 
9.953944896702021 10.633453506241423 3.369938583977129 4.863663966141384 5.451738512369139 6.743655278434628 7.135480450739127 3.749438250875538 
10.528463490953385 10.530589429542477 3.5454576452948054 5.056976616458653 5.297383192271598 6.917046816606654 6.924956656369523 4.220920674779246 
10.050021806832596 10.488236155874752 3.4278233123883166 4.345744663732455 5.601477199225165 6.85172244364962 7.063897415993987 3.841567951114165 
10.290551898230387 10.493677228133436 3.937670369635404 4.847257318473452 5.2945868573223525 6.518503837596717 6.924525327562989 4.069722689802587 
10.303270861996284 10.487110343017147 3.827433650524895 4.529333541610653 5.282166606500622 6.984169612747832 7.369727312198437 3.748207073434451 
10.391156394352494 10.532648691520397 3.6724658417905145 4.576386082895874 5.667990532615996 6.714582011394827 6.95480188008694 3.691017902323718 
10.107885530684475 10.110041524191887 3.6908379066559314 5.134988596836402 5.423597796802797 6.91216066393093 6.955261496490645 3.8784393964439006 
10.15897349113385 10.407982814236416 4.012297746027753 5.009242897173866 5.423876664715394 6.548387563811774 7.2910618173193535 3.720850398760614 
10.13482765288822 10.177941793531652 3.585394621117731 4.416024787227846 5.677197274979584 7.055979751918995 6.846592716093635 4.126588835784288 
10.608772961697952 10.372460782692322 4.699071319821926 4.444976488925283 5.144492838664029 7.459903763163212 7.222298314582407 4.05023891500527 
10.161439097974153 10.463479606312195 3.4401144893259787 5.3898355849625945 5.87292853049312 6.716496933979222 6.998388816692515 3.8110364548328937 
9.662517565487152 13.986103916742715 3.3470015735685257 4.548848370902211 6.075605374426616 8.30039048230258 6.917515668580846 4.431394385606489 
9.336157806811174 11.32898771102905 3.6842002240270753 4.608972335848491 5.547094851007708 7.004591429226609 7.274948734274053 4.282808623063791 
9.374220604194514 10.987472088312986 3.3854696025759052 4.765869752482275 5.554252773981421 7.013945438554806 7.053213758992483 3.974555908021533 
9.714706003559323 10.732243221781317 3.4215849441402417 4.580317471977731 5.507173300090067 6.848497863945834 6.88286165549252 3.907011759365786 
9.93757165598063 10.983085615768907 3.8786537191154835 4.73519086612947 5.384980898578986 6.648731865912549 7.088995443692237 4.178997835406689 
9.905383691100736 10.84937162021251 3.4219456933644503 4.788765865380265 5.426521497823632 6.778397471411897 7.173694319822746 4.056180778834513 
9.888773730656514 10.898120029317838 3.8611381423256788 4.82880657281776 5.3121481482710475 6.736227007731178 7.299040528255926 3.9282950767489004 
9.720023425872204 10.630843655195516 3.3288842123977123 4.457131333633031 5.736253783211776 6.915021049710353 7.034989387209409 4.026143748769049 
9.764981570445686 10.395123277548326 3.4703946977922917 4.702307833375411 5.712143922730381 6.926072548351514 7.122145494436319 4.049856056763147 
9.453860687300024 10.40894763599949 3.843634261555534 4.5446178221628335 5.715731628179361 7.07802544927182 7.164234815212399 4.214488432075749 
9.450382722960347 10.206925540498611 4.305049765065744 4.65567855120362 6.299270692483794 7.477698153510768 7.22984716544659 4.583976304513291 
9.763812308134135 10.892857999910953 5.429157116281922 4.799576806588507 5.298911596006965 6.936065620414793 7.198594241924159 3.973994530107608 
9.408376565278818 10.424224449947504 4.186184142584063 4.260991898434338 5.669624096117627 7.436138149523089 7.054646027948827 3.7976822343386925 
9.661195187811666 10.902588985158728 4.386464290499129 5.1585141893253565 5.221182127516893 7.221885919758748 7.163575884398058 3.714597191551802 
9.79593911152217 10.512496516688591 3.949459685386433 5.033987590391333 5.213245348628546 6.835405832111012 6.669601451869601 3.839975123524859 
9.374028010193058 10.70114736956916 3.832068940798209 4.596602579472596 5.566916217730418 6.992500022556641 6.724121507644202 3.899781002718772 
10.227582881052255 10.395377583786694 4.2469729878100395 4.520342392385687 5.184912378602918 7.190236757547516 7.043266118875376 4.347110883255187 
10.007545547234928 10.589940110291844 4.0054780587393335 4.6989127335137 5.281408147784532 6.692335005093211 7.466297889011889 3.711488792296895 
9.49415045186443 10.56738736856046 3.8675528183042234 4.980315592534704 5.436034538741911 6.769480948176682 6.667356073863536 4.219398143950373 
9.818946343188372 10.762432212122214 4.359029027556975 4.511972581585192 5.600000826921713 6.864763211788361 6.865754530572934 4.044843737774448 
9.582761459685758 10.379296689458547 4.15123827672934 4.6834430153956195 5.534111937009981 7.854242604149647 6.770242760415852 4.067357519905129 
9.610531683494724 10.499438271188147 3.9886356347184204 4.799861261347115 5.316640486869099 7.555398030883759 7.082480445926152 3.6701798048547603 
9.682698142159458 10.242434828014654 3.794750382711102 4.775409908999554 5.497824749475982 6.862462611935375 7.124968798155066 3.958989269078406 
9.98902341956306 10.554285326841047 3.392109415799106 6.715967962585449 5.733492727508471 6.744081540548731 6.897757050880211 4.106697322966939 
10.025817430814019 10.56526078047886 3.7700921089742803 5.566809847397958 5.349356563516468 6.724732154555009 6.69120911570917 3.926620402124821 
9.524620326412606 10.58754049749081 3.411220785740686 5.109882669527138 5.434171745116607 6.776007470083462 6.7986909229872925 4.054564368987666 
10.032347688896749 10.286045737417776 3.707570124871604 5.295937793250024 5.704526625039362 6.6211918034230415 7.215508556174712 3.797502784549151 
9.377695472243689 10.39123236002561 3.7949444227886246 5.41390045005977 6.047039288402755 7.210564787329759 7.3123801130858315 4.332414836372788 
9.83534354466794 10.204548166742189 3.7343115894803747 4.790193290460651 5.472800274376143 6.6245239336915525 7.043418436048399 3.9291472120064754 
9.620302123890008 10.774852932509862 4.042467970692213 5.054563321850536 5.832446541169677 6.529438884906479 7.2224591660789255 4.496212110399206 
9.611429793488881 10.39061306606529 3.4533791243007026 4.903783103679628 5.464780025138337 6.927157764087522 6.764441064155151 3.8806624823926135 
9.863601735590924 10.219377007745882 3.4737875353953487 4.755720283892428 7.707116075473006 7.602906781495186 6.8089746128565904 3.994135607131699 
9.382761098122927 10.647615143257232 3.57277302802039 4.911775014853196 5.900038379546472 7.193377025382232 6.838847418122015 3.9696730568558793 
9.179557600577011 10.949045713639347 3.4247912371370552 4.402224108974982 6.263134782256286 6.75353248916293 7.13461515419344 4.000379669893376 
9.865472842359233 11.024022476990977 3.473996791499143 4.470305772929438 6.141904555330637 6.868384793860261 6.666058952601493 3.984787698182786 
9.623143303328405 10.548948722825223 3.413027603602931 5.227294418215952 6.254365164612323 6.895356154814324 6.976051526643198 4.089163222667526 
9.635046280237045 10.66961388987592 3.7532233336413063 4.355502017749234 5.901795348384478 7.060083662993732 6.864751597537025 3.745516812100025 
9.838147518006066 10.458549323907597 3.3399839953576964 4.521702427314362 5.810791446736839 7.0326855585420684 6.9366958010725135 3.6860669058556597 
9.382958465433807 10.24576044233719 3.798813669312743 4.756434693646282 6.012419704943907 7.002833848984543 6.987809998111922 4.441662053000346 
9.556911935747838 10.389606675152278 4.172818424431561 4.775037832318306 5.981470815063651 6.881835503297536 6.867121211528225 3.914487050523623 
9.436828387795494 10.610412657488055 3.16284227368051 4.460482145333345 5.835255214605858 6.800577193847674 7.195979702678523 4.1726966060318205 
9.81091708555438 10.473301001963414 3.3720631993540446 4.364595007370881 6.010072251639584 6.6980440441758455 7.0453396925046565 4.300697192078474 
9.30785966181756 10.455606341470721 3.6612532613351094 4.585894050737765 5.729854058282363 8.272063438201876 6.7422334400836945 3.831663716941306 
9.427323234049396 10.48625052536005 3.800182959805648 4.473107661395561 5.7623650058684515 7.128314175905331 7.213198570420335 4.15805149046208 
9.65738784879085 10.344955576166877 3.302952356981338 4.395933200140368 6.188895311861924 8.05618783401183 6.636498230535393 4.301793307505079 
9.234416397514467 10.372688591279474 3.339059706733812 4.383022517591051 5.733440542349642 7.471970101349006 7.190571024786244 4.102530728543771 
9.134903137731662 10.614640793125822 4.164176483059404 4.794539811653028 5.773341721063947 7.915685377889512 7.156958890186513 4.017787576141265 
9.479432079939594 10.397630694039103 3.5945573699897455 4.350583687031052 5.677397051366133 7.27670794354983 6.859559437577065 3.6467994879108723 
9.30806679686692 10.20901803469978 4.22164164176515 5.010520971293674 5.715689663663568 8.042727447923344 6.859201855918664 4.695519356126754 
9.554850611684358 10.489795535955682 3.4058077481188427 4.318671554447972 5.704927029212311 7.1303963531266845 7.1012083811606 3.7077422754687426 
9.451549594088682 10.468885576847219 3.3093390197842343 4.848522988236353 5.454959007359742 7.048020977327668 6.688219812391117 4.094606139674223 
9.392607804164316 10.92080487111926 3.7700329738534872 4.457225929285045 5.8071303051340895 7.104557624695631 6.749562661725173 3.717328924559777 
9.828758885865538 10.223052156371375 3.4141972874479314 4.687321248504075 5.640645671792827 7.207615401042592 6.831316405413538 3.8890440602975276 
9.171666367533325 10.732528664245732 3.252941942550541 4.727581480635475 5.478525032967392 6.995184036859798 7.225106898374408 3.903077200378029 
9.753952342395587 10.536788563409942 3.7413265854537436 4.785233749957069 5.743144545816392 6.860271974617119 8.116760354210095 3.790396123700065 
9.37778392386389 10.392627394283947 3.1735420451382175 4.422114414756938 5.807403078948701 6.85967076680361 7.590982822015048 3.8728012616417296 
9.639830995123816 10.38657781411107 3.542270274392318 4.581618078088287 5.747548984774845 7.056544516708319 7.562371491501431 3.9191560576978994 
10.191448223210397 10.37826396355169 4.033147059215495 4.584886244321509 5.493351879282258 6.73379810187946 7.78803629447117 3.6851734251777972 
9.817099695850871 10.583831122189629 3.797074839977551 4.49214148986176 5.649443438512727 6.547764335547568 7.470545868239192 3.992399038387826 
10.002596026707371 10.478429756744264 3.5975191252863987 5.093978309114006 5.535899420292665 6.606430917057294 7.327656116938021 3.7805319746352994 
9.577195047846516 10.69691650640155 3.5787225897804458 4.6360905716084755 5.567329166335663 6.974812135757792 7.351304099597714 3.681102187474069 
9.722439359773904 10.310630417903072 3.6268263120707247 4.630382408899623 5.796841564800476 6.922273334053296 6.601110087037647 4.653960281206088 
9.412854493007288 10.515237267580007 3.3262254365635444 4.678634994427196 5.465744646306274 6.7087070463501774 6.928473525454111 4.2585584305567625 
9.428167125100355 10.395669110657744 3.8080438378721824 4.9193334997121685 5.694188230508227 6.660430336810075 6.831805485941899 4.5056650092960515 
9.657742283523424 10.678879946827468 3.9457469821101028 4.919710994446689 5.205722412480235 6.668951460191415 7.175784695800566 4.561148431188419 
10.247582036144365 11.378456951610547 4.007659877208787 4.487733824501303 5.474779320759427 6.635549553760331 6.87145299677506 4.889351020675148 
9.204157909010483 10.31446220007057 3.4453322732164673 5.132950996450804 5.592536852056719 7.367908920403656 6.780787185023034 4.513142944059662 
10.237728622996066 10.71483368942692 3.310717371488219 5.4613834961353955 5.46063901698419 6.87343694173726 8.405861062790741 5.2627279794244 
9.244120893128786 10.383576205887888 3.5794585503617644 4.781181955287388 5.836492766869153 6.945862888939272 7.036307786971014 4.396537866966797 
9.974766060317044 10.318519953230727 3.408001954946779 4.465298126955757 5.835058177788552 6.8690204623714335 6.689168710436766 4.3612144898084235 
9.725387365825894 10.457685362303273 3.578014560624 5.497733230768826 5.910318327170614 6.481550041238227 7.284847002664483 4.628136451509832 
9.843056041489826 10.198319798855158 3.6165859821218205 4.821248620857031 5.412444747328236 7.081398995978946 6.698372362369589 4.307376786969086 
9.821752476738702 10.153112009615066 3.4242183706623606 4.570114917984785 5.954067387328853 7.261615858738403 6.934452807548086 4.386739649564234 
