1.0000001522546107 0.0 0.0 0.0 0.0 0.0 0.0 0.0 
0.9999998303418169 0.0 0.0 0.0 0.035969201657698215 0.0 0.0 0.0 
6.128529063084538E-17 1.0007888738728081 0.0 0.0 0.0 0.0 0.0 0.0 
6.124275200774633E-17 1.0028169866531336 0.0 0.0 0.07035401533309905 0.0 0.0 0.0 
6.123347918288472E-17 1.0014259529510177 0.0 0.0 0.0 0.0 0.0029706667167177336 0.0 
3.7711075385001936E-33 6.209228269195726E-17 38.41147047991192 0.0 0.0 0.0 0.0 0.0 
3.8580746206545986E-33 6.276398846253391E-17 37.865510340373895 0.11280690481599621 0.0 0.0 0.0 0.0 
4.21431661054183E-33 6.776346308736253E-17 36.31691562488366 0.0 0.0 0.0 0.0 0.0 
3.7731816122745206E-33 6.180719505063712E-17 38.93455370201748 0.0 0.0 0.0 0.0 0.0 
5.267046045354276E-33 7.216302126725298E-17 34.87831289278264 0.0 0.0 0.0 0.0 0.0 
3.935520051634938E-33 6.381686919369949E-17 38.1115223776441 0.0 0.0 0.0 0.0029543485627982874 0.0 
3.8611193518670355E-33 6.251044245253934E-17 38.26123594019903 0.03391278592285796 0.0 0.0 0.0 0.0 
4.114063397596053E-33 6.784176862604482E-17 36.22431755966696 0.0 0.0 0.0 0.0 0.1088541662816107 
6.280731452873237E-17 0.0 38.51583236016765 0.11019089691725018 0.0 0.0 0.0 0.0 
3.805861787611346E-33 7.618172974479675E-17 35.84886344818134 0.10465717770894527 0.0 0.0 0.0 0.0 
3.8229590541897496E-33 6.293792628961386E-17 37.83287905702752 0.1110392699487388 0.0 0.0 0.0 0.0 
3.891244544131626E-33 6.251901652233677E-17 38.18604142551765 0.11334525720690844 0.0 0.0 0.0 0.0 
4.255232596198076E-17 0.6961623733655824 0.0 12.351141565988225 0.0 0.0 0.0 0.0 
0.6712462298873375 0.6841419086874062 2.5613107658311156 4.829777237845508 0.0 0.0 0.0 0.0 
0.721844924961624 0.02108815443476613 0.0 11.897927984556823 0.08839215663877364 0.0 0.0 1.2844825025417552 
3.062159320846832E-33 5.4909476129086806E-17 27.797624352599737 11.205790756176937 0.0 0.0 0.0 0.0 
4.3803858253542466E-33 7.626169997886027E-17 35.28563680426961 0.12329717488575609 0.0 0.0 0.0 0.0 
0.4624803210975966 0.888600912461177 0.0 0.0 0.0 0.0 0.0 0.0 
4.6088359122599165E-17 0.7201774823626287 25.34978564543953 0.0 0.0 12.867503195232468 0.0 0.0 
4.1623382368967125E-33 6.427477160532038E-17 36.38574593090908 0.0 0.07901247474875923 4.958102277107139 0.0 0.0 
5.605708904504898E-17 0.9162365177383687 15.750617642692427 0.0 0.08575353022369843 1.5456628366775775 0.0 0.0 
0.7602269874859664 0.6517349202054299 0.0 0.0 0.07040919372122399 0.0 0.0 0.0 
6.120981370712097E-17 0.9994903996202837 2.3190340425924414 0.0 0.0 0.0 0.0035856098951722207 0.0 
2.8498800839873134E-49 4.3549132617264756E-33 2.172816890491732E-15 0.0 38.26128336280301 0.0 0.0 0.0 
2.9263387226101232E-33 5.001478908451215E-17 23.877981741869615 0.0 30.00513211780368 0.0 0.0 0.0 
4.914165084941703E-17 0.8033070351523716 0.0 0.0 25.623685991422473 0.0 0.0 0.0 
0.8050835878310385 0.0 0.0 0.0 25.394877300733114 0.0 0.0 0.0 
4.766938707198313E-34 1.321655166903198E-17 2.961745161044158E-15 0.0 15.15009456307512 5.804245197118415 0.0 0.0 
2.610099066521401E-6 0.8696315944972944 0.0 7.678094111450482 22.671585188568447 0.0 0.0 0.0 
0.44977262571173865 0.9009751130596533 0.0 0.0 4.141487884443562 0.0 0.0 0.0 
0.457025298817035 0.8799045528862242 0.0 0.0 4.024630630002849 5.302553803891456 0.0 0.0 
3.793414827070843E-33 6.032342318217319E-17 36.134779339721575 0.10475393899648418 1.6677637475856286 12.83892548259454 0.0 0.0 
4.671531510185922E-17 0.7461828310529368 27.224362270499874 0.10721397223769748 0.9771634643951683 0.0 0.0 0.0 
6.123335582260454E-17 1.0028756663890501 0.0 0.0 0.6837585052218628 0.0 0.0036202776126622862 0.0 
0.6986045340676628 0.7165436710456661 0.0 0.0 0.0 0.0 0.0 0.0 
4.473999732546486E-17 0.9598898062863886 26.013869543748164 0.0 0.0 0.0 0.0030269292731389063 0.0 
4.254151793637071E-33 0.0 2.4077450919061004E-15 0.0 0.0 0.0 0.0 29.890157494646548 
0.004668776458970613 0.987197608657536 0.0 0.0 0.08529208480689182 0.0 0.0 5.75072356163147 
0.9872322707919218 0.0 0.0 0.0 0.0 0.0 0.0 5.639587230358484 
0.07880362265685299 0.9991008813140454 0.0 0.0 0.0 0.0 0.0 0.0 
0.9296681682638209 0.3692082853561037 0.0 0.0 0.0 0.0 0.0 0.0 
0.475753785558362 0.8869838425838797 0.0 0.0 0.0 0.0 0.0 0.0 
0.7550406182030532 0.6587916182186357 0.0 0.0 0.0 0.0 0.0 0.0 
0.9911108352414523 0.0 5.605385034459194 0.0 0.0 0.0 0.0 0.0 
4.634069077517649E-33 6.850387521698593E-17 34.13034390713089 0.0 0.8951335841896603 0.0 4.783585709023218 0.0 
2.6089163190177865E-49 4.3138471855987476E-33 2.2280681075522158E-15 0.0 37.63053968121026 0.0 3.674323524337191 5.599683686215442 
5.191091538731012E-17 0.7288669642294542 23.020740848846344 0.0 0.16853875946461308 12.382363429894978 4.7644420568125465 0.0 
4.389884740801687E-17 9.083200539753704E-19 24.689363851125442 0.0 27.809473579650938 2.337548675134004 1.4047355292236468 6.1847615409124925 
0.46240541671815427 0.8900573320528228 0.0 0.0 0.0 0.0 0.822497071146917 0.0 
3.2832545075397685E-33 5.473857841781146E-17 28.588076543394724 0.0 26.468902323266192 0.0 0.8876441033681256 4.135938301302934 
4.233159054658891E-33 6.424552500018261E-17 37.79815928316696 0.0 0.0 0.0 0.8184338865375687 0.0 
4.260938326039242E-33 6.36485893769829E-17 35.88002926719598 0.0 0.0 0.0 0.8040283490855509 6.184751052707079 
3.719209965813524E-33 8.70033171140724E-17 32.583558013952455 0.0 0.17058336154179293 13.96260925759939 0.7002754848160835 6.434442503394901 
4.6898327153335927E-33 1.4766702585478272E-35 2.1814726805188605E-15 0.0 35.91106041601048 0.0 0.8386708653156524 0.0 
0.7003629476239966 0.7119672934580643 2.640976947341199 0.0 0.0 0.0 0.0 0.0 
0.3840004137565488 0.9565803765083957 0.0 0.0 0.0 0.0 0.0 0.0 
0.708248814827986 0.708309280740602 0.0 0.0 0.0 0.0 0.0 0.0 
6.102536007135613E-17 0.9972312348352006 3.769279424723483 0.0 0.0 0.0 0.0 0.0 
