0.2693019501545188 0.04580996160407124 0.04898155718040659 0.2086194513097275 0.06484074018266675 0.12286615085414601 0.049289661098034836 0.30083279891173165 0.7460214232520643 0.6529395979404 
0.2259961904302456 0.06903777699153699 0.05564186843355939 0.2411046167173067 0.062000378508797346 0.1442569828407105 0.1247316354573556 0.2802834391662867 0.7497465030963882 0.6615333296549141 
0.24379326964701542 0.03038964277056183 0.03580400996004734 0.22073350074298015 0.03965742240126745 0.09842145419006618 0.08316699593453833 0.3017125822117744 0.7402905264643733 0.651471384910328 
0.22266926990961616 0.023677386687154793 0.013783022685846804 0.21162304804494408 0.0620360419132613 0.1220364201630694 0.05590513589189926 0.3080540975757347 0.7477147372743195 0.605025102197633 
0.22512870255777437 0.050767094401604304 0.014782264994079483 0.23008823563275835 0.03701413714061874 0.09976856169548998 0.10451809547060893 0.3170711925917867 0.7414706433888015 0.6663348276074345 
0.21183034755919547 0.025015365485481535 0.03498303116808309 0.19809914157765923 0.05684448032881458 0.10820004869511235 0.056658795187619626 0.30222009850045845 0.7431751663890357 0.606754960441042 
0.21303540475432375 0.024793864565249603 0.04242913263949853 0.20502453171108434 0.0641927552889805 0.0942315240445632 0.08928376908558033 0.32064340188075025 0.7433461243833035 0.6379167471399513 
0.21028634960347653 0.03102039509274192 0.043907641104305464 0.2002663687282702 0.06014316993710266 0.12011233995951928 0.05662725762106141 0.29552423223871177 0.7415569913630231 0.6505513844040652 
0.21001339496824978 0.04661736314549926 0.04077939222499599 0.2340635931349949 0.04760627337443109 0.10658344130862805 0.085953874080856 0.29502654261422845 0.7432390503872532 0.6599745198969525 
0.20421097072605515 0.03458630044798206 0.04230573581997261 0.2020204868813263 0.0657488369865334 0.11306093335872613 0.05323293162064223 0.326040733387547 0.7395420298814724 0.6199935122808508 
0.1936770819545278 0.08419125964954322 0.0692867213743252 0.23542358571695549 0.04443872216819704 0.09550387177072556 0.09467155132326142 0.31145751026069374 0.7473242028305085 0.6562808577106155 
0.1657468176003042 0.042926435148697914 0.03578749521748714 0.2095706807173243 0.062009158030897626 0.1240357741417725 0.06373597498692037 0.2927278665649379 0.7444840682705813 0.6329913361494106 
0.19550838148769206 0.036830480283194154 0.01605526909438643 0.19921454941419728 0.05528468056638188 0.11887662611907199 0.0699762343279077 0.29579267504868767 0.7423864076857373 0.6236279406112178 
0.17031375103067045 0.059711916992601935 0.09926400048990007 0.2035585947519328 0.06619280957373286 0.15211203681174718 0.07919952068502675 0.30970091901077246 0.7831609172008968 0.6356238904869507 
0.1917782027340901 0.03518834860811716 0.014606212246588538 0.2120297435474898 0.04450252722209952 0.12426412016673637 0.09035729847675832 0.2871751284559969 0.7448260059126242 0.6359429653293937 
0.19498174026507376 0.04546348850769574 0.05145440907003742 0.20294699411489894 0.06941476485815945 0.11232894145679793 0.057787873654609107 0.29893600816943583 0.7507703043532389 0.6357900260800716 
0.19498084520267964 0.027037284271497476 0.048909395515753865 0.1970941827613447 0.05006120398072783 0.09451665584607655 0.09307602795884218 0.2974119456799007 0.7491650125839505 0.6501484221303998 
0.17512257405471224 0.026899903634707022 0.07461393202820202 0.24175329808473742 0.0740003940354994 0.09483681659858345 0.10169700585227029 0.2989761713440746 0.7720398532488533 0.6110231537640171 
0.18414699249913347 0.01753227128174977 0.04632147497940626 0.21313318000171289 0.05709247289084124 0.12906306905056572 0.07761022402593515 0.2806196388815652 0.7475340482419061 0.6396084125302435 
0.1793710307868704 0.014716180866910086 0.04186129952229333 0.1950378556780053 0.06755082745508098 0.12581651260113422 0.06349587659918296 0.2963689422827972 0.7461191932644754 0.6187846833325029 
0.1819275943947538 0.017098806976531294 0.11332195188363736 0.22365949047041828 0.05798962171393196 0.09045503107149962 0.08717258789643381 0.30082816984615646 0.7415919324467164 0.6399587508825597 
0.184205123015455 0.09472584170834493 0.09881584165644455 0.23571041689518019 0.04071510679396317 0.11464813476191188 0.10885768439287014 0.3045219296127361 0.7559862790674493 0.6561960048677612 
0.18802742996831653 0.01879749075819424 0.09969101681834254 0.22188317749168632 0.054368172748320814 0.12582988501819234 0.05350793968889512 0.2943202199449452 0.7448457153369444 0.6162231344559572 
0.1978182279432793 0.037532280070609374 0.10371853610718257 0.22150644223009242 0.06014278563325556 0.11670028874613651 0.09164167943165523 0.3201499635476445 0.7388568894921971 0.6435686983128259 
0.18598153122722633 0.03183124852153897 0.07061595233676342 0.22028525022346504 0.07681054356298739 0.09341545692967525 0.08213637059772794 0.30997990824796545 0.7415188559243737 0.6122798685880363 
0.17814830253898303 0.030784817552772455 0.08684639615696411 0.23030049518249557 0.06014917697415044 0.0800913858342384 0.12447874794945124 0.3028544301193026 0.7632072387127167 0.6242341299923984 
0.17403216503366914 0.0606382656574282 0.19029799905771863 0.25186009707508766 0.1236307076480542 0.19526109255186694 0.0575683158250508 0.30406649595228347 0.8379550493414426 0.7371051702189286 
0.18833565622378556 0.0111767119978468 0.07364437681763042 0.2185779140741449 0.06731023715804287 0.15668567347476198 0.07524676028614856 0.30994520719359026 0.7271478348063227 0.6280391063110505 
0.18629801525122064 0.010028229525231726 0.06610580705099232 0.21420173403503961 0.055450691302062344 0.12580400470257777 0.061059549337476995 0.2868031281836788 0.7428506589128784 0.6315679051604496 
0.18192308394851672 0.06386014155389108 0.08368696819722372 0.3829054431394453 0.041767589831069325 0.12097967328766587 0.061574940113516094 0.3088296954951291 0.7528288953875343 0.6322455040027327 
0.20679752436302523 0.07091192979190725 0.019184227538035496 0.28542896645491256 0.07195138010885471 0.13852196060480415 0.07858588928090311 0.33246942557450804 0.7401486240659501 0.6579842798699168 
0.17511070470595338 0.027636060404622128 0.041207930821557 0.28727317708507544 0.04345772886306417 0.10366274454625116 0.08672227381804677 0.36849223243062756 0.7545956810471376 0.6103433898457912 
0.16823225020738164 0.024853151873139166 0.04000939913767905 0.27089292709775 0.055573397068877484 0.13161813689115925 0.05013357419224672 0.3107259717387099 0.7559941969491558 0.6013466748580785 
0.19937739858951797 0.01183923247610075 0.04575402269925882 0.27064271265199197 0.04485240575565651 0.10804233179230678 0.0988504562931637 0.3016491838243356 0.7461936093560402 0.6348685475305079 
0.22269992776527342 0.026207007489680592 0.06577013790123375 0.3024436961391259 0.05815839578167881 0.10692666022517457 0.0842020655121137 0.3949960235710186 0.7405183410223256 0.6422965421886492 
0.18887489492407933 0.07512047295572179 0.04626153262502769 0.27442212695653 0.060556691681698305 0.13481672817694357 0.05586998423794722 0.3059527140682618 0.7604050039632518 0.6381930281946342 
0.20305945236294828 0.025591282673815552 0.05718984731432993 0.2513428002913918 0.060508247809872705 0.12178936978858079 0.05619562533866777 0.31396798105275825 0.7341293123062258 0.6482612068386981 
0.17229416832584565 0.02653605085627411 0.03898114881982012 0.24762513344270087 0.03634111560850045 0.1263671138740809 0.09436193371088258 0.2989034160365651 0.7498311967915187 0.6219922111173731 
0.16519146885720964 0.1294270541777251 0.10412914880986714 0.22313796643465816 0.181964257830389 0.13778700250106202 0.0973682627672465 0.2991878587316066 0.7763407385568444 0.6153866380811178 
0.17384099541625872 0.06831131928723226 0.03142718807262118 0.20578646545192292 0.15160482757032384 0.2021471160257582 0.09794786526315646 0.3550498652331607 0.7633945802536167 0.6327091601624962 
0.2044956987265034 0.03616748775362119 0.037689252591913316 0.20566611046531363 0.08786186505208202 0.09485642409550127 0.09403666762904296 0.29407777770492666 0.7461349374111308 0.6293300556962803 
0.20936958352512655 0.02585755129877662 0.023661865234755858 0.20078640205720852 0.08618900504911617 0.11423333521793959 0.05945471488375166 0.3012340551444869 0.7459990824779571 0.6189301506676661 
0.21960630675277965 0.017733954452112555 0.025525090198813598 0.20824949053863004 0.09646251001575798 0.1562847584436199 0.08443427083198624 0.27033767227306627 0.7463740916563754 0.6198582620730408 
0.2171049623429338 0.016893581541513554 0.05776972245233544 0.2026478063164265 0.08817862267059837 0.11431569932049927 0.0559809949302923 0.2909300778974786 0.7464147626059053 0.6248492683938334 
0.16517549025012418 0.03551171098694253 0.04227693618289842 0.229353586832328 0.08896432961984632 0.14139660754875022 0.13268453578687273 0.279009724142393 0.746379422857275 0.6063958579427772 
0.16638788378952218 0.027591351315054413 0.03199314711487959 0.23965684282603558 0.0797604984819663 0.09007111049270888 0.10013842829395002 0.3102999370357298 0.7472206421388758 0.6195472715050376 
0.1631569841338704 0.060742639779478524 0.025615543738125045 0.20387377909243973 0.07707885699002434 0.10120328846863319 0.09879655017020943 0.3198317005791242 0.7445598356316734 0.6129160395485126 
0.17981768875083368 0.03811299744727878 0.037281831038944245 0.2132311711467685 0.072092706034247 0.1802682721025493 0.0784690916955547 0.26581195866417906 0.7432042338834346 0.6648846097413954 
0.1865524489044832 0.032261364066884596 0.02970335791362844 0.22158340881559566 0.07624829291640287 0.16482442902774436 0.08442953180986643 0.334741987514599 0.7250078257120126 0.6056599542000914 
0.18324101079348717 0.04728122047954496 0.03127919449689573 0.20196263932500935 0.06954859823040319 0.1727574054206467 0.14359450156907574 0.2892117662414562 0.7415245229149722 0.6020033091474188 
0.22923985302726585 0.04531568849725883 0.056837076725546956 0.22352552211646864 0.07205725504910507 0.17381486971623245 0.08157771415073876 0.2945337471386228 0.7299450367936113 0.6216160501689028 
0.1677182280193657 0.04543345609819934 0.03035608909604188 0.22875487811108933 0.05451608477171804 0.14817776596160673 0.08851934899324043 0.29221319568469545 0.7426829579677585 0.6355626565015531 
0.18057166172563432 0.021944788611597578 0.019070326908770995 0.20255407891990557 0.06638796214892377 0.1470151471686408 0.06791602924204733 0.27802914123123856 0.7496661679584068 0.6363880628525941 
0.17850825969599288 0.04154405189091352 0.03208800883355785 0.21270712754076065 0.08081798858460992 0.16785098387329525 0.08862211920152907 0.418284635049228 0.6901394058222284 0.6162409454636456 
0.1659928953187711 0.023508879707289727 0.03436482339482238 0.21667660571520064 0.0731146908931026 0.15116717421637407 0.12807438353294395 0.25965872152734126 0.7477192407790659 0.6037177743206344 
0.16456071583202767 0.04478687051975176 0.038799971765535915 0.2293617697696707 0.08430205898994453 0.14639399664806446 0.14207316383311563 0.2901863012213346 0.7530411441929317 0.6091338054181447 
0.24673608770795957 0.07369844613781462 0.03163141521052227 0.21765230250702652 0.04616089254773077 0.1587000894972771 0.10853617325093842 0.29127342225938874 0.7663561617483124 0.62303957992036 
0.16406576168322054 0.04993698902371867 0.0526714583261195 0.2520048614424433 0.0790618530270647 0.14161998146590338 0.14255522925033545 0.28267039759214885 0.7549122977735204 0.6003193945573845 
0.21699444955010302 0.06610924268017673 0.05484109023204244 0.2433651388972677 0.06410190399759688 0.14131202704322451 0.12451655771381101 0.2789196668596091 0.7494377482345126 0.6587791440951278 
0.17411086783565508 0.057711026117239356 0.0732130035826748 0.20643854082360397 0.06081992521195494 0.11735732893211442 0.11537752467462103 0.35226489846519193 0.7257177314534459 0.6126554448479566 
0.1958952475450088 0.02427913496798551 0.024149514742444346 0.20299748130847337 0.06956365836509737 0.08429866881637893 0.09467145092220174 0.2856552219817794 0.7414018121065576 0.6217490275605915 
0.18839695513385804 0.033588639261405207 0.04517339314263817 0.19963645020846546 0.04788742847972498 0.1119376012087791 0.10247532318992697 0.316664271214752 0.742193943832734 0.6172368126911424 
0.16739676612128432 0.03679569114566725 0.025916299178864878 0.20631059807840124 0.05201943731452215 0.12036581767222154 0.09912757521792132 0.31149324329359873 0.7485419743753889 0.6237266448142865 
0.163727331668663 0.03414148364358087 0.018489796239084925 0.2179663129743681 0.04722549678146528 0.09121104261916184 0.10347906366690832 0.3104481515860774 0.7465194201511158 0.656921531673836 
0.176364919500664 0.04092591485607047 0.028419808978786182 0.1988848393745714 0.06350807095727821 0.12841826882798366 0.09932539315429496 0.34452217238482225 0.7343535929857632 0.6262114707744044 
0.1929778642851071 0.039188472162163514 0.011238699620295675 0.20822231980197756 0.03856958546993886 0.11249596410655183 0.08813892305172019 0.2928169791568494 0.74234152900313 0.6290951182514529 
0.17065678047104307 0.042641429688997215 0.028815327998451344 0.21520714330997906 0.08248906898357186 0.1220575105965297 0.12126152752551912 0.485228397975486 0.6984165100073356 0.6220066425502655 
0.18701400549481917 0.03846733093026757 0.04490844718209758 0.21575702618329592 0.056330004135609346 0.09013204043085032 0.09580905624926248 0.3566594610560061 0.7378401977291974 0.637465455287486 
0.18736168250621038 0.017968196933654854 0.01940870280628057 0.21456070748716555 0.04084872284549705 0.10032029330492864 0.0842492727022479 0.34361307038041994 0.7459954789525162 0.6161859037260017 
0.17983700354017418 0.016896712544649604 0.05935181309001342 0.21550507093168308 0.052347980229442335 0.11613177720345468 0.08086272994346501 0.32823853298155503 0.7315002701676233 0.6082806077095001 
0.17955975851853873 0.01011751225150771 0.045436249518001376 0.20850428140780308 0.06986020056565044 0.10247228863810802 0.049880157781195866 0.32212498228866837 0.7423644830108609 0.6050811593725554 
0.1673900484473036 0.019232637194380314 0.03599453028206422 0.21269250075798787 0.04983773839342846 0.10226769927310173 0.05488973571916653 0.30978075413917694 0.7424858914239058 0.645183577898489 
0.18138747476289077 0.039480807036855116 0.041805605643323536 0.23274049925609394 0.0541943728949726 0.08345152324029685 0.08295669766920925 0.3050309420802014 0.741134060617682 0.6342171288916538 
0.16558889752255038 0.07090239124975006 0.047451435673380914 0.20603737501642086 0.05252465143029119 0.10837430302562652 0.08999027764995485 0.3102624530688029 0.7514378047636152 0.6086118495872802 
0.17255050695647417 0.01477728429092294 0.058283846326347595 0.23837775444017154 0.03765774201557826 0.10965897035602608 0.0893018379330982 0.30658328584936595 0.7523161100991719 0.6144262392157386 
0.16405373846099314 0.055922386943742936 0.017983916703690823 0.21188360598680364 0.05745466174000443 0.0881335509142526 0.08254784346295367 0.33210122937213876 0.764665959851668 0.6241370688959822 
0.17272305859308984 0.055147436521271784 0.03882021829394805 0.21299165625365904 0.0737351481197406 0.1043122388673954 0.09508201829540028 0.31515697980107793 0.7529152164605445 0.6133771418976705 
0.18393176093109703 0.020113719772363182 0.026998297307356332 0.22528614902670044 0.06575477888396408 0.11062283793963373 0.04922210205296536 0.2873289825419694 0.7443467136024449 0.6113492041900414 
0.17458454560060427 0.021379053170765952 0.034960253395925525 0.21259744028241956 0.04878345973082514 0.1034505870546046 0.05946760406347122 0.2928262071469039 0.742118500893368 0.6292539640812995 
0.17676694231832893 0.052599178668472815 0.026450403440825283 0.19345821931256968 0.042126675294593345 0.09897195498258254 0.0944258873313406 0.30047349509291726 0.7549870889900857 0.6460170466587191 
0.16659711193191967 0.028568544747505357 0.02817399700333547 0.2612433089869566 0.05862600945339154 0.13051524035006687 0.05823905934447848 0.3056974392851423 0.7600762121016871 0.6021888009968958 
0.17464669488802603 0.015202775200898017 0.016616801032480956 0.21110105996154915 0.03375836024160807 0.09096495391574926 0.0888356157533296 0.32315995995507546 0.7432562886464925 0.6087904168957397 
0.17857170392970959 0.015946774706492573 0.02065304203434854 0.21194425688796517 0.05411465609655612 0.09227775340611084 0.08996761599331252 0.28666502340594563 0.7461477080706477 0.6175586115771298 
0.1908996990970226 0.024060807895551893 0.02515133131803063 0.20580979262119092 0.055883587193896606 0.10232766214960504 0.05423612036291417 0.30870633054633123 0.7478073169468119 0.6443357141595207 
0.18683841407119325 0.024526860369552685 0.017220423047566803 0.2078240947345019 0.05607621118588978 0.10543113083224813 0.06542420596952861 0.2893951007688318 0.7422977654649203 0.6137679474214327 
0.17205788521733165 0.024291915155607323 0.0367082987357588 0.24237155521843934 0.0446816247479528 0.13819982243270687 0.06456396419845012 0.31059741171948835 0.734512256046118 0.7619089815618159 
0.17880825184020563 0.0925005401560213 0.03248794721652418 0.2715550403656155 0.054246859657808066 0.12136042392120093 0.10722499550522137 0.35197682848277756 0.7257496458372998 0.686554912970689 
0.19587798874593818 0.028644714994152512 0.043281850327758956 0.24306815255320974 0.04523086099552004 0.1412364535842272 0.06930754823446814 0.3114083917799409 0.7356204283039216 0.719037881273527 
0.170662143452583 0.045128111251000365 0.015477137550322163 0.21855941879061122 0.054225079121695094 0.10641371354059137 0.057613458453377474 0.30021215754658576 0.7466443872115256 0.6792377636975083 
0.18415883221599108 0.042520104163633804 0.03233785094950889 0.24405064377621277 0.04249079245916684 0.1158144915812138 0.08313847863938731 0.31540992316837263 0.7411209501977346 0.6817508118327412 
0.1678967390257155 0.0309914061780259 0.01518170030565073 0.25265565916491045 0.05843882568507485 0.1538333659988264 0.06997611389767898 0.3294849734153644 0.7359039113004372 0.6859127200266607 
0.17891133348166985 0.09269462513699227 0.03437813533054816 0.26685459802756817 0.06446494681297472 0.14185615622841932 0.07596421533761032 0.34641018652515054 0.7248963598868245 0.6890850032666552 
0.18109077507509147 0.02870870890344606 0.04248761556522282 0.22805063136488601 0.06662707506131713 0.12288396239389804 0.07185359123880801 0.3022310336972665 0.7374585311269326 0.6711680843989802 
0.17831391404889813 0.031086568279496133 0.03463529073744431 0.21086066651284266 0.05486679187015325 0.13308156672058716 0.05215927205758921 0.2986092545644383 0.7412810988887015 0.6665189578311953 
0.1905598283395277 0.0299533112839363 0.04315651904728197 0.21646060953559607 0.08207038244286788 0.1523092498892995 0.07644624202117953 0.3034664611383306 0.7367332203578405 0.6771738204229257 
