7.300059637870719E-5 2.2403957698295314E-5 1.1655507693578587E-5 1.251773877626554E-5 1.3776693537528213E-5 1.3843047072003712E-5 1.192324637823437E-5 1.0000118537701188 
2.8847188722474334E-5 9.662489950399674E-6 1.3960742672476521E-5 1.3363141444433484E-5 1.6024654652143395E-5 1.8512131359726948E-5 1.6560926381022532E-5 1.0000145696448348 
3.111510973918578E-5 1.2556799160816109E-5 1.2588142817646051E-5 1.204277014143011E-5 7.105956881907964E-6 1.5128349628304576E-5 1.2855549957999954E-5 1.000014063552364 
3.9618675069726735E-5 8.252032382673904E-6 6.517642904999167E-6 2.4368522871348765E-5 1.9580221844978123E-5 8.027794185070693E-6 1.753635474856956E-5 1.000011423943748 
3.193115824597784E-5 1.3657056087826007E-5 7.062977936475913E-6 1.2715274755976628E-5 1.590756837296221E-5 2.6195329923717228E-5 1.3833771422593393E-5 1.0000111369174622 
3.306125606786159E-5 2.4192620218816685E-5 1.7300775547788672E-5 1.2714916109055708E-5 2.712167426735164E-5 1.369688303809637E-5 1.1193719591546124E-5 1.0000062025056846 
3.029989287671728E-5 1.7811926436545747E-5 1.9027412996125176E-5 1.3946040985226397E-5 9.919009406899499E-6 1.561761988993417E-5 9.967873668156913E-6 1.0000111284959585 
2.8712558966090813E-5 1.9599503932045164E-5 5.454295662080278E-6 1.6983605134922436E-5 1.2768697537522452E-5 1.1296625974118916E-5 1.6159564878075118E-5 1.0000125153577253 
2.573435740404492E-5 1.3726443070266198E-5 1.2011558154642712E-5 1.662970267633937E-5 1.4117713133328664E-5 1.3742524572622084E-5 9.580839635680768E-6 1.0000127245026487 
2.595665516520254E-5 1.699501354458668E-5 4.9733171411903805E-6 1.190810957569829E-5 1.4250018330151044E-5 1.741768576769523E-5 8.208813168523126E-6 1.000020261491673 
2.5074610488900444E-5 1.1675685507528286E-5 1.1577939443508855E-5 1.0985297598588212E-5 2.0103348455426128E-5 9.682890880378808E-6 1.0050979780792558E-5 1.0000181488180702 
3.139869904057705E-5 1.0552242832267186E-5 8.360273659078748E-6 1.9602930018724023E-5 9.992538929318172E-6 1.7339738736454914E-5 1.3052480970839209E-5 1.000016258467126 
1.6724158777002655E-5 1.9061196045276675E-5 1.2514596748235213E-5 1.9108217397948582E-5 1.4481325811850958E-5 1.521312413166354E-5 1.3974147947053492E-5 1.0000122012318178 
2.019220163611674E-5 1.4315213589345721E-5 1.1772211529984052E-5 1.2287515191834184E-5 1.5227239396669682E-5 1.3953839178230444E-5 1.2646056651795785E-5 1.0000155118234815 
2.5260422078644678E-5 2.522908696042645E-5 2.01068681958208E-5 9.148427093405012E-6 6.7715387958263235E-6 2.1972019409868304E-5 1.647393603855713E-5 1.0000140112136364 
2.248535456979071E-5 2.1719135439821542E-5 1.218150070136276E-5 1.9027257931145046E-5 1.210312952766445E-5 1.0877158302035669E-5 9.778374275172588E-6 1.0000195765814102 
2.1423089147100117E-5 1.9168649415893586E-5 1.1847681975939071E-5 6.9577009825137575E-6 1.6940255186563653E-5 1.8018104301069835E-5 1.4773942777103817E-5 1.0000201764107062 
2.193090549801438E-5 1.8539158165459615E-5 1.867721032594619E-5 2.3349737014533387E-5 1.502913766967151E-5 1.9264792333444708E-5 4.247266000653543E-6 1.000020039390279 
2.8255363809554087E-5 2.4642518568175572E-5 1.975654285390027E-5 3.266663679683603E-5 5.502007337252752E-6 2.8059081159932206E-5 2.8927009938184477E-5 1.000012858187581 
2.685282034702293E-5 1.7328907289650057E-5 3.3367947115291444E-6 1.9089988334197407E-5 1.408018024858739E-5 1.778096552570416E-5 2.2082003019545453E-5 1.0000125709001262 
2.2170535356886466E-5 1.3699501772240744E-5 1.4588487644963928E-5 1.4420817062048634E-5 1.676673028012785E-5 1.2216046829460445E-5 7.6672899708716E-6 1.000014357603283 
2.5814934846485322E-5 1.6350752488311714E-5 1.5502722116937313E-5 1.5164548560448033E-5 1.6409914004718104E-5 6.666785924684564E-6 2.0171187521628244E-5 1.000020330744332 
2.196728107623916E-5 1.391032587010891E-5 1.07799778145645E-5 1.5752079346971977E-5 2.615628172603421E-5 1.8680614281098384E-5 4.5746367421316745E-6 1.0000190536895703 
3.0188064275170848E-5 1.7444805209696555E-5 9.141401151243502E-6 2.0588731630276206E-5 9.1883654545864E-6 2.2934280512297656E-5 7.2086257273066E-6 1.0000220885450892 
1.1691090881431592E-5 1.0882360897917235E-5 5.2045141365490156E-5 1.5787480391217223E-5 2.5748458348598775E-5 2.2262009846735157E-5 2.152944078419951E-5 1.000022132268857 
1.515372337695145E-5 1.789932508642611E-5 2.0032550859657555E-5 1.5973628296348763E-5 1.4330916046940978E-5 1.5048175115361518E-5 1.4768173916529564E-5 1.0000175833361984 
1.381052179079573E-5 2.363792504614827E-5 2.483187465466212E-5 1.1819096895404733E-5 2.102992383313992E-5 1.997912852683785E-5 1.911754613309945E-5 1.0000143960213799 
1.1321054818814485E-5 1.8313851759457818E-5 3.271369120104406E-5 2.2333781153389868E-5 2.076193679713144E-5 2.311634736094996E-5 1.2718149832562994E-5 1.0000343683605988 
9.244132532264756E-6 1.412838500695897E-4 8.209163251817035E-5 3.4930650667630214E-5 2.4361061227194853E-5 5.655514990514464E-5 1.2055705096094245E-5 1.000064261883695 
2.8091837976859353E-5 1.1610383208980396E-5 3.032903674569139E-5 9.431125245124654E-6 1.5490216714543442E-5 1.3148029054082082E-5 1.1311679084498905E-5 1.000019327296108 
1.1930530638055993E-5 2.661378071807933E-5 2.2568202253300816E-5 1.5019194472601657E-5 1.8537029424079894E-5 2.8544290234872793E-5 5.02544262528198E-6 1.0000159151011154 
1.0242986348618768E-5 3.9784770077935634E-5 2.9300435133673743E-5 2.162531025209102E-5 6.5670027725969984E-6 2.755259758661108E-5 2.3202735420908384E-5 1.0000182700548255 
1.0742224729478109E-5 3.252024073292248E-5 2.0565402933400577E-5 1.6449523634541524E-5 2.277684524928084E-5 2.223948691131393E-5 4.187022580901347E-6 1.000021612725234 
2.5413711661367788E-5 2.2265128267349173E-5 2.492111415549132E-5 2.21607507527126E-5 1.5306168652325597E-5 1.9756547422330338E-5 6.984632547032589E-6 1.000012587055223 
1.8292542080453686E-5 1.0929923980837292E-5 1.6711017992531537E-5 1.3551213595699409E-5 2.3388201501717713E-5 1.0111675801868925E-5 1.5142904657398765E-5 1.0000141198225114 
2.1791247328852987E-5 1.4079926210813761E-5 2.3372436430812157E-5 1.0145813174242102E-5 1.6510198617794157E-5 6.853120076986903E-6 1.887269002839023E-5 1.000031411962459 
1.5706662431923946E-5 2.258994392521374E-5 1.4852831231580433E-5 4.3755164621180935E-5 1.4265780107315373E-5 2.0524766050722773E-5 1.474718452055254E-5 1.0000132976362657 
2.582570502091235E-5 9.810798106171128E-6 1.5090062700378504E-5 4.273369734097892E-5 2.0325778394399964E-5 1.2299529085321418E-5 8.556140554470116E-6 1.0000185703878532 
2.2368778724904083E-5 6.79118278242163E-6 1.725738655603669E-5 3.554107277415187E-5 2.3480589547176928E-5 1.893401816702465E-5 1.5806453394694948E-5 1.0000068903142665 
1.4459524690363819E-5 1.64942184926265E-5 1.0550793461769965E-5 2.6588654413065055E-5 1.8977167518221555E-5 1.4877071629889167E-5 1.6539219891185235E-5 1.000029606586806 
1.473308903318689E-5 2.84580848774215E-5 9.644239444473288E-6 2.312779558548418E-5 1.022372087532073E-5 2.07156975923348E-5 1.4080186651150288E-5 1.000019869460153 
2.253410734094427E-5 1.9285844869490794E-5 9.240899988743803E-6 2.6528859969248706E-5 1.4946272142482696E-5 1.8781003777032905E-5 5.923412867350893E-6 1.0000236439840808 
1.7498815407387286E-5 7.563593646249809E-6 1.1228035178780104E-5 2.737167811214298E-5 1.0604419421185906E-5 2.1100044100364695E-5 1.7416535015186824E-5 1.00002136198024 
2.3619499955554046E-5 7.0724789817657774E-6 4.982316609262196E-6 2.973493819540388E-5 1.3169310872435858E-5 2.976135945712148E-5 2.6187068223919937E-5 1.0000122687949722 
1.6511581034002367E-5 1.804117881897914E-5 1.2392851181117737E-5 1.9620384569450644E-5 1.3587856022604572E-5 1.5655695293448032E-5 1.4059634752121054E-5 1.000012813513618 
2.6638817327361662E-5 1.6935942262630192E-5 5.537355549055197E-6 2.574120420498642E-5 1.2973275555623544E-5 1.4924357782206688E-5 1.0149041676636145E-5 1.0000133720152284 
1.947509577503642E-5 1.1867844575712252E-5 1.2820764081022546E-5 2.243563108165735E-5 1.6585114316404597E-5 7.2373500889888616E-6 1.7178130325590296E-5 1.0000191084477583 
1.641944770154884E-5 5.877436530316095E-6 1.6437018840637135E-5 2.0627742341947727E-5 2.376874255598639E-5 1.727743341459575E-5 8.092264776358658E-6 1.000017331147992 
2.019916483527745E-5 9.734765349938026E-6 1.4100026265871689E-5 1.620206791749525E-5 3.2237643088820406E-5 1.7932755839795277E-5 1.2547795886930403E-5 1.000016038521361 
2.046765841252962E-5 1.230352582120482E-5 1.2805405115682803E-5 1.7116227861685954E-5 1.4442441861255962E-5 1.610289098856063E-5 1.2327989456163583E-5 1.0000152676666436 
1.839410164628033E-5 1.2387823706885593E-5 6.255840569617301E-6 1.9949506740349983E-5 2.0727246086955104E-5 1.4630214856518536E-5 1.9489254993072545E-5 1.0000183536887228 
2.2405167965862725E-5 1.0061026184857882E-5 1.121337820336473E-5 1.1067645204953063E-5 1.9460411351342403E-5 1.34295284947834E-5 1.813137287251825E-5 1.0000106585480781 
2.561919980004709E-5 8.620356788340182E-6 1.7845622274675096E-5 1.1363039169741546E-5 1.8994916562458988E-5 1.4438107113970425E-5 1.250951015278574E-5 1.0000199769808293 
2.3566629371316782E-5 9.9585844310475E-6 1.600926680089479E-5 1.8546872249639807E-5 1.7497294570137975E-5 1.9027512953624644E-5 7.986086062188672E-6 1.0000193445670977 
2.565703244647457E-5 8.070968302581902E-6 1.1664028611476946E-5 1.7237367335023928E-5 1.3138821231674439E-5 1.042531138552721E-5 1.2858209260883945E-5 1.0000209692173152 
2.9074992052250457E-5 1.5058667967812248E-5 1.8896672175406478E-5 1.9571245009659838E-5 1.3820905778175898E-5 1.6159181775169683E-5 1.687909524299575E-5 1.0000070127865848 
2.3863364946677958E-5 1.2683823491005343E-5 1.937498069643857E-5 2.3492797597235347E-5 1.1969732852392576E-5 1.5007032425346537E-5 4.644711708617701E-6 1.0000200305003595 
3.0154829893950062E-5 1.7682655629804202E-5 9.565024520330667E-6 2.513117601597115E-5 9.669566341848593E-6 6.397601152275036E-6 1.3093625209664708E-5 1.0000220220516869 
2.7896522770862273E-5 1.250807517985773E-5 2.1560900111993215E-5 9.514421753580115E-6 1.5428621870254455E-5 8.606614719929324E-6 1.9535807607201693E-5 1.0000252596413741 
3.451546121831769E-5 4.326897190563039E-6 2.590727617099338E-5 1.999975069639687E-5 1.0425142457845768E-5 1.0879602310259389E-5 1.3252664645816751E-5 1.0000283278827817 
2.0759671330924908E-5 2.524883826719102E-5 1.4006139091192043E-5 1.582781827190479E-5 2.158971331212965E-5 3.644039503393246E-5 9.769105232538372E-6 1.0000183919995005 
2.7567008048967677E-5 1.130695250962208E-5 8.826688619504292E-6 2.33320988217898E-5 9.592774113938096E-6 3.185405553133047E-5 1.1491616818336027E-5 1.0000181469439149 
1.5611629052017866E-5 2.0685078552059042E-5 1.5131104366847504E-5 1.3501423683613024E-5 1.7311328636399365E-5 2.120669803587388E-5 1.7344392302327178E-5 1.0000127467376603 
2.1506851513857577E-5 1.898579121439735E-5 9.354793684679669E-6 1.7873915850201212E-5 1.2024912845214966E-5 2.042388162545374E-5 1.1852744837202498E-5 1.000010424990179 
2.297674409521805E-5 1.553631057729716E-5 1.08413520331009E-5 1.2526888095174813E-5 1.1891332092010944E-5 2.0017552849623274E-5 1.3934752538226938E-5 1.0000121778681494 
2.4645632936420427E-5 1.3189527751638359E-5 1.4137734514948805E-5 1.4829313994394785E-5 2.202721747244112E-5 2.1219451492431543E-5 7.910364278993101E-6 1.0000144816160603 
1.7043125411949708E-5 1.3296216308431605E-5 1.4471641586502204E-5 1.6441522264933544E-5 1.8214984567589402E-5 1.7716000547274206E-5 1.3771881442036877E-5 1.0000110058844325 
2.0426789498425417E-5 6.782229729157667E-6 1.1309156496240777E-5 9.190419029113606E-6 2.3810253201999848E-5 1.8313471227089503E-5 1.618892138825172E-5 1.0000121339837997 
2.3328202078950264E-5 2.5145851193856435E-5 9.879631984747575E-6 1.7166820204221542E-5 1.032247830498509E-5 2.1949276743938183E-5 2.1762226746150155E-5 1.0000073569620327 
1.5930117870613065E-5 1.1956390229860619E-5 8.752370291356072E-6 1.8226061670848263E-5 2.450429355988022E-5 1.793702889737106E-5 1.6579826767671948E-5 1.0000152111158571 
2.18172606314841E-5 1.5245677268505503E-5 8.897318377683041E-6 2.1308096276136142E-5 1.2200500629730815E-5 1.9946780718106383E-5 6.3878363472075475E-6 1.0000192362703946 
2.122108207193643E-5 2.367329858039168E-5 1.4194302029277248E-5 8.367096405419063E-6 1.7997071155828643E-5 1.8947371137971755E-5 1.1804435241858529E-5 1.0000179172640888 
1.719482749883795E-5 2.006070463375083E-5 2.0843834740725886E-5 1.954461377883434E-5 9.881219652598242E-6 2.1880595643573812E-5 3.965634745925169E-5 1.000014361454469 
1.1563863679191366E-5 1.7766916979041234E-5 9.857758869118126E-6 1.3387977055861847E-5 2.725049511406998E-5 2.1141773289898274E-5 1.8550371712843703E-5 1.0000202489656815 
1.478371034663364E-5 6.325631755158356E-6 1.4914786248525775E-5 1.1731035913646917E-5 3.64430674434434E-5 1.1448377631316049E-5 2.6538606726643992E-5 1.0000228968501614 
1.3817095856367211E-5 2.1898094053298427E-5 2.469750317917573E-5 2.650692728163173E-5 1.2508136128977622E-5 2.2529470023676285E-5 3.0453926113896517E-5 1.0000122383781158 
9.992371627059023E-6 2.6617931135001435E-5 2.360202209826174E-5 1.4355033489690863E-5 7.867191190608324E-6 2.281913440132442E-5 2.85105701122572E-5 1.0000281532337392 
2.6257014614411436E-5 2.8637795103779176E-5 2.317651629333752E-5 2.786944991238732E-5 4.871524797012386E-6 2.4324488274124135E-5 3.240262457140496E-5 1.0000130284524953 
2.218599529743209E-5 1.3131504899996483E-5 2.1278661487630657E-5 5.939426378862413E-6 2.2941340995923738E-5 7.307374061165529E-6 2.4971470755739093E-5 1.0000258264175468 
1.5871116519356027E-5 2.245750580030529E-5 2.6084508434328466E-5 7.82671774917206E-6 1.730786845062401E-5 7.763205445834797E-6 2.532534607834752E-5 1.0000298444248956 
2.619985846705266E-5 1.3100021201280459E-5 1.1182171741293564E-5 2.7922029278617594E-5 1.0986075550385974E-5 2.055586700434793E-5 3.162318587029282E-5 1.0000070904087262 
2.04970621713141E-5 1.5638819415463733E-5 1.742024517487304E-5 2.195073973977535E-5 1.2650051889228E-5 1.2665709611779171E-5 6.184167308615064E-6 1.00004848862087 
1.867685055896156E-5 1.9474780446544776E-5 8.616157589809607E-6 1.783687495698191E-5 1.9343282842984312E-5 2.062110039923432E-5 1.2168888634555356E-5 1.000021859665108 
3.1266479468185805E-5 1.2545688728601063E-5 2.5374843696885455E-5 1.0164896928440044E-5 1.5964896951498838E-5 1.5005440112310126E-5 9.021251827014832E-6 1.0000503720551912 
1.6963823153326544E-5 2.2290916158608984E-5 9.23020982560152E-6 1.579381906414702E-5 1.0992288906053909E-5 2.3787375434769608E-5 9.212036168771536E-6 1.0000277503849075 
1.2377761240710213E-5 2.2993141619841805E-5 2.016749015563517E-5 2.2279344199636544E-5 1.5353112521036302E-5 3.39852140182999E-5 6.389437850411199E-6 1.0000327564897766 
1.4727983221273695E-5 6.728159327336888E-6 1.693226662607044E-5 1.5427223364322453E-5 3.752092747442388E-5 1.3996471189137844E-5 1.992899837922237E-5 1.0000279819976519 
1.992745087115023E-5 1.089660191010963E-5 1.1279496392383363E-5 1.1567066598251326E-5 2.1539936417599652E-5 1.4419398360857736E-5 7.530105287624259E-6 1.000022288109826 
2.685931040717534E-5 6.2607400272793545E-6 2.384086180294576E-5 6.31430808876939E-6 1.937083432422426E-5 1.0618241893311739E-5 1.0246454637361432E-5 1.0000286972170942 
2.2225447048499756E-5 8.117755556164948E-6 1.265808106284278E-5 1.8640953017899017E-5 1.3986989545488298E-5 1.0633005372844977E-5 1.1912373799286377E-5 1.0000232581802235 
1.9876864408321632E-5 2.0392114376817354E-5 9.794668920657558E-6 1.349508726290604E-5 2.602813855069005E-5 1.5831592888731086E-5 5.247493060445117E-6 1.0000208791858796 
1.6776747326938048E-5 6.173364167292919E-6 1.908582763855616E-5 1.3179116128573851E-5 6.352363114479671E-5 2.5044434240227566E-5 7.851164340679425E-6 1.0000269193186768 
1.8307660357626992E-5 8.776153615423215E-6 1.6927075655237682E-5 1.5133548974397969E-5 1.7889669466192468E-5 2.1877361668752005E-5 1.2552953170052821E-5 1.0000212203979442 
