22.109242375548067 0.009150176629129604 0.02480609373374663 0.010738563483226212 0.020508218969127186 0.012265610102442388 0.00437893267078411 0.016253304329983603 0.0032778300037827894 0.13837807102477553 
0.06468004256055745 0.010135211177995346 0.022288752239311385 0.03370181337294904 0.018292763591907537 0.008032626553943815 0.014920728334368373 0.006595509714591802 0.0014214646972071246 0.13791818995425317 
0.06467437366177922 0.04915001719285095 0.009433618775961406 0.05656820023530329 0.018075885223489532 0.008032046400489927 0.014911176341262593 0.006596890004177985 0.0010689795772810486 0.1379160569184142 
0.05216973951675336 0.004327051059347094 0.02190579486058615 0.01324610610362161 0.010302740803619542 0.009565519902900953 0.006108949105325624 0.03477977795333976 0.016738869575473547 0.13823126750709175 
0.05172813853203116 0.003555102862593371 0.018407512669552525 0.02432228311596621 0.01512453378099871 0.02654472458195232 0.01235504984752551 0.04488985916587673 0.0010562686909243349 0.13855321504499724 
0.25775860157667774 0.02440958780700775 0.024301179488138768 0.041749659456664714 0.041466976871413916 0.3124273529993838 6.815054901478899E-4 0.0035864838412933498 0.005127352504372271 0.13877771308977022 
0.05128837262272479 0.029826348312745846 0.04376820448015306 0.0019029063102932106 0.013817277081078211 0.006436093961922899 0.009169518903436638 0.018836020279465543 0.020392498688468493 0.13907378267538476 
0.5454121862957901 0.6965132066457395 0.010049201744466692 0.05172427177040647 0.02238975127422746 0.02735838762886912 0.004996160870636411 0.007026256444989646 0.001282855726349012 0.1427506202332025 
0.06510464445485155 0.08011759758099299 0.03905381922627485 0.002169712225924449 0.005038903789075003 0.00990657332089177 0.0046826037128166 0.07958808632488867 0.006790073626995885 0.13731528452646458 
0.051157829467484074 0.019481756307306336 0.04794900233078749 0.0017146243224420593 0.0114110180859079 0.013820631291201967 0.009169518903436638 0.08631409148453775 0.02039119378725544 0.139073918759056 
9.81624302958172E-4 34.16909222750148 0.017193130390690987 0.03086908607737532 0.018589717517695788 0.007739643076594834 0.004484321568709323 0.01787363933914318 0.0017315470361367307 0.14041642928676612 
0.2352140203191697 0.6733262407073581 0.07361391060766181 0.030806947360454667 0.015571202815642695 0.015163486555052057 0.0039918670257079346 0.011510148288215139 0.0972835406683776 0.14037908364912355 
0.33201502361489027 0.9682474775266202 0.11650954833266287 0.009054605373819016 0.015082350714974917 0.3925168839927713 0.10716486089522631 0.005324850140700758 0.008630897430449385 0.13896088381417349 
0.15686145401331095 0.32650663613037734 0.06930813281388915 0.03945835530180818 0.022806931752933263 0.0016048438865476774 0.01904766840644362 0.006677855191560134 4.892947905704064E-4 0.1390998482941232 
0.016861946067329277 0.23316073764057715 0.01236001769598951 0.024677088897086766 0.0027654320410177074 0.005178507004128825 0.03817626772200626 0.009014905342821846 0.06590786292188958 0.14179320021645278 
0.0017147456777395957 0.04495098549176744 0.03583214149735112 0.010423624036497174 0.011965082580112417 0.008122420613599485 0.007621463565739314 0.04407738910956698 0.0013674209218750978 0.13742957003630035 
0.024035348845562507 0.055377152139862836 0.01546386277913343 0.017272315840551004 0.011970192499330394 0.012689544619448465 0.00907524265577462 0.002924891543200235 0.019968945878242352 0.13766322649719798 
8.467541876020168E-4 0.040816654696428034 0.007674962352709912 0.03492298183223188 0.012035630025922964 0.01142897679522839 0.01815063442616716 0.013764014735936726 0.020833705616320933 0.1387016100705457 
1.1060039828007346 0.9617832392264162 0.021947656951110086 0.04756909781875047 0.00824578834466826 1.5416756935409008 1.1988227051644913 0.00522486110376624 0.02153320364437742 0.15359841009220293 
7.087463918354441E-4 0.005099236891945816 0.015351497973099133 0.03505722463833374 0.006295606712893606 0.06182748470877118 0.03956792411576995 0.051263818923453025 0.00665734791254132 0.13899732730670483 
0.0018666486819049566 0.01171767022816819 54.37287506195388 0.014358956026164908 0.028319804060242957 0.00900932738153871 0.005703777573677108 0.006020923038305356 9.179279605029996E-4 0.13924030871062873 
8.861514191545227E-4 0.027104791716102087 0.044343727064132595 0.013205828411557402 0.03368231853389135 0.005594349581759828 0.003474084535696631 0.03671009965500735 0.008829458107973 0.19288810456374259 
0.004419798546758637 0.009745939396664115 0.1033870436154437 0.01659330535089611 0.013109895213894026 0.0077160000222109126 0.007683778607654388 0.014257984884959916 0.016688852644520708 0.13807349271328725 
0.0054077904522979075 0.018833367243758666 0.10362873489546333 0.00808110149357444 0.011401002121000224 0.007506239445784684 0.007729260640554486 0.04397975391081731 0.0013911019451125833 0.2111921585419162 
0.00471947257641632 0.011458988598394063 0.03334137567902436 0.012609650933940435 0.017284607864318888 0.007271506299988669 0.004675245470796085 0.021163915549474936 0.0011660413736652806 0.13923950053014003 
0.0011143411457297872 0.019762656728932137 0.049173050901927015 0.0018100984465237895 0.019792506181975523 0.016376726921233754 0.018794334038139713 0.006706365978307197 0.0012036976502796096 0.15734589972469984 
0.05159913664685944 0.01664214682000137 0.11003033522636739 0.023372017562252215 0.013633344365799684 0.008849686966244398 0.016360387745512045 0.0077799364841746365 0.005075914250798209 0.21100289151040005 
0.002339638773442691 0.017735382323904557 0.028057231101171858 0.013074799170305192 0.014348857389607433 0.017740618368126616 0.0037831691127717375 0.004528882799399918 0.0085045334514249 0.13927131642782442 
0.04932621645304824 0.025858311923832304 0.14090347725757849 0.0036291265553720286 0.01666562718986337 0.008116640317768238 0.0641689804620714 0.08510450131662142 5.071787472004168E-5 0.14044235383223008 
0.012443186552561098 0.01476499348314905 0.03820379463349186 0.0015320312897382192 0.06581763557500003 0.024698668691523637 0.004324609444011692 0.004201583242231325 4.380937133865464E-4 0.13765344467956933 
0.0010449118444353137 0.0036317332596026083 0.00942334842899218 51.31983196040022 0.01870066566038389 0.004582591038909369 6.005818825488029E-4 0.010469654545920696 0.001256991975688836 0.13895408783476032 
0.00462000951630623 0.011985818197608897 0.0164984870151835 0.03398150117096889 0.020892092619298683 0.008864267866212699 0.005389597894001354 0.006987308421204484 0.0022844899169903077 0.1406735142434061 
0.0017921842961043837 0.04337361098805717 0.002706283928871016 0.09094050587716962 0.02260685733603346 0.019912248236154995 0.0143276266772806 0.006334985930222629 0.0019487239650798202 0.20177470193647867 
0.0013928563741422875 0.05445032085033986 0.013420575513143162 0.18690925837183003 0.1191689597975002 0.009587758920084153 0.07562887692893452 0.05499901201846602 0.00669359759233865 0.27171065314050946 
0.024046413276443464 0.055716931955154626 0.019423851076480834 0.08753857286273925 0.013431920837295934 0.014393720163282615 0.0036846831318228528 0.002924891543200235 0.0199882502444953 0.13766322649719798 
7.07862424904203E-4 0.008137508337925092 0.07778254971677456 0.04815092799916891 0.027215556865383808 0.0014951439570106144 0.005631470744875993 0.006879690653130107 6.94946642466582E-4 0.1387286002915232 
0.0012435452684012801 0.00252882319728364 0.0067604615273442175 0.08843074712036775 0.02252839324602003 0.032990064704454355 0.004729371489062387 0.006493750469906846 0.0010220689337614261 0.20394208312614803 
0.0012920558132098754 0.04042474306587931 0.015927338748946043 0.051787652680798844 0.018660825146727122 0.009046474261545239 0.01326010092462054 0.024932806493030497 9.066577213949563E-4 0.14151492242310754 
0.01703048580140658 0.009681535745955585 0.01747418013597865 0.023992450390483273 0.02113383483845002 0.007699920362988973 0.004327991869693225 0.016400009046702572 0.003261251265272062 0.13782253221702273 
0.0015448001266600386 0.014040452454792308 0.021276595339419852 0.19103184344441546 0.019798628285902967 0.0028645064177347133 0.004714059699419409 0.016829787652338994 0.08214196198054505 0.3837326553588933 
9.77335885902982E-4 0.005335281665591574 0.008119625823476244 0.007849133532594936 48.85007480753411 0.003934974658448822 0.001076261150634986 0.0076126674756810345 0.001036014023075505 0.13951003063040235 
0.7345045737631122 0.00944421452240177 0.03666314453342774 0.019716862274595577 2.5089798811569106 0.0036609098425175804 0.7059732018897156 0.04047041622571237 0.005076748460969665 0.13794924381797924 
0.0034282619565088363 0.002600391652936176 0.012509633883326725 0.022410235959513112 0.041938669188238055 0.007127507238793185 0.010582962306303095 0.012297650290243569 0.008808153321894524 0.13748815645699744 
7.582372943919429E-4 0.003162651572566783 0.03213535592647781 0.003849473495875947 0.10278738611602942 0.015170477432576377 0.02131424210447849 0.006799009416898594 0.0013397695065369326 0.24598810116533532 
0.022956530963032417 0.007169071531677023 0.009144261689878402 0.014247804442488615 0.07045882521386211 0.004966952230539354 0.03641560081980112 0.00827903643414591 7.68510637056818E-5 0.2011546537349775 
0.12753591036566758 0.014534251535689399 0.023146299684163752 0.0015587850743639742 0.07565252165437099 0.009087294070773175 0.06841358946550154 0.1663499850533087 4.974581837920004E-5 0.1384335829261241 
0.0013999156418132773 0.05812784211978722 0.015922365658760387 0.03021743568467268 0.01810301014556627 0.02011473107697922 0.01472442817250181 0.006244877353536103 0.0010656410040359356 0.13791083099051726 
0.0037540308699160452 1.6980917866542293 0.01190933112455476 0.06582731996603869 0.8052683075882995 1.5364206510593144 1.1838519875367086 0.005715330202690986 0.0011701462005863465 0.13902373772686188 
0.03291524262492859 0.012374440067944362 0.050649835962917264 0.00170303291809207 0.05295064404551132 0.04089970199111077 0.004757062903357694 0.005213885017471864 1.9433987429457226E-4 0.13778518755827063 
0.0015680978798777046 0.0067428173478870914 0.041806481586176156 0.02627571098403326 0.0143330456418243 0.01620975634617272 0.02752540414456993 0.006125263298549595 0.0011754096380615633 0.19301952688696064 
0.0017387312763611433 0.0036520974423955707 0.006060387004962029 0.002917174211702547 0.0028062562573550804 31.79720700141017 6.350809238497714E-4 0.008896462664490186 0.0019103259878443407 0.13946313927161785 
0.001232298212352374 0.010042531293348424 0.04488832500559449 0.04526683218391149 0.060400485566912895 0.07132675706733868 0.0012626228260028173 0.02211634851954363 0.006576832199794566 0.1399818363352236 
0.0017276945072599254 0.04338397749351568 0.04700075966042661 0.004173308781567173 0.018577081532222726 0.07358647562047588 0.007495748929805451 0.005286073331992533 0.0010506388684659962 0.190931003574133 
0.05824643134476878 0.0138569040865951 0.01891349845355557 0.038272161470569624 0.016491700589149172 0.09782324498680696 0.01223315525300206 0.011065026724886632 0.005289507961486176 0.13853357583971163 
0.0020711881563501354 0.017826327366012383 0.02103987600962058 0.014239616457125924 0.009836674924044365 0.06611543605493252 0.004352145507780069 0.03447811004252661 0.016654259820018984 0.19093084602993082 
0.016681305507983177 0.23902178314595962 0.005376126909403557 0.018573665284671116 0.006926088547949123 0.316973402280071 0.005272464501007924 0.03800251712012858 0.06597417637285172 0.14184523390106624 
0.004868685774820611 0.012367831440969337 0.011343342534093089 0.01725812746254323 0.009491612222651803 0.1690708718097466 0.07130661409448753 0.051942766739837276 0.006680239451601789 0.3372621991743656 
3.014369018580401E-4 0.004955170464196241 0.014643240848219642 0.033910024359793116 0.00614677789034981 0.06149164227628667 0.037983843873985526 0.03436152567654049 0.01013924792497891 0.13879014173170937 
0.0013178807615402274 0.002870216531155981 0.0030601302753409344 0.04039398190607561 0.007483736495447369 0.05748582703349084 0.004868697607112718 0.044757179879553986 0.0200099131966808 0.14156671399864504 
0.01038748820092778 1.1097857718327335 0.0377649133289561 0.0018995407692369124 0.008524724270940566 0.9169587906051574 0.008241056815865278 0.051341020099122454 0.006597307740088091 0.14917425444402813 
0.002473076674312134 0.0076400333575281434 0.01071021258399793 0.016599712517028145 0.015131654074870696 0.005632228712015647 22.752112450200737 0.01587134450186705 0.0027680681525308125 0.1410575665890985 
0.001682151082334774 0.008781611097394632 0.01777144585160031 0.18410576500964837 0.016128742370028332 0.01840885090764982 0.10388449012381995 0.008106919400966802 0.001361520388403108 0.14001459006979844 
0.001515089319869309 0.013027458831418426 0.018855750895404512 0.02870819633707573 0.019902826261166656 0.004866700930507579 0.06573559634476439 0.08531923608660255 6.850501305628532E-5 0.20848906771276798 
0.0012576295566900486 1.7048823712326597 0.010722572977787032 0.19163021860094676 0.020630988860180176 0.008195458681355383 1.1834974385945336 0.004306963041938172 0.006665463926434647 0.1380892880301295 
0.0012925756289396614 0.005330172641754844 0.027483822099143896 9.850292577473336E-4 0.05407600849890621 0.016290487752872545 0.06569548789801567 0.08637252671681217 7.259786783626034E-5 0.1389244615629326 
0.004340796079894116 0.006028448080101252 0.012393326178391756 0.061197266480630425 0.029540912926899157 0.007121324352019086 0.076873713635099 0.014257984884959916 0.016847324400974494 0.27585631800389676 
0.024210991164570938 0.02011926522389182 0.01276816039552765 0.030225024886888753 0.017270045258079948 0.004760707547591449 0.03591392854165852 0.008245723668166961 8.772768107662925E-5 0.20058923374047577 
0.007771019570129073 1.692038708265611 0.00817773905124841 0.045262527079320936 0.013476873712767996 1.5387941728679135 1.1829427954790783 0.028289931134665897 0.001170146200586345 0.13902373772686188 
1.098591131534825 1.7002872339003385 0.011138609537303024 0.19739285314229826 0.021487149731742684 0.010423426166913512 1.1838413395985874 0.006104271652727712 0.0011697039563311766 0.2075982779551961 
0.9514809879923893 0.9763637534970354 0.0356162783990183 0.01658806991581262 0.008234902635606606 1.5416756935409008 1.183653962061064 0.00522486110376624 0.001179376821353127 0.13894686891524435 
0.001050176496737045 0.0025332483705362585 0.00564325437605373 0.005512567824293907 0.007471656681894756 0.004610102657996854 0.0013498714140561074 49.98225871971744 9.890709962449604E-5 0.13872597220537092 
0.0014623763504167718 0.0059253565942551985 0.036296584664570336 0.017515352465484118 0.010817704142777745 0.011659238508340369 0.013415509134441818 0.04092435681929523 0.001220218773543703 0.15772103145596472 
0.013389513394939616 0.039872021930661604 0.02080522225114468 0.004645908113611723 0.010409555937427855 0.025907722969188186 0.002268412213925578 0.24626328290182944 0.006695352933947936 0.33227035074323175 
0.0035266078026288047 0.01668159721369591 0.01881319130933452 0.011795859603096976 0.012892532180571473 0.006172064553250585 0.002787756421035489 0.0453035399241868 0.00116449071982458 0.13929589797015357 
0.0017927630561336955 0.002507120718871674 0.002458929566316409 0.026955445206717162 0.021627186048769804 0.009018350306337181 0.005110683001154943 0.05390765215616059 0.010797235233671813 0.13907758166801473 
0.009973659199186843 0.004892344136294135 0.013098269480137387 0.01337336259548943 0.04179370271470465 0.013939834662466307 0.0029267051989765704 0.04256740861146685 0.0026487126510883834 0.13765388161972725 
0.052025493309948496 0.018109623890750288 0.014555483252435414 0.01326856737299461 0.009518398324380853 0.0048682377251338714 0.009900048143908529 0.1255492559532787 0.006788930953444356 0.1405358394503695 
0.0013243647246939667 0.0038557955470858714 47.28590354504828 0.014612597438525983 0.017417426290773856 0.011121040768988856 0.002644648509329773 30.210567627874756 0.0019133169678376134 0.1404016734346308 
0.00133009867999039 0.015443464638154472 0.04582346504122884 0.002064241661716856 0.009978181098778701 0.019673525645326505 0.002695010915458939 0.04268769732280558 0.006729181865174085 0.1602044893470641 
0.0023748047108883338 0.009389239935582048 0.019266231278836005 0.001829430232560626 0.032210126694759186 0.005380901064343564 0.0026562574607409467 0.03720213996406163 0.010882533707252033 0.13766235418674141 
0.0028846534805559714 0.0067180265417502265 0.006501068570471201 0.013860622594891474 0.009579890871277568 0.009896646957049955 0.0026388956917172764 0.009705812844359077 12.38121042541419 0.13987037070746092 
7.107590352964255E-4 0.0076152965314684636 0.003806978139248092 0.0059914942782054855 0.14031732732919533 0.006903890808865632 0.02587652782897343 0.0036567852452940204 0.07008967827787525 0.13962129445966265 
0.00444664477442067 0.007914436306799217 0.012157133929090486 0.013519845392559664 0.009673742894585668 0.009957191987072133 0.006108904883169637 0.0346882154905042 0.01670506883256408 0.13807349271328725 
0.023593343841040393 0.010593680490072359 0.025047389438196392 0.001176582829539441 0.04297254872676661 0.17616242039445584 0.00372717343111318 0.017371245439002064 0.10395202086266032 0.1388199205874932 
9.433025890441659E-4 0.005890586759341422 0.03903547241390273 0.01863284062607391 0.014895477031391222 0.01148894615545505 0.01632578897556385 0.004171124432549063 0.02095702101137285 0.1405181085635917 
0.01687322742465367 0.11717750110334374 0.009450513270049032 0.022833780709511958 0.0028496686914363614 0.0101200117830816 0.03691635871808963 0.009014905342821846 0.06591519932392484 0.14179320021645278 
0.0010155519695433397 0.04853985646240079 0.03891306213179105 0.0030774991810780293 0.010761113791757955 0.06492156488196801 0.0024634866706782256 0.0017418460374053445 0.07875474427985941 0.3029202400686821 
0.015234455499313319 0.00685172066441842 0.011346538101946203 0.010727216226176573 0.03608546807782015 0.00112243218394962 0.002475975614238202 0.033526989631973786 0.020139277131552173 0.13766760315900106 
0.0015888517847665483 0.005991341036577424 0.02113746612998128 0.019578929746283173 0.01149980163800915 0.1676202922976428 0.07189658790905944 0.05891874011191093 0.10665485915065194 0.2085243013057267 
0.022943254564373388 0.013306863736864195 0.021962798407043824 0.024143033646948545 0.016774223269806692 0.001080921179793837 0.00905214857709676 0.0035853591591617504 0.020224427926168517 0.13769097306931175 
0.0022904912832806506 0.010462666830885531 0.018531531363534685 0.026631391961827934 0.023311222755884712 0.00527643553702124 0.005805455828153889 0.014542714204370413 0.002453676699016875 43.372092184141344 
1.024704084928896 0.022587951802273843 0.02214405395153049 0.0216578705651439 0.011281226829254904 0.026422004899982407 0.016596322911916855 0.06652852782315383 0.0065962496532095015 2.712051744761201 
0.0011410993895544226 0.05405871840881418 0.05146124428183502 0.0035491153573089266 0.0162259080763968 0.06950979572060481 0.0033801925139516137 0.002574917298295424 0.021144321104077504 0.3029202400686821 
0.0018332226359955663 0.042158880292913245 0.02103335892085013 0.004644473593969082 0.010243302125322888 0.025813107463737196 0.0026483116358331036 0.11713250480699769 0.006707071276063608 0.3328156055158494 
0.004814581777360056 0.2462275088913145 0.01740622539701846 0.03622170952457229 0.005097857083207652 0.011292585521137495 0.004745628750275254 0.01590854687267978 0.0021169427424892213 0.4450189962086878 
0.015430209574252072 0.09390659824866579 0.019821744749863278 0.03544460017228636 0.018880039433814232 0.005579246669548694 0.004751350664066421 0.005219269183791115 0.08590406129786242 0.4562474827402012 
0.05068383964677622 0.006425247092508135 0.023909231999690233 0.03446378546985456 0.019393974674584303 0.03222060152448288 0.014313197218853553 0.006597446366969849 0.001042533843552829 0.203928920135222 
8.916293517742323E-4 0.205433415561446 0.021239676142696385 0.01870622867180602 0.010713815820562479 0.0054142829592863815 0.007465216887323241 0.0367096220012072 0.008846504108850512 0.19166433247782208 
7.603651882797526E-4 0.04126709013768133 0.006850522286790904 0.03528153925797617 0.012045297060655 0.012368954780561584 0.013587260069341429 0.022766751550716675 0.020869061968372488 0.1416036384792607 
0.11079377684754706 0.039772738210485756 0.015420339176281689 0.048203975589855536 0.012414343413151768 0.01740523416844463 0.013264932997829266 0.02504577080032478 9.279665209023209E-4 0.1415066875621356 
