0.37003750587018364 0.0037978875787136107 0.004888759894748923 0.027010359035559272 0.08479613163317826 0.1849533875619738 0.5586015114455398 1.2635270731826775 
0.15488724732169004 0.010342000287689536 0.004016053648366556 0.024429714941287223 0.062330906248685786 0.19659071812570725 0.47244379742994735 1.5027702078306813 
0.1165753808959473 0.0034603935106871137 0.013334081571667222 0.03618404088410261 0.11102617906918096 0.21964391326908284 0.820733838450529 1.2308080171688238 
0.14994473597024985 0.002248150187450471 0.016903724188561328 0.044776878870539126 0.09643968520191698 0.3216772622100511 0.6219928749312832 2.2471724470121073 
0.15140994071502017 0.012772364035294557 0.006893500367697264 0.03702434623966842 0.148058125131714 0.32341549229492605 0.7725583838561089 2.874975663135457 
0.06378942776684687 0.0034460728244666687 0.010421759277157255 0.030406216130601266 0.0695188749169778 0.16833500999901344 0.5642357822106167 1.2600409666284917 
0.06986683433930736 0.00342210857876175 0.011695029369582098 0.03128311611381943 0.1080599061447468 0.22524664140747222 0.46745001472445613 1.7589578442008262 
0.0638765112277806 0.004273891746305557 0.0090114268779901 0.022780982931852024 0.07884331914563382 0.17254348572584635 0.44502141741208695 1.3938827148932675 
0.06602167941392516 0.00385505503888673 0.015341391906876648 0.02415697691548849 0.07118334522398231 0.23588571931204336 0.4958483893646941 1.3801789440492576 
0.06365001932085285 0.0039455946298042 0.009995224338359867 0.02325960774432674 0.0761172614034086 0.21398300640631202 0.6520937299404973 1.3868396861112937 
0.06367728703141189 0.004505131485834203 0.009487232401166277 0.029080567056730077 0.07988580715908519 0.2163726144454218 0.5240328616232608 1.2763661848724153 
0.06356564670968798 0.005268703143869111 0.009690405893830929 0.033665178865596 0.07022009600197708 0.19758639775591494 0.6398837238381987 1.1009694597197561 
0.06353650535405021 0.006275305538987404 0.011362541357930439 0.028823956588218312 0.0665940342806264 0.1708598338503716 0.6086890829391931 1.5489877104384957 
0.06380130069925928 0.006796549451482305 0.009972397738367106 0.03402584549300597 0.07898598845491688 0.1884977851140304 0.5340060215133781 1.4996472259111497 
0.06282617902974627 0.007410679405966835 0.014928901388691988 0.030222862986080685 0.08484091563463055 0.2722825237881283 0.690494731719048 2.2197227815546055 
0.06340971018700071 0.006530648575869429 0.012885232892322298 0.0329001719056762 0.08634801236457262 0.18710874002502967 0.8827828323166528 1.5124880093666853 
0.06281637994154722 0.0062067620208644545 0.01081766713136613 0.027740891029238143 0.09237948335735545 0.25699032340518424 0.5101505038529383 1.9893604079038947 
0.0635194564765884 0.0050392389207792165 0.01022554072176879 0.029327221510289426 0.09300452152568173 0.24627487367528228 0.5714821834144305 1.3600372314001108 
0.06296602899618299 0.005568100906762263 0.011594535580601233 0.038949364989280345 0.07020608083885639 0.2730137303534429 0.6895263357894814 1.4150672999474285 
0.05669029484253318 0.04552679585448112 0.08785143758912223 0.18641897488755502 0.48781439187609316 1.04915451350375 6.090399774717436 8.063794061918765 
0.06246373590840733 0.006039341376103607 0.009452645825827164 0.02989804584101701 0.09702325043287513 0.328507922721555 0.6261202339671428 1.6345306461439448 
0.05912131965293508 0.015223750097912004 0.03290929712954319 0.04526693815253059 0.19539137977116852 0.6044299474455785 1.8257255389178375 3.1161917417345726 
0.06294689537683303 0.005909007418034277 0.012242524113312173 0.03551582518410862 0.08301566315302539 0.2782479719689735 0.6843675883275077 1.6788724153453307 
0.061995184972822956 0.004659621061697659 0.02551436099647661 0.04117402277097133 0.07628140977601412 0.39377503618934734 0.7608733454035514 2.7569405148735453 
0.06317957113133366 0.004477140486847485 0.013077783917393053 0.031159380922391643 0.06890317099041175 0.23940489672431134 0.7205017611419889 1.894835708816221 
0.06333903578064487 0.006426707130631421 0.014995080225632366 0.033426570925212666 0.07102000558712332 0.2273836977814935 0.468227107519 1.7893240956619099 
0.06408108141868825 0.005315330692974214 0.013160201840187598 0.03136224927711868 0.05619491016626451 0.22599567792190084 0.7722308796234599 1.55795205885907 
0.06279999214601992 0.004056610568024824 0.01288493057943612 0.03330938394692905 0.08089016937391709 0.2632689500370524 0.6508720559338911 1.4544525400845454 
0.06380275944811674 0.004502504044068249 0.012401771058458761 0.02912203821337715 0.08163498018937954 0.25646483568372935 0.53184636134669 1.6381796839336176 
0.0634616048793299 0.004471520396002554 0.012224042588880196 0.03633694237911993 0.08232043271876965 0.2133641194440166 0.47569661805253977 1.5069693073790318 
0.06045307509649247 0.01276114154176511 0.03640361973911587 0.06761561404373204 0.22670657850385487 0.2956567832607748 0.6601109920742784 2.3602248874603275 
0.061689665541282704 0.005197782706963644 0.02492364800720008 0.031943164450083834 0.1451227513049018 0.4715268512159842 0.7424606294754984 2.6529360105762123 
0.06279836881562108 0.00459162903393932 0.013649899732398491 0.027119586724907337 0.0955685761984437 0.20611930682434754 0.6434509322152387 1.760915920628714 
0.06217147217199415 0.004605105380277682 0.01577132498073291 0.04707241906473757 0.07681093875800678 0.26738201413721274 0.8109657610713449 1.9128288127574065 
0.06308933473061569 0.005007875516886263 0.010765956756198103 0.04840065987839992 0.0754466546601698 0.25405969508449744 0.553659599247915 1.3605323876458895 
0.06267289996967257 0.003921586440844227 0.009804539406436512 0.03629826074667251 0.0669463812647607 0.2119261144093477 0.694162385302609 1.7862834295461822 
0.06176828918254567 0.005659109471934448 0.02032054072345759 0.08517448417135104 0.12933360825172963 0.405916256687103 1.2540921266977016 1.7480094754188615 
0.06194753207395684 0.004640630407170544 0.011982171819542486 0.057804131691777574 0.10372465375504304 0.32031277306018757 0.7078316032566989 1.705058468091803 
0.06129435625558722 0.007128513181908123 0.020167414960969864 0.07237394139848098 0.09873571108663828 0.3930605321212764 1.006599035964049 1.3416102329172026 
0.06315081179421578 0.005730691704190951 0.00986357286256265 0.04486780066569156 0.08539943790803792 0.19531924164570869 0.539559336957952 1.5209849113739866 
0.06192379227487056 0.00409635158670587 0.01708422098577105 0.06007450218380667 0.06580736612613751 0.3931740527236948 0.9381353971360704 1.9287912118188562 
0.06251998794232926 0.005879087459383627 0.012411573602813846 0.04928412063969063 0.0815607933901171 0.22619795379000682 0.5492077201589192 2.4760483214300395 
0.0635955950428432 0.003923442572538156 0.010659324867298496 0.041963985532250295 0.07894480907504227 0.2193218515602377 0.4997189598744035 1.6735615627188898 
0.06308095533609348 0.0052234943761625165 0.011591413771888036 0.03875574854628522 0.0818289193213635 0.15607246365319316 0.5323439687513277 1.8454058103438442 
0.06152887602892365 0.006867217366569071 0.013340473247417004 0.06690772175291794 0.1730146585236005 0.36976326800051906 1.0920287537165803 1.93837959066427 
0.061055311817617884 0.00642671204792023 0.01726267193307669 0.06138625816060728 0.10575484279358023 0.35195578529040306 1.0403762744605753 1.7821813664518114 
0.06353162608143544 0.003970168780314675 0.008506141254378189 0.034207783146874816 0.1173124667341273 0.23009047043308198 0.4256901374083049 1.3493753131646973 
0.06349414463077524 0.005113491655637911 0.009545946529659798 0.036455676765927626 0.11167712898030029 0.18318947375768044 0.7287167241799745 1.9631990899624818 
0.061729060122016094 0.005864458877664938 0.012277989772153674 0.039304936442317064 0.175037039720337 0.2803336963601261 1.0814662416028147 2.5099794269822944 
0.06221152233677372 0.006239122972087071 0.013576259282023797 0.03812467041772902 0.16672245036669195 0.35434928321265935 0.5845113581076132 3.1736823308063227 
0.0629411004462499 0.0054113651523813155 0.012922208232447187 0.02625672066074396 0.11021851544590533 0.19786968672386274 0.7262512417268363 1.6489340404410928 
0.06115733492948296 0.005872027523085339 0.010448258338367903 0.04417597682965013 0.1638836991291133 0.3489574503827124 0.9142137321679503 2.888774679226197 
0.06125184630047758 0.009382376326884996 0.026730334828868826 0.06012423798642447 0.19874022568777097 0.31269714844197916 1.062260409208101 2.489040806790226 
0.0613729974865604 0.005485788387913592 0.014522895010711682 0.06215076193059853 0.1749378379954557 0.323955613697638 1.1290227669792414 2.388601772008023 
0.06131994976168836 0.0075720713745426145 0.022278842874236756 0.04344234779503577 0.17754099766128453 0.4668878707666398 0.4840913694763134 2.3062637089409725 
0.06311192423058211 0.005317728855532043 0.010933606396548575 0.030115646155678792 0.09981755626056693 0.21386494785678412 0.5329188441610058 1.609122751785858 
0.06299615259888355 0.005546651537482178 0.0107180831132262 0.03491233710406072 0.11411384787338816 0.2796713503452561 0.6671703105964317 1.536703072702536 
0.062118876023286994 0.005508725242646529 0.013072021250564586 0.050280528038804624 0.13161162815259733 0.27694128413518115 0.6142888745095554 2.0110354438207496 
0.05871859954216895 0.008226175541306181 0.021440945959032166 0.04168274744189493 0.10249078691600992 0.8867995036684952 1.2922935727599614 2.6745561188777254 
0.062158529826660126 0.00476553194017448 0.02634799074198174 0.039400645436929026 0.10599251101396286 0.5491221747326774 0.862112697434285 3.3909322740553933 
0.0631799269730552 0.004501972677378771 0.011247490475624492 0.02644459711126569 0.07630359947900296 0.2923277729934136 0.5797803974507922 1.5353925294892266 
0.05952586086485026 0.014552561951627506 0.03070441489718522 0.055191992439905656 0.1428083043251277 0.7533740051487938 0.883233552107049 3.451540294519224 
0.06020701885116652 0.01276970950932825 0.023071011821905157 0.03136720686276227 0.1520556291701258 0.679538891856682 1.2129673773206755 3.5755936468883793 
0.06063523146857741 0.009866591867978471 0.014283725696076402 0.04136437284728747 0.1250950433979561 0.5206389431159096 1.1316950408540873 3.896197411736999 
0.06349281091453696 0.004884336807147583 0.013288542989127024 0.03443406579826283 0.1078816586899186 0.2928366186657621 0.47108085902122954 1.7915876308184617 
0.058764497176124496 0.012928436727148091 0.02980456094081969 0.06694840504825494 0.28483971480799275 0.7467372332227803 0.7591640469288368 5.791237778657942 
0.06350350117991874 0.004915313013927719 0.010644037884570341 0.039844502384294385 0.09808525892882763 0.27654118384712034 0.44017458043374136 1.1929560939491772 
0.06283383282634813 0.005463654104310754 0.012035439536014604 0.0335377079124182 0.0771079679607792 0.2803394856237424 1.3358826899373573 1.788139894943654 
0.06275393949589747 0.0044067670364174825 0.011839504684625737 0.03057517223119723 0.10728685055583267 0.27092902546157005 0.967857500001655 1.733175125045807 
0.06013758865987423 0.005859799402556011 0.03144018116255483 0.09480335651309031 0.1894625805310687 0.5151078174513493 2.123832575807134 4.404242031780543 
0.06287989992049954 0.003887476244752291 0.01148314796817331 0.033595788447134185 0.08370854053302387 0.23028939071982218 0.7380477423276216 1.767335065331428 
0.06274785356651943 0.005029457263193475 0.01070280507236974 0.03202750342947291 0.10419774767456023 0.2180020473749838 0.7771988263986825 1.9565672987049483 
0.062143817715592596 0.006020422037857747 0.016409618230661366 0.039886514932789295 0.12309023904799625 0.2265037989467841 0.8953187542372494 1.90055082022079 
0.0628263157320439 0.004475513635514188 0.010981639534296187 0.03629385665923023 0.09254042017184279 0.2305039675902765 0.7017780982372804 1.3867014763247414 
0.06239028738612225 0.00588713759091009 0.021925873531431953 0.03589362517435738 0.12934426720525902 0.28897805526715625 0.9907336680961185 3.4552163780162597 
0.05878299738209278 0.012651373074039926 0.04639960341143033 0.10890027242259234 0.2520409413181966 0.5614186016634267 1.9872118644860286 6.086968315947551 
0.06171565875707874 0.0056335381045638 0.012327642561685703 0.03740296403812812 0.12148512261651172 0.28960801846629536 0.8784730102446849 2.214538280403634 
0.06268369442588725 0.004575596545385384 0.0124090918592104 0.0385927675403698 0.07675275781903741 0.2038769409321125 0.6889813703350006 2.121692047132098 
0.06123675745544174 0.006479061581337196 0.016676804573114275 0.05480383499943047 0.12416363075539132 0.3503560676480213 0.9499089619357052 2.144187802769532 
0.06224600830343526 0.005836733335555756 0.0219010802305825 0.034318944835634246 0.1426083627242589 0.322243333059981 0.9299365221190625 3.5576069138839888 
0.06297980152925632 0.005317093708953161 0.012688921889089955 0.03493450764005954 0.10035888347120299 0.2510499344195125 0.5162329510844583 2.215585822559609 
0.06288236119460541 0.005685885434394464 0.013512980678430896 0.04281112592206015 0.08490914811223195 0.29565521569988035 0.479361890264971 2.37973002664168 
0.06291704763914678 0.004911561322602666 0.01037412612252594 0.03168783274481444 0.08830648339630108 0.2613803026078133 0.6184618978751539 1.867662041821387 
0.062422768205817734 0.004442593838275507 0.010179426967419771 0.03629925491874316 0.09682715951773886 0.19864778322288437 0.4769173129894985 1.808792697671775 
0.06287718333034982 0.0040413653608166586 0.01300356729089899 0.035915148902172254 0.102493450338262 0.23032456357879286 0.6470382912987003 1.830660572376822 
0.06321402406532586 0.005384423663430956 0.01356435198850487 0.03570512257688788 0.09747399673584439 0.24656521595332012 0.6531518429980546 1.8630461838609793 
0.06114667217672214 0.006400175020963863 0.0180778703267401 0.0586983109434081 0.14056538653517592 0.3796150653685951 0.7025147330661698 2.5681799844923434 
0.059134302008007136 0.015110841024375323 0.03059604502043883 0.0579627790933087 0.2919290496216329 0.7261220975889824 1.7552711876788663 4.314242230467823 
0.0628064447574078 0.004646105251882686 0.013776579906773768 0.03627881617992008 0.10218736558373584 0.2610107800278426 0.555327219401087 1.6801005205345467 
0.062022451074774824 0.007510355337847454 0.014228486294778681 0.05537883765850772 0.13421649956170603 0.38839731969345154 0.8057338927510015 2.1640086743356144 
0.06395343979902322 0.0049384808801936015 0.01131584084099282 0.035681067799392445 0.10307285962581847 0.27265004951821326 0.5528871130946003 1.1686332030731545 
