1.0284978224195513 0.0 0.0 0.0 0.0 0.0 0.0 0.0 0.0 0.0 
1.4894728561279812E-65 1.0137696868487873 0.0 0.0 0.0 0.0 0.0 0.0 0.0 0.0 
1.4702496844197456E-65 1.0480525131574896 0.0 0.0 0.0 0.0 0.0 0.0 0.0 0.0 
0.00569127309672316 0.011405902610195553 18.17148681472672 0.0 0.0 0.0 0.0 0.0 0.0 0.0 
0.28504011211053476 0.014341699227286694 3.907778178599803 0.0 0.0 0.0 0.0 0.0 0.0 0.0 
2.0663351417011483E-66 0.15096598114013873 10.428427806354032 0.0 0.0 0.0 0.0 3.989896357155144E-23 0.0 0.0 
0.6857780612477578 0.0 1.6101810609637737 0.0 0.0 0.0 0.0 0.0 0.0 0.0 
0.6680700128055769 0.024370129534911276 0.7117961889863794 0.0 0.0 0.0 0.0 0.0 0.0 0.0 
0.7063903073723605 0.0 0.6266730148058226 0.0 0.0 0.0 0.0 0.0 0.0 0.0 
0.5250826519684018 0.1431705018273514 0.09054142226779673 0.0 0.0 0.0 0.0 0.0 0.0 0.0 
0.18834216311815735 0.5518134953782107 0.1094564714572467 0.0 0.0 0.0 0.0 0.0 0.0 0.0 
3.7548092813980974E-66 4.6034306312227494E-66 0.0 52.313991618139525 0.0 0.0 0.0 0.0 0.0 0.0 
3.532577949529249E-77 4.333209077479468E-12 5.18988121377742E-10 11.335131419305482 0.0 1.8570239858898197 6.009184254328076 0.0 1.2165937376503664E-5 0.0 
3.6804866269193864E-66 0.2895119463005188 0.0 13.41792795091501 0.0 0.0 0.0 0.0 0.0 0.0 
0.033336416676476 0.0 3.4897269105541597 13.820442641053699 0.0 0.0 0.0 6.844373822737641E-6 0.0 0.0 
9.681769491099857E-131 6.719193229754685E-66 1.2911292409546873E-66 25.27736524580226 0.0 3.0173820239987688 0.0 3.2545558183245804E-23 0.0 0.0 
4.0974976062302E-67 0.027242869079277112 0.9696359870058013 4.53035104269445 0.0 3.4586991138532603 0.0 3.337877243266779E-23 0.0 0.0 
3.5985977521792845E-67 0.02710296078775977 6.485304263407693 0.007555947245063284 0.0 3.6962974101967436 0.0 0.0 0.0 0.0 
1.224277877854311E-65 0.9065527273715793 1.5327324777881774 0.0010676479397580547 0.0 0.0 0.0 0.0 0.0 0.0 
0.2003466412289033 0.0 0.016037657286382206 0.0 12.151875341031516 0.0 0.0 0.0 0.0 0.0 
0.19464991726788894 0.3702903514206389 0.0 0.0 0.0 0.0 0.0 0.0 0.0 0.0 
0.20157742048629446 0.0 0.015706153208260264 0.0 11.815217215236164 0.0 0.0 0.0 0.0 0.0 
1.006317996721595 4.648271854421016E-6 0.08158072181305448 0.0 0.03872476724838928 0.0 0.0 0.0 0.0 0.0 
1.3247378905360943E-65 1.590765766866754 0.09832812663648527 0.0 0.0 0.0 0.0 0.0 0.0 0.0 
0.9821994253490568 0.0 0.08441007602119528 0.0 0.0 0.0 0.0 0.0 0.0 0.0 
0.8879317365195234 0.025364451125538336 0.0 0.0 0.0 0.0 0.0 0.0 0.0 0.0 
9.962918775929097E-67 0.0586115260536083 4.634627023763815 0.0 0.0 4.538209205173801 0.0 2.4184201950434017E-24 0.0 0.0 
0.5052501547179711 0.0 0.0 0.0 1.7977599539246757E-5 3.967429175600371 0.0 0.0 0.0 0.0 
2.897593222000747E-63 0.46583373137491213 0.0 0.0 0.0 3.6658831148725746 0.0 0.0 0.0 0.0 
0.1001557936237688 0.18906955234174733 2.23759638189847 0.0 0.0 0.060654301025392245 0.0 0.0 0.0 0.0 
0.1494182918576742 0.5013139476386566 0.09353450388535131 0.0 0.0 0.06625011399607762 0.0 0.0 0.0 0.0 
0.41941638945612225 0.23429516087739305 0.08931626995804696 0.0 0.0 0.0 0.0 0.0 0.0 0.0 
0.2816779014854571 0.2582564813664228 0.16676218850704985 0.0 0.0 0.0 0.0 0.0 0.0 0.0 
0.4819330595120796 0.10917568939779801 0.197595169778382 0.0 0.0 0.0 0.0 0.0 0.0 0.0 
0.0139507980984027 0.01813742548910377 14.251763031784273 0.0 0.0 0.0 0.0 0.0 0.0 0.0 
0.16026874794878804 0.09654421221746715 0.3082617120815992 0.0 0.0 0.0 5.137825780385761 0.0 0.0 0.0 
0.10204208164782445 0.12402126773333812 1.1881573422494507 0.0 0.0 0.0 0.007602425780992786 0.26568385668660355 0.0 0.0 
0.06869320752245062 0.10909165662325081 6.27048984883333E-11 1.2905616105992864E-8 0.0 1.693507911072647 5.15256498279797 0.0 0.0 0.0 
0.49995597089861327 8.976711395073359E-7 2.7012933525826397 0.0 0.0 0.0 0.0 0.0 0.0 0.0 
0.05518007806826017 0.07483734728042025 9.088574483044487E-4 0.0 11.245024940976819 0.0 0.0 0.0 0.0 0.0 
0.30051702008015735 0.013593994689093461 0.0 0.0 0.0 3.6720569175194706 0.0 0.0 0.0 0.0 
0.46316585349462863 0.08641081632002676 0.21173847964372977 0.0 0.0 0.055554661713332856 0.0 0.0 0.0 0.0 
0.01903828003574402 0.6514648406708858 0.2088127664004338 0.0 0.0 0.0 0.010118052328055268 0.0 0.0 0.0 
0.4040605604909178 0.15672422205592035 0.22155247732768793 0.0 0.0 0.0 0.0 0.0 0.0 0.0 
0.067350445080153 0.11518314359198122 0.0 0.0 0.0 0.0 0.0 3.6104368382425553 0.0 0.0 
0.2888692623136763 0.08600182520723466 2.4700014266684365 0.0 0.0 0.0 0.0 0.0 0.0 0.0 
0.10203206043358037 0.18451092205548963 1.786032825365151 0.0 0.0 0.0 0.0 0.0 0.0 0.0 
0.1984123328043038 0.1721208058950047 0.6892553423760935 0.0 0.0 0.0 0.0 0.0 0.0 0.0 
0.43474128917743693 0.0 3.0427705689013624 0.0 0.0 0.0 0.0 0.0 0.0 0.0 
0.4931723260864384 0.1371069945061906 0.1802366443339627 2.1174793071844896E-36 0.0 0.0 0.0 0.0 0.0 0.0 
0.15531067778576169 0.3072886322890665 0.19695096017425545 0.0 0.0 0.0 0.0 0.0 0.0 0.0 
1.5288428548516597E-65 0.9677981668080139 0.12248440847425157 2.1511483548472788E-36 0.0 0.0 0.0 0.0 0.0 0.0 
1.7783984884651823E-66 0.15199931324497484 8.14353420145291 0.0 0.0 0.0 0.0 0.0 0.0 0.0 
0.811820133170054 0.03521125435303318 0.0 0.0 0.0 0.0 0.0 0.0 0.0 0.0 
0.008932606585738415 8.500475842733583E-4 0.0010528461556295568 0.0 0.0 0.0 0.0 0.0 21.37435722861602 0.0 
5.842291501451028E-68 6.01534875470651E-68 1.585611835575331E-65 5.988965344255128 2.018591331482095E-6 0.0 0.0 0.4242460603403927 5.317372162109764 0.0 
0.08489056931896537 0.002589455140927101 0.0 0.0 0.0 0.898400725117396 0.0 0.0 6.520781396079048 0.0 
0.007430395112726543 0.01638275927443824 2.539130596700265 0.0 0.0 0.0 0.0 0.0 6.055760344812454 0.0 
0.3833555970566942 0.0 0.024209582498954735 0.0 0.0 0.0 0.0 0.0 3.4417777698237657 0.0 
4.1579395397792676E-66 0.0 0.0 14.15599239621896 0.0 0.0 0.0 0.0 4.831981337679817 0.0 
6.618937721363804E-66 0.41585195378672357 0.0 0.0 0.0 0.0 0.0 0.0 2.9282198389727 0.0 
1.7429736571014114E-66 0.14503151771752007 8.818657368190825 0.0 0.0 0.0 0.0 1.6352198464854587E-8 0.47813089254840013 0.0 
0.2724407300576858 0.2785035480950936 0.0 0.0 0.0 0.0 0.0 0.0 0.03715691573027625 0.0 
9.507695711511075E-68 0.00833008356637982 0.5453985155639397 5.508868494457178 5.725031890388691E-6 3.4326791025268455 0.0 1.1975250904483119E-8 0.4464978250388106 0.0 
8.585377255670526E-65 0.0 0.0 0.0 0.0 0.0 0.0 0.0 0.0 10.376734793774983 
0.9460748055462959 0.0 0.0895113410237076 0.0 0.0 0.0 0.0 0.0 0.0 0.0 
0.9785307767457362 0.0 0.08616837901632875 0.0 0.0 0.0 0.0 0.0 0.0 0.0 
1.421070934157742E-65 1.0552632163282025 0.0 0.0 0.0 0.0 0.0 0.0 0.0 0.0 
7.198606945295331E-10 1.0125727039147245 0.0 0.0 0.0 0.0 0.0 0.0 0.0 0.0 
1.4174178153488937E-65 1.0607689501986008 0.0 0.0 0.0 0.0 0.0 0.0 0.0 0.0 
