125.10217191622696 0.0 0.0 0.0 3.757550670723329E-7 0.0 0.0 1.1840878510110503E-7 0.0 0.0 
1.0447643547292924 0.053693746058779634 0.007230336813010494 0.41424933009636966 0.316293859046695 0.004337589777270181 0.022369311231862338 0.012555963789217434 0.04094874298625284 0.410896047612735 
0.31521263230035335 0.11224514741069903 0.022736682146986875 0.0664111211690409 0.0015001205754192417 0.01597310774079406 0.022516881682744527 0.04920081392892905 0.04938489786168243 0.2983533664528397 
0.4406087658612422 0.14706738404965863 0.026758308558492545 0.09205325014697885 0.07514963445611761 0.04063578011999593 0.03091856205134299 0.05514274618152423 0.06659091625978424 0.0 
0.3327166827274326 0.01978533550744205 0.334185775455716 0.2032333298584346 0.09941600984166976 0.0023715274735536082 0.006887336679378051 0.029147862593749158 0.035568549872566184 0.2640434789317293 
0.35388655537100494 0.32374664460294006 0.11016066211572885 0.1438657719492282 0.44291634601209695 0.012206260675353282 0.05841778658327816 0.06882553726372512 0.01634692122571827 4.180718073223957E-5 
0.22059329780611586 0.07260188555310504 0.2067848155920902 0.17636711171527908 7.055090206683312E-8 0.03644275773674984 0.017115087097298476 0.05882471400334115 0.06834124903830643 0.0 
0.21336686261253296 0.08140018526739222 0.03623126261699543 0.0823242891349195 0.466973929425771 0.1047497220755591 0.028927024758914625 0.09459378526809592 0.007073014343098335 2.4063723514430364E-4 
0.24932910586982715 0.25490369254845463 0.3107842755599199 0.0018006994086092857 0.1790584638004471 0.1232037814912701 5.099374164119614E-15 0.173167624184464 0.02668808643522507 0.0 
0.1394600146734224 0.008257000723091133 0.03373561535226615 0.04032532544620706 0.24153775361409488 0.08183012265211649 9.185838304726974E-5 0.08923152873307273 0.023946369371298296 0.4299863645339338 
1.3954958303478295E-63 182.70146004734855 1.7907515925895617E-8 1.1097867456848104E-7 0.0 0.0 0.0 5.440042354486912E-7 0.0 0.0 
0.022282152219125665 1.8245425690424042 0.15502836343005122 0.19789267235198568 0.016716060800235303 0.005888692454228615 0.006453936145137241 0.10477219360633908 0.006312093438293507 0.3174395902019101 
1.5642848777594256 2.1685190902317295 0.02552635742662807 0.29444305406871557 3.9207081961535235E-5 2.708420743832352E-4 0.006543593605115283 0.1598354937085446 1.0712176135048308E-8 0.31424244542101104 
3.605519207105247 21.27051856723534 8.52764601539159 0.0 1.9629597260208924E-6 0.0 3.2133868932159956E-8 1.2992396052784782E-6 8.737063548522923E-5 0.0 
2.4926544555880965 3.3475384439373097 0.9829322099889699 1.260357556751516 0.29652329400667954 5.030416331019436E-4 0.04857054307810099 4.8863283403298426E-8 2.455726790177684E-4 0.0 
0.011887697874456456 0.6914202448393254 0.015759714147591884 0.057291489614123794 0.052585360721694605 0.023842025894647782 0.018274696921524888 0.038815333659956965 0.1840832739801152 0.0 
0.3596815477627173 0.8779819535272735 0.22141782564148368 0.2249886306852739 0.057230720176990144 0.06909268006395475 0.02752496267854653 0.04154899151398225 0.02303062724248278 0.0 
0.19188913877138378 0.7357008435799232 0.15351099797654372 0.9767292977366071 0.0 0.07658572118992976 0.03573858578110608 6.251516082760832E-6 0.0074859129258968825 0.607937858047647 
0.6157027583742616 1.486423222037536 0.013142888869075048 6.757805062197638E-12 0.40819690095008454 0.007399105810520453 0.20676993930902163 0.05064914588931013 1.739228236542687E-8 4.086345492945607E-5 
0.1437643215759571 0.24873580429564354 0.01597405740680783 0.16238409699038844 0.0014413059198416667 0.01730235667937208 0.017641302056774624 0.03394793119237961 0.04450139672204007 0.3251394726434594 
2.4616699527449187E-7 4.513229359415588E-8 52.48982382058081 0.0 2.4643672043788043E-6 0.0 8.677900938659166E-5 1.0861219841945677E-6 0.0 6.931219949375429E-9 
1.5949581604539638E-4 0.13488831397468146 0.08925792274560254 0.0504962945632261 0.03924457002450314 0.028696997801397728 0.02741079072398347 0.03144066841337707 0.04139796313334516 0.2872905941032825 
0.22885456859960002 0.7180860624193273 1.0996697123903068 6.553183016941993E-9 5.998688590821198E-8 0.24050869059098887 0.12105826166906078 0.03385556898339685 0.0 0.0 
1.3447495506854568E-8 0.020508459080579213 0.42590194082649324 0.16782712484670867 8.186010205411068E-8 0.047194757922489894 0.017496961719172168 0.10842715522388584 0.09963031944068446 0.0 
1.9064487032759892E-6 8.152215942152925E-5 0.5510210535014156 0.03246794072986799 0.016605718947383556 0.018534605726961192 0.0842455910234126 0.19914591757556677 0.42233912232148607 0.3474247849880457 
0.038967117783714235 0.07741464896882443 0.12230887987239235 2.2979589354177015E-12 0.04286870163622225 0.0020263260794423873 0.05335304287216669 0.027178274517324245 0.033977851762187 0.33469407494695075 
0.0049989464973786615 0.2630299870330982 0.10284425170209438 0.015956407830467537 0.004739027006054762 0.04118709679464417 0.026825691895055685 0.05727776171133008 0.10616248562815007 2.6777237976766886E-4 
0.06886221130628112 0.05767112255447495 0.11714537047267456 0.07437339582468067 0.06635487813501309 0.03839994903142839 0.09325923429510567 0.0 0.04747562331956735 0.26341974392168677 
0.04805672769944299 0.07975246286537424 0.08817547848219615 0.0753368523148604 3.7335503951839703E-8 0.016280983825335636 0.01284733350651171 0.044100338684341336 0.03981656689162493 0.3435742930462595 
0.022125824459968607 0.03781986143385887 0.07019028743835606 0.293627179658708 0.058743111930556265 0.023111513662212608 0.019105365522913236 0.08526245783909663 0.06920996975038377 0.0 
7.517790077167818E-66 4.988118246567238E-64 3.7795806715277007E-65 105.92434097779046 5.9422052039972435E-8 0.0 1.0209733175194274E-11 2.0164188881636982E-7 0.0 0.0 
0.16998659743904368 0.009954262108899539 0.1905096056589887 0.5147718120488798 0.02677735263821891 0.0019512247768288555 0.016979773022084248 0.048827848987121975 0.05647560696139869 0.29187864592656 
0.40616613488751363 0.023529427732366496 0.3386961367677453 1.426911846006852 0.06740587435057004 0.004062624609226477 1.1247277138648591E-4 0.0459590059424723 0.009381737685102063 0.31408370015439174 
0.4207069965845832 0.02337902409694215 0.252816543536301 1.0864561216821251 0.0 0.03119146533728063 0.10479952372044478 2.5437657339019963E-6 1.9617627714681056E-8 0.3101494047818154 
0.5884268146718489 0.03357321415515352 0.09556533634860902 1.1008801107212127 0.045494438495194744 0.00455315578860214 4.3271919104742194E-4 0.0032906268902924193 0.19145336172949173 0.485679689209413 
0.004821535343152258 2.6982621186470344E-4 0.02422679612011108 2.0961288823929296 0.6553397747905737 0.005063982495184951 8.617140543764621E-5 0.04106998826460213 0.036523857234136266 0.4220096938863141 
0.04352490167202182 0.07896052822068172 0.08922607270008379 0.4602719778303685 0.09351098754601653 0.04902804100871047 0.04727544232444027 0.025300238686809397 0.07611031162630404 1.877630957283784E-4 
0.19168360617064753 0.01054808706699147 0.030846652608490326 0.6166635268621683 0.013798368460717896 0.07177760629473152 0.017358973280279626 0.013463880759727804 0.15692300915273805 0.0 
0.12979266298058717 0.007377791599472167 0.101890188190496 0.4394576317701098 0.021164227206534495 0.06487130021110135 1.0022417287092678E-4 0.04706047482867248 0.00794217982128659 0.3389519748852924 
4.257273969136048E-4 1.677890303496616E-4 7.344988223742699E-4 0.542640906156154 0.001441644225262029 0.017153202164835398 0.02301578746011792 0.1217722608720053 0.11568521658496579 0.2431667122649984 
2.0009180537047207E-6 1.0891875168427804E-5 1.6366735976397352E-6 2.1442088134201434E-6 56.64460325475912 0.0 7.879161983779882E-8 0.0 0.0 0.0 
0.04443522275501803 0.00257342397881384 0.18920639770425768 0.7075966797985825 1.0265376217229005 0.00819247280247072 7.615114123304385E-4 0.004969238254950948 0.29400349764680167 1.234549927428073E-7 
0.058999920726172606 0.019802907983609244 0.12152407842133359 0.2573482126070084 0.31121617309203875 0.005099886399834393 0.017582344669733126 0.008176609768463006 0.07791589682506009 0.27295740502447485 
0.06481711126182994 0.024262365968954536 0.011664937479475668 0.026440686655196215 0.16607494972303452 0.02701669438421115 0.006089492842475747 0.026935204816386584 0.0813012857252993 0.270710582207614 
0.1283763080987755 0.008110251259178 0.013790269702095783 0.14569577869561867 0.32950728042320887 0.09197397775287477 0.14410926351309514 2.7410148696957873E-6 3.1954154305200786E-8 0.42253751901166126 
0.050921397924978164 0.09635475229410145 0.11326095522020957 0.06826869896215901 0.2173515668812118 0.005877903006315547 0.13158401881273987 0.06421041103264356 0.014278730831019739 0.0 
0.06713601461055374 0.023588212136259078 0.011170619099873514 0.024864017431564724 0.14180598201755112 0.06620592474499094 0.009751905715582796 0.09780870427089229 0.004594528658250432 0.2806243489548829 
0.0011191067118209441 0.07163811606156946 0.030591993056682993 0.1140726079790794 0.1072687311255054 0.007883732668783826 0.024961875345442645 0.05396917601020546 0.03747786832426252 0.3438757178011399 
2.588683087716327E-4 0.07678792589205224 0.02745093025883208 0.10650758770298319 0.10198380875809322 0.007802930013491623 0.0062474170086298415 0.08997519170971963 0.038845864153355295 0.31990986209143174 
0.12578421645609014 0.2581463780843214 0.42230153069716425 7.419836875207298E-12 0.1362353800959438 0.005080192379037839 0.04086686455319263 0.05240219650349543 0.06793837235024879 3.9754933634539565E-5 
4.107025677057434E-10 7.18358671019162E-10 1.4641934538995949E-9 7.377629352409554E-10 7.836730871207467E-10 13.335129901393039 0.0 0.0 6.243621473954055E-8 1.3771661106836227E-10 
2.42279797598469E-10 9.332425434624978E-4 0.03629338337294271 2.5820255982467843 0.5697377354248497 0.7559764321169339 0.10585367615823385 0.42655076514668316 0.010814742310959427 0.0 
0.02806196964087415 0.00864318153258773 0.030978012292096076 0.0234501081750073 0.007456120455517283 0.11056292090039165 0.02711701298869937 0.05781823586376576 0.0626126393996876 3.170176873807954E-4 
0.036917858388343924 0.06572860691668916 0.020917229266561494 0.011441762221871793 0.020105325866301874 0.12423636222270235 0.019462864760237283 0.05585201807842869 0.0 0.3664105871787391 
0.03350148096387994 0.011688958810440976 0.07908354038108723 0.18084713601182426 0.1901077465097791 0.13639375904209425 0.04294604564575525 1.6560194338021419E-6 3.3520003823279613E-9 0.3322996533859068 
0.0689133861856 0.34928643596940556 0.2973233705891615 0.7452283567291053 3.326854959418928E-5 0.17767949741065378 0.03830241294712039 0.04524332674805468 0.0 0.0 
2.4517391588375903E-4 5.109714935371723E-5 2.595621564267833E-4 0.2596694831584846 0.07582927794248785 0.10372469503462968 0.007379614449032668 0.04811542284045633 0.004137552756798488 0.2805288882082703 
0.08028191800196512 0.004430768166185283 0.013019867645616256 0.262001872958216 0.005409248429485239 0.10088629707822996 0.01554839402826936 0.012018780202762834 0.12980769626940547 0.0 
0.824345031015123 0.048754471153961434 0.22503480502272477 0.2263598212467107 0.015056606529990647 0.1439361925216317 0.07234524928764562 3.0283075826506997E-6 0.037114098226424676 2.6264143249874156E-5 
9.3379357260441E-5 5.490494989347278E-6 4.149736640354866E-4 0.3285389493075882 0.009417699815412623 0.1340608037142144 3.9792570773858755E-4 0.002017714254410893 0.17036807113030852 0.31463855969551174 
1.593723519267465E-71 7.206474874997228E-97 9.249068838168068E-69 9.866916295018864E-67 5.199220893020811E-67 1.8094391522266315E-64 10.531790119917881 0.0 0.0 0.0 
0.0913488340134356 0.005019089480167917 0.05673646790682255 0.314720698384478 0.06443043871202163 0.04092692336550204 0.04805259650119923 0.08606184193551294 0.0724935476283853 2.5633016028071853E-4 
0.009590609142673 0.024734812697599574 0.034616150875430254 0.009651392007518326 0.02066039766529048 0.021775277536461277 0.17506017079908934 0.1041193223557333 0.0 0.5664645097413994 
0.06473933352110482 0.0034137115345470917 0.010041925936737724 0.19559635017599586 0.0044781145343337405 0.02684758936801953 0.12611317777989894 0.01189175877489635 0.15508545120212108 0.0 
0.007882175810898956 0.013941865600579632 0.01886057029510189 0.006059703225108271 0.011110136719554485 0.05134206278098854 0.0665025976427715 0.052129432564817696 0.0725284719047964 3.0250065109488835E-5 
0.03599763845541731 0.06571068085961337 0.0740279904090018 0.38630828877492257 4.818460511821617E-8 0.02409093690775326 0.06284045208305364 0.09674862182165993 0.0 0.3101541334164936 
0.0024238291824289398 0.012416145317562178 0.012002527891666373 0.0034940618555251266 0.0060599503860027625 0.03382401762275876 0.03859891174484079 0.026096767270111017 0.03878900170175755 0.27859564183386304 
6.64879834681738E-8 1.516832267248119E-8 9.248114690293383E-4 0.41700069584403016 0.013989300798406695 0.3191873908776469 0.10378143490446222 0.5051676896849164 0.1565885593770851 0.4636809267623032 
0.05188754325625962 0.01754163029967691 0.0521157274862394 0.03940487013364887 7.638811750408498E-4 0.009710476366312623 0.017747184447950107 0.07315736764644011 0.038971302701545814 0.25302713201834276 
0.02700707985355417 0.04698220757044409 0.0514908802215318 0.26454658772157214 3.3392896600454403E-8 0.014538572946779005 0.01490820351574155 0.044644826595831785 0.044639450377495914 0.339684417187476 
1.4473303501441877E-5 3.4943118984413875E-6 6.940189007377919E-6 6.446314951584602E-6 1.2098131740311512E-5 1.8354951913051689E-6 1.3363777704059423E-6 17.430513416207887 4.7525255433198016E-8 0.0 
0.18883151921337757 0.20337541211955512 0.21634638606239023 6.154207288662546E-10 0.11976155796901249 0.06949239453377844 2.925424822104735E-15 0.16846270200268257 0.1012887027381905 0.0 
0.032245597935586005 0.057143341037619665 0.06983182507323263 0.042525920958656954 0.14745178903307724 0.0031837644804008293 0.07396590407910919 0.17366118511603737 0.015472651848544244 0.0 
0.14436326878967726 0.3036239977736944 0.08185951009539609 0.09355961525280981 0.13175542167019047 0.004809810301772641 0.02130653008770166 0.1332600309605469 0.04779732228538379 3.955508440691545E-5 
0.011639977897570535 0.020285006338110582 0.029111242993231087 0.015425275608346374 0.02008716000963655 0.015874419836170318 0.034680420616637855 0.12989796689319041 0.06715216498806813 3.318813096756097E-5 
0.012787477186515333 0.01865321227446481 0.023106360606355836 0.5315918050401185 0.009065958212848352 0.02625664993582197 0.02676050928387379 0.15536944129463168 0.04981796322051812 2.1403914230715412E-7 
0.17444574589922665 0.2690739914058404 0.003251968236230256 0.035536488083779905 0.11478519314483622 0.06486427605228319 0.009154264456673809 0.1659499781534027 1.1222754554667407E-8 0.2737902653527457 
0.03146333780026321 0.053849102619617464 0.005693063084167722 0.0 0.005982880791539054 0.017718918505040572 0.007646153238678569 0.1326187891320136 0.038363690288377335 0.3753561122964482 
0.010507389678415066 0.7580547231552128 0.29481581623313824 0.2686212248614193 0.023622229429615213 0.008484700770270111 0.029806023861887444 0.15454440431240016 0.008741017582197827 0.0 
0.6829996981402272 0.015607584415857877 0.10467556672541987 0.16120657889346865 0.011905112221267531 0.10117964445969381 0.011260941727499628 0.1878378242378437 1.4276102064020958E-8 3.9539572884083835E-5 
1.053022254243776E-73 4.032492507956438E-67 1.4183186723059831E-65 4.215085730836841E-68 9.080058080574407E-66 1.3402774871594847E-65 7.750163527858099E-66 7.363475649049548E-66 21.750077612057613 0.0 
0.30693954113372746 0.05650252116379555 0.24338557552647935 0.0 0.11937553742682076 1.530658404703287E-4 0.02289538863270858 0.067709521201667 0.18737923307609047 0.0 
1.0787891824610307E-4 3.6345315831366027E-4 2.8653532368092465E-4 0.3210681931229138 0.0018682212058214387 0.053145098545579764 0.008839999346928576 0.023459634242151133 0.33408687584492613 8.064936838114024E-6 
0.5485213222718609 0.5736179741846092 0.009146223717572134 0.7964865286633517 2.5288648260301216E-5 0.060445550314973014 7.059596136594123E-4 0.008257096419963845 0.4574554188454054 8.912508255841429E-4 
5.6614643375194914E-5 1.7836428388756417E-5 5.8470365416037795E-5 0.05642013281186546 3.2049709423771934E-4 0.012105144170383685 0.02861456402026352 0.015563236686194169 0.1976369818445229 0.2828468467960561 
0.0014408929700953212 0.09469454911347912 0.041158585463604236 0.14166219061526397 0.12976243711906435 0.011128588122290227 0.034323393737608086 0.02815419644211455 0.18456048318875362 3.567782708379616E-5 
5.793669687694482E-4 0.03707647763814206 0.016516163078105696 0.05498557329833252 0.05045789618418499 0.010442641709640934 0.022769890910041363 0.08534038563423071 0.20605945142531865 3.294038766572514E-5 
0.3534924206038284 0.0739848356167337 0.014620400100385986 0.0 0.03584078835138655 0.025985308965391744 0.02772780736108885 0.059843870968907864 0.19940909004022442 0.0 
0.0707640821657754 0.2208802338036784 0.29293787990796094 1.853848198993056E-9 1.8207157324954624E-8 0.05142118217208123 0.05935970666225451 0.011061583098769135 0.28658095048352455 0.0 
0.09125097384131728 0.02716455973618533 0.0971717993682174 0.0695421827312982 0.005344159398378789 0.026534508496766473 0.02723631296857497 0.04265139164997753 0.1376867705783552 2.0202391553652136E-4 
4.69666379322336E-68 1.0510312981207637E-70 1.843076543781383E-65 4.356607935390394E-64 4.4516991478205464E-69 1.7471669323245044E-66 9.303556250960619E-66 1.1140966944681174E-65 7.920824961043527E-67 66.79149584525506 
2.6876147946596206E-4 9.749018778111897E-5 3.225488815973852E-4 0.3161783522436481 9.757673475078934E-4 0.017946303360420638 0.016090396901515227 0.06473120330731458 0.07956713273287876 0.30436358225472593 
0.0018060611398227244 2.939448223137477E-4 6.533877572282735E-4 1.1030205099325927 0.010693648895083976 0.07592631886605831 0.0175629393473326 0.019783733191766194 0.09225436235457879 2.2822304271273293 
0.017649086148344602 0.007195676095506894 0.12014028445635083 0.25262543201121157 0.006033651127650278 0.030914554920003744 0.0063947643303262 0.106176705579029 0.052803949512319474 0.9516543176984344 
0.005389519463980595 0.00952901064145396 0.01422803083363089 0.004135472575553817 0.007957264554608861 0.03979943501968704 0.005331543464541804 0.01827774721176258 0.09330539629636815 0.2861258820271021 
0.03473980409869946 0.08739196610021067 0.12310043712199686 0.036131138877736904 0.07361777019745264 0.0817647106209122 0.0052600384638020956 0.10593616627212779 0.0 0.5849098440982021 
0.04207556321863246 0.07291685174903909 0.007652899173869723 0.0 0.008126466338561312 0.004492160613376554 0.0040479441828351415 0.0683385351928171 0.1343590759981371 0.3982189943886865 
3.5036042712064145E-4 1.1605776409356781E-4 4.0307704700143796E-4 0.3985812845091905 0.002361611976982689 0.06203305130464081 0.004127607299540692 0.02764963134681819 0.06550022972117422 0.28719000330936095 
0.0402021859153262 0.012771036006374819 0.03827888398995796 0.032147028514668 0.010742457870910112 0.010546555648751616 0.016090756850360273 0.09436560968173757 0.03479396374690985 0.31233808625533976 
0.05610213547578944 0.016446982208620488 0.05779291189836152 0.0444453834345227 0.002930703566186118 0.019371972074408595 0.019439384915763233 0.10241973836036129 0.1549320295520073 2.0037974833921158E-4 
