1.0036071208481085 0.004329264279581386 0.002162317080704953 0.003439662027239769 0.0038999217247588478 0.003607235721257479 0.0029277160283417447 0.00284629270620371 
0.6052943122285955 0.5999402539818034 0.005811158335568789 0.23962876041944778 0.012533980964829244 0.49345732504178946 0.01242713742488258 0.006910962704479541 
0.8710782769919477 0.007636722262122344 9.936684656676412E-4 0.002905844346627115 0.5061121600789755 0.006910758498394926 0.006870327952605253 0.007894145712254068 
0.852864111874081 0.014352464860166267 0.011223487100968607 0.001430691546343142 0.004813510050102158 0.0059720694236202925 0.5321917324590584 0.004174883360158632 
0.7248917772184665 0.7134327506088305 0.004625382973007949 0.007080827365862288 0.017112374935604708 0.009853767359903972 0.01623598996624738 0.015923725301229395 
0.8777219797305112 0.007304297456505056 0.00519763472882703 0.006859066410962736 0.004898393605160367 0.48817017662335255 0.004484814601258512 0.007703884976024661 
0.7474416845611608 0.017008540552887717 0.004030430368283538 0.00681097202809484 0.416771748117632 0.003085653860200748 0.5320058591177461 0.004440951509407854 
0.7205725806330516 0.03796750204392289 0.7098750362459835 0.004229306538147727 0.005517360703754667 0.01031290889120505 0.005499538878766507 0.007194819980654818 
0.6179879482388119 0.6199532619680073 0.0013562743587199253 0.0026930904381514595 0.5065214249256764 0.006176943253532632 0.007021006380847033 0.0074702999350348505 
0.6583399338976036 0.004102825815309502 0.002930993967404273 0.7717406592272357 0.02244373600451134 0.05108478026185014 0.0199772490313876 0.010367670637640498 
0.6109580851999755 0.6101510699549252 0.004752242710170535 0.008390727979414836 0.007730385836386913 0.011341045207150714 0.5198616556322401 0.004792176952853612 
0.6779521806797474 0.0787367022642654 0.0014686598462227828 0.40300474173500794 0.0019901142155957156 0.011221626635456046 0.6316919490517633 0.0077453659802173835 
0.004328582465533214 1.0092538290128827 0.0021592023171346027 0.0037295443519372224 0.002089566113564614 0.002551858973966198 6.20230804293161E-4 0.0015685034335921868 
0.0021320291100130648 0.8886442114367618 0.002880652097899698 0.005271852008415678 0.003756228438128908 0.472400370099503 0.0013350727858878737 0.0030256852781669888 
0.11741000478868145 0.8843929514572436 0.0360323021633413 0.5624401399385742 0.005453533080279962 0.021320286881115424 0.04190971692258322 0.030807648605431684 
0.018710172323355673 0.8094405345502186 0.0034115147504652477 0.002001211587500123 0.5957288904447955 0.003301985278585892 0.007507737601172271 0.002549851766456578 
0.34128545268479155 0.7914795919245401 0.015139672697386338 0.008238727671509885 0.008931542134371384 0.0033576288904099533 0.5352688712393581 0.0021481058970614724 
0.3849960204123661 0.771377146724702 0.5204637275997109 0.0020819578332013132 0.002466704378586948 0.00621519822675665 0.007084194645789336 0.0011130189366505105 
0.013763650737418632 0.7741486815446682 0.6413344625978239 0.005177298777502288 0.0013624203963007722 0.005045606050358531 0.003868475480979749 0.003405514215631289 
0.5612367106722744 0.6711528929412585 0.007474034873104273 0.010045878752515891 0.5127113734543329 0.0033406554472705133 0.01227505270591391 0.005673032824902472 
0.008525817857485032 0.6896055558107161 0.007445438232765107 0.004990872119128259 0.02047241627698918 0.39136571336938875 0.6309514543726538 0.0031817714538715965 
0.004970889448434802 0.6722342362096165 0.002740780319254021 0.012349707389663858 0.49691016477756944 0.5702545277523557 0.004139209665853493 0.00482503527759107 
0.012449016814569723 0.6603489364413818 0.008393137302101816 0.009461367972417981 0.007072315628903067 0.0022950045319114144 0.7734437821623323 0.00634947385246102 
0.0013777467645580419 0.6208263927421932 0.2623422819272237 0.5939631633779847 0.00388724117864256 0.45907061091392454 0.0397234652032619 0.0037048568128979355 
0.005395709574431144 0.007994254524183531 1.0020941014182643 0.003389971120643004 0.0028119320175780567 0.002056630740416371 0.004831718917139648 0.004569397002938645 
0.47650762645559314 0.4785577522850269 0.5592992629328217 0.006823592271230903 0.004177047775910269 0.5012789765760552 0.0072937246377152674 0.0038396392091732284 
0.011799515356231503 0.02249769769267845 0.9498581498000203 0.012908252090462707 0.026281556460366767 0.38122080643519507 0.024901147837312464 0.027501568657095216 
0.057153501194039155 0.11047878088530359 0.8832663404404781 0.044892288954200325 0.1635880420283231 0.06564792852691724 0.5177779123496916 0.31606673777811156 
0.013640833223212526 0.6234764995003536 0.6160097778695621 0.010532859374767924 0.01924207200486239 0.5080370739633856 0.00667117929041253 0.004918867588280973 
0.4321242667286868 0.43262442887184194 0.6108516789558628 0.012491616426138172 0.009457415514443193 0.014036312903028945 0.5212268927429502 0.004854267464842888 
0.36499023435609806 0.3678466863658457 0.8618818056135569 0.01331388286612052 0.0027222772628909975 0.005091548429711355 0.0031215223396260684 0.0018761248114750337 
0.0037574210463551566 0.006995350762224952 0.7168598408513536 0.4304355384424802 0.0038196783253714654 0.5617002332397213 0.0092023822662465 0.003906567945847564 
0.633494925089711 0.01642539041558582 0.6214516196873352 0.006273703633137593 0.4931036171499923 0.01943131350121439 0.01934410395862796 0.007148945716158934 
0.63119918949094 0.0063783851103263985 0.6248702804034199 0.007876804674656677 0.005533092930208903 0.48116421323065167 0.012984729830290793 0.008726983952907484 
0.011939854556147687 0.5533818295707505 0.565445645154145 0.10777734842191633 0.004287205490646846 0.021180722401842513 0.6204639088532974 0.006619531049399365 
0.008333202127235031 0.35122548988485575 0.5739314750672356 0.004675308018555677 0.49296644272498824 0.5649389118645007 0.01693295348748749 0.007462734384865659 
0.003983336160773165 0.00334322412421312 0.002288751349052373 1.0021321853226857 0.001263426712849187 0.00261947865271602 0.0021534803731632093 0.004833120349612633 
0.33182369985517624 0.32936103865713523 0.31363788934977055 0.6853278430102445 0.017286480812439702 0.4881048579969253 0.0038010453415882606 0.14645392525140666 
0.0034702568042797232 0.00392525622580535 0.001979061793860141 0.8092199581315805 0.595716551975561 0.0039320088179352316 0.008718208901074335 0.0027512394907093615 
0.0053194377960184185 0.5106504686148381 0.4991234629718605 0.7110479428857261 0.002183789390610794 0.010892468489250547 0.004737986105674013 0.003513911769795316 
0.02168309585427387 0.007990337193292724 0.008195698219707113 0.8791030263550315 0.03510779851404983 0.6206883412970278 0.06680107896869251 0.020821756571512976 
0.37506137937099404 0.36836186657159764 0.0012483112019787104 0.705580157618211 0.016698199446881317 0.49492945187817305 0.0029198195401979716 0.007737857917405292 
0.31247789059720016 0.004762673840358636 0.31304919359866384 0.9041762764365329 0.022094545540037182 0.026538112363900274 0.010391865126934704 0.004276711198337421 
0.5584370616359329 0.5556296629189218 0.041344732366430596 0.6849580314626258 0.023824083637313195 0.0546893921833357 0.29180795374365404 0.022521196125197797 
0.03576795714659629 0.32187239227512177 0.3274428920784512 0.6756217046255077 0.00945195006369254 0.04330887730071219 0.6244829573973357 0.005981663568431789 
0.0058087563554485196 0.6228945731302443 0.0053335735916365395 0.57620277194588 0.003526216309430961 0.5613581268883334 0.0032604456604772487 0.003864645542074282 
0.006387726278846472 0.004842889329080314 0.0034572261633270835 0.7877538489035985 0.0029332709273986227 0.007740317771699066 0.6247580200886514 8.187359331618581E-4 
0.007373750657726617 0.004292515133017623 0.49190533518342927 0.5921855160484494 0.645652203925959 0.007819126196038724 0.03029021065440794 0.0015327732463681584 
0.0029419110660321986 0.005199691392017313 0.004744522829560797 0.0041837992001247945 1.0020069125013091 0.005298815008071388 0.0028376903832724944 0.0015721256790371084 
0.007682764772915551 0.010617282781310076 0.005172657096983655 0.006695045728735856 0.8563612230050145 0.010680910147328379 0.5280936733198472 0.012114450234925347 
0.32729817043403114 0.0721715832916515 0.18874837853754473 0.411114548543517 0.8305318745030004 0.392303028159615 0.011666236299065982 0.3093630977996075 
0.012923391501800234 0.6085812895142106 0.5058981630701629 0.0023315383906611564 0.619048142347527 0.0026774125022498737 0.007088995884841388 0.002331479334344014 
0.016328634567415134 0.5960906126201758 0.35377848260443717 0.005671728861079427 0.5430732111882706 0.49268096631431446 0.006572040570357539 0.002739101837911078 
0.028580655420954146 0.614230542118181 0.01445777137061161 0.38896249939466404 0.5302564041764946 0.4987209596350615 0.020378183200448863 0.019817092394388777 
0.5608525703155163 0.058268761011015725 0.33871584174547814 0.007154773259009454 0.5526793524665922 0.00874282177282549 0.5277356306664854 0.0026975603739349922 
0.3627850818680003 0.35772189614206584 0.33941030085359436 0.36171100738417733 0.5219214975141288 0.4890201967308704 0.006174683589557095 0.0020058437065500058 
0.27514426109521517 0.2589642262877726 0.22506070122385796 0.515608073766475 0.5818118897254715 0.02384580269825078 0.533453529906116 0.016414970148753823 
0.05962617633274242 0.1867420944297095 0.07434247641995043 0.064777892306785 0.6138056018734052 0.34845097177894363 0.9325012273388706 0.10937746642711028 
0.493524282336544 0.4963762715722377 0.0028231637904891794 0.0034062995110076015 0.5137482055463102 0.5148746366577761 0.006116533292512888 0.0017174335156388847 
0.018966195444854134 0.00880175923389275 0.15275937959836025 0.3329574226425167 0.5434409789842284 0.8292744790962637 0.020919574577277594 0.042025755703805935 
0.004198144400246286 0.0035696778402941327 0.0012145650839128802 0.0030055451772891795 0.003038887568226508 1.0014031824559915 0.0068416717022477605 0.001257328975986844 
0.8193228394045882 0.16128462132443422 0.33439284775312594 0.5511265056317295 0.6075798147067661 0.6877809573938357 0.14711882907898852 0.3300585628596994 
0.010978893407355571 0.023305015330399696 0.5366307948891552 0.021437124751378347 0.029112385324470295 0.8564181021025261 0.011933011722849175 0.018863221985868026 
0.3036699206033268 0.008538041153018603 0.0018282120056976423 0.4038954965231359 0.29557077940278337 0.8216275029691168 0.009078646451120014 0.006739851334195138 
0.010634576905375557 0.3527412331634857 0.574340553668265 0.006737101030814062 0.4973568030418667 0.5631029853120703 0.022967546646258257 0.00887774879682772 
0.003249468524196216 0.009538246472890846 0.5465662248893386 0.48731928212833436 0.4067744037402161 0.5613370782882028 0.012638721305850345 0.003038852793078538 
0.4519235651428065 0.445566606957602 0.42542182824525865 0.45228224240831555 0.011133199213082331 0.49462620724249556 0.01058603440868922 0.008932371164852706 
0.43977790425877356 0.006634447967000967 0.024121057589708682 0.5488384065126999 0.020921971586047746 0.5258766986988876 0.5404509496230333 0.008184918864326008 
0.5543701442695864 0.01376344313427861 0.5433872661763895 0.006518743073049314 0.43107526086979725 0.5080898764791428 0.018176652880794324 0.006301987364276953 
0.03968883874134547 0.023802554384802464 0.36354236524175665 0.5334908969250193 0.008815229081102249 0.5153614631577458 0.6242533117493398 0.011191631288658023 
0.004443247246421014 0.38137905458154714 0.37573477598162736 0.007267605691314752 0.4586114318546995 0.45758566393551164 0.5579255423517994 0.002292920042518883 
0.5340178339223423 0.5371824327932847 0.012080678719884094 0.01163971041070222 0.028901922185643858 0.42828786044721473 0.5284465836852319 0.003353113224522109 
0.006090354345203223 0.0034116337425398454 0.0012225654049539314 0.003937551564154067 0.003653166070075199 0.002118894619924038 1.0066114877052037 0.0018001379761536833 
0.6961559738004438 0.0770475417434234 0.03916133666318484 0.589904067718167 0.10336312164256471 0.489842241435223 0.39721783331327565 0.12812486208928803 
0.031950332740289945 0.4951991563224808 0.07398762844049782 0.2682701535491048 0.05306083239452663 0.30067219326422495 0.8559810125420914 0.03065166577055935 
0.014074897346383343 0.41870903826402023 0.009432673900903197 0.38013137802256264 0.3298408715690134 0.004704911597006871 0.7679815499706117 0.01117830945323072 
0.2813695822142272 0.0063395681184288035 0.009330807139616306 0.574772921124586 0.012098485469736743 0.006394146897261085 0.7827163183422104 0.004368946823803103 
0.6779410843459336 0.04725711046773587 0.04761625166042011 0.025630972992716133 0.047779572226629624 0.040270563523239954 0.7485776227123805 0.3125160345652859 
0.4207178502455359 0.41808828528161923 0.007091133595280865 0.007500575044821954 0.015511445873390348 0.3388400776095556 0.7504069246392172 0.010212813620960126 
0.11732357992268293 0.1132003694374079 0.5633395413596246 0.5329725165212458 0.005207878441278487 0.006983517389756787 0.627998280337978 0.0020729066990232427 
0.00432231694840496 0.009286169724186902 0.49163494609512076 0.43878361989047227 0.0014061039354741473 0.4441669072407701 0.6239101369514823 0.00301150850290883 
0.2854474996208943 0.004192106056768333 0.4755174803561886 0.007388090707949212 0.0017447200739295328 0.006176299010492156 0.8403477630693675 0.0037249238747931457 
0.4694986488864662 0.4816932119752768 0.029375663044866353 0.006527937039306054 0.3827435404316309 0.44049057646293766 0.5234234831546084 0.01772413997653025 
0.6214508157707681 0.06652647953466317 0.6408862418586595 0.5206844345592674 0.06930914660247313 0.20554649072279457 0.013199039419796452 0.32378455317087046 
0.4244966704415192 0.038855286596950374 0.7708682536396658 0.11416255346421633 0.05843738682586668 0.08612072144505445 0.6481007514530028 0.4196150570102826 
0.2997290329957779 0.054505610183987405 0.325438464793248 0.5816923742228122 0.04655111490143769 0.5670456710144872 0.6265118935082352 0.39050663623644283 
0.2887148774244324 0.6287488607101982 0.046169576298295455 0.026909985892069718 0.04831167995657731 0.040581718286389686 0.7487848615312864 0.31911079418687915 
0.6175209109411451 0.6513302839746598 0.039801691347230536 0.047442995601562815 0.07470330780692722 0.5168469537709413 0.022614224393795405 0.3266144707488829 
0.6329962316744548 0.646276942402536 0.040150063669721965 0.05396609729437698 0.09730039522115687 0.04811096737401987 0.5141617977818047 0.3047280720469763 
0.8520682978809236 0.05962044934032228 0.05980387795623548 0.5115871581113536 0.05728702778873874 0.19751601509236555 0.013878248133273596 0.3197659711987737 
0.24515422504512457 0.4803708023873306 0.033188185491414245 0.4607014382350094 0.09601246290427513 0.056908093899101585 0.7627047751749894 0.31918404698329883 
0.11526839917676088 0.3279425282513434 0.5489228327084823 0.019776641049465568 0.09137780714359008 0.03827836963411268 0.8326416197834596 0.34730485802030364 
0.08877247600628176 0.5170261563508056 0.29839054454379593 0.055147481658509814 0.8467751228060877 0.04617770457443724 0.25591785666053435 0.33700196654506664 
