1.8169869970551333 1.376482727290406E-4 6.618563170291983 0.0023995152111139827 1.252892992132659 
79.04529355717602 0.004512896665694987 103.62019354326836 0.015685495175874354 0.9242173692593239 
2.5811030519281397 1.1874982524926328E-4 7.06306364099557 0.0015934087064372493 1.254848953532979 
4.5017208958431 1.8960120757751655E-4 0.5101264857322144 0.004348339727258311 1.2476729968765223 
4.903180902289311 3.442054743362846E-4 12.5310778825542 0.006521951878787406 1.2433135432782345 
0.987384538378704 4.993210128265128E-5 4.320852712736557 0.001036143335303997 1.2560839066271652 
0.42973578978231747 1.992026307184473E-5 0.7495568732550494 6.63093562166999E-4 1.257073765146374 
0.47830358988725535 2.06771686163019E-5 4.3387472559916604 4.7997982613107594E-4 1.257533328602274 
0.5143697479862913 4.80646667488416E-5 0.24688568801757796 0.0010289267201681461 1.256477282221388 
1.0012125217898205 5.1846445690195366E-5 14.13167281575677 0.003101915755949168 1.2512010457035287 
0.53741284585261 2.4540165525648207E-5 14.157236149380893 0.003358384700133467 1.2503921383085157 
0.1567209971145153 7.2958655104990205E-6 0.5243734583014825 2.114868282734675E-4 1.258164615308952 
0.1260485882636366 5.791220403880275E-6 1.1979857209649223 4.5052651060474786E-4 1.257622788514785 
0.12014260034001566 3.37433289031932E-5 0.19366553806998174 4.870069372118319E-4 1.2574961344073903 
0.23634178752343174 1.1294244847112381E-4 9.18155253099305 0.001101834869341891 1.2559023285364128 
0.6694323688803753 3.1340008548950873E-4 33.165387016778425 0.002977805254437938 1.2512358274396467 
0.16205047357004113 2.1861560460516213E-5 3.0996670682164185 3.5915348207889446E-4 1.2578537930778628 
0.10042163924987119 1.1658004804871928E-5 2.38728576191776 0.0012657245912804736 1.2558237029350416 
1.6250256053009855 0.02158392351033477 16.44862738955692 0.0018475787123860385 0.9264217568169962 
14.888467782776933 0.008678497806925388 27.253004142112495 0.0017463738411900994 0.9306858142842259 
14.21782173447072 0.007417524553184182 110.580701280599 0.0017878203210959598 0.92465366370078 
0.45011590324798556 6.766430439604613E-4 0.6743851744525803 0.004065823736371747 1.2522400914256229 
0.5007948208165206 0.007727283149103607 206.0378959625125 0.007371790832438656 0.9480196389737163 
0.2536088957013998 2.7190169229280973E-4 1.4876794848691246 0.00277170401285323 1.2528093458640943 
0.5378734913715564 2.1709988159167586E-4 0.6209637197557651 0.0012957936074857383 1.25572081328814 
1.370527222862205 3.056355537390704E-4 0.753524884314212 0.0035755339050819977 1.2498464765319686 
0.022450247289282736 1.5802656203348615E-4 2.9020766626244376 0.001785581340033736 1.2542966501284762 
1.3870061303065688 0.004406194047067409 207.30637910784574 0.007342268493718701 0.9481569740046846 
0.8290220435050267 2.5137678736804006E-4 7.974131647312435 0.0024561927553037374 1.2527507136084086 
241.93093340247003 0.044685268677388645 1554.748604901265 0.01605843343568941 0.8776505189161761 
0.12507390061825271 1.0834365949540179E-4 3.530432313006668 0.0010049393768733687 1.256184012353552 
0.41621644090291077 0.0012529448009576192 79.60432174154042 0.008985786361586548 1.2367026854261083 
21.63582298823801 0.0022395616970866906 86.58874889356304 0.014488089534548764 0.948365752452987 
0.008273447413958464 8.634821214106176E-5 0.6563227942101614 0.0011877488945125625 1.2561699326750677 
0.07607297522310816 4.169903378490285E-4 24.566530572155916 0.006211921120978198 1.243084127417507 
0.004600082556602182 2.4415832519989966E-6 1997.595252083089 1.6650476838463938E-4 0.8628574483232857 
0.00656481228801343 2.1210507825383893E-4 13.168416291305169 0.003103090886623803 1.251134778528883 
25.609984333821007 0.008156245152078618 1753.612632802297 0.028609582972003802 0.8768653249964569 
0.1190236207636691 0.001519241541973779 192.5661833059528 0.012600011017469877 0.9599390597660103 
0.010108164586427862 1.2460257009416754E-4 23.553115587371057 0.0032210841587274825 1.2509055612359985 
0.07143794738213861 3.450999709565269E-4 36.20069769029517 0.003928757305307345 1.2489373016723944 
0.004144532903854124 2.272086659125137E-5 9.285075855231412 8.540701105556258E-4 1.2567139665165903 
8.269557517422519E-4 3.288348638934801E-6 12.682405592332554 0.0026919184401339685 1.2520340136597197 
0.0010149380284268943 1.8501076532377272E-5 5.754667120193367 6.846849102319008E-4 1.2570380952285443 
9.44873475235914E-4 3.234855089024352E-5 4.717860445025909 0.0013206422934369574 1.2556147120787922 
7.50393456560228E-4 2.0467921053518464E-5 2.7916365419578852 5.342987962429841E-4 1.257534878342832 
1.2428844614814348E-4 6.843647730603079E-7 2.52066305436927 3.3404784166601344E-4 1.2579316846246689 
0.0033314432270058784 5.4623269979250055E-6 2.400970898299385 9.78663347133615E-4 1.2562088179824156 
0.041353388845101674 7.903569405761709E-5 2.387121151564776 6.66180381163074E-4 1.2570235149744702 
0.02205815890531042 5.1079409244215695E-5 2.0124676529194647 0.001237823250440534 1.2555780389087952 
0.013516357169852075 3.3739379931900716E-5 0.7556546787358148 2.3221182750281339E-4 1.2580823591169712 
0.0027972338051143104 1.8606711145961564E-5 0.6722374449055495 5.964072168877762E-4 1.2572069463064242 
0.02250764094457929 3.2787601276698804E-6 0.6066307098936745 3.102800726602762E-4 1.2580302228009477 
4.5204990769140955E-4 8.285227300009772E-8 0.002380685022395817 0.8868596362587039 0.6587561893971153 
1.0392732414969663 1.1209361380742077E-4 9.733206117649537 0.0037038421911126914 1.2511434470335416 
2.9450843800047415 1.2176939573632235E-4 4.324177109094946 0.01659184283780836 1.2242248000883025 
0.0029309577152541095 2.7243796444846658E-5 12.28368324448716 0.009857778143218652 1.0098845581106743 
0.10045692080681881 1.8476036740461808E-4 1.6796023894986076 0.0053358094847954785 1.2449266283730216 
0.04233427828218655 1.7726138394708757E-4 9.161276209184823 0.006987957801534447 1.2413745859005343 
2.758788785254765 0.01779860020824128 2.7729690723523883 0.31850682452510115 0.9640406101235127 
0.417905589319962 3.440433787761916E-5 1.2834371597729775 0.0025331738453002904 1.2536400441002948 
0.7475628419056548 4.902333716107404E-5 9.161132191715481 0.004486080945324919 1.2477439288340848 
1.745315483534633 4.871455986324396E-4 11.575130097647802 0.009630795298450288 1.235010706285619 
0.1017497426340456 4.656492616374149E-6 3.042755769951813 0.002155782983519342 1.254586329621702 
1.0144565280296123 4.361051049476318E-5 1.331597785788932 0.0026939463729767537 1.2533610810174722 
1.668364676811153 3.7772130932804665E-4 1.2442211920160984 0.006438387188976528 1.243428659317814 
0.004075944519701332 1.029828641681184E-4 21.452332130225294 0.007433383980269446 1.239688929814096 
0.04175257935469508 6.372539910481231E-5 1.1065310448675967 0.0023109816887713036 1.253973954261043 
0.009867352508102752 5.65011028101484E-6 0.4634830961050791 0.0014826847793073944 1.2554146824681074 
0.339291551426048 2.67078643279385E-5 6.925996090077109 0.0023189725473641083 1.253011562371962 
0.15959548652984176 3.150135340916968E-4 14.046208347277373 0.004948882531463468 1.2469257908144453 
0.009998261432466278 8.103215313669983E-5 9.447529870565296 0.0026705898786104805 1.2521215141977124 
0.05146931318480307 1.5385758516495417E-4 3.1092487433838154 0.002380398107440275 1.2527907322256677 
1.7244987156145515E-6 2.6440634135089337E-10 1.7023216232058432E-5 1.378324365965244E-7 190.71646333626921 
0.006846961758781467 6.561116701817324E-5 0.29480004784151104 6.955318952733007E-4 1.2572612344042828 
2.7791795130951636E-5 1.6769854800313047E-6 0.4584338286685313 5.5106628078633906E-5 1.2586211612081621 
0.0312565154043397 1.3401053380755775E-5 0.03235117691083683 8.252546904151892E-5 1.2586845780590776 
7.114789108266851E-4 5.211420184093306E-6 0.09297527512755759 1.915059187671562E-4 1.258530824967435 
0.044749908365693813 5.031738173836188E-6 0.08634687711744292 2.8414037971719394E-4 1.2582349335147387 
0.032835769989377275 1.959862552257676E-6 0.5076921725679563 2.3163780850912104E-4 1.2582207430031869 
1.9919984587877588E-5 5.4613896166959705E-8 0.07466388165453255 3.7197877188692473E-4 1.2580771437824432 
0.008474135816728602 1.2631466696104894E-5 0.6053477974491817 2.3878423123959827E-4 1.2580914438541875 
1.7090220726956882E-6 7.089861803559039E-7 0.45339721066498917 3.565097815120072E-4 1.258176158057238 
0.004523439117276654 1.8021258344951425E-5 0.3356664268745052 2.1114625098489931E-4 1.258177485949842 
0.0017457377991231913 1.2017567241273738E-5 0.4750277247477942 4.2528737500286854E-4 1.2576415019778062 
0.026345952018382166 2.6809739897085627E-5 0.2832190646572443 1.9159279196836267E-4 1.2584647687212709 
0.002954901746775896 2.0098848338806046E-5 0.4465652879604171 4.248316359404356E-4 1.2576391584776156 
0.0035988675656788054 1.1734965163786866E-5 0.14263732329634246 4.8750420882821404E-4 1.257533244656234 
0.009660725342965505 2.7998252176642776E-5 0.6045045054086929 4.2147132940996814E-4 1.2575822867943192 
0.001321568539948827 2.4841863864919455E-6 0.1589260561688363 8.834321832352188E-4 1.2572808610088317 
0.08055263940617818 1.875003345899494E-5 0.1575628170928672 8.592125028858598E-4 1.2574809686159605 
0.003030482617889386 3.8523725405098976E-5 0.2879593049655422 8.156735136223311E-4 1.2569127534665963 
0.035365819410697 6.914343284673525E-5 0.032570529033226055 4.1159349755745105E-4 1.2582365807792106 
