8.408944464283293 4.129748457353289 4.08607757608749 5.15251213557047 3.254203091129611 3.4525345556027416 10.387918077764793 4.840508469860457 
8.167821618525313 4.111394014538995 4.095379836051518 5.168813705739248 3.2899050039415747 3.4044941114573755 10.423274636601958 4.8030477079078295 
8.434511601714398 4.085969774797499 4.0726779273007 5.22537656476399 3.2952225843430423 3.382375956077943 10.47568736757181 4.800752763559233 
8.412037889317778 4.088437585793296 4.106230426408617 5.172992421430932 3.3392103898070844 3.6418493857859904 10.479285758908622 4.756593836329186 
8.25059980654678 4.0868082258748215 4.212645245839191 5.105547258098803 3.238355732152869 3.4417240161305336 10.402911388400389 4.7990591310737285 
8.220497912217864 4.110284905056472 4.193425686893675 5.132041954131322 3.2021561764353454 3.384578508329701 10.484475721332904 4.769339352357856 
8.235037711674753 4.165564533788049 4.131680828515212 5.111139945848974 3.2518851308120826 3.457975559869822 10.432632115335826 4.864271196138314 
8.208648341327494 4.121939437326478 4.046560731041605 5.117215907865219 3.1775120290139744 3.4378379503322547 10.505406290465142 4.866778131034996 
8.221774423859525 4.074898469389323 4.113713631529175 5.142195393159733 3.228350359979069 3.3637044938156637 10.446621869447881 4.814912783868704 
8.223747315477723 4.235634108599699 4.065018478782573 5.1350526014053814 3.1887935119588264 3.465035989260498 10.469649110093405 4.8395620152106416 
8.29131877664341 4.099977803770274 4.048789575787094 5.315780421644086 3.2275729371869835 3.491428425271491 10.49574439727402 4.838264566402752 
8.166127398974327 4.11439481852837 4.082899021788724 5.06470047048028 3.2559835280585983 3.401565175232253 10.480209683770191 4.813063962747175 
8.072815575581908 4.251129000461007 4.075029687333016 5.129378194866131 3.2876090980165795 3.3562766165712876 10.44477296868869 4.810245036898136 
8.072439405939216 4.297435937043733 4.040365537255706 5.220576975105067 3.3034293516090987 3.4125328252697966 10.424889183997548 4.833969849673837 
8.090416982513897 4.2768884025739755 4.022085343250911 5.208489587149295 3.3265112973748097 3.550589408070904 10.417268448445919 4.7692121393132725 
8.10434695590853 4.228569336116825 4.047443108425924 5.20089046320801 3.2208129211219454 3.397072424328165 10.486159608730974 4.805962306212419 
8.091039917150379 4.213466896507081 4.069494572963756 5.158651698802821 3.2821912039026264 3.3638335603182346 10.453923064922973 4.811095856595214 
8.10794474814049 4.18888874884024 4.040245092662833 5.123455492416912 3.2459482833455438 3.362753651981357 10.461339320719564 4.849261891353121 
8.241697613601517 4.361717923589885 4.059660808251595 5.170032214710227 3.1726053183952185 3.6184401114229146 10.68985165008062 4.983830234639802 
8.004181786562066 4.2353885255317785 4.228343867269229 5.1455475398230455 3.2611298915832108 3.4274815843690964 10.555863648999026 4.781087455346896 
8.057137702558984 4.099208101211823 4.632575775254455 5.0659293948087365 3.2681226678147 3.4746860384359337 10.587827300833933 4.876244115587668 
7.986153694407045 4.174903131556848 4.257839132966591 5.171976375476457 3.2553973739207898 3.3996455896782938 10.507362642884361 4.8128943976058505 
8.055108973277454 4.124810997731861 4.215745118647873 5.134251906140353 3.2417675284344676 3.491007273296816 10.312355145692363 4.834472194082157 
8.039124304146716 4.115862423882925 4.190918825423392 5.096246335783224 3.2341316253114467 3.312670010615893 10.479887254567927 4.867770674862806 
8.061615947838193 4.026213326514271 4.182689463586219 5.11534042700466 3.2819807478768217 3.345327719752383 10.470733754082243 4.87359981404215 
8.142040330141375 4.182606545199271 4.194523653950305 5.128717943414713 3.2667095736704437 3.385363345818002 10.473055077062947 4.774673421272008 
8.005667818284849 4.22229674554992 4.228188811956651 5.14735614021493 3.26097694923919 3.4328474931620283 10.555103865781849 4.782152662586132 
8.07333082781865 4.023009331983445 4.185295041561751 5.047878494986275 3.2984383774207937 3.4868806377393438 10.443394325481796 4.8762237757046165 
8.185821829949717 4.056101149453281 4.068463973416453 5.485664438647447 3.2514476292473224 3.4320564737505848 10.513084504220537 4.833108416424587 
8.274216765328966 4.100946610626081 4.116419970254948 5.374108215372641 3.403029247959456 3.4035476948003396 10.51007887970683 4.740359653860258 
8.1629121548608 4.110947273711294 4.163049504378561 5.266658266708865 3.2412776067997475 3.4305053166502795 10.392359725307484 4.794190292607211 
8.137323263048403 4.080749493868157 4.231249916522228 5.267704316716775 3.315253411604729 3.2940680651199186 10.435979318763923 4.840042620576872 
8.077949928924546 4.232125552117419 4.028763705436546 5.308320892737121 3.4003837049419054 3.2886483964665456 10.517232936883282 4.824415002483766 
8.09668879800737 4.171734527578466 4.150179808608457 5.302721819292596 3.4315383369066157 3.379480300470167 10.491387450423277 4.753192123426306 
8.013764427271827 4.06505659338186 4.11695898157893 5.208792017325748 3.202402959920638 3.3821028142350804 10.483252010994153 4.805649529813296 
8.167454670111375 4.061153967349013 4.100548363189351 5.2430698618920255 3.2997104790021776 3.5258090082702345 10.384291715812589 4.789178159393924 
8.06577754865319 4.076636445488474 4.113834557605786 5.242193459261015 3.2764972850440306 3.4749454262374577 10.517160302596302 4.76770924444061 
8.123332309365313 4.138518020258091 4.052658979772624 5.219625668032983 3.211091505576973 3.412453002077619 10.475397941084607 4.849609533900494 
8.107413018677468 4.080933619196368 4.125485916593984 5.20621831351931 3.26697458256901 3.532985905729964 10.334043735477294 4.801960931492926 
8.076289458298763 4.098059329351274 4.1007793837832 5.088166291460056 3.4691333250065757 3.2990415158025526 10.415579356400325 4.84075150659518 
8.101699127182306 4.048694625670875 4.0751172572956325 5.117299136347972 3.372882953350251 3.3352637447561317 10.456883332186672 4.831470222860495 
8.098432215578487 4.100664000318501 4.161435227091452 5.156425938807598 3.356520930360254 3.440285505579901 10.350615593498423 4.8339505588196925 
8.031269337616406 4.127971173867064 4.150075455560089 5.219271861573394 3.381502937767245 3.33784337007392 10.478534215590905 4.826004646501216 
8.082043764630132 4.243066454984661 4.034218567787857 5.213236956897017 3.4027922408577744 3.30238220996399 10.58233825065892 4.806460238086831 
8.043942959398606 4.131927700351079 4.085003412912834 5.116568713783593 3.3339220101373517 3.4226467830127874 10.439995156417764 4.794411710646381 
8.112589936495425 4.158757129208271 4.072741265459399 5.123108961146115 3.298892220806824 3.3481159743453843 10.444364321241247 4.834792565996749 
8.113138459480696 4.065498934025598 4.066191111503902 5.1350010833712405 3.301254955414519 3.4283157872886565 10.446238092947546 4.800006670367362 
8.135408499800787 4.117160077348337 4.105548035335449 5.112204125393853 3.2894529320783144 3.4788736883822837 10.344478911161907 4.835875141732438 
8.077569000982747 4.082017979331049 4.12556503547446 5.1010810748379205 3.307870375671059 3.3934553052751104 10.421861880783915 4.8656821896257325 
8.024838599428017 4.083114763237311 4.109809115217023 5.147431216977954 3.270611944622923 3.290994313002045 10.469467661608187 4.847461448690627 
8.159114586158253 4.074287841669681 4.285439413046578 5.288569686133302 3.3240853208139924 3.6941908974846545 10.56174616026638 4.75960230211018 
8.017237547929302 4.194992514542862 4.171706838181044 5.147886160134062 3.2117225457302236 3.481547148946295 10.529580492778997 4.787925811014691 
8.161580602658756 4.059280338668165 4.137192584813735 5.174731429104844 3.21868579925582 3.4366823007323926 10.4248581887012 4.820297604673261 
8.116594108256693 4.148595194718145 4.045411419390145 5.231612342170519 3.2623607123783724 3.4845538308371182 10.534864360519402 4.779780506870433 
8.142495183303318 4.130024994616165 4.070871836904574 5.1156688229927125 3.221967874666012 3.42551625553782 10.463244937961912 4.8082264348482475 
8.172987565848308 4.060327269028895 4.0473413253629715 5.148892589028634 3.2632847376428784 3.4346855256152664 10.495860242582243 4.825010299323351 
8.015389258163212 4.1853986055677375 4.210549298110739 5.104889276084112 3.3151254815463616 3.4468671276983036 10.538163065562774 4.807423729916852 
8.0909122201151 4.114206292513012 4.093407913831759 5.0627704275232075 3.2657479186384184 3.3729367546832134 10.459827590707103 4.825671669007693 
8.09451723229345 4.077433995150661 4.089297022505646 5.182492033664902 3.200558519219568 3.362259336611801 10.473283466181641 4.84066613275755 
8.147633571226612 4.063960010899604 4.130429582901259 5.10347163003738 3.2064009926067203 3.408383521388696 10.468322796217095 4.840643364032256 
8.039482966048778 4.089770786542355 4.13464605426673 5.204310776749001 3.2569211368612923 3.3293765922513536 10.50983132987841 4.866540465113511 
8.12787084589414 4.091354238455486 4.074395296085926 5.0905250855769175 3.2072095267993874 3.3435132079576837 10.595223280579443 4.773462888933031 
8.113590088868339 4.147710054276629 4.096363950958216 5.122806878599581 3.245302655836953 3.3317976849308755 10.505194217086864 4.799219688682555 
8.130253263234895 4.078356991910555 4.200023369792046 5.109231023365299 3.195797428172838 3.292566849963472 10.64232654228719 4.801373008401205 
8.062506648178402 4.132223567224471 4.040450399478784 5.0755718529729625 3.266786630026803 3.342449662944815 10.572975731508198 4.774675614366442 
8.051270727826589 4.1136283795222885 4.0767353392889785 5.19897749258912 3.1735493498699974 3.337107958178671 10.525059382953657 4.784444097246963 
8.11763164289558 4.16853436540946 4.051948446425176 5.146451179672551 3.207021735247049 3.4134032744393736 10.565558869045594 4.720746927197955 
8.139829510692088 4.088558541822154 4.092675970210866 5.1909694322245015 3.2083448245012036 3.2510446307896403 10.540386087786935 4.84170796620226 
8.083474202089283 4.089923187922524 4.061438902725539 5.117453063234625 3.2350423296565882 3.4094046774479305 10.507919983202026 4.7789758327686815 
8.35546320705889 4.0767745410695895 4.090494250851104 5.13255875914883 3.247369134062194 3.439565252528627 10.649470648220067 4.795002797750309 
8.099012584556924 4.18758933367225 4.174361491797712 5.236784773473363 3.3434013652557137 3.2737534236454886 10.62575440950416 4.770612404436449 
8.096190096130389 4.045002918877783 4.071605464298757 5.1053784554851225 3.337827448127269 3.277056673013969 10.50773822020586 4.831178410098928 
8.022357115371982 4.087087467822446 4.092124910363831 5.086847812067473 3.185700923262245 3.3904068677744004 10.475074414392555 4.860883161464339 
8.027784296643794 4.025181171498477 4.104511840170291 5.104609840007625 3.2403162781380934 3.3977487322985436 10.390443306289164 4.945295775016049 
8.08720200081092 4.103937826237702 4.143803546191862 5.109598993851562 3.2250260993365534 3.3434615714517872 10.396836278540938 4.899762079577994 
8.01450046581597 4.1015474756501575 4.1330029854279635 5.124846902069641 3.151572832714888 3.3791118068565478 10.394642615374657 4.91659534128293 
8.047504796220775 4.056771024221578 4.080207139625521 5.077551295960427 3.195549711066044 3.386920397076536 10.470876799266431 4.907892755839007 
8.209511027416985 4.059138315581726 4.1248633423422545 5.08257361036778 3.2241852121197065 3.3764633070238643 10.45343097785118 4.948286061581258 
8.020774683132188 4.1038191014158345 4.148511507419338 5.157287658368496 3.18900675033055 3.486300227840304 10.27409383868086 4.919195324668481 
8.103911547302571 4.070300097160505 4.082434894184548 5.058488976591498 3.2686145530444266 3.328108527808924 10.424489062650103 4.927134850221049 
8.118384726013556 4.113016443635156 4.1394491799289845 5.123263194033142 3.327558793076856 3.4079534214903173 10.28740089978435 4.918615923743233 
8.057537449763862 4.093073506586899 4.079973188775469 5.12640175367584 3.2673279099274675 3.2889502615291315 10.458431528013595 4.884895825622348 
8.171646366173862 4.148409231053278 4.064135214662349 5.056173301484564 3.240803403703384 3.381223887618928 10.47038098212408 4.903262281205084 
8.081148441000902 4.1412830411035975 4.021793063522542 5.132410743322606 3.287427318830624 3.4037883562334104 10.42724604013962 4.889642311792219 
8.042450314564611 4.063637777806623 4.131036996201525 5.124929334103152 3.1930709684395198 3.4377775129935952 10.397123619887388 4.863157806561612 
