3.5291699097837324 0.14682569510662238 0.16040829566246995 0.2420547859663303 0.4087396398482392 0.1439877374990766 0.06777941226113295 0.05615817596578603 0.07689024146298053 0.06893103168277527 
0.6979916770499371 0.3618356199757652 0.15193571366514597 0.3696797141081716 0.5869004317905838 0.08893381927796454 0.11618806290432575 0.5328757845973051 0.08246419892504285 0.07089982663598436 
0.7061858774560663 0.10959147000045205 0.6071944226536473 0.3681147087947987 0.6028314225753777 0.13619730671829927 0.06172228251551403 0.4933138608453303 0.09213574158872476 0.09126115555574045 
0.7568256013403265 0.19877383574236054 0.60920525689506 0.8177536629997754 0.6756475947683206 0.10479067590237673 0.07929479568836628 0.049258087375163226 0.11309058708186305 0.23558624680729823 
0.8460659166395466 0.10796549341296444 0.13235334868606768 0.5045301116567886 0.8470786648000997 0.11865686620144114 0.5997613119523575 0.6073289465053037 0.09203490542886676 0.43917287668646865 
0.8527432016503091 0.19366840637430086 0.15412900540719504 0.42698357588440494 0.357637628600905 0.6893349915130565 0.6567831410743175 0.486611169652028 0.09122864732898316 0.9130122280479748 
0.8213559318137483 0.4501937378536398 0.14507205872131188 1.210986581592894 1.2581301470796529 0.6006738350767975 0.6132472137291713 0.03304392001781282 0.13128912867906767 0.3863235029104708 
0.4946771972919367 0.12828445233619326 0.10457345714334361 0.8768195007107649 0.8267552873672268 0.11117002250879209 0.2508842810315417 0.30507766048530105 0.10222844118053187 0.4466059650795354 
0.4861811879799073 0.13029743108228303 0.12873702376948337 0.1488528552494612 0.7859871175215453 0.08897916399782194 0.12351196846707156 0.5121032216966931 0.0683579015453996 0.5110712717217542 
0.600925436198346 0.47444566533778854 0.12550140746213778 0.14611719083615698 0.7212257823402618 0.22326319921559964 0.13173853693147763 0.42625302390381353 0.10433358734326895 0.5048175238277037 
0.29625046529978777 7.393394179407446 0.4298073300859811 0.12913470534815968 0.9953257221672992 0.09859533259136172 0.06216010858284868 0.09343098485861123 0.11336014532020997 0.15483807473419414 
0.29273500145662357 3.773834293760777 3.1032304591694135 0.19270405322356723 0.9924602251663488 0.08826125548428339 0.0673831643918458 0.09078920614233886 0.09708532461709436 0.5492420666596949 
0.2983740671392965 0.9040574266322366 0.10261077609593867 0.35604275439983224 0.9307887288053001 0.6945483114621902 0.1621805006863881 0.06595834916367636 0.12704811898732932 0.19463793362853193 
0.24282186843181908 0.8231886702035349 0.1466652745883241 0.17205477846964481 0.8170689900896418 0.17790846875310135 0.05713127411432254 0.5889354401095098 0.11965486952812884 0.1166986794109326 
0.30453520159785363 0.6275158010216931 0.13951740117043168 0.7262764068550545 0.9934436865496842 0.15499880930065496 0.10344106025886399 0.04671526172035287 0.07306303688276226 0.09075172765290672 
0.7736173139058616 1.4686254666273053 0.6383739865235509 0.3500988610848373 0.6757784714264506 0.11083991869808713 0.6753229483736998 0.09481323001073402 0.13290600617837042 0.37782626529095387 
0.23505764020774567 0.8285571579418816 0.1560811363081462 0.25615823457976195 0.8874242141776817 0.1968926577114201 0.08920988812208762 0.08358365975639162 0.5318130415333413 0.8197293307672622 
0.21459007425618024 0.8934557411830547 1.1480027115290374 1.2114386434557207 0.8353779384364616 0.707502886237584 0.08172040698028271 0.5880030386866976 0.11755079569146226 0.21683513852509761 
0.424911288540269 0.8496709200945717 0.7281500867770212 0.7943412021756344 0.6733353791284998 0.42534356567492726 0.07215886950968925 0.5041035508297065 0.4682398101643084 0.2542269373043516 
0.2750614558563394 0.48770837107066567 0.10918744912101233 0.6379965855413121 0.9398373118476543 0.11129555601367642 0.12990239531725262 0.17190409086280772 0.1006000166280709 0.5629241944126911 
0.29748049071306165 0.1380078376443732 7.711582789679647 0.15774821908116077 0.9914327059770041 0.09258455686674517 0.11869379874385716 0.059152189882292365 0.12054545933870661 0.12451115389344976 
0.24977317348642203 0.27170181788197767 0.8072054068051024 0.17564871251943892 0.8551456988369687 0.12050695334167041 0.3637910319509777 0.1862337999857851 0.6504524798071194 0.1116613812365058 
0.2727199288692964 0.15191711741674674 1.6077462445788717 0.19340526367012986 0.7972748213084997 0.12990002410266194 0.7248827022314973 0.05488530976439908 0.5132298397897336 0.48154887732264995 
0.1846490236222797 0.7725131750195967 1.8812380689734063 1.5708856433944374 0.9111290313763354 0.8784789195146961 0.11942014736643053 0.040646958975386595 0.8725609077546839 0.31328856120271786 
0.24453801021069826 0.10062921537121564 1.459439267346756 1.2494758443034806 0.8202674102658454 0.07731701884871545 0.7013965035967372 0.6005533536782769 0.5096643030613659 0.1354342861702703 
0.29530807422983385 0.4538710473575519 0.8788387072885969 0.6632116767961354 0.9399435650119163 0.3658153035367193 0.18351906155404418 0.11211970661700979 0.12679225825423285 0.19914568624392087 
0.2217835232569002 0.1339300486109911 0.827934541740758 1.0488314555755005 0.9925724267848509 0.9977231884454819 0.12172140060579356 0.14452150468724093 0.07944808107224254 0.11408154869806773 
0.5559701284138003 0.16365597806094923 0.710405646649075 0.16037233733082817 0.8821556091021243 0.07098559225570238 0.11161797914406257 0.11367164675277348 0.06672617318249281 0.28694275595649504 
0.5014900502224786 0.16286964479932844 0.7266100073168567 0.7337733101379924 0.8027348981268292 0.060438294479984514 0.11042300364627813 0.09595508751907661 0.06260434501994792 0.5165181951177128 
0.2079817086078922 0.37640018590980484 2.292071603550355 2.1265706889952365 0.6715117976276043 3.381934111832718 0.12911717284796823 1.2344709659768225 0.4807571884699041 1.3997872588194138 
0.2760480265678784 0.14559802594544777 0.11663844098485161 12.745944865318178 1.0048139537293914 0.12208878773428987 0.11857195384898937 0.06147339675991674 0.10135455360676349 0.10004904442185839 
0.20627308539809522 0.12988570199164556 0.18084082412006816 1.4478702141993296 0.981697135532037 0.561229352218816 0.9156063646190332 0.1906931228963077 0.08781079739208131 0.12837758416136225 
0.26195030750185055 0.11127041647462707 0.6173245946405751 1.261563354255043 0.8742987919950663 0.1358755656473858 0.5731107962717858 0.028213725293947597 0.542670276992812 0.11401239219938522 
0.23974052215984526 0.3528402165063413 1.0203469095504032 1.3642151143316101 0.8659238613313288 0.12459598636096443 0.07933667696593692 0.5205207257659399 0.5137684004764809 0.14537090090679897 
0.30439859781741463 0.19180126757233215 0.1391810448993097 0.7276019052537291 0.9926462741030663 0.1549300094272316 0.10243666227348157 0.04688427714144753 0.07522957730943866 0.11467279151613584 
0.6654290595827281 0.1345884429170789 1.0317229132827423 1.4755326522041363 0.5950554966375858 0.12508808523928866 0.09484422602976825 0.06397882060121748 0.5452706475481957 0.14818593537643146 
0.775156966257788 0.2281316256294293 0.11231194495852785 1.2812461205490884 0.6997326514006387 0.40102411822628903 0.13656552184406134 0.06546588792982067 0.09606510809521066 0.1706816169166507 
0.17812742945224633 0.36086171617831614 0.12403564415406639 1.464112016059663 0.7480560898187212 0.15551657188840037 0.4243453773699495 0.7271995235534608 0.20722748072185784 0.24060862070970737 
0.23044305434387244 0.1422381272206979 0.7061143917908831 0.9407229381632332 0.8289813893322683 0.13800872947761628 0.10511316727391244 0.07245214555977517 0.46837090287609806 0.4783960792124039 
0.2747166770736323 0.12786626148620034 0.15523090164782327 0.22844318791638496 8.384443563121723 0.10277271518243403 0.07899500765095055 0.06245207765541996 0.09795445382175638 0.12471875929585927 
0.2679740705651559 0.3640094882780787 0.12911559184019616 0.13480906320776864 0.9393771528392241 0.3834274421267072 0.11343227891910165 0.20187378285311428 0.2581579328987259 0.4831151169910683 
0.28924986125123214 0.09915477415365774 0.13818868365196008 0.1544149794555061 0.9948891600190706 0.11933781469799565 0.06984108473447087 0.0554115158617216 0.4538882952483594 0.07917787038186697 
0.2871373139194368 0.4434887562934343 0.24456620001853246 0.15467565009457696 0.9941325020610197 0.5776465134211546 0.07654137034484357 0.11065339824891071 0.401605217802459 0.08357766424225585 
0.2786776014850224 0.10721022924981893 1.0176756140444712 0.15499131987579115 0.9938087071569303 0.14017389367505712 0.06727942696947463 0.1329741170492564 0.10430997021917117 0.08353984211825617 
0.2769640851422802 0.13971033109893977 0.1120022878331204 0.14673890997333297 0.9965053838965491 0.5781867725977208 0.07422145105424212 0.11081612537404367 0.10720217526883886 0.08542335300587972 
0.25510042529752053 0.10626346129487488 0.10072332595335926 0.2735833882439814 0.8895412611545422 0.6690022340842349 0.10233236490712173 0.4825288279170612 0.09489570627266414 0.11385134751120662 
0.5447636750686137 0.10949330816278428 0.13359714506300185 0.19304277131615633 0.8780650714390614 0.06807994189281241 0.11146279146957043 0.11424865652039556 0.06635169187905955 0.11690374982360821 
0.25010962511340035 0.10378268739373427 0.10442680453291807 0.13849397591671536 0.8630609005306931 0.11594121883829576 0.07787342500503193 0.5402084063942709 0.08461737603306968 0.11493417918774897 
0.292771630399129 0.18200985353014276 0.12044210666399409 0.7710146542828399 0.9950503745106746 0.14883312643490765 0.38544143912804346 0.6037124262537686 0.37673334260267444 0.0792284516541317 
0.31906527088353287 0.1822888443787785 0.16693816498391525 0.1963967586409042 0.8502075275306795 8.291553932735408 0.10914201544291649 0.11241438716880787 0.0919329659423508 0.1828389986463548 
0.25225605983857546 0.3676379692460416 0.5149662637347172 0.13449171944887472 0.8926526624508192 0.57745038717167 0.3204610903738263 0.21743088449376613 0.2507402677447136 0.6216365179743424 
0.20810002949753692 0.6475148422326552 0.16680215433044995 1.0600224279571573 0.9918026638247411 1.0441637570710391 0.3068384620853895 0.15557626433945843 0.07929339420999876 0.15009086446832273 
0.2801534706976819 0.13400390563012365 0.1374873499858782 0.24688337054752318 0.884992593890397 0.6731732048074184 0.12832279044820338 0.03580236094783951 0.2725706301442443 0.5112245917951025 
0.529844784411811 0.12914096330710575 0.1320927243524118 0.23260772473277147 0.8715139866826636 0.7030625685269186 0.12528284494731814 0.028089492905376396 0.2949984795359727 0.13059651534891759 
0.27036864335625094 0.11197889155854104 0.14340970235295616 0.14616483761936308 0.8822586790384346 0.6882489078822285 0.6024683269179502 0.12383617330019979 0.5265665546979267 0.144937964287879 
0.7296353240747353 0.21441247703587407 0.9989389575712819 1.075916690549931 0.7283144216673121 1.0484943406000866 0.13653621970397187 0.1496515922972794 0.0987757091795378 0.16133647789220895 
0.38824302957832124 0.12990437854416131 1.368623701971638 0.24932155706151057 0.6015739446150274 1.5340268164902102 0.10289032438326928 1.222640550812279 0.48103681532258064 1.4017611191036359 
0.4959189557019411 0.12477680124259521 0.7612375862082186 0.5408858600212822 0.9073942749372703 0.6755999457844293 0.9082488992931781 0.08204021786593897 0.18214566501565063 0.17558018506145087 
0.7263966882653529 0.4058076433044762 0.16086425314448052 0.21150254996405407 0.6282940692749458 0.6133687869070923 0.6231134561328024 0.12005515728050521 0.09250554880839171 0.4446252980626732 
0.29297629575005557 0.09520253912630824 0.13899654104490028 0.185545440889749 0.9777113666095147 0.19597685933614706 5.8628077885811125 0.13495125043553438 0.10514504999872401 0.1997585995453739 
0.23220619089741873 0.1231703633417553 0.8013039005238832 0.16858006101177048 0.8444257748593551 0.10486514498793831 0.844577500689575 0.3807982814506882 0.09584231405872584 0.5952569887631607 
0.4084883379449646 0.8007776140421081 0.7273147790215718 0.7842407584285752 0.6446126815257845 0.37882240943850537 0.8456896179020028 0.5611110939523115 0.46864704058553636 0.17287045281822838 
0.7341765336802387 0.1275706934098018 1.035411756845321 1.4142669923938496 0.6528948106947237 0.10829059299826485 0.8690345185983528 0.04139545447841652 0.2930234852289256 0.18413596280671746 
0.6667565472059944 0.5985148097806317 0.9147628789880532 0.14158610754718898 0.6261400932164497 0.1057769059722264 0.7213814668684732 0.08495361974485913 0.5350746931836252 0.14523641325693282 
0.26847569054424214 0.41634163478691644 0.48027578433444873 0.1407069502800179 0.9248336793123926 0.09985014169704251 0.6232247295210438 0.07038655188523571 0.09354541880949685 0.4807727252211018 
0.5213848559024062 0.14289282634022984 0.11706357675860377 0.21531788517725667 0.8614794517824057 0.0836365915909962 0.6985328687097384 0.2735984642340327 0.10644355169218014 0.16654919966893933 
0.8185026707706988 0.14095677410609825 0.594545164134408 0.7159224872387654 0.34507585794760903 0.6883323959798447 0.6600405193575816 0.5428904105689918 0.1123501495364739 0.2148390374867993 
0.24983004431402933 0.7788761131032365 0.7745127948179774 1.300987823679439 1.0371986407910097 0.5276022692618573 0.5856103946136932 0.5213759604274184 0.06960602671385656 0.22885110886865526 
0.827672030146001 0.5220359808224913 0.13613602609059658 0.2166769438757901 0.626522036215384 0.5950464664436728 0.5975035511237992 0.04792199027589954 0.11768613306112308 0.3309063297368862 
0.21352141779662456 0.1349227696887675 0.10705767597295548 0.1932844386794336 0.6183336651617707 0.09524965831413323 0.23988476157060573 6.092978611880334 0.07150519294604472 0.09993378878281764 
0.21627360120195396 0.5427572783843033 0.4909153948773574 0.36560245940028174 0.8015886872941482 0.5910539624240236 0.08108994904010691 0.634912221214915 0.11307183530544829 0.33814551158889894 
0.2877499833125834 0.11842613796559838 0.12682588535789233 0.7708704473932987 0.9987045107816531 0.2676862771731897 2.186577665238686 3.590299962785934 0.08267789159489689 0.05667056646692203 
0.5845975622936022 0.45754104306507354 0.11335783339413974 0.1369154790852081 0.7182087105749586 0.20683093927070717 0.37075725792428904 0.9138743292701114 0.12675453783930504 0.7051982630967171 
0.24818893371129228 0.0947554604208698 0.09571396641139757 0.1368781829757426 0.8567933506197227 0.6888967341297807 0.06921154658046741 0.538701153970561 0.08404764412171911 0.1610847363530862 
0.22205826416776991 0.15811851633404883 0.8051738706139253 0.22917881994644995 0.7821548700868943 0.10789834487465615 0.7452449151800188 0.8060567323193344 0.11359363813142506 0.1438406883186322 
0.24931272591707251 0.11171365032226806 0.1433629275436367 0.15762067121519935 0.8574826995583112 0.11135039962551732 0.5925486277346412 0.5795837910920367 0.07614145639989012 0.17390850240699793 
0.21840732501988824 0.11112963565168839 0.11471017300412553 0.13547271889268137 0.7688835984804113 0.08105748102539376 0.10861010176250645 0.47003707926378974 0.542286805350662 0.09215103875353735 
0.2000090014798362 0.0902945612095627 0.0890018533799086 0.34957490899592253 0.7032845005230022 0.11190773800318815 0.6861439458287344 0.601727668249093 0.4965952172738182 0.13532955372816255 
0.6327899008812259 0.15648681759552122 0.07778328186632687 0.14757751385627121 0.5473114636395994 0.08829960543268789 0.052223228865624055 0.6255076119356441 0.09436153965208971 0.11074420152270349 
0.26547607901710757 0.16503780678456437 0.12153904957107846 0.1646420051967919 0.8356793947378757 0.21016442931850224 0.10234232220774717 0.058932743432762925 5.976726770385007 0.11797049919963003 
0.2220490513976562 0.5128338447410822 0.4991294968865636 0.6301812203708886 0.8624946170764466 0.10349345712846815 0.3283096392725316 0.2046234781429922 0.5497727886363617 0.3400866131316148 
0.23794629592920086 0.4959895301553497 0.1234591920059148 0.7440299274300668 0.7941060150656041 0.16642037008677485 0.1869870814559477 0.42714320442431064 1.1362576935927016 0.46513163515742273 
0.38893261182817357 0.4859788243077125 0.10535072098967233 0.5152189105118087 0.8743240682259713 0.07395741619255264 0.15802414539076332 0.1660861443938757 0.5117750137293432 0.13745002680968302 
0.21257271543083303 0.08681289689630169 0.1252611905540798 0.1216768956045098 0.744164431107451 0.11895360888134388 0.6255040803289184 0.5499711288491272 0.5181389015246611 0.08955235046950918 
0.21237957824298806 0.3362677939406377 0.09806493835542396 0.19418653690314863 0.7621923743778573 0.11730034736003873 0.6194463824565833 0.5117540795615969 0.5033859083171688 0.48531302552844696 
0.6753875321228412 0.18278407585713052 0.13437060379590415 0.14197546768443076 0.629645304460845 0.07928921770170115 0.7201254582464377 0.047075662475703564 0.5292611919848822 0.1419907267465481 
0.3629459570301539 0.1694113859888961 0.7266899638193229 0.7466706106207125 0.5836152960681096 0.04277212905978765 0.9615935395202125 0.5839027138007615 0.5557965735439193 0.1486545220893033 
0.7181423745798374 0.3400034182596629 0.11737532495959645 0.3437259388360749 0.624708796296814 0.39511471603228626 0.11604683302735372 0.03166568328802341 0.4617396310679976 0.09568646930401078 
0.23712435373286692 0.3943123489073247 0.10804401548609786 0.1380831306684875 0.8030853045144651 0.13887048673627075 0.6170740769538972 0.0667621295328427 0.5063033873559188 0.5008110128600243 
0.22425116300683423 0.22617711749698197 0.13981188401261627 0.22922751189410578 0.7074012089371837 0.16975147886640146 0.13827198214500264 0.0873156001135065 0.15517148210769321 6.508763326096201 
0.24956185934357 0.17052768020386838 1.0359753642587206 0.7259399450615915 0.8099741861633769 0.5164471751390161 0.9411517034207904 0.05182523434358654 0.5507560024280193 2.0163317646026075 
0.23943431507174706 0.8233467218514542 0.1503431056958664 0.16638744489829524 0.8215302946304357 0.18218752789174397 0.05673552556286973 0.5872370559240235 0.6405044724421207 1.334637137249103 
0.2680698312605293 0.1036618434927285 0.10874657083139819 0.15696066252545737 0.9129978622492592 0.13819256565839644 0.07421110826889292 0.047411560127154806 0.08554290305441739 0.5080822040317139 
0.2518129992880039 0.09107776858137814 1.4642837552229948 0.35293400065308117 0.8328484772942056 0.4595407143371662 0.12111832754554593 0.03840304787244512 0.4339735051320587 1.2402810277430945 
0.28551208602364747 0.0909697868002216 0.14295958899602865 0.28699788994948994 0.9867623390105364 0.11365550000534787 0.09842922847480837 0.9353597293655592 0.13177902294747873 0.9507491436724861 
0.4144232523752351 0.1334803035874302 0.15220336796082737 0.921121801164163 0.6642114075660859 0.23912413286863343 0.11153973086854775 0.5126466702760134 0.5512339652012279 0.8904083461559387 
0.2346168252138584 0.39219423502638884 1.5719893002319234 0.14919881833374254 0.7797702796368186 0.687359493380492 0.613234634458862 0.8147704109515058 0.4977315672159415 1.4308227649128638 
0.2388595426000388 0.12523061586119358 0.12218873091375686 0.14730584118014903 0.8011390770051863 0.13149456152665706 0.06519283760737021 0.052163477182528714 0.5154743996684998 0.5026207332141664 
0.2402038484739489 0.122736732158407 0.12296395337584107 0.15072929227389342 0.8986850739171047 0.10003769529761888 0.5763744323373338 0.22953086832917097 0.09557422438937084 0.5965584046986849 
