1.0000590512512562 0.0 0.0 0.0 0.0 0.0 0.0 0.0 
0.9998562701180626 0.02894283233332238 0.0 0.0 0.0 0.0 0.0 0.0 
6.126893752411889E-17 1.0001762444369866 0.0 0.0 0.0 0.0 0.0 0.0 
6.126894115239197E-17 1.0001586330768788 0.0 0.0 0.0 0.0 0.0 0.0 
6.126309202775914E-17 1.0006783248529538 0.0 0.0 0.0 0.0 0.0 0.0 
6.557042339438214E-17 3.582802981635376E-17 34.95292585719681 0.0 0.0 0.0 0.0 0.0 
0.7293217457966008 0.6240190479184831 19.96712143093976 0.0 0.0 25.04253304780903 0.0 4.115526672614087 
4.791870411307311E-33 8.337193258584668E-17 35.97237595960787 0.0 0.0 0.0 0.0 0.0 
5.190515630538831E-33 7.198632876426694E-17 43.208093409597346 0.0 0.0 0.0 0.0 0.0 
4.3687641266549754E-17 0.71316938526634 29.661335309085505 0.0 0.0 0.0 0.0 0.0 
0.6164390165014755 0.34846506211854883 30.26002787928998 0.0 0.0 0.0 0.0 0.0 
3.832170226296991E-33 6.231472250265877E-17 41.76536705390464 0.0 8.338446028223746 0.0 0.0 0.0 
4.9049935581696747E-17 0.8012209027153989 25.33952262611236 0.0 0.0 0.0 0.0 0.0 
2.365660524498102E-32 1.3156299635086527E-16 24.02124260161931 18.315561144064404 0.0 0.0 0.0 0.5301018535987719 
0.9259070890021375 0.0898705403308557 21.517385256462045 0.0 0.0 28.67959803211438 0.0 3.9455997914248337 
5.80952846789E-17 0.9458494284157073 13.735508027451113 0.0 0.0 0.0 0.0 0.0 
5.813795387695987E-17 0.9493737970949799 13.287822199698702 0.0 0.0 0.0 0.0 0.0 
0.22274157576421977 0.9749911575802969 0.0 0.0 0.0 0.0 0.0 0.0 
6.092998627161353E-17 1.0311965255130975 12.831262800286556 0.0 0.0 0.0 0.0 0.0 
0.9996536541188722 0.03683222980747332 0.0 0.0 0.0 0.0 0.0 0.0 
5.042696616499113E-17 2.603719944434362E-17 21.706677557172796 0.0 5.176626012878044 82.25806144520773 0.0 0.0 
2.9874911185635897E-49 3.9924201186318846E-33 5.21707489412831E-32 2.4368984592856802E-15 0.0 105.6069195944305 0.0 0.0 
6.097939977933048E-17 0.9960564200339636 4.104509018889085 0.0 0.0 0.0 0.0 0.0 
0.00871131419430501 1.0000880048659215 0.0025439204981612903 0.0 0.0 0.0 0.0 0.0 
0.9990954854696678 0.055511420936163534 0.0 0.0 0.0 0.0 0.0 0.0 
6.127092831258734E-17 1.0001576048908354 0.0 0.0 0.0 0.0 0.0 0.0 
0.008279460592080156 0.9498173798438373 0.0 0.0 0.0 34.612547638724315 0.0 0.0 
0.8559084652861754 0.5178205869179698 0.0 0.0 0.0 0.0 0.0 0.0 
0.7434006730521231 0.701585821558686 0.0 0.0 0.0 0.0 0.0 0.0 
0.008666685162134449 0.9940872048393354 0.0 0.0 0.0 12.162353589194133 0.0 0.0 
2.2326154274797136E-65 2.4403156644003123E-49 1.425509797573126E-31 2.2358192197606386E-15 0.0 101.13684614091768 0.0 0.0 
0.6781331577307955 0.0 0.0 25.84863736936881 0.0 47.19529202735437 0.0 0.0 
5.551803871651392E-17 0.906810125932182 0.0 0.0 0.0 46.46483859905584 0.0 0.0 
6.10875624379074E-17 0.9971349053861188 0.0 0.0 0.0 8.516126423602952 0.0 0.0 
6.017144651980278E-17 1.0229986768782224 13.251036036275446 0.0 0.0 0.0 0.0 0.0 
5.0268296329171415E-33 2.2508116915770132E-32 3.9792951112617106E-34 2.80493697079025E-15 0.0 0.0 10.643637229798998 0.0 
5.380539530089829E-49 6.506647182833312E-33 1.4750122477344797E-15 14.332282346701344 5.642900165576452 83.03435424212915 1.899327168165958 21.004534672111404 
1.4840418827440924E-35 2.257247357606762E-19 1.4221878058661625E-15 20.07954511741468 0.0 88.85643982650282 1.400658544420399 0.0 
2.993043121892857E-65 7.488027011659244E-49 1.203725836964946E-31 2.3969944389944523E-15 3.056690806812787E-16 84.24774647727486 0.056687492775153614 13.888146721377215 
6.574787411618711E-17 3.583987240333588E-17 34.94760238565421 0.0 0.0 0.0 0.0 0.0 
0.867659802110289 0.047662640863981906 24.087642881606033 0.0 0.0 0.0 0.0 0.0 
4.384959756352194E-17 0.7158012132431484 29.551166915611898 0.0 0.0 0.0 0.0 0.0 
1.387880159029103E-16 0.0 29.6623986039835 0.0 0.0 50.6765953982705 0.0 0.0 
3.936260152546407E-33 7.740009080307006E-17 41.070968849053166 0.0 8.802817690688133 0.0 0.0 0.0 
5.78848934396147E-17 0.9454335112872171 13.86218595321108 0.0 0.0 0.0 0.0 0.0 
0.950573853999342 0.05319118568257585 0.0 0.0 0.0 0.0 0.0 30.00746358367014 
1.268681765216255E-34 6.17981557336867E-33 2.1055760035072516E-15 17.55547357715627 0.13217179490283615 0.0 0.0 18.898784418169484 
5.990722176784795E-17 0.9795715435970879 0.0 0.0 0.0 0.0 0.0 14.929704282553011 
3.970371097816725E-33 6.365621083686076E-17 8.609451804702065E-16 39.38865850140836 0.0 0.0 0.0 0.0 
0.007880884053662988 0.8809692012821551 13.171389806902576 0.0 0.0 47.73574586085128 0.0 0.0 
0.6175585589996171 0.01694635404675606 0.0 25.430478260731682 0.0 46.58123577394639 0.0 0.0 
5.510901554825434E-35 1.329614068792139E-32 2.4376493255974014E-15 19.638461385110887 6.902360786149042 0.0 0.0 0.0 
6.110240695916111E-17 0.9981567163988158 0.0 0.4322957143269738 5.75822607689922 0.0 0.0 0.0 
0.9975675027478522 0.008054969506540765 0.0 0.0 11.225999570039226 0.0 0.0 0.0 
1.2722000942214916E-51 3.5837457720199004E-49 1.6359243976432035E-31 2.4175024253252587E-15 0.0 94.5060444297323 0.0 0.0 
