5809.252680104006 1.050591344101976 5.413911852187155 0.3728494026596755 96.61787094078086 
660.588511298461 0.7553623670884025 39.39138752296491 1.5652136573511957 93.5714455193547 
6730.046553572582 0.7541437469755122 36.81962072966228 2.1065671644495656 607.842402597118 
687.8690292237393 0.7571989644329573 37.02064382116364 0.6836346997055177 65.0742598952951 
661.0984515073347 0.8510951388340764 37.696831609810594 0.3844902977829527 109.01885670402878 
1719.6447934238142 1.698535040016876 5.019593029236314 0.8390775691938207 54.04837656881669 
674.270443240904 1.205541395724051 5.5970248507574025 0.707925381855868 52.885920723915746 
633.547274280574 0.7576620812290222 37.56065907990608 1.0785492727347568 3.5192595195197045 
5838.849065021758 0.7573640984230469 37.57499519371787 9.380373375209777 3.5179553713046996 
814.2520883971138 1.6988031537563129 5.034252150700873 0.8484542012701867 53.60936136410069 
678.2252605553293 2.011502080108223 5.36420518567272 0.6908864226593726 52.908499113469794 
511.77368890387254 1.0206573485877357 5.038102041838204 2.318993264413549 96.35742614214003 
108.89460594033024 1.2004375268195575 5.346228488942219 0.5470448867842631 53.034573999528234 
94.46101182430617 1.0016171120847726 5.267946125460714 1.0202192344658454 3.514116136229654 
184.24634308543003 0.681741133356277 66.72618829745412 2.239687804918682 97.7091479639416 
185.24587829498526 0.7554921356457697 37.59358798497651 1.9994103402905024 6.941860111046062 
108.99174078724707 1.0636721788880852 5.501597603142613 2.112232051380526 3.5116384710771595 
184.95589964237755 0.5090461093757136 71.74846097768031 5.7192049106504195 97.20995106915855 
3.693380708012355 8.978071187873821 12.66984008363847 0.29569240422302584 100.0646834153304 
4.264204378947257 7.90560488230475 13.650277127340669 0.6385672620556627 52.8963594066031 
9.025129136750676 5.888359391563963 121.81135080964809 0.556182116052563 52.99913606542382 
4.013848791103947 3.522054096213949 5.9499040526565325 0.5452121496296228 53.29668876295578 
108.84134970267188 3.2651345760122195 5.342648120766449 0.5364501729820488 53.035049441882414 
4.264204405470559 2.281547648905362 35.5996657700186 0.5429103082986423 53.02528527161695 
4.773980567913536 3.9564853810638487 46.28460987182664 1.0322309351376433 3.489034021681161 
4.093289161990212 1.535848091685982 34.23331109888639 0.5420487635249214 53.02561306229184 
17.51945756743645 2.0188061197559115 17.11105506966873 0.6924786647338633 52.930486188312734 
763.0068048506862 4.732338353864323 37.682947471542526 0.3718923763010738 100.29048795715204 
4.085631498437597 1.4353716039518098 5.105563700086735 0.5461862508089812 53.296607763517855 
3.7871806018315923 1.1512647083149683 43.02680048339902 0.3918710389094191 97.13461196366003 
75.06318934249951 1.384586709867691 6.732502597964372 0.6180230222309937 53.06760076674614 
3.7621711627414296 2.295442416895613 5.20138837298497 1.0311880362113117 3.5060703909851147 
3.7913481278524284 1.0533431832404376 5.414730307413949 0.37442106206911946 96.60993028052975 
17.522268079656122 1.4534337826429156 5.425672284004944 0.6930059502361969 52.906807768951005 
108.74463896099947 0.7562665026563287 40.81232634068829 0.6224766179949216 148.34420900154706 
4.342961354640388 0.7721762110584667 331.2076802382763 0.5810588370743393 107.81185627397352 
197.93033080180413 0.767784972243509 4543.59824825344 8.434806337217873 3.4877517178168715 
197.74547786042046 5.511505753130889 4550.544742082231 8.476286549467032 3.4862929333918036 
4.1616150557157745 0.7730861716739084 133.02964443931498 0.527471970295538 53.32518218885662 
25.240691422237447 0.5766755047383254 68.25800073785014 0.5489850607444505 52.844830887061256 
89.14144042631781 2.2367771644913184 391.0302061168622 1.0360302677136692 3.488054982688314 
3.8700661719737806 0.5113382866130199 69.54095359952068 0.6743068865735752 53.095108871397976 
9.928651334044769 0.691670980044114 66.80730775505006 0.5670980557875578 98.43310769185672 
184.24593928383186 0.5101093766989395 70.34260754958419 0.5897770630008563 97.50627655080633 
99.5626012712613 0.5071345250028925 73.66066733727834 0.6211526828601164 148.23581160852257 
3.832731976988601 0.8012925505291513 39.32468058294874 0.3600032353019233 97.12121928654527 
3.745541914647474 0.800706695678768 39.409792806439604 0.5415330916797031 53.290126800757434 
98.20398356583412 0.7638603982790604 37.65995806403185 0.5479724154473519 52.85278678499495 
183.89799529136124 0.7580551906398398 37.499451339498506 0.7812135125505907 100.88257417696681 
4.016136991927024 0.571103338250267 67.41135581832035 1.5211915800459226 68.8275276414105 
8.178626292369815 0.6899777713205567 66.64703308221927 0.7900551186045512 53.64233201737845 
4.418463420649203 0.5073950540745913 69.83574560090298 6.923867305991716 6.912673889313488 
198.3634822467357 0.7598825704433068 71.20165511812587 9.691517031429196 3.4889999882728415 
4.01290059485163 0.7574786540068833 37.57417088848639 4.5287983382417805 3.5179553713047005 
198.21841175606167 0.7768622427106664 253.75967999666742 11.00735456574731 3.47770572222168 
185.43734478746788 0.5089075420212865 72.7649148426636 5.76334857642805 96.2580635058158 
3.7010821432772754 0.758644744489538 37.70194826723514 6.049407939202394 156.24883685414096 
6.509918437924505 0.7652762282824099 36.709959411803105 2.9190399759255814 3.6661498346593033 
3.704828727211314 0.7581659402383067 39.00536053793247 4.173051831191294 157.05700731280922 
5.700343656176768 1.016017606378982 5.159896698678679 4.36465213567073 3.5174897892144 
8.178274405092704 0.6800758528820973 66.13408313501904 2.2309186610111986 97.89915281912906 
4.8274741787080435 0.8050248744239253 37.49800812504954 2.0026333251493895 6.86143388970845 
4.3861880294199915 0.7591629282883372 37.73284387914278 1.532400565744058 3.5013486060025425 
3.9215591390356077 0.9747727528180736 34.56139987687503 2.358866801730153 53.212519731038526 
3.7649691102169025 1.0079417758917872 8.323853608660585 1.962685310736237 8.62780678484985 
3.7847724988800366 0.7617914947852281 37.5363963374026 1.0167194909331705 3.5344009939292107 
116.5107041299562 0.9921498684656339 34.348518580805695 4.251647367131712 4634.3829922050945 
6.511989457677381 0.7560080860927976 36.997952461265854 0.77719079646328 389.60636521292315 
116.58437650932865 0.9916371334251609 34.28032231579395 10.345356852421773 4563.994804978706 
3.8461035958089607 0.8861748211106347 36.92468329940544 4.763960433014555 775.0219784026563 
3.7211525187947037 1.0537071605817656 5.453159940333152 0.5999558536226797 97.72405837798034 
8.863719719248623 1.0782412062223858 36.369321636566596 0.7779133945599714 53.72167922922972 
3.787252778292998 1.1849826264013565 5.339195702970933 0.6191151395941996 53.07422609887039 
3.690861299124869 1.0407600259009908 5.0763928058365115 1.0239362978838351 57.19286375763894 
17.538117483540738 1.2102107155568669 5.411293244909443 0.691700087107689 52.909381645265874 
4.2169392588078605 0.9355313845427368 37.5099679070503 1.0249666994057036 33.1033642189439 
75.07442352167722 4.61312680742684 5.039449429310268 5.6048344146531015 64.32628008834521 
3.774480727460618 1.3008305308122123 5.043910300031273 2.0821485780917035 8.104891505044758 
3.7874669171534765 1.0040444555005807 5.09548054655401 1.0204946570057867 3.5301662287460873 
4.360480054480007 1.1839776822666186 5.082474873881048 1.0232044011804249 3.5168729409988413 
3.824810467974212 1.1132070029691896 34.46680184934251 1.0220668834134587 3.527626556630527 
3.791839849876602 1.5648390990983974 5.09539199885852 1.0231410504942515 3.521051857604406 
5.70035909566064 1.0092216369849574 5.1517092900547965 1.585561591818602 3.5123673795890626 
3.7067282069090473 2.006057524076549 5.172681653223168 1.022864504715227 3.5142415421549087 
3.7922417557812738 1.3440746874711942 5.093968747211728 1.016175852947139 3.504256085810499 
4.386197724394654 2.7965600381483258 68.90436093389815 1.5469957356323794 3.489917228254615 
