0.26216162852447056 0.0 0.0 0.0 0.0 0.0 0.0 23.334914817796182 
0.22662477731020658 0.0 0.0 0.0 0.0 0.0 0.0 23.33609400366389 
0.2243707599375817 0.0 0.0 0.0 0.0 0.0 0.0 23.33621250463068 
0.2218917669374303 0.0 0.0 0.0 0.0 0.0 0.0 23.33634565367523 
0.22664270826265387 0.0 0.0 0.0 0.0 0.0 0.0 23.334962723335515 
0.22266400845254708 0.0 0.0 0.0 0.0 0.0 0.0 23.336288868048015 
0.22643971054285217 0.0 0.0 0.0 0.0 0.0 0.0 23.33615785620615 
0.0 0.3261361781696781 0.0 0.0 0.0 0.0 0.0 23.33850113479855 
0.11342487646886745 0.32454995910695317 0.0 0.0 0.0 0.0 0.0 23.327469910829226 
0.0559756066011996 0.15892516519989464 0.0 0.0 0.0 0.0 0.0 23.34355891019419 
0.21525231557745528 0.2670972088400987 0.0 0.0 0.0 0.0 0.0 23.31333633057271 
0.2218917669374303 0.2506300849209069 0.0 0.0 0.0 0.0 0.0 23.312052244419277 
0.22662477731020658 0.2506300849209069 0.0 0.0 0.0 0.0 0.0 23.31042535190772 
0.0 0.12125413817940789 0.0 0.0 0.0 0.0 0.0 23.3502157535655 
0.08538948500530452 0.12125413817940789 0.0 0.0 0.0 0.0 0.0 23.340402683703143 
0.22517777733694544 0.12125413817940789 0.051072434523263155 0.0 0.0 0.0 0.0 23.31887409236607 
0.22662477731020658 0.1271422120195158 0.0 0.0 0.0 0.0 0.0 23.325981764853335 
0.2218917669374303 0.0 0.028429368850186876 0.0 0.0 0.0 0.0 23.33434814829083 
0.22664270826265387 0.0 0.0 0.0 0.0 0.0 0.00964913882849494 23.333729361066137 
0.0 0.0 0.0 0.14559180112252257 0.0 0.0 0.0 23.345783689005962 
0.2148294193448912 0.0 0.16771193520342464 0.15302506586125553 0.08685337582345021 0.10292059776604923 0.0 23.295433293044308 
0.0 0.06241393951827945 0.021396755218372476 0.07651253293062865 0.0 0.0 0.0 23.349005797874817 
0.21910082621658766 0.129375946741499 1.1014655854069133E-10 0.155529503307287 0.0 0.0 0.0 23.30500385135433 
0.1142881323918008 0.258751893482998 0.0 0.15302506586125553 0.07316611693463315 0.0 0.0 23.315574067005937 
0.21485456621249632 0.2506300849209069 0.0 0.06455666920803083 0.0 0.0 0.0 23.312744493790177 
8.626575088008792E-4 0.0842341124967465 0.04931084993889456 0.0 0.0 0.0 0.0 23.347785288265538 
0.2243707599375817 0.0 0.12782294217540802 0.0 0.0 0.0 0.0 23.321337304508184 
0.15805103835694823 0.09581083712341787 0.0 0.0 0.0 0.0 0.0 23.33713312585963 
0.22684975293773313 0.12312045629875179 0.0 0.0 0.0 0.0 0.0 23.32213897545852 
0.11342487646886745 0.0 0.0 0.0 0.0 0.0 0.0 23.350229789833314 
0.001022917324313255 0.0 0.0 0.0 0.0 0.10598235697058911 0.0 23.35229724738204 
0.0 0.258751893482998 0.0 0.0 0.0 0.2003557021947433 0.0 23.31455861349382 
0.22686978110653833 0.258751893482998 0.0 0.0 0.0 0.2031376484509515 0.0 23.28678720696289 
0.22686978110653833 0.258751893482998 0.0 0.0 0.0 0.10598235697058911 0.0 23.297612187366063 
0.2268497529377349 0.12125413817940789 0.0 0.0 0.0 0.0 0.0 23.322526649795407 
0.0 0.0 0.051072434523263155 0.0 0.0 0.0 0.0 23.358016490839486 
0.15805103835694823 0.0 0.0 0.0 0.0 0.0 0.0 23.341240396709104 
0.0 0.2395946628698944 0.0 0.0 0.08685337582345021 0.0 0.0 23.33006427578979 
0.10253538880275848 0.0 0.0 0.0 0.021141399073593803 0.0 0.0 23.351278502484867 
0.0 0.0 0.0 0.0 0.0 0.0 0.13201456827851743 23.351449926163564 
0.08375836214725751 0.0 0.020730576877577178 0.002576411831105574 3.472035308558219E-4 0.0 0.12474998679772398 23.34881295535855 
0.0 0.258751893482998 0.02060732753129635 0.0 0.0 0.10598235697058911 0.25291547533762504 23.299665312254177 
0.0 0.08611393843846038 0.0 0.15302506586125553 0.0 0.0 0.25291547533762504 23.31054413592863 
0.06284393706021163 0.2590816122974928 0.0 0.0 0.08685337582345021 0.0 0.2622159024746651 23.306755448801546 
0.22686978110653833 0.258751893482998 0.0 0.0 0.0 0.0 0.25291547533762504 23.283303216576904 
0.22740756467496404 0.12125413817940789 0.0 0.0 0.08685337582345021 0.0 0.2622159024746651 23.29415431392637 
0.2218917669374303 0.0 0.0 0.15302506586125553 0.0 0.0 0.2492435270778195 23.293816898831196 
0.22662477731020658 0.0 0.0 0.0 0.0 0.0 0.11109944852448095 23.331629772240554 
0.2244629751204119 0.258751893482998 0.0 0.07651253293062865 0.0 0.0 0.10954045129950885 23.300450269407932 
0.0 0.0 0.0 0.0 0.0 0.0 0.0 23.359868805840687 
