0.2211718553810318 0.0 0.0 0.0 0.0 0.0 0.0 22.796307187346834 
0.21925826169052876 0.0 0.0 0.0 0.0 0.0 0.0 22.796602097420333 
0.1835465640696654 0.0 0.0 0.0 0.0 0.0 0.0 22.799503654676688 
0.1833090300880471 0.0 0.0 0.0 0.0 0.0 0.0 22.79964769950142 
0.1664273739472275 0.0 0.0 0.0 0.0 0.0 0.0 22.809800143757823 
0.1722496881907567 0.0 0.0 0.0 0.0 0.0 0.0 22.801157466441715 
0.004783263873225252 0.1132106713338974 0.0 0.0 0.11570458142868567 0.0 0.0 22.795524895082195 
0.0 0.22411288879654379 0.0 0.0 0.0 0.0 0.0 22.79824899358615 
0.0 0.11568131693328176 0.0 0.0 0.0 0.0 0.0 22.813287941383923 
0.0 0.05485940482814122 0.0 0.0 0.0 0.0 0.0 22.82173013472756 
0.0 0.05485940482814122 0.0 0.0 0.0 0.004554374089737578 0.0 22.820947062694007 
0.042587097616772596 0.22411288879654379 0.0 0.0 0.0 0.0 0.0 22.797442532648184 
0.037935574747532286 0.05485940482814122 0.0 0.0 0.0 0.0 0.0 22.8186054041741 
0.004101314554427304 0.1132106713338974 0.0 0.0 0.11570458142868567 0.0 0.0 22.796311391080458 
0.0018924192505469506 0.0 0.20817161890625613 0.0 0.0 0.0 0.0 22.80045139637 
0.1762383803627987 0.0 0.12277132343849928 0.0 0.0 0.0 0.0 22.788466765383895 
0.0 5.176753507942777E-4 0.13953756845689114 0.0 0.0 0.2020983859191201 0.0 22.79572873480754 
0.0775707998254429 0.0 0.040787098518981324 0.0 0.0 0.19860503717093358 0.0 22.78687583237008 
0.17630641569450134 0.11082021721485624 0.0389097892893524 0.08564250664838013 3.057924799598766E-4 0.0016196161442554313 0.0 22.776567047335583 
0.17630641569450134 0.0015032942002743965 0.0389097892893524 0.08564250664838013 3.057924799598766E-4 0.0 0.0766545670511789 22.783418964641154 
0.1722496881907567 0.0 0.036948343059062694 0.0 0.0 0.0 0.0 22.797832536161227 
0.0 0.2250627492374253 0.0 0.0 0.0 0.0 0.06924070234101443 22.797483182284616 
0.04294931830748183 0.09023492111233189 0.0 0.0 0.0 0.0 0.0 22.81500998033202 
0.0 0.0 0.0 0.04570703532232123 0.0 0.0 0.0 22.819112308186348 
0.0 0.11205644439827189 0.0 0.0382455205860488 0.0 0.0 0.0 22.807712236636956 
0.0 0.005349895354978429 0.0 0.0 0.31955449844375217 0.0 0.0 22.81533740183064 
0.1861130779446185 4.4172440281542436E-5 0.0 0.0 0.31955449844375217 0.0 0.0 22.783419675923255 
0.17186398188330543 0.0 0.0 0.0 0.0 0.11624197099644462 0.0 22.788033822034436 
0.11915821577772334 0.10712426859917024 0.0 0.0 0.0 0.0 0.0 22.796733129940307 
8.193533784695006E-4 0.0 0.0 0.0 0.0 0.0 0.0 22.822609462716382 
0.02321941482481371 0.0 0.0 0.0 0.0 0.0 0.0 22.822221350760017 
0.003957352780835421 0.0 0.0 0.0 0.0 0.1513550939155106 0.0 22.80897135778962 
0.07715473206506651 0.1132106713338974 0.0 0.0 0.0 0.19860503717093358 0.0 22.781781972527206 
0.037935574747532286 0.0 0.0 0.0 0.0 0.0 0.0 22.821327496357057 
0.10778989286190743 0.0 0.0 0.0 0.0 0.0 0.0 22.810353277198296 
0.2033547811445242 0.2339980836370419 0.0 0.0 0.0 0.0 0.0 22.770808688709 
0.22274524534413054 0.2250627492374253 0.0 0.0 0.0 0.0 0.0 22.770456087921545 
0.1835465640696654 0.22411288879654379 0.0 0.0 0.0 0.0 0.0 22.775591948973272 
0.11095535784529353 0.23394936457043514 0.0 0.0 0.0 0.20021954142275433 0.1533091341023578 22.747098123772343 
0.11179037554731686 0.23394936457043514 0.0 0.0 0.0 0.19857608432323381 0.1533091341023578 22.745715565990572 
0.044272637291873806 0.0 0.0 0.0 0.0 0.0 0.0 22.82001040009415 
0.1739660634660325 0.05485940482814122 0.0 0.0 0.0 0.0 0.0 22.799690963856197 
0.22231178350919123 0.22411288879654379 0.0 0.0 0.0 0.0 0.0 22.770525472658512 
0.0 0.0 0.0 0.0 0.0 0.0 0.1533091341023578 22.807159335528073 
0.11179037554731686 0.19728218590901214 0.0 0.0 0.0 0.19860503717093358 0.1533091341023578 22.74394412308343 
0.0028789438179597227 0.0 0.0 0.0 0.0 0.0 0.07013196716290082 22.81543072037805 
0.0 0.14970468129695647 0.0 0.0 0.0 0.0 0.1533091341023578 22.789102822458794 
0.0 0.22164043442971249 0.0 0.0 0.0 0.0 0.1533091341023578 22.780098979493186 
0.0 0.005349895354978429 0.0 0.0 0.0 0.19860503717093358 0.1533091341023578 22.78447220547277 
0.0 0.22164043442971249 0.0 0.0 0.0 0.0993025185854659 0.1533091341023578 22.7697377962657 
0.0 0.10372214261933443 0.0 0.0 0.0 0.19860503717093358 0.1533091341023578 22.771567578543237 
0.09130819854960492 0.11082021721485624 0.0 0.0 0.0 0.18073611567405656 0.1533091341023578 22.761791430954023 
0.11179037554731686 0.23394936457043514 0.0 3.3513425705677946E-6 0.0 0.006095323076378278 0.1533091341023578 22.775369234691386 
0.0 0.22164043442971249 0.0 0.0 0.0 0.19860503717093358 0.1533091341023578 22.757431043225747 
0.0 0.22164043442971249 0.0389097892893524 0.0 0.0 0.19860503717093358 0.1533091341023578 22.754043600762195 
0.0 0.0 0.0 0.0 0.0 0.0 0.0 22.822815469651466 
