0.6751774178707256 0.04159368733065138 0.2239205942163568 0.49029485562016745 0.3144162717334462 0.10356609347306203 0.4086622397500203 0.30703750794881957 0.58925866518606 1.0764639491276158 
0.4229516488868718 0.05568469976698384 0.2458113420860244 0.5388851598452548 0.35009178794464196 0.1606605540068326 0.376943816739134 0.3187729027910896 0.5772671581033035 1.0717289522459585 
0.3745751894021563 0.0773208250187854 0.19804341844408715 0.5067733045853203 0.29159192223882296 0.19975494374488278 0.3847560735923667 0.34994282477155814 0.5670864083052736 1.0635650264516943 
0.34107576555722147 0.0169644139557907 0.22405538966618477 0.46526671697946215 0.3191575756399611 0.09054177394858486 0.42016875505096585 0.35657946111181066 0.5745695312984346 1.0748273587358503 
0.3054072083842708 0.03109451431070228 0.2100340143917227 0.4636745488349165 0.34956728111325747 0.1188409277145052 0.36406987953483944 0.3245289297771792 0.5675655200892932 1.0892526363079007 
0.34039126390541 0.04147168775588335 0.29112801051070086 0.5522936083435042 0.3269900574967377 0.07727950068891444 0.38763536810345633 0.34643484128857716 0.5586615014309981 1.071139350151133 
0.291806938329416 0.03405676778055174 0.22363833232725305 0.4839224227803704 0.28772846730402324 0.08789753638296063 0.3596216615464821 0.320551430866833 0.5315748352688099 1.077738270462628 
0.3599674316679727 0.04948504674840579 0.21997930670386306 0.5920884031888395 0.2991134982731979 0.10762312301510366 0.4551403917790073 0.4785514241722578 0.5752171544145538 1.0861082228164711 
0.326332862262196 0.045026780254254925 0.1878508002542967 0.51969907958557 0.31004201029642303 0.24449863464958294 0.4184083716958724 0.31492787942564315 0.6054792790877211 1.094581283434219 
0.2964891697043747 0.029887629653843395 0.23248658857060858 0.5276976351963913 0.3913794334720522 0.19329636785098275 0.36689276282206784 0.31793411111228487 0.5473640829914246 1.0693339568963014 
0.25171552839863587 0.24861956718984096 0.24499413621391025 0.46045934847741454 0.3366624879499629 0.11839543883587701 0.3902747470072113 0.31257151282812295 0.5521880719355211 1.0890135123890414 
0.2830895148342498 0.1947880716580768 0.2728078578160145 0.45891025666152857 0.330014079757414 0.09322626196743561 0.3634755688418132 0.32590002668945167 0.5521593766073752 1.1145167128113989 
0.20782528727768051 0.148634100432773 0.21750782693028353 0.5219138967072094 0.29806067307489165 0.12415890577646727 0.3763020206586127 0.29247415213650263 0.6058105951343582 1.0786466889978361 
0.2076034450693566 0.2086390968596562 0.26051251631792405 0.4947039443784111 0.41504520190036626 0.19033381432757743 0.3612831205468143 0.39508021751363553 0.587627629454247 1.071595194996815 
0.1917679907983674 0.1340068306463737 0.22279015493889437 0.485304486979752 0.30559761785561596 0.13689891774348714 0.5018795033383794 0.3113780364993111 0.5615946601562667 1.0689505427667816 
0.18339177378817795 0.12822961322958426 0.22514608602843975 0.49114054588173645 0.29964562062184263 0.10014275431908512 0.37682168741740873 0.41867434721437324 0.5937683031001134 1.0812293741373638 
0.2587991221981062 0.2202109990331758 0.27455236129216853 0.4521023086159001 0.3608769890581748 0.21829790509410268 0.5876959648031096 0.5074636671459327 0.6410502376097533 1.087676839009236 
0.2520884268631853 0.16999389127647588 0.269806286091516 0.5758712535563328 0.32042388477098155 0.09600180363068578 0.4284875778232259 0.3143384564430117 0.6614931377964706 1.085676056598913 
0.1891538792069934 0.12311288166539906 0.2697370781541856 0.4662381929314949 0.3257572022630474 0.09738785651366641 0.3582755954347236 0.3067523881233465 0.6021571662276298 1.079393127283095 
0.216583267725034 0.023104881693164214 0.42777928669639365 0.47099971423257614 0.3084955181609722 0.08789395711939993 0.38428801158425124 0.32278155088031385 0.5305117553546033 1.070010251894589 
0.17597966721748043 0.06252034272711346 0.2985618884408757 0.4834297700295012 0.303057271511282 0.07950473101707937 0.36886579827830446 0.36230082836044075 0.5482845847654895 1.0598523829500923 
0.25117683574402894 0.014889914958045682 0.3187098756074063 0.4768247178821234 0.3089041942882393 0.07726678320531769 0.3977841548949841 0.3591384887649637 0.5513925052525588 1.0804246996129057 
0.18649963009917428 0.0788380414638887 0.3521568260197348 0.4798726895113922 0.376966954918969 0.12713422123525153 0.3921427520262889 0.4124114675602591 0.627472517216592 1.0927305425216611 
0.23904699701724597 0.07447486199656614 0.2949356748308082 0.46226484281251196 0.29162174132625596 0.08479198131523137 0.36825990816976906 0.31281129688632126 0.5238619035172819 1.0659026967354017 
0.2451340599405416 0.017849268284398402 0.28715882365965734 0.49309480638757747 0.3114815038633396 0.10212572016336822 0.42408122345274524 0.3084539585784697 0.5103307734277381 1.06914079522805 
0.18181201489778231 0.04200415810629821 0.29983226544592584 0.5588369069041015 0.31509360641588274 0.10397034801036317 0.37443133578028465 0.35764365213973204 0.5739754129162499 1.0818040178158792 
0.3131302142431211 0.02051487434995812 0.3417412800409404 0.48257201575619746 0.34866982231780236 0.13093564528522827 0.40010340443207404 0.3204860733996748 0.5369201414122597 1.0767774726227546 
0.2211473755196822 0.04452058394231862 0.2830386192861656 0.532509544847061 0.3619153520831282 0.10831298567613024 0.3581908064429105 0.31484370876937695 0.5677089076538383 1.074063455031328 
0.24007988108212855 0.05532644913321085 0.2965553520822201 0.5673246592561485 0.3544161289078386 0.18242122269031946 0.39078260757569516 0.3078975289875513 0.5263693371027116 1.0705819849273952 
0.3267553634503692 0.0828277335859628 0.30254221590224667 0.6583121546926652 0.3964003786170945 0.1912915479593376 0.37557290447470254 0.3069018467949819 0.5312236979123436 1.0883539651113265 
0.21273757941270652 0.032968274539068504 0.28009739395192895 0.5547696450744518 0.38173596519904285 0.1055326539560652 0.3547324819556873 0.3078817388441943 0.5828393816833862 1.0755386350475458 
0.2739716138122712 0.06606016913366404 0.2735792715578808 0.5763049981863642 0.36545910700593576 0.10378658721233336 0.4550004664281024 0.31184358143169094 0.5808421556934578 1.091230619977037 
0.23514211763763979 0.0628749841810879 0.2876807748126726 0.5506200251241198 0.36001472156579645 0.18891096703751453 0.39795407514782605 0.3080762567444436 0.5277545003049401 1.0914724213852756 
0.20539075002902576 0.07265736786434382 0.22771481811576333 0.4637195610135283 0.6193132711922817 0.10510987262928018 0.36820816614504703 0.3480289459983907 0.5948822186213563 1.0822658683218653 
0.19659481661350994 0.09222809454177207 0.21586685267521186 0.4551536929755828 0.5433396830054366 0.1178444863104266 0.36578179338793504 0.5082291859853902 0.5676219337612951 1.082906760594905 
0.22507758126447883 0.015703156614034857 0.2541048853884823 0.5310894744954046 0.4703978140972847 0.13097836696088755 0.369483701054777 0.3073876525312996 0.5761039837207843 1.0673030605359912 
0.170399772113702 0.01411584923819753 0.2494912202018134 0.4643776678236296 0.42401283738184586 0.09057617889642344 0.35772094209386074 0.32549913767075456 0.5474308846078263 1.0766007398515192 
0.23885462376540556 0.06764759959463185 0.25543800586017956 0.5994632296708503 0.4849877880606516 0.09572728560576266 0.3738187296821095 0.42668383855056874 0.5254067186344121 1.0904432053240984 
0.25345097502065805 0.0896511462665543 0.1905819993091063 0.46297646412212706 0.41428190497752354 0.08825734701190005 0.3723036710297232 0.35911799632864355 0.5541400639245511 1.0639390065067742 
0.22749780453096077 0.05404621424296846 0.19542130808305744 0.45550194896028645 0.39104384196675424 0.10157501921265313 0.38887965484385134 0.390750595190547 0.6248703654350237 1.0900129915557877 
0.25514251872330435 0.04759807267488701 0.27888584144368106 0.5442684972823467 0.39856117350715325 0.08889923748507747 0.3950525959183275 0.32330608317253473 0.5529206136850512 1.075954148015431 
0.3272944239346282 0.06359194376179542 0.2557912593027876 0.4701821382059549 0.40339325523881736 0.074834111425567 0.4299262172979217 0.32384383923646237 0.5659240236848051 1.0866143446406222 
0.21797894752347435 0.018958938466315554 0.19628477667249833 0.48895492605584234 0.3535767925869946 0.08113847424945887 0.3749570613168804 0.31198079715357707 0.5220412034175616 1.0787256943906551 
0.19618994684577032 0.07945130576829551 0.20814236779093184 0.5518198145764617 0.3098925255098331 0.3350421202012395 0.38256342057197246 0.3648757681199439 0.5731821405675127 1.064255742749554 
0.2745166541246087 0.06760243529747041 0.2583153567963399 0.49157669725594266 0.35064533570266077 0.30700233799780263 0.44374435501222553 0.3134077080912208 0.5142370197257444 1.112643313407669 
0.21228259903381358 0.04446916511429998 0.21915242329321263 0.4882817537155001 0.2950729370965185 0.2173965807562212 0.385854818071866 0.35570410521538665 0.5868202561141527 1.0749693355976493 
0.26909879309256324 0.10599610267234563 0.20543442667797293 0.4882595176047734 0.3550730265733467 0.2051945094892098 0.35985895822193537 0.38484652398023594 0.5881911528430708 1.0796278079506527 
0.2415837614090152 0.08035489019024314 0.25182572273596926 0.5089881628460321 0.32187020191151994 0.1752634459152257 0.3569519447679924 0.3339525445760959 0.5498113807770053 1.0730920921465783 
0.27033920790011656 0.15526669897674583 0.2862118600118809 0.44673488501932607 0.36981787671457783 0.11111466431191838 0.4395445109611691 0.3267023973556178 0.5884317675028676 1.1200439337169006 
0.25975274408466664 0.07713511652249903 0.22066573728662975 0.4851738664379848 0.30958478662177696 0.10230257112772523 0.888955666961298 0.33028495174000955 0.550719371082733 1.083790065485998 
1.023030193599339 0.9398615757631471 1.2775990990770933 1.4046760098344855 1.6729842088304634 0.8157641958578616 2.0547920082104807 0.8683920798454414 1.370911704655124 0.9458684382112822 
0.2035607213081523 0.01922648708296896 0.27161128977775506 0.46943489050326287 0.3701043142703618 0.09231398614898148 0.6393071523736168 0.3039036672224466 0.6125301135020075 1.092639494808986 
0.30143833573466067 0.09462678746751226 0.2047186786032598 0.47717787534751205 0.31664785652033284 0.1592271743707491 0.6248110476700716 0.33693523304580053 0.5422480494038808 1.1012829190110596 
0.18301560902808428 0.06517122541198997 0.22693218717921643 0.5824304350137881 0.32963451697315393 0.16422154993872648 0.5164100066585195 0.43338490373976535 0.6467689059946871 1.0889620631898098 
0.2173857230961429 0.06767909275764994 0.21909469554644148 0.5624424628481999 0.2978348557903105 0.21331157077862387 0.48818049447840944 0.3112472556851238 0.5319644458274984 1.0691295549880526 
0.2298417315871698 0.03331652660659336 0.20980427727422 0.46749004291560947 0.2958191383167818 0.13872103765243132 0.45398905123850586 0.37999198449965244 0.5328918949639295 1.0967385116993165 
0.2132840389995491 0.023149779462885472 0.23323474456939622 0.4552867536561475 0.3011677394051789 0.09148060831471151 0.4630664170404173 0.3368063292127563 0.6939453213931823 1.0941927548384136 
0.20957818684714077 0.023423274200032186 0.27441437993674195 0.48184240254066174 0.29311149257788555 0.08601641901413558 0.4665915406508253 0.322926812320702 0.5542654258488924 1.0644562398992174 
0.27889724405440314 0.03251200438474423 0.2193510183131282 0.4905456769122571 0.30022058440334387 0.09470319809723729 0.3809870217706709 0.636408930146046 0.5577096881421819 1.0901474296786566 
0.19796225154260894 0.030651202377069274 0.19768198644348342 0.49597977759277473 0.3726396104627297 0.09330999584175054 0.38292592298274764 0.5079779712429592 0.572256106092809 1.0805968946864994 
0.22302118918494634 0.12255325859718819 0.22059580718543673 0.502140803043271 0.3697423540899074 0.09596544972240825 0.36482098119208384 0.4849319936540003 0.596145827743759 1.078080747708549 
0.1816660337630501 0.06769144567774298 0.2077371453576815 0.5048715562500582 0.3027682277006817 0.07651712358680657 0.36846973885517253 0.38534297611129587 0.535006478951508 1.0774898945523836 
0.28672062023839173 0.04015689691879572 0.23879069015332366 0.4569412822328154 0.29849376627418106 0.10495126302219202 0.4026036511655043 0.48601139104516883 0.556935229557013 1.0996050476163741 
0.2569059206133823 0.12077119002531933 0.20752669912061247 0.49728710043538926 0.3638214548927567 0.19270140992715012 0.3671594811899409 0.4257480543197437 0.5823660770148954 1.0878111428465522 
0.18846469799940088 0.03667398608065763 0.21271237550241012 0.4658360271965373 0.2983744216709992 0.1692618041702915 0.4078315092438882 0.3879072061652525 0.5463858266025095 1.0858469125586538 
0.19554738913390832 0.09380353864954194 0.22234296317276303 0.6431404783130086 0.3187876864493319 0.1687695716636195 0.3549117013318007 0.43165706836299034 0.5918906143850248 1.0828390533951722 
0.22472325109948998 0.07552286146333492 0.18004100651113242 0.47653066389795284 0.3036890295472624 0.20444223844110132 0.39094121192713926 0.3971566039668709 0.5865685053772672 1.0887312947070653 
0.21021981931625758 0.03936153100893253 0.2874404090470277 0.47947719430927344 0.3064606904184374 0.09103819395453505 0.3684057872632158 0.37697506862908026 0.555788687373158 1.0677293581086191 
0.2198629194802475 0.017104260365271046 0.1930519894639383 0.5005811373593944 0.2917941809196466 0.09278799395958956 0.3554394931918315 0.31523536852761225 0.673254208127922 1.0643118461026386 
0.23839898690077616 0.0755950683952395 0.20211286711832063 0.49004079178162213 0.28649158627943455 0.1882140983820208 0.37335268708460995 0.31902816203666395 0.651424199585869 1.0713090353083812 
0.2442309637985898 0.08277062712705394 0.20537488025020462 0.4669191145153468 0.3055911468860716 0.09262496350281957 0.37691163834761177 0.39812432205752946 0.6118511357275034 1.074187524461569 
0.2191312877144471 0.0657224944864884 0.1848285425073223 0.4821960637259084 0.30039662531969963 0.21642039905464983 0.36922647349815885 0.35090460352822983 0.6186441508679472 1.0672394804069256 
0.1900058243370825 0.03671260609539964 0.19335283299918185 0.5329328579111576 0.29641428596964636 0.12009472460188508 0.36736392278777896 0.31184486086379587 0.5952853280362936 1.0716451062143921 
0.22129761699212752 0.08314595371975878 0.19993580262467314 0.4543136278446304 0.29861549859211434 0.08251028027901447 0.3732299564911571 0.4276143889691937 0.6053211337456865 1.0782769628697213 
0.22894072844361407 0.12469226815657243 0.2144323068743209 0.634004667391209 0.3540445207761729 0.139429263652791 0.3523862757459324 0.5091565908060476 0.6676227596468396 1.0707292435598634 
0.21364663759326558 0.09531782517433628 0.1994236441345391 0.4587673484289555 0.2994964138051594 0.09590061536036729 0.3681173768961324 0.406501418019653 0.6091340346892897 1.0978920210621204 
0.2173329589237991 0.09706528976640201 0.198628648125533 0.46261725040906554 0.302882316527825 0.10412746514121948 0.36747677501966647 0.4190571768909083 0.6081847508639378 1.0956612785312536 
0.18556302202338026 0.04167827785230595 0.219338545628961 0.4626014508315365 0.3019528261230394 0.0861082766681164 0.35519883368103794 0.323935854718716 0.528787324858609 1.1192933784391617 
0.18855496368537394 0.057298450067618856 0.21659908850246137 0.4854588513356788 0.3259415847456102 0.12154093902574489 0.40197059173581373 0.3153459675210162 0.5257388109721949 1.0668291150768017 
0.2134167420729437 0.08917130652263631 0.25345126830304227 0.48823100496333516 0.29630318133406064 0.09038478435637642 0.3629782902853119 0.3205992937747132 0.5625427089857123 1.0695014977980228 
0.16922940566888667 0.06220024211844029 0.2693733237519852 0.48404864618070387 0.29634575719017564 0.07975468070470262 0.36641017575861673 0.3619106698239045 0.5398640625697531 1.0614685642231827 
0.21440768712934818 0.0907048316841021 0.21947187782686697 0.4822935134092461 0.2921708835053518 0.16251377401978934 0.37828001188404825 0.3288595730199853 0.5291102265425495 1.0654737048025087 
0.2003662913271013 0.08185138501842303 0.1911614562538403 0.5788379724291522 0.29621491215866624 0.0774597581323524 0.35290097376533924 0.32472832028789805 0.5540889108926944 1.0704327000359697 
0.18566925319729655 0.024434807549235337 0.27641677659684166 0.522849799879379 0.3240428153984268 0.11201975552102907 0.3616428438513638 0.3026658061040927 0.5685959798957809 1.0708124542680837 
0.21244295629277918 0.02161962657209686 0.2883203855335603 0.4841665843107299 0.3301651441392218 0.10322612943430196 0.3696710745705587 0.31699941155892064 0.5350186161877456 1.0642129686518658 
0.19162793668219302 0.03807971075055515 0.1920553069022986 0.539176084441785 0.2968370254629077 0.13753800042216258 0.3698039267533859 0.3226214147605678 0.5879718015247761 1.0836499529805406 
0.23965436753533043 0.032047492278801666 0.19437218255764613 0.5824612922879053 0.3711908046690798 0.10767807833462162 0.4541591684560155 0.3228347221006693 0.6003328419011462 1.0967064517695482 
