1.6749942324249825 1.665707147519857 2.0491051698758946 0.3591219366917463 1.7610033891427126 2.187600449192458 1.5018194887311567 2.486597148226106 1.2809421483750918 2.263418107722848 0.9364300870394048 1.1098585217452868 1.8958843501164655 1.7978948292214345 0.9995108384113742 1.1950716742362781 2.223725295426134 0.9384596913776299 1.8339714808277252 2.1364282847761404 1.3117920261262814 
9.196787796739475 12.681689640335316 10.186096422372211 10.49882445779601 6.316070161663967 13.884175370989835 7.675247623756131 13.212195225809722 11.6977258591182 11.002376475316971 13.45220899668528 14.74917507820828 17.109935590390947 16.69065208046044 11.516341912583124 7.943327378835569 14.289761703305764 9.388952338530345 14.84082505897141 9.85008673778992 8.287552827829911 
1.9328937894562155 1.913301208854602 1.5177662434866925 1.4500913570399938 2.208553843556711 1.4600225183295454 1.7853180203641483 1.637465355895731 1.5471058239769542 1.306874529853975 1.7476291388424032 2.428509543332212 2.007472601801387 1.738582147258935 1.7961849614330223 1.4906068844476195 1.2696928043217037 1.361333370399118 1.3925792358191509 1.2216676361686505 1.8203273859934015 
85.24344609751026 232.51565367123098 242.04048213147635 46.111264219899766 223.4530551521853 74.7990125227659 74.33681599913622 56.15711142216504 55.88372704712299 187.29065700022247 267.9676269264556 214.0619422390007 270.572863543709 225.56394060584887 261.0592743088585 76.9216196323255 65.53983113411753 37.59512920355402 209.42903277055143 138.4167734844057 176.21497247647565 
0.13187353391479334 0.13653793070356485 0.1392617775409643 0.12368623385713501 0.15322707305668046 0.14710062367622798 0.13999066564127222 0.1371261785535832 0.13540903014399042 0.13307355099960128 0.12227255311106573 0.12997215655245478 0.12246369553123233 0.13553017866458675 0.12322764123863625 0.13476942612229473 0.1241876514964916 0.13499864432008898 0.13328971392234315 0.13618203026551298 0.1381993644118843 
0.24257158542574078 0.18918506524619336 0.1905622120380499 0.22719084760919678 0.9735989800620766 0.5905935106956652 0.14503248487192083 0.16465601603539484 0.42471381746745723 0.1769744110563145 0.4274396138395403 0.17431292028637796 0.1707347615177763 0.1706492270008153 0.15969990050926194 0.1751695126498884 0.16599303414951863 0.22899968087573 0.23471821848266916 0.1765735345749868 0.16768301912945022 
0.4811614863272002 0.32233076568365315 0.48170758649824535 0.6931357187287407 0.5217436920400499 0.49292345948219324 0.3364476075530043 0.4969668985700812 0.6942946310299044 0.7533485978111064 0.37123238969827393 0.7184516965484299 0.46939864724063934 0.7000315518188064 0.4741680609419827 0.8160954420259829 0.46359003741264726 0.4748588738238161 0.6799022088014212 0.46749459272150135 0.5354065776930901 
0.9206804661548667 0.9130539572568724 0.9357401976327725 1.0283536976583119 0.7839485116656951 0.971069119127396 0.9087962754373962 1.0143350944893517 0.8780703834209197 1.0927141194569545 0.9736157314007525 1.077501925758021 1.099832483678951 1.0409271860308567 0.9124531018138895 0.9488165573959065 0.9135419893367627 1.1018466787839967 0.9462233196528788 1.0543644596685942 0.9603198331665065 
0.14608118814265394 0.17942800780743237 0.16878327290416156 0.22501494671800526 0.14316012568313313 0.29670443540904917 0.1894227088604493 0.1567417724428482 0.2000688886877156 0.18680388868559938 0.23399576977210826 0.1940682778085908 0.14734503262444493 0.3061383838373185 0.16896253149765228 0.1716193436411437 0.1693664573801127 0.1575445484571327 0.1602412639795156 0.13713268319982558 0.23247140024738677 
407.64600637488263 393.8900175004166 31.717719434380108 193.55999834633243 365.8778550958027 374.5013988961053 50.282887644304544 416.6891799381612 349.32399141259725 436.9112809571224 422.73797060108524 392.7205011921007 429.05962386792726 355.74258837186255 400.2212105743148 107.76917491982853 399.1978779133818 400.9986678525717 12.926271509145446 393.96958176564925 373.27099417642313 
0.5693229181993995 0.42876391789693336 0.42101183481597193 0.4323174539299712 0.5094459649108005 0.41118253083894474 0.39262097144893787 0.42999748726087644 0.40006188856085007 0.4665616491004141 0.45647281360459113 0.4555836636658782 0.43195487185673076 0.4217444302239449 0.43905652223988784 0.522076117187636 0.41006605628936155 0.4280279173877534 0.46426126219286185 0.4497587009814489 0.4530838430220414 
3.75009108562037 4.603288483111243 4.301184919420532 2.733016755885016 4.670809693797493 4.7620969103251225 4.140064114775385 4.125249631243035 4.385208095557905 4.194146911809499 4.84128121765015 4.079088164032671 4.171567874068415 4.60493702318591 3.6340102112660384 3.4563688203144185 3.778228103843761 4.461369931080888 4.185823452168336 4.017158512255342 4.409067461667866 
4.376098992757716 4.402579450763235 4.112413499986264 4.1017392815621205 4.342547378254787 4.7880835845130205 4.373588253948311 4.662917363582042 4.608398062725163 4.225717328504279 4.252056877511623 4.407690179134001 4.138582566842369 4.529062990398761 4.5772058214161895 4.492219557174554 3.8869488402916788 4.750602687099514 4.357636484626104 4.203173024670289 4.175622029815352 
1.5856013537762634 1.2133408184122738 1.1243218681396754 1.3844083793338884 1.1218764081855752 1.4853524695407985 0.9800753247174712 1.4132503312619735 1.0969405418623523 1.181603434057298 1.3362367671516358 1.1727076542572938 1.0983820327825902 1.2402372582836911 1.2146084351952273 1.019020039855494 1.0349009707343835 1.2144091483647994 1.2576835404822473 1.2437878589938711 1.2288635321556023 
1.4641459501231138 0.8461984365287851 0.8465254280523973 1.527676351465492 0.8644222474698019 1.61539984453389 0.8580085322018206 1.518618832927234 1.3301919717158137 1.1208684608300556 1.3022786865722897 1.444040202455579 1.0025292047264334 0.8434011705013555 1.27536483574296 1.1308217582590647 0.9341882971321998 1.3798143004583918 1.474359859607122 0.9679357276268226 1.2080184910918317 
0.8217061137139076 0.8284431890362945 0.7718473992312224 0.8829041628260248 0.7811088111141085 0.7505786156119906 0.8464007078147179 0.7959920561791082 0.9175506801504174 0.7919778510375172 0.8300808468257841 0.8245906832598582 0.843985400152929 0.8781758142138527 0.8136881968914672 0.8403991324227734 0.8238516825972578 0.9480664155647599 0.8767766068562067 0.8871760116740931 0.8176102354109454 
0.8564905078472927 0.8819069133946085 0.8366891484938781 1.015414495349655 0.9412138168921245 0.8577169428897717 0.9468420488653516 0.9506092822187299 0.9588679292463461 0.89362554493228 1.0424204079544344 0.834051709325258 0.8534461995471161 0.8927984232632264 0.8420656613303656 0.8911919368536032 0.8015208381918011 0.8618364324284946 0.8161469449668738 0.9200317246019805 0.8865532947614435 
1.0868703416959722 1.8806111394269494 0.8764782910285418 0.7025989139176695 1.2244004514122317 1.2548124179701097 1.1894187721732827 1.0068143769653723 1.584502587723804 0.8742678260140178 1.2834277877489482 1.322924918334429 0.9724368069303551 1.1440558159567547 1.2099824536100046 1.7562318953655478 1.2507212453634127 1.3293038394336587 0.972424311745264 1.2584264527842997 1.3049844466875102 
5.797644587751118 5.023693930957061 4.706681360125889 10.09370091815276 6.8980523503018905 20.72169029856936 3.947037281419503 5.480018532685179 6.241182225277854 4.346094529439587 6.2265765970114835 6.473855410837388 7.430423133213509 44.81827405178153 28.2581536297699 6.083198486218866 6.1784605552862235 6.539448986572225 6.4218478824445056 6.715776891088977 6.686036794324554 
