752.2824490128886 0.19470989572056424 29.197732356517488 1.010349308770097 37.60055490971614 
752.456779515176 3.8421760990921032 63.903883733241486 1.00556114061592 37.6155090814584 
80.02422144727286 0.059610721099152525 29.36056327457262 1.0241066208919631 3.825389044674378 
67.3042417023515 0.040817951585500056 32.80230821342989 1.1927648787925662 3.849026495997543 
46.07866798772747 0.4988786139908571 29.356693269417498 1.065933726757371 5.404623329461782 
33.023348700224645 0.621831210611047 29.07039826835826 1.022591246571734 3.526412730344326 
34.947403424286634 1.0339532179803315 29.079513089886614 1.0208312324485633 3.517909559941819 
28.44045958522 1.1670799292842684 846.1002096224956 0.5442743143830864 53.63829320492191 
16.623072424685482 0.2073739268749989 29.217268145526003 1.0095036519214022 33.071741053173746 
104.36850447604151 0.051108347808913955 4469.446696030157 1.0396710931107145 3.955980429548951 
20.591565054092065 0.056610352995418084 787.1089999030603 0.5690113363487421 62.469105100212964 
11.05536607183562 1.2971858887456718 28.92268823402195 1.2222665371326893 23.895551863360122 
7.813483663102541 1.39702757841803 30.03517543938311 0.8567395590119544 49.84796391771355 
5.804360644672966 0.13920946434123782 29.846035305003692 1.0144393043513464 3.519219212815828 
5.789300992131973 0.30665043450348234 30.013976145742333 1.0155002974110312 3.518754331878447 
5.756271860886791 0.6853214603186165 116.31714729543599 1.0139057904063875 3.5150369239039834 
5.810606561990197 0.45209535815025476 29.21747716094871 1.009515975961111 33.58216205974588 
7.866516819590446 1.4558760803329116 693.4262656039648 0.5345095351888873 53.65220994621087 
6.730724598659677 1.7716030776951082 120.30481193012874 0.8746169538341266 43.44854586438638 
2.57228122126071 4.682058823771829 29.697650002446167 0.557068093919354 53.467689663543936 
104.47602281691121 4.062764201998538 29.411675770593437 0.5497854090404256 53.64256855218363 
7.86652956273055 5.978967148622253 829.6735260103004 0.5532285839675543 52.18604735837755 
3.1343462590168776 2.4483390285733315 29.27599945789344 0.602712722892149 51.12993753744121 
104.60846550011634 2.6783268650405034 29.345103728447647 0.5437646253207113 53.65098485775297 
29.401924404421948 1.9530353459310597 31.8948984494742 0.5320546936585159 53.485127881422066 
7.86220687527619 3.0957284143254253 693.1014247033147 0.5330108679197182 53.65107104053543 
2.746097271073973 1.9821840697177817 32.90688993046352 0.7968246767973339 53.62869524397901 
2.5608179419500536 1.6016781514038307 35.75411090255091 0.5338041431048982 53.84443384525289 
2.6266763511407647 2.7253292660861796 33.55160850408512 0.40757356645032194 100.01184416336133 
2.629513714608098 1.9830150385880105 29.540635281155982 1.011185266675099 24.34927490082714 
2.7165777825816417 1.3665372268517915 125.30764015410469 0.6071783471327747 53.67490837130126 
2.7066126337593657 2.5060178960772146 274.03687596524435 0.35109888305779013 113.70331062536167 
2.83888492212334 1.298533851172955 30.248427350958885 1.0181988156856738 3.5174039949678533 
2.5608179900716532 1.2175283947016142 35.75438174653205 0.5330530015555854 53.84443384525289 
2.645262474096116 0.06581821201358339 4578.289416277914 1.0079094042646337 3.822342311917608 
5.756957531659179 2.156800283731499 923.547240192371 1.0192260481335498 3.5063096046521305 
2.528927147564581 0.08834987717780363 163.16741414012165 1.0201628878255484 3.5089394522731654 
2.5284043580977564 0.9588420379283609 162.66342592688335 1.011951120160176 3.7552798135682606 
2.634503174665533 0.06579521933510665 50.14195215336869 1.006467526679996 3.8268561328923507 
5.841157455579156 0.29987049747268607 115.61933902890546 3.073826524819877 3.4883036687815903 
2.6744106940054446 0.7244664858708316 49.319005888982645 1.0074752270009986 3.519344396409383 
5.102015550304837 0.062361692763987994 32.94947991135092 1.0190270912947343 3.8190996181886265 
2.555170414076018 0.08424594851266755 30.656886938123915 1.0077803554700207 3.5194323773377354 
3.1942815151537403 0.19937055025839434 30.61312425666143 1.0084123575938642 3.6590430894945665 
3.1936751951251745 0.9427397337603836 30.723244263928393 1.0179375711183285 3.5153041218844208 
2.5606804819498703 0.9215110984816132 30.59592384218873 1.019975449382004 3.5131963058647466 
2.5616407596335597 0.31048243208982257 30.439916181485888 1.0209284975926591 16.692826492472093 
2.577198819444878 0.04582427654222631 30.32645382606218 1.0257315394146524 32.40037999895333 
2.5162723982866844 0.2834836075359488 32.48853358911872 2.112687546639747 4.864641855648188 
2.5593857807746443 0.7297969057014502 30.222803775290043 1.0077982344926268 3.519344396409383 
2.6125172748346537 0.044141228648764 30.5550855292257 8.267047509652812 3.5353487819939007 
5.812934559326596 1.2969391477761818 29.225073384602517 1.0074408816265386 33.642850023775516 
5.838344094847139 0.30683498754709304 29.882967388850044 3.05550648783412 3.51817097889933 
2.5663110726789884 0.09115225378282263 29.78404168530498 2.0539913561953886 13.22461024182871 
2.6159477033395637 0.23746531302676 29.587197607664066 1.0407478064495173 3.959867233221251 
2.5798132208668743 0.5765448793369264 29.202441603189058 3.2035415814922485 18.327718764667605 
2.824052696372229 0.036443337289430194 29.400717157347664 1.0116879258637508 11.65245513857833 
2.588248213072468 0.14698895984616692 29.25658559064384 1.021061268972876 11.892515942167828 
2.642246659604141 0.2745016585113816 29.520598883526407 1.0201652562223091 11.641608013900614 
2.524038842542009 0.3716263268861149 30.036690726285943 1.0145024148644066 3.534322883120899 
2.4533810043730324 1.7848551984791938 29.178929127495465 4.236146037604686 33.240805450084494 
2.7100567946999883 0.38486150163472116 29.369218232613452 1.0101415941591627 11.659565753456214 
2.477727024186461 0.27243959814415913 28.869262098656037 1.2264423625862624 23.862429908647528 
2.6841090517565096 0.4937204062332864 29.516390272577663 1.0064361009310085 11.599192994876574 
2.55818812016111 0.586797239405081 29.95598850659733 1.0576155091694595 30.90937019214899 
2.684671867895993 0.9317038392846543 29.525077239562112 1.0063686049208023 4.593033263175728 
2.6294962368798007 0.19789125043124225 29.223289300798857 1.0103811551490398 36.03984073784252 
2.563482420276123 1.3228335898249106 29.52402413449161 1.3043980248254181 20.30079531904068 
5.768021114842791 0.7193295002024542 29.231936139094273 1.0166049715797563 33.64476073113521 
2.5829210572867343 0.9486844636744263 29.66308190101046 1.0239525436404584 37.57069055943933 
3.3475635306957257 0.13305297300514898 29.160970070296756 0.5412773979319173 691.9345574575491 
3.472561044327705 5.857214233759662 29.68821206011011 0.5417973591835664 688.3305465748682 
8.814872494017411 0.25743827490416016 29.73865733666307 0.5299796451284877 53.84909260160857 
8.724727012937395 0.14788096996495076 105.49393979478562 0.5367353615437231 53.84909260160857 
3.3925462229786736 0.49914286670995606 29.07476814909341 0.5518473396720783 53.46768829546269 
2.7441346402667905 1.3168597200325483 208.98972126257584 0.342208744153148 100.52792626132687 
3.3255724785435814 0.06674788583727782 30.328781279311393 0.5853434285741699 51.483628265771785 
14.908454549313316 1.4836982077922982 29.488789315357046 0.3303355245298003 99.42582803985782 
20.572420060071696 0.06814484459058524 201.65290282805705 0.5488638075378071 53.62760026503818 
29.38244916390708 0.7740361577588514 30.565186416420016 0.539936740026276 53.493531944653974 
2.6952196259946866 0.883602621915049 35.75777297178996 0.53348640167275 53.84475103170704 
11.029233350232612 0.27876911611085425 28.653683770515368 0.7733324959653658 53.47121014570229 
20.571907384271302 0.8217778796577169 199.23086742669906 0.5485361676118098 53.62791520600795 
7.88091697339437 0.6066469810855192 693.4338563535848 0.3530772610734751 98.9995856723547 
119.13559411010026 0.6700251368906538 55.61251434209952 0.5342798623320016 53.84338290437428 
39.05736392985126 0.4107514249673031 29.26538523948482 0.8306618133696829 50.07214553123998 
129.21582363943642 0.48426947158637673 32.11640060802641 0.543120811918802 52.708305164261134 
3.3498641812741394 0.6843153214439748 29.82848936872048 0.8222731019324723 49.88267154688185 
2.574807351132479 0.40156961676984765 30.688011069726336 0.8755604723987911 43.34894825468492 
132.780545105937 1.1705976570326961 29.323730319111196 0.5445208285532552 53.651042240541535 
