141.48451485739176 0.0017163500103126522 0.0010083588726452568 0.008655260614401885 9.696445193684428E-6 0.004403350075406259 7.146355908833423E-7 5.931424734030992E-6 0.0014659010873706458 1.4819158678970064E-4 
1.1050041064334744 0.7533454730830863 0.3579353223960119 0.46025745700579235 0.032327810703542494 0.36772343826603215 0.0033423144947567493 1.4424937132060036E-7 0.10379818160985378 4.072154966593479E-4 
8.477450871524947 2.2035871871160358E-4 5.6729197638048375E-5 0.14692352237815587 0.017721043487305587 0.06659598623480038 0.12195288589473566 0.07430004140866685 0.0013074102979420104 4.547569505919576E-5 
1.3648392117533987 2.208692560555906E-5 0.10299453017861165 0.20081522894618617 0.011336578623379666 0.17420045007997767 0.0012121920660681275 0.05387245811969101 0.12972056232527368 9.324765448186913E-5 
1.7759484045805067 0.6394873898571454 0.7417453908017939 5.496392243420936E-7 0.05442467451838709 0.08420997745083961 0.03058720056778166 0.018261032799433637 0.030460540155716743 7.588412935007134E-5 
1.6782809529731808 2.354600536143329 0.973871437990062 0.0 0.005616591273286457 0.4752691326935571 0.0018593075626557667 0.03170190845877322 0.05832201334317232 0.0 
0.8321959343352858 0.3880191347609843 0.2994500857310612 0.24536189738277206 0.015283877490656073 0.015238374684579203 0.012848190362705734 0.036115443719018855 0.061813178344405695 9.269534848959227E-6 
2.1566645662765214 3.6757725414752063 0.011753039985609904 3.3135270507471866E-11 0.0 0.08818633384613671 0.01795726057496097 0.13873805610641582 0.25626532065375823 0.0 
8.660935764189748 1.2214765936885001E-4 8.60674388200059 0.006244290909473508 3.950349558379696E-6 0.001836462130825309 6.279644098433285E-7 2.747505008339256E-6 0.265201696441386 0.0 
0.9390558190184203 1.4332931222984098E-5 0.06736808758422035 0.13333369626474895 0.006972686713393049 0.025315287854539126 7.139480452679317E-4 0.031015488522310588 0.07174262503411252 0.2805659700751514 
3.8006107347100516E-5 121.33190467359093 3.294178568754955E-4 0.0 1.1121866166312668E-6 0.0 2.4680769834899397E-6 5.290683086681062E-16 2.6977490832720996E-9 0.0 
0.6662731241312387 0.9605323871684719 0.3393280860487477 0.11456177398045404 0.008171506494262775 0.41764092159619887 0.014538048208852952 0.066382692059902 0.03983573340049639 3.5283001134203565E-5 
0.015664996803247778 3.5773267188394726 0.567663984803736 0.5634457101615886 0.036773649288556004 0.07527422214972486 0.0779525693326462 3.86215202232661E-4 0.12330982785325946 0.0 
1.8213310396388218 20.193605868112872 8.04450603742582 1.0312958115160844E-9 6.004187974173911E-11 3.609590916185283E-8 0.0 0.0 1.3838846631488395E-9 0.0 
0.6544369489867524 1.8181991298594065 0.5274535716269283 0.44283322206614395 4.391404385728777E-5 0.24050174619346862 0.06266980067557086 0.10132872984377382 5.152554406291772E-7 2.1370207984782282E-4 
0.0636316587024773 0.9759888550910433 0.3313058469753113 0.34817128643945655 7.2726148731333405E-6 0.15109109433511606 6.23855325325278E-5 0.008808762568985386 0.09339574244476331 0.2897717924677074 
0.11235187857112774 1.9344841488886069 0.3617473786478318 0.16368448603859795 5.505370103047004E-6 0.2411419228929995 0.0010143534146883776 0.05125780932383305 0.09453645563580568 0.0 
0.7139944738994496 1.0376819123774403 1.333255701200806 0.6033960673973789 9.104140815446328E-5 0.0254060938688778 0.0053997175775245656 0.08792733085004498 0.0636399337672933 0.00583369527839589 
0.09674709685313988 1.4192029530748034 0.2160339743025838 0.19860737296363984 0.035842686902649384 0.3115022383364152 1.0164538559722366E-4 0.004688650501829429 0.02334693481026959 0.3708354066588802 
0.5789114234987943 0.8423120714047521 0.2577699739377484 0.2393813835672203 2.263724018897406E-5 0.14235085395153957 0.018430407572922074 0.07039948275284935 2.771788520718658E-7 0.26519744529631467 
4.345631927337468E-8 4.6834650695102706E-7 58.99083562233382 1.0281397652720756E-9 6.364869416649465E-11 7.677486283527146E-9 0.0 0.0 1.7084650467261625E-9 0.0 
0.9062521583058523 0.377239585972338 0.46633133616288125 0.1002508828488994 0.04914606897677247 0.3227073109562759 0.024883531069273327 0.016312214758873747 0.026896544851269636 7.539386233691353E-5 
0.6212838055484852 0.24031169976239672 1.7042560809899119 0.36564621135696057 4.0853311635772355E-11 0.06263286404205755 1.7781692674954514E-12 0.04407518011536415 0.1239150264952427 0.0 
0.34597949605244305 0.15252848334278118 0.9502239170619406 0.17930816899684018 0.017389508835701697 0.05650599536927037 0.0 0.033028812328653456 0.11877529493365846 0.0 
0.6002615645806284 1.5118504004328608 1.2435519879305355 0.6793016291327032 4.08579918613104E-4 0.1348605328728343 0.056566100549925565 0.22003599307295804 0.0025820176057588205 2.1942259637042002E-4 
0.07394838541123151 0.09572407002780166 0.5181305702104404 0.19797203667729066 0.05586614498461027 0.08416581179425942 0.005388426003969695 0.04160136362388908 0.05699162122635344 0.0 
0.1372829537917966 0.25791746520759234 0.8723523950270119 0.45632163449713586 2.422877686432816E-5 0.37639331435228907 0.05903295206172427 0.015789955597642832 0.03756776840386071 5.141352058758462E-5 
0.0853049039185885 0.03355539913561534 0.32461321002435495 0.17198489240603376 0.030167267073287603 0.026779035756281662 1.9580824556545932E-5 0.030408255294437452 0.0582015653023982 0.2435719199569389 
0.11002871360410386 0.0735848484806029 0.45484344082573586 0.16671008899871365 0.007353885485391382 0.1316614719691013 0.0379978645985098 7.594426899083603E-8 0.04555710467815441 0.2812377552943112 
2.409035915828976 1.6638265403271897 1.08372060506561 1.1467387720653683 0.2004794106249752 0.07227377106324423 0.014748287102609317 0.0 8.399432205066544E-8 0.010356266877371192 
1.689430234794409E-64 1.151823660287786E-64 1.116724212699017E-64 39.7260414303196 1.1816822308436894E-10 9.847082160845409E-18 2.775732571407921E-11 0.0 3.9153834208620987E-8 3.847077443928006E-8 
0.21788175782369568 0.340290855177882 0.10070857082197847 0.4508787710225741 0.02415326016770055 0.2296499226536618 0.00188162162136742 0.05103378729382165 0.059803377817951926 1.0324149741886308E-9 
1.5326327543757963 1.6102036807704365 0.9058165735794719 1.0153598923016436 3.76753787309477E-5 0.026989490669726363 0.05696522752473701 2.9609676086837507E-4 0.05600741297045553 0.0 
0.18817748021909994 0.22895689995161161 0.13936377404376968 0.5388494326442939 0.04236179468912419 0.32950293863749225 0.026756128794132118 0.013746865022952642 0.030288354123286593 2.537669047550513E-9 
0.2431663712550577 0.3738601748328317 0.23403481342183755 0.3621330692157529 0.007294349967309208 0.16194852406139779 0.0013466821014794324 0.035277673297492415 0.1319233382754301 4.300029326679885E-5 
1.2865772586374733 1.5716795958972674 0.7275610584692968 0.6864128513741973 5.369466208344972E-5 0.4310546063799284 0.021634708574367743 0.0 2.422203809077656E-7 0.2804847242512588 
0.019615959918602696 0.6948951128307657 0.09009648796730962 0.5395767206118421 4.1405796583549805E-12 0.11932358374653881 0.019240593229234677 0.023320823878542982 0.06642122742963914 0.259462792243609 
0.030235158712813688 0.05765652344881313 0.016669170576315437 0.6892535500726653 0.1090298708271234 0.07875856298810899 0.02099634113445971 0.01157793661913485 0.025730892463020127 6.396988068209565E-6 
0.5096384125768216 0.7618346016803305 0.2999029175724585 0.537966015412481 0.0 0.4547813899681773 0.00438916360615437 0.016956876184215205 0.0950889644139788 1.4897042210591292E-4 
0.5684038266194508 0.4728360998081691 1.9445912545921271 0.7948246773004036 0.07780633389518017 0.045656258084054345 0.008949755996048263 3.3464893349915074E-7 0.05964403725060156 0.007461702116037555 
7.717401549027896E-9 5.521834740552375E-9 5.5312749530816655E-9 7.852459318457636E-9 2.337163152389169 0.0 0.0 1.3722415003756578E-11 6.676991610095958E-10 0.0 
1.0871198333905243 0.4765758360581788 0.2622431836245039 0.10370849197124163 0.06844622726214175 0.28957174922932355 0.03033707220347372 0.01696589850181633 0.03224181411483453 9.151994007322108E-5 
0.18145384694122987 0.08656069768605491 0.056889519388235575 0.04929025431521674 0.07927211401099975 0.013293371697565769 0.029718426867631844 0.009280866832051851 0.09398964800473031 0.0 
1.310501475135472 0.5807252015343798 0.006460690474448353 0.5222279242641616 0.10326991450639803 0.8946829651085191 0.0 0.022355901679187423 0.0 0.0 
0.12308966003539308 0.05708239424742684 0.03482558930832622 0.03767421746190663 0.05115546635521417 0.008957739576541493 0.013142153685388198 0.005896176873423547 0.0561844786272271 0.26957571719046414 
0.00963361706222701 0.1529614295152208 0.027102511558736372 0.08501448725838724 0.126157052691354 0.4056213541017565 0.07170111277937664 0.018519933380541014 3.788764205676457E-9 0.39548980253633825 
0.32243522710238876 0.1472481908884277 0.08882834915964165 0.12246920948851782 0.07377757036031404 0.04897421923831056 0.018861229891121392 0.12160126450801402 0.012197448376914843 8.195548537129785E-6 
0.22778599534177188 0.5361937100386025 0.2854988482679021 0.37401735837298344 0.05900761753838021 0.3147071161410403 1.237136411552598E-4 0.0 0.015338712533784677 0.3249587373923608 
0.07877916808704337 0.12216499902676752 0.08211028612894614 0.11271529234142848 0.03734489865805764 0.1524348192571715 0.005885647030488722 0.03338483402436116 0.1351033786230878 3.998132662322304E-5 
0.6270587126958862 0.28151280723479716 0.16744569673969048 0.0990175208051255 0.04567855480736035 0.5840232637635584 0.0 0.011744104658111007 0.13280691894492183 0.0 
0.0016844259608197764 2.4257810524182168E-4 3.4637620310685866E-4 4.5568694043565563E-4 5.7909965473547244E-5 44.08450714202285 0.0 3.178533028125645E-9 2.5590411992434E-9 1.2604823798796575E-5 
0.23192470742620047 1.5913290509962205E-6 4.3401788124953236E-4 0.003233686414890277 0.002126052782709116 7.925391286137061 0.1543067443125316 0.001087293250904307 4.48904031636935E-8 1.2048037754868854 
0.7203811752358041 0.2543886312166417 0.3844771482117593 0.362178816778716 1.1801455578864534E-7 0.8318787486437408 0.01866283280424576 0.0 0.12164041547239346 3.555262627255662E-4 
0.04075130410601965 0.6887056128481069 0.09593290976840699 0.40212713342282197 0.10187335749221664 0.7319451123383595 0.08808372740685227 0.02405855528294498 1.0518059310122366E-9 6.326186249580152E-4 
0.25239359944170986 0.26760016329010333 0.11370335978036945 0.06808982093330793 0.013238009687246843 0.1999092376459256 0.010559443191314568 0.052219872669154586 0.09529966918669665 0.0 
0.35721555358535056 0.17680220426044221 0.0830963904508271 0.1500029172409753 0.07519036730684124 0.6377772327982664 5.648173594002969E-6 0.23610991379685078 0.03535194158110678 1.2740223553730488E-5 
0.24304486930981573 0.5593344701648993 0.26718904481053357 0.42167552567830713 0.05151466878114922 0.34319839140260944 1.883376716490851E-4 0.0 0.020610981047668137 0.37811448800034136 
0.8318543066114066 0.5274486315533475 0.2801369873682141 0.07508472980586589 0.012661682970394545 0.35502301731794794 0.039313008239414714 0.08327493021290264 0.1247329693536774 4.177997311434333E-5 
0.2089577316848768 0.3144546166862872 0.12536122813557943 0.24641514636654613 0.008571294864482906 0.31954766301878346 0.0032220547121073477 0.011836034310936275 0.17630875186826467 1.5629076788391814E-4 
0.0396150044849974 0.0560657231165099 0.22221771249212666 0.13059405338362332 0.02431809574377321 0.2564034106580804 0.036929563809804535 0.011474773858553588 0.10102338782563387 4.561048573799715E-5 
7.139380148116158E-73 5.1463278123718373E-73 6.79838181489283E-73 9.333640895077329E-73 9.788634354199359E-65 0.0 1.9838356722675552 2.924591158542962E-11 1.1125799515566725E-9 0.0 
0.9071685000684218 0.4604217765136934 0.2320766385742421 0.27935707766678414 8.721152229178716E-12 0.28788379454044016 0.04325111179665843 0.07455911966733357 0.1012832694740666 0.00113013812977084 
0.44805674186044525 0.21175349497481882 0.10221012358089461 0.3540766692783537 0.015169140036799445 0.315638358277049 0.05417593385862566 0.06396703616106131 0.025055169492214594 0.001695512920859731 
0.18752828681028513 0.4578544910246319 0.2899023909135383 0.4225254929206881 4.592396975166452E-12 0.15203328563648505 0.06452291468365941 0.008717524540086915 0.19952841843752853 3.277964390784317E-4 
1.1471723467918886 0.31479778800892816 0.5014357222712026 1.5129762929024244 0.08268607085664005 0.07734672178708009 0.14668922562444917 0.06623294588920527 6.197007761261056E-17 0.5041867324899042 
0.41320551268116734 0.3503009288868876 0.13403296286205096 0.5745352835465661 0.0 0.35999081104496716 0.06456540685588616 0.0592084980187845 0.13674097059982274 0.0010031541872036179 
2.501642958661378E-10 1.744835413155597E-10 1.1140713287747886E-10 4.2889275416745266E-10 0.04968622212285736 0.003850309430593931 0.04944253655340774 0.004862990577200674 0.12378414273570854 0.2923140903047495 
0.07391983066499365 0.10830816288566972 0.07677488946156169 0.09945129203574943 0.02383805930136382 0.027766312468969337 0.03790555200849822 0.039398861538291766 0.11869332845357969 0.0 
0.11576939587912399 0.21188255187690672 5.431108713116958E-4 0.14882896222883626 0.043912220896401136 0.022852799311435263 0.06415974687508828 0.13114466638643757 0.13391847127914897 2.2274407155478579E-4 
0.23830993142757861 0.4158457429188345 0.03624893422873198 0.20436236053675713 0.06502368587708034 0.2850286431936655 0.12245550581049254 0.3087792543537879 0.0 0.0 
8.816619146105069E-66 4.7322138244258394E-66 7.856784037917207E-67 8.568465265460673E-66 1.4899741647857967E-66 3.796207272666984E-66 2.0923212090109684E-66 5.060915122193856 0.0 0.0 
0.3537958015037306 0.6968415668041164 0.18195961437742073 0.9691715496451626 0.11339512652595882 0.3788111542913551 0.010230466078160085 0.3084959579730929 2.427455254975408E-9 0.4778244595245219 
0.27632734126448755 0.052268047072907095 0.6811223079321347 0.20621175931284216 0.03847972960460508 1.2210958610744008E-11 0.0011332543332312386 0.23823135983670027 0.033879710172457674 9.381619422827486E-5 
0.4622537980219349 0.18689398747610117 0.09845712024599403 0.5271899542949184 4.554039063135057E-9 0.11326275649173002 0.010072900612682777 0.1420582477411088 0.03046208974433813 4.193870320190563E-5 
0.7909042027233756 0.22578365130753525 0.17190256423409164 0.2721856616982396 0.0 0.009216842946693745 0.0011475747977865796 0.11895129809833405 0.04576315325407101 0.2681307950505442 
0.020384054564426466 0.010571783080664837 0.1053538402889612 0.02735444927491923 0.01402532733579686 0.08006455383361787 0.06987240707817441 0.2271430764777472 0.050169881493793374 0.0 
0.3984907658902554 0.1652809324425594 0.0019972886153116123 0.22082908137070315 0.03161606982243551 0.17208221147584687 0.01482448760295838 0.0804363030850644 0.026725784111290327 0.0 
0.22348330799254632 0.0735515935514135 0.057635661742437165 0.21027904397647249 0.010429908658098294 0.008747495131977154 5.971902312612007E-4 0.07402375681150905 0.028645528253951714 0.32586195590056055 
0.1425208359864187 0.029381899098645522 0.35190622134356014 0.12434367402405239 0.022851578154053746 7.627225124745554E-12 7.133166524049435E-4 0.07291647590708758 0.18215299778921187 6.842952539667909E-6 
0.07612849986920066 0.02888807757057501 0.24498295632429518 0.0929771983718953 1.1163483225253239E-6 0.011054433101942675 0.00714137810512374 0.0854962201639566 0.10543772001262774 0.29696897910883174 
3.132777894738113E-65 3.624752663455843E-66 1.8097395600393679E-65 1.877708668889019E-66 5.639197737709075E-66 8.733169277566294E-78 2.1777728397290615E-65 1.1055004157683283E-68 9.749719838501516 0.0 
0.5497120321097541 0.25267934282563 0.19360015316776322 0.2420345811975355 0.011073034292654488 0.012921823256227132 0.01194581280990513 0.037437091579061915 0.11914715953752039 8.700168330365292E-6 
0.697541927491611 0.2887902403399539 0.33417375756822276 0.2202875226620378 0.022007719440307917 0.188153220875637 0.0 0.04532209916386691 0.22032526828250526 0.0 
0.07716721631271402 0.0565504059837287 0.06394250590835401 0.07918693874966373 0.018116431321577905 0.19363917564448174 0.03415751527326663 0.04365495437688477 0.1940664073377487 0.0 
0.0782541844824079 0.03345299231195733 0.08451950297730587 0.07938162273158964 0.008362699980646036 0.017430756548145826 9.410295684498332E-4 0.009840654265943148 0.23523580942988112 0.25891385800339967 
0.07277022464719214 0.02790819446950579 0.2483221105282886 0.0900585768596543 1.1894293376255842E-6 0.011393873046291598 0.008272821966983106 0.06615588631371946 0.0905367560158182 0.3355465035676588 
0.25011227376758227 0.11526714235239305 0.07951625355673235 0.07594139603763672 0.01981108839649044 0.057425408547434935 0.015512742434584297 0.005703375170044285 0.05520673867408381 0.24086145784516358 
0.25178259466050357 0.33199057328716913 0.12044280925391003 0.11428402294400447 0.03568873184354631 0.09738673837966463 6.511113959736984E-5 0.0063091716578583795 0.05545558259468797 0.25276833422789047 
0.26164270072819684 0.11883007784124987 0.061969365084232515 0.37761808270368097 0.04624116636502849 0.224420238346924 0.02323731635833529 0.05436264624921027 0.031721704764505795 0.0 
0.020378969689149318 0.3900599137325783 0.056318692841340376 0.23738999612366277 0.05298326340637365 0.35690347234339087 0.04788468639304043 0.013617132300015253 1.1558186392315858E-9 0.3552611039400016 
2.6522964360948645E-132 6.356674679559716E-132 4.570994448878324E-134 6.653584267260578E-130 2.9646294042710604E-65 5.316852740686081E-66 7.51124528817306E-66 8.706224026967135E-66 4.219577986952729E-79 17.661383360787013 
0.5108275024808501 0.2365401084527221 0.14394573636156802 0.12497352286080575 0.005526401873399094 0.21869161140533488 0.005969095209916503 0.03419229769691558 0.014972909673306035 0.4545945592034137 
0.998017002080804 0.34988334109801267 0.2598260468309939 0.0987954312571702 0.006792519317195091 0.012366844008652917 0.006995736252144402 0.02564125903110374 0.031133733494021244 0.41513791835428143 
0.42878996812803827 0.18748930717867893 0.11819344550286666 0.1059277214647988 0.0060369652373741395 0.18614062412178398 0.020288008827536626 0.03028439765172945 0.016910246670063626 0.434683575938667 
2.2252318008476526 1.563485060824342E-5 0.3941843316765894 0.3182480745000695 0.032295533966889806 0.0529029539613082 0.03844670911999722 3.9536384249796406E-4 0.09049997734226356 1.0105352968001706 
0.03699133663920823 1.2186541706922487 0.18456706501367343 0.058725999498468476 0.006627758064529884 0.21527240623262428 0.00707085719562802 0.02658671926929954 0.03239204616621367 0.3948951845945607 
0.2414568405401104 0.5701728689577331 0.3795458214467272 0.5611850537284964 6.633990121016364E-12 0.11816144218833227 0.0 0.006248289427894434 0.08233225822967684 0.48008472669528124 
0.6312035726072688 0.3051985419170676 0.3341467770110799 0.26487720379837515 1.0443049531859631E-4 0.11384504395109851 0.021850162011171268 5.733504653682464E-4 0.07584686316475282 0.4354887251912449 
0.19139468646982508 0.08456659364695704 0.06059796812227291 0.061880736315053635 0.013827882435193456 0.03577966194524824 0.01115821585632958 0.02106794498930507 0.04870371972493225 0.24560894829111365 
0.21765658765025542 0.19081206072565468 0.08670610420152125 0.10647728356232507 0.011107049843756713 0.007164520362853565 0.0030144056092723578 0.021029821767542672 0.09203993933217425 0.28426157634533633 
