25.01622797856246 0.0012002102476562483 0.45241257652556016 1.588808748016823E-5 3.247973961764057 
236.0384552274302 0.02761406543672774 5.116300301969948 0.05342929057718323 2.4597261750353416 
14.399283628265326 0.0035549451604207707 4.298810099508088 1.0762606088531926E-4 2.7524545258208937 
2.64344118487746 6.188365892774478E-4 1.3852733513183404 2.3474989025638448E-4 3.138068334762356 
8.442960980071609 0.0028959549599439503 3.2967618648741075 1.0025940738498E-4 2.8922735924263123 
2.4825362720636246 7.5348594447436E-4 0.23776539640744598 0.01001605130865301 3.246679797149049 
12.373184372654995 0.006997266830497161 2.434581647176626 0.08524026583381314 2.9314749721558915 
2.642522117403467 0.0017946284128516655 1.9806933807043219 0.023798321712216516 3.018001875696895 
1.969765251438592 0.00105112461819375 9.491428242263131 0.0 2.705307705624111 
1.1287255824510543 3.367483818433508E-4 8.557456923337517 0.00949537544720958 2.0281461280524953 
0.32324896668338055 3.8619418969966323E-4 2.279454099286281 1.0447783615194356E-6 3.0594489642296487 
1.0184190024210817 0.0019165512093510552 6.768210542080027 0.006657958615728856 2.366825731901097 
0.6256252245568995 0.0013779293540030844 5.086349263356158 2.3092161026881395E-4 2.5567494394855714 
0.79633529631925 2.0879264664811878E-4 3.6575303275745665 0.0010692012330255462 2.7881036210924255 
1.1072615518494735 0.0018472396429562526 13.738679616150678 3.4447977152622997E-4 1.9188550064454548 
0.2389727008538254 7.595659231331762E-4 1.865831924277582 0.011016500125799772 3.0338266846624795 
0.30486207619941014 1.9602588112268524E-4 4.642412367434814 0.019482552390373865 2.6607741332605994 
0.3068674392385927 4.441000261479282E-5 2.0628113889533575 3.704610498416908E-4 3.044116946881465 
0.9132024820485929 0.05611027483256814 5.61464030323591 5.242695856191232E-4 2.249644551193441 
1.477724442253024 0.0032993423721881282 0.5508528148681389 0.005030426510667247 3.2299082751390222 
0.06617645685760726 7.184963309416982E-4 0.293804625059423 0.0010807561628419981 3.2724664510398753 
0.15331817551443414 0.007533541678938458 2.1380201042007276 0.02196880989365797 3.038072757940021 
1.2145939729148245 0.0018124992032123196 1.6160532061758295 1.7476683653997873E-4 3.089787784313684 
0.11190123249013638 0.004534193491041782 4.5683766750405574 0.013193808223528712 2.776830944058365 
0.22878113720239635 0.001898136788114003 0.5773273512172848 0.011085670592301523 3.226914273689901 
0.17031841328498065 5.113872994218535E-4 0.6896979692098081 1.8358385196559768E-5 3.209477372987065 
0.6175251059238077 0.003051542211357512 2.2029832299251213 0.024895430341412294 3.01550295817183 
3.3072913330258107 0.0018797119511138754 0.5724095820787766 0.011037851523485772 3.228058017123059 
6.945290131896866 0.0032431392853776637 3.2669905073472005 4.518832313056151E-6 2.8352377031068943 
0.06799683073322993 8.409020435684842E-4 1.5002758285044582 0.004176735948306077 3.1532238075432883 
2.180523133913385 0.002031160445972898 1.673084976890159 0.02011491335427044 3.061518282732824 
1.2330148106659358 0.0016655620089738184 0.3003931303457625 0.017354707781493544 3.227941178174304 
0.06195803154251984 0.0017905813223103191 0.6999775397508993 0.020491166403804138 3.1970989372599923 
0.005695953692247388 1.152765030787119E-5 166.1805158864494 4.2340104182623714E-4 1.894456582283623 
0.005273932882534956 1.3937680200068919E-5 8.929170449997885 0.005373858328297671 2.1214440430383887 
0.015250725579141356 6.846396341138021E-5 2.9273088781663454 4.074757954086712E-6 2.8995002061660435 
0.0037111888822757974 1.533563646514808E-5 2.7891957801830696 0.0011192406239086904 2.912884819414426 
0.03197572574640548 1.9700635344009013E-4 5.5075613988218635 3.5940759595475626E-4 2.4617197644965647 
0.11754506782723984 2.2722338860678908E-4 8.43631666324981 0.0046153396230092575 2.0794252503150616 
0.0011131515636724314 2.5048325273993478E-5 1.764675259106524 5.520473487948875E-4 3.0798297702341357 
0.18832463163882915 3.9288555042148765E-5 5.837693014895575 0.0054560600740565495 2.5700789879361507 
0.008515488173976845 1.8186343485887E-5 1.5893834882239815 8.00818896013543E-8 3.1292563683006587 
0.03266870306736449 1.3036044111051266E-4 6.9681501119535865 0.007239323675541551 2.3214645788310895 
0.00983996802850498 5.6791212512521224E-5 1.6614217834603342 1.1201752600523235E-4 3.0897529511697592 
0.16186082537485164 3.3351493637813457E-4 8.94055715219615 0.009512927756187914 2.0273416345179562 
0.10340252067011146 3.9790462512493394E-4 6.480856805726596 0.007216004048203162 2.321351430602709 
1.1074276710862026E-4 5.96999475207054E-6 4.717688980917146 0.01299516955088683 2.783192203434837 
0.0065153593567428515 2.223103340052441E-5 2.725075534420794 0.007967078339472727 3.000797159935321 
0.1460239152401152 0.002297027386900776 12.101410035733089 3.4265635277657075E-4 1.8306673968882954 
3.2326137986154026E-5 7.87877200887391E-8 2.697579656792825 0.009990595551877035 3.0003713904961002 
0.4738058995371938 0.002222111846114623 9.881486913678133 2.1670425161083088E-4 1.8499283873367867 
0.11687960973695737 6.019701502954101E-4 2.630669843004001 0.00242927642440058 2.973193274939922 
0.2598805281537917 0.002683114914311471 7.894919411817231 0.03545561051519983 2.179582419823728 
0.0015168370638262954 6.872144614752176E-6 0.0019621172412370037 1.0582506507585705 1.6446504123988395 
6.067932183937924 0.0017894563823393156 3.139711164401561 0.033337781668119085 2.7621081978186717 
0.09089089004049052 2.5366775160852174E-4 0.07870342152575052 0.036865559685834215 3.2375748398885995 
0.005483005750345338 1.2725296550676315E-5 1.0485216378703097 0.03960285977108941 3.1292083064932634 
1.1824362377104228E-4 2.760997827392819E-7 0.2505853636120644 0.009976980585136968 3.247731243377531 
5.552813473514595 9.88015160845377E-4 2.3646950378322513 0.11509406332065891 2.847476743987071 
0.009870249613427935 1.3601287064489933E-4 0.780769523039013 0.017864544759796847 3.1962037644945256 
0.006586783849652733 1.6958205423975761E-4 0.29388788372870983 0.012846401038399902 3.242828241984947 
0.3160978170456248 7.099549873569946E-4 0.4285610946486109 0.041276436569461165 3.2137786755503384 
1.138698250652836 9.99327258407198E-4 2.5421435678070163 0.07302966897906124 2.915305162585215 
0.009387459963882816 1.5707623390154534E-5 1.004303519961905 0.01263029101524178 3.1461909984916594 
0.014044490877373687 2.895870294345844E-4 1.5485296038534826 0.020939483445332016 3.0457214818612637 
0.8610575045893764 0.002220593360506415 3.417303991854246 0.08373105335573164 2.822180897318554 
0.0026069146817126656 2.0930864162066617E-5 2.283684192575068 0.021872199810500974 3.038820956027675 
0.3557045395193997 3.7156488770424096E-4 0.39591542030550964 0.008763008470684982 3.2435244608091742 
0.6721707423150749 0.0014202099897939557 1.1145417629113636 0.02936798920319316 3.1151831482328936 
0.34798321350805533 9.048051399301913E-4 2.433630716026528 0.026721390266342467 2.9773449887424372 
1.1344910672714013 9.466356877675169E-4 0.21805498359037595 0.01752142243032412 3.2515680636111792 
0.11595430884061218 0.0018083731177074211 1.1243046733490156 0.02894572519143811 3.114074733434387 
2.5130921670398715E-14 5.20096701341649E-16 1.479816709599956E-11 1.5889060401406316E-12 5.838972127100765 
0.12526567283094542 8.562339071141754E-5 0.09269549751636551 0.0010322203346222194 3.2932441734552067 
0.004608975697014988 8.308118288197535E-5 0.057640191897984076 2.0692133857551416E-4 3.3032301839078975 
0.0031723645063873656 7.021398930961248E-6 0.2875500279984953 7.357437511365395E-4 3.272623910639121 
0.22837038009534408 1.1846634160184748E-4 0.05852061277369078 0.0011357213587828623 3.298322537003905 
0.03573965987496863 1.223432015810421E-4 0.13157341103324563 0.0014401468627626955 3.2886258829686486 
0.015144336568566103 1.1410783677314014E-4 0.2807922226723748 7.797288414316068E-4 3.273277348251211 
2.765221906443136E-4 6.378742727162729E-7 0.12295464181245826 0.0028600379452947628 3.2890392191815394 
0.28619599042397026 2.0151957549366644E-4 0.10041994449392436 9.082873832504019E-4 3.289790307222981 
0.186094989079514 2.2018251073837724E-4 0.18783743734421848 0.0012417006038932606 3.2719848929724553 
0.017911026136207406 6.57441454407055E-5 0.3419969434518669 0.004421544647468848 3.249446622286687 
1.994253236636944E-5 1.0705800904321424E-6 0.8438264684454269 0.002325730035525537 3.209918546886559 
0.033845944743904455 1.560002751944159E-4 0.38449167597004147 0.004664071414810624 3.2453784302403723 
1.2675463891602594 1.1705509339190267E-4 0.05409445873112771 0.001125484747149745 3.298341841874577 
0.14050784432841015 3.112012550144028E-4 0.2516538594485261 0.0016861642812519642 3.261817179356869 
0.024137517862567414 5.2707745041606014E-5 0.8603056138069071 0.0036267848425664694 3.177947575671901 
7.58304903888356E-4 1.497675763259166E-5 0.7403157912386495 0.007420424419318587 3.223527864655734 
0.002862835354303657 3.3237490622145555E-6 0.9170971179848639 3.5556587359587816E-5 3.195583564809826 
0.2506547406869228 2.6868323739316937E-5 1.3938117883289418 2.3459395577753829E-4 3.13710320092341 
0.06876857965827218 2.0000104236588196E-4 0.38740606560848195 0.008815282952432973 3.243524269036983 
