2689.7997342587078 6.605896128538681E-6 23.72150057147561 3.8162476341027294E-4 2.2995545436262415 
3.570988272566065 1.004576281983964E-4 2.5241450149522704 8.540266213699372E-4 2.8977080724279713 
28.83986538029712 2.5453758787068417E-5 0.46445545629795815 0.0030320578914537722 2.9228412633641776 
42.11982909499308 6.704922003424499E-7 28.973167674206376 2.636816759658202E-5 2.3415145857865456 
63.9230002062602 6.500965307309279E-4 46.25464016335491 0.005752759728128899 2.3393959193217877 
28.283666976399413 5.764714245400795E-5 1.155031007612928 0.0068025815425700915 2.9051118789129986 
37.56260474597179 6.675035350450637E-4 1.2013402549931955 1.576829366082386E-4 2.9146844360525512 
21.212612642010196 4.1703604750006147E-4 9.12739805781729 1.9775869097580362E-4 2.786966076247478 
8.921515128037742 1.5881092244247373E-4 0.27163457484605963 3.6604073354211774E-5 2.9333083104389006 
5.791187936576452 1.6481715617973829E-6 0.09369742911578431 5.96206009212246E-4 2.932894509615924 
17.887754733304906 3.812325446926442E-4 8.364933238803609 0.0031898809136803874 2.786070535386603 
527.9749968785557 0.011941350026540527 21.413538402153154 0.13952870040222526 2.313313626691163 
4.032219562916242 7.896811523191192E-5 3.0284309629358903 1.6039510749684755E-4 2.891134126081762 
16.528834665713685 2.2824874365952072E-4 27.837543536427216 2.7777648699984966E-5 2.3420835572644454 
268.0430437421293 2.528279012619549E-4 14.247463145363527 0.13632218064674648 2.472775867611474 
3.0361520365753303 2.6771219970765627E-6 0.049009118500436766 3.2838432894036825E-4 2.935853664970539 
10.661922616222313 1.9400573190945478E-4 0.4490071665644599 0.005052887870973989 2.923227981678594 
18.63680905939223 7.380744002259006E-4 1.2059795539233582 9.937573690180524E-5 2.9197557012558057 
4.745136474642977 2.1262497808721285E-4 1.489837457929977 5.155609047493223E-4 2.912603814226824 
1.5318615072132398 0.09918465199854702 13.140291010125404 4.7180710995464053E-4 2.5709935969097484 
1.5829043535117922 6.464025350012394E-4 2.97242171780536 0.001995586917075246 2.887476914950031 
17.26229516496317 0.0012472554053473914 1.9722680859507902 9.693100766841667E-4 2.9020330598990745 
0.5736033970142967 6.270931459521646E-4 13.769464457735523 4.9687677718031794E-5 2.7676929986532066 
3.240013712029976 3.570892184882417E-4 2.9929577292768297 8.648798431406358E-4 2.8897938161264274 
6.554783443801913 0.001116994107964306 4.091798390770477 0.006688429856713513 2.8521146594523836 
4.064534749957801 5.324660878531441E-4 11.24070177874191 3.4669616264145517E-4 2.759038442734666 
501.94627389324955 0.037418364174935784 32.0792547352169 0.20047015510419314 1.9735690616869133 
0.5597344239112 2.3057499665984107E-4 0.9849586101380441 6.56728550306362E-4 2.9216992540672524 
17.68511201696208 0.00125729413177667 28.27718153937498 2.6220033534709748E-5 2.37549354351459 
5.754008968969971 3.0129934154521777E-4 1.5450755225824084 2.005212493071301E-4 2.911396745580792 
12.627411069712831 6.295052213481733E-4 5.407287428797959 0.0050007804369228874 2.833451238327273 
0.1927993996129399 1.4397214084295822E-4 2.404819551084826 2.538243838327276E-4 2.899437912519852 
0.21262324637061086 2.788930033631857E-4 5.647390046609295 0.0026000349827993304 2.8403920870273622 
0.5781549149549285 1.9138732650262518E-4 1.3196580379205562 0.0016714391858676022 2.9116361251331178 
0.6375389875032136 0.0015338361149001252 1.7570055746577213 0.015900903932881225 2.8833142629914543 
0.2582908488236601 3.0494225255020877E-4 13.213052228941278 5.6433828428817726E-5 2.749917676340657 
4.630510179722662 0.004761231537562577 98.60529134022829 0.05621945200198393 1.8057280896282746 
0.10246733059778951 2.550379640083922E-5 3801.246096542134 2.105268036198563E-4 2.3106401048089986 
2.459109954262161 1.6674372279247394E-4 7.364161105045156 7.18680735973148E-4 2.816204420095653 
0.2206970024882328 8.665921246034137E-6 33.49146879923668 0.005415595370652654 2.418299967041244 
1.130299128765821 4.0680209144381945E-5 7.926901418595224 2.0481204316860364E-4 2.8090317709998205 
6.711057967252865E-5 8.558672727103328E-8 11.646150707491467 0.00207020703511823 2.8458306249796776 
4.3381336865779305 0.00250682435387837 130.1851739073412 0.014213912584441914 1.735802178784434 
2.240782226540712E-4 2.3965167584504125E-7 6.528953619766178 9.235942906150599E-4 2.849354115306569 
0.3533870560366816 9.104884728554515E-5 8.38056105005822 0.0015020974018885933 2.8043622227307767 
9.574775269093864 1.63248841202573E-4 32.043078921118244 0.005633871334314103 2.3598315096644877 
0.19473093873110955 2.343043250746989E-4 9.41283715137397 0.0020878339635445344 2.845812349779931 
0.12036746469926232 4.730026795120763E-6 3.23439162458387 4.411388841002574E-4 2.8898223611876785 
6.137103712423509E-5 7.104686875221385E-8 3.8966327190136933 0.0016169122462146072 2.871759449199497 
2.5935992246236 1.4172023143788138E-4 3.6215864080133855 3.0388762327927945E-4 2.8851363444332745 
0.1371396428512364 9.081345373451745E-5 3.8462136861180656 1.9908232792704116E-5 2.8674361625216376 
0.04622385597427724 5.639607161963555E-5 2.28991037061632 0.0010005851666492825 2.8975177032657116 
0.17125708864735553 1.0978270790464071E-4 3.2296274696458354 0.0013856217995782485 2.882498604060018 
1.3457790749987995 6.287368394638162E-5 1.4792085381704128 4.5290628023847526E-4 2.912859456210177 
11.686099676405984 3.885451405167002E-4 4.334484953724965 0.006067020838250796 2.859099573305621 
0.1395151363826627 9.32626938420888E-5 0.19889111893942607 4.680926521686984E-6 2.935245250921658 
0.02604856773007529 1.913028754491189E-6 0.12982025242822826 1.0619251430118972 1.4656337306386598 
0.7759603747956706 1.9818750469612346E-5 7.7168900134561405 0.011896194511074824 2.7908616594307833 
0.02017131127006183 5.580532970462317E-6 0.3010709811728881 0.005383864577329906 2.925917680288228 
0.48260168429450667 6.197933849333582E-4 1.788432317473775 0.01593421705166941 2.8833108376806855 
0.2793169119964465 1.9539657992197258E-4 0.4374410356638563 0.0051978949108265485 2.922851299440137 
1.7838434007043165 7.234381353378393E-5 2.4363654677107935 0.0039158933178130035 2.89062230208059 
26.177142362948583 1.3251014810862345E-4 12.549712312525317 0.021276171730867512 2.6507358909718786 
4.485379375251399 6.961392701568494E-5 4.473125112009864 0.004985908350107433 2.865406409812016 
3.8683043953460317 0.0011623782393438416 31.183439905981682 0.026536294293888943 2.379127590892496 
2.500857316537179 2.831098390761032E-4 32.90568918148376 0.01865752669591861 2.3523307052864184 
2.078740284063533 1.2396314315281132E-4 6.091030543844248 0.004252127358064104 2.830679539506622 
0.9729128579739051 1.6430688418373878E-5 0.6501243039317962 0.00245218630427339 2.9212425690598254 
0.15374527660021944 2.069198811649035E-4 1.1518598609446482 0.0035146248594472808 2.912892978137011 
7.89308281310665 0.0023856601734758443 31.66765444265928 0.031967078121918104 2.377204441611694 
4.012795317486349 1.7707499453880737E-4 1.1480294113843494 0.0032989245400215322 2.9128651057270925 
0.4840153603858051 2.4405835762807593E-4 6.114810820651092 0.005000873083435454 2.840877734291445 
85.11126918051285 0.007068200689994877 24.447179867114542 0.08910724352623481 2.3975068200325307 
1.2788965813164792 3.295468603890513E-5 1.8587690842824982 0.0018964189383198732 2.9108050335899405 
6.625139756268564E-5 8.835654278763216E-8 5.772037718737368 0.0021910359925178522 2.84548731800527 
0.027513724202170534 3.379353876136731E-5 1.8288235857506911 0.00165753087814228 2.906338204430393 
1.4524066483158358E-6 1.3407191537433176E-9 3.2152598044622945E-5 2.4760528460371388E-8 937.0749998727699 
1.1920116172086495 3.701025387340339E-5 0.8192450624122843 3.1256891786781565E-4 2.923391266446423 
0.0041470618956914 1.208194727844749E-7 0.07918733265889828 2.4158445740384587E-4 2.9361594128360884 
0.25606351917304315 3.670660751249617E-5 0.2217274433995227 1.2536834388407047E-4 2.9352086982063796 
0.0011261214828367193 8.624916450077138E-7 0.840246865557538 2.3763964226109722E-5 2.926242466492566 
0.017268534589496468 2.429846319816128E-6 0.4539050724925439 4.2817428839852E-4 2.9310049246749204 
0.5950318721754113 3.5574614931112075E-5 0.8154461085218487 1.4961288380316634E-5 2.924829696802567 
0.02092317099128087 4.919164298546719E-5 0.08507198813669 1.2337762737440392E-6 2.9357535094641647 
0.5914826948249906 1.1709895537364035E-5 0.10988822979048228 4.6144587813957516E-4 2.9352442902142903 
0.2515557898419603 1.1052791979408368E-5 1.941351357262208 1.9621684891018868E-4 2.9072324442830864 
0.03250536296558057 3.663765442468791E-5 0.6308231783272135 4.3877889983755323E-4 2.929014393883314 
0.8623437873255371 3.927426902007945E-5 0.27879571896853994 6.836914048464794E-5 2.933128387398058 
0.32399895866096634 2.1409713311176406E-5 0.9149236875154863 5.66520917195568E-4 2.9231604453753035 
0.02563534740619379 3.0111734570402352E-5 2.2560888022295176 1.511270662773398E-4 2.902138362295583 
1.1762978381279212 1.7118189790427302E-5 0.15954313881458057 4.5156155344941397E-4 2.9344823784159217 
0.3435592485992297 5.28209780792824E-5 2.431813691210103 7.688754301214104E-5 2.8995995783802635 
0.0719936344961613 1.0131865139237156E-5 0.519072629062001 6.933161525670626E-4 2.9294515158161136 
0.010572173745912008 7.40472353533736E-7 3.237060121320518 3.4248709391861525E-5 2.8907091172713426 
1.5362840123983839 3.896012986572071E-5 0.9834106738766932 1.0146773623151887E-4 2.9219285730546005 
0.002969990389826061 8.50460137825705E-7 0.05570103329355372 9.79794201533859E-4 2.935499924507643 
