4.104778424493385 0.15886939411370748 0.10526808927801028 0.07182244906257357 0.048387284973092665 0.07424855634606307 0.14736992088827838 0.10772548066743373 0.09298232558813646 0.05329203291966869 
1.7525204114687847 0.20802021478453553 0.08949998406593757 0.4279289375941129 0.11093062459570975 0.09847172421822989 0.5266103210438816 0.11734600423568839 0.19979049986777037 0.4027771167919031 
1.0203032489034687 0.17390643559212698 0.14331549823855044 0.11967776456277357 0.33076001210724915 0.059156690495820674 0.4426040643283266 0.13842888455927352 0.20368672702418916 0.11274885045797288 
1.019930743558274 0.46480390886982603 0.5171802511219539 0.11209034448194924 0.1418580241255304 0.18011740974973767 0.19760012258802523 0.09237764612628957 0.17678539228743714 0.06772546816707999 
1.020854469765736 0.22761270524887425 0.07952203055264441 0.06955836033714788 0.0669533947579357 0.17813141970783636 0.16579307910652805 0.08719410772749486 0.18029187214924397 0.11212489375730657 
0.9988326338882871 0.2550308642546684 0.32779431136892356 0.09983695469084047 0.25961617668696496 0.08483462743554465 0.2150921032649987 0.11316759235564974 0.1593559015980412 0.07217700299462247 
1.0268125686986693 0.15594488773511306 0.1071983434804354 0.16486382132923766 0.1654545410727904 0.30889562053511593 0.1659667783775175 0.23117459903816795 0.29692104424628435 0.07472365990118841 
1.0251112100918474 0.28197342751917365 0.7901426248039366 0.05981596081057633 0.09312775731493528 0.09249828889382586 0.7536968908119701 0.09510620234683329 0.08035965200447025 0.3329147950513397 
1.0283071628151967 0.5884195638078691 0.09092945418777976 0.09470196396149337 0.026536266100556108 0.2419861012534942 0.7425677530118663 0.11388309805075547 0.17783303891831298 0.06983813410677453 
1.040234944859336 0.29699603293894483 0.15727695181023227 0.0691627080228792 0.09212993177740769 0.8313242267602164 1.296841499742325 0.11995560866214813 0.06346869588373355 0.5874358654105407 
0.9828786879391314 10.000040562991295 0.11822483290180447 0.10893961161195645 0.2952355440161615 0.05007378705816148 0.1402435049070359 0.06720340156639272 0.27030305076342476 0.060469094139643895 
0.9882070141210233 5.237928239769019 0.1574054542439644 1.9060389752901858 0.2987613349001665 0.057099377295847374 0.14095655660669318 0.0987686553427497 0.21981002533321936 0.07988023869966451 
1.0053385262656966 2.3358786708919057 1.021137040725328 0.8951798831222765 0.25637486001978693 0.08154374773508913 0.9907461610004393 0.06545246329769679 0.4591162020154649 0.05977317375216897 
1.0208931830245986 0.9523913054318243 0.12633582819954314 0.13256483562375465 0.04372658451501813 0.24946727436353988 0.32628554865704695 0.08759791484011827 0.15802611890582285 0.05181208225131016 
1.03013935448638 1.0460903718121852 1.0125015494205203 0.08757706404888112 0.06821401949845088 0.08306410121381504 0.12712441917083914 0.3987104791711348 0.1271601112172507 0.05218458932667868 
1.030112520068242 0.6568134190684187 0.09911171383306602 0.12055480160123724 0.11947094824912105 0.08444948230703665 0.15223540028951182 0.07168648383980908 0.13337557647772544 0.36250850994468875 
0.9043137026544854 1.462588291441573 0.07548413461823322 0.11460218210726021 0.1014123839399188 0.5549978173271088 0.11838833479570866 0.09331809741782143 0.5192764433363168 0.04902756983243268 
1.043113069563717 0.9958980906271524 0.11617167509595118 0.0907394175807625 0.054575491503426665 0.083788153241349 0.8097597092494793 0.4054961432662042 0.11506885957019372 0.06291235122085918 
1.0137224996180143 0.5663643272204808 0.133456854748112 0.08369282789013917 0.2370292429289661 0.08104513354082234 0.17529909656242065 0.09812296563485304 0.11913583204288541 0.04770764113312154 
1.0309986639623507 3.711916458625208 0.3972980880931795 0.29878025488160626 0.07488877314850437 0.06471855767890176 1.116259987337115 0.08492241342796683 1.980683942765749 3.6578447264433303 
1.0246927459909771 0.27168010599952314 9.35626980160151 0.07688988159403076 0.08490815257418646 0.06043612015023146 0.12256550043433681 0.1475044993793168 0.15376276031414468 0.058046478998547396 
1.021716126461887 0.37092335498363305 1.0810105515089035 0.14434768536827067 0.21778116849338053 0.1434610800036928 0.1562047201982687 0.1057323298256778 0.18308839944221966 0.4324085576184711 
1.0082428304344628 0.5729662695840291 1.1379172420250872 0.09703889981148131 0.07280685701905454 0.22159893729784672 0.16967502420412103 0.7154304857330547 0.44453362162594556 0.05220526754358652 
1.0329591947494872 0.17503936858377567 0.9142966204992938 0.0741406962302108 0.129052542238836 0.07301986722137228 0.6538546366713287 0.3627512957571459 0.13958597655828833 0.04691795339269803 
1.0269874488983208 0.2796627569041348 0.849819223954624 0.07851330646350507 0.06446633062548011 0.16516377242589797 0.10926968337070873 0.12082422639919829 0.937380950851559 0.3806539479967572 
1.0095070919083076 0.45438689474582494 0.48140105496362673 0.08917852079982222 0.03711080181132125 0.05006376637462269 0.13925454116494684 0.05806882529356913 0.2686816525920128 0.1162036948721613 
1.0106743050096554 0.17180409041960493 1.5208065121622842 0.7749288438313223 0.11420246039002073 0.25875679778116184 0.5108086097554588 0.15037574642982734 0.1455107762533544 0.08978557687116506 
0.9526699683679407 0.49361706310755843 1.0075065420544038 0.10301442670177192 0.04219464417168197 0.4511874913393781 0.1166507270400423 0.09867177640430483 0.825341290835968 0.0832324880013857 
0.9954982609427263 0.183399547982049 0.9043765895485264 0.07600416826722095 0.5069997173718551 0.09875248921624961 0.7607805997595184 0.07031077100218745 0.790980625681162 0.03590136198240025 
1.0250433224414688 0.2678837376521109 2.2632903630859302 0.9658333992682189 0.08483445692765185 0.06567891009910093 0.11182947566624414 0.1352864195063141 0.11386325298631746 0.7103033053529201 
1.0153385567260362 0.11472819224405074 0.14139501087147072 4.565114854128562 0.04024272397651331 0.06559158617775299 0.15672773711277926 0.10999223985273605 0.22983850551106116 0.06175511875620722 
1.0026988834855004 0.2728086256124982 0.14193373542617388 0.32898632694674046 0.11132554610195158 0.25775380020900374 0.151070876333426 0.35803226224499524 0.3493890695250578 0.4997385975736695 
1.0113731927980143 0.1693072840411699 0.12535075849905158 0.7599818721052712 0.12642261234350743 0.2573379421210741 0.42661626951919707 0.14769237375512248 0.11595183693706371 0.08822161892567237 
1.0053568286814878 0.13879955247599138 0.08153846849792871 0.4317704369683501 0.2865873183881006 0.06828965833744677 0.06949950230041928 0.08437464764946613 0.1293179291780656 0.16781659416287636 
1.0059701143872783 0.16639400193541326 0.10773437663976765 0.21001026118499466 0.20323519926024952 0.05669033451134188 0.08276190954632834 0.07689670344309875 0.2139234687960063 0.033584219439816765 
0.8493044527923133 0.24315918869062242 1.2884235570329474 0.76987816816578 0.56368800814084 0.6233381552329261 0.20127951204134048 0.12784041972057844 0.11726182544163251 0.6581585875540558 
1.0244559035211622 0.15718982467463244 0.11673007604772867 0.22985825366967302 0.05800275940939472 0.07993309352160213 0.4017932795951329 0.14414991518192063 0.18428932056859962 0.10081536282977496 
1.0022482207758037 0.31903838270220464 0.10326032205843144 0.43896132968410184 0.2835290338719413 0.07714459391531013 0.7665209810736834 0.1329983037363956 0.08776272606118321 1.048063749833969 
1.0085817031087692 0.29329393722618535 0.15012883879974934 0.3348353130135514 0.13098576823651986 0.25857948810239995 0.13386963536301857 0.06032310580293079 0.1687274296844798 0.06510410302138317 
1.0389953513280645 0.19007500231518656 0.12380116635197252 0.18638184053838142 0.08029370625393153 0.07851070967808307 0.13402405823984337 0.15278172753105956 0.20614917340535835 0.36199417055636113 
0.9997456386903706 0.1878307581836587 0.1370275581778942 0.06936717271494607 6.813602354129099 0.056107140082586215 0.10605080870250808 0.09460436596466516 0.2571776247168672 0.06740670869802712 
1.0323422995964717 0.22679501475803238 1.198690071037408 0.10600433847011614 1.238585962440054 0.11734886522619442 0.21864149359735485 0.15867746566493585 0.31260350265233317 0.09387909894822813 
1.026167397673315 1.0822460902196969 0.3429664256723731 0.07543032827205334 1.2228529349523385 0.06022155964391729 0.21793945332938403 0.08348409012366464 0.15986403066183397 0.060863826892572276 
0.9346700040749849 0.19913374543365472 0.8319886175791908 2.5303904926340968 3.214411140122668 0.4803064464953666 0.6736328886407884 0.4783487939033482 0.07425711666379155 0.6179359574873496 
1.031080392498725 0.26682486808819655 0.14765932551001482 0.3927717950360084 0.9346248544005956 0.07570491858554496 0.9072559314311789 0.10280216560508487 0.10615006238448638 0.318345596785246 
0.9959166577557517 0.25980479254931793 0.15081124125453513 0.12371545327706862 0.29631898838676923 0.057942688975955337 0.14535020910736413 0.08937889132394755 0.11390456828583144 0.11896741627547092 
1.0038117941118525 0.5491026182134138 0.14433583586809814 0.10468518143435702 0.6307611311940997 0.31556530492574286 0.12858826009214952 0.1745735934659933 0.1738627080248595 0.09040153896182987 
0.9837934453835716 0.24136049350412098 0.1158194479206772 0.1158794348198734 0.3456131712006697 0.07039455047199517 0.07934053977564502 0.08525452731410406 0.8093263847751407 0.03347242507734233 
1.0188851620046724 0.3767068629188052 0.357445434650281 0.07867632639932111 0.41879516662899835 0.08373820933798454 0.12542015350053948 0.11578681648587845 0.28248424824223267 0.3972260107031724 
0.8216565478656097 0.1517170592519938 0.10280856453263147 0.10773074418746356 0.09634503253164661 2.5156446155352388 0.1429050159848218 0.10350507892485672 0.1372243734715805 0.06253788547035115 
1.0264773963630272 0.28784267317898904 0.19014148358715605 0.09057083809311756 0.06719903762290513 0.8703738304536977 0.11217025208782204 0.147173223673455 0.09756987917482324 0.5576165797861028 
0.9498352244568997 0.2572179990982305 0.9916984942430294 0.42138271731751586 0.07499562220589122 1.0823011020385602 0.11012748613855505 0.10939522706511594 0.8272726770463321 0.08392129135429259 
0.9764839348950869 0.3458971688347877 0.12429896197617901 0.08786412417009525 0.06491850556556295 0.5684243880668527 0.31524760969091425 0.0693073236912559 0.14254316464793326 0.054558564265497586 
0.957783053361182 0.49728234333017113 0.33660512070529425 0.123507593547373 0.0722468480902563 0.4270114611748121 0.1558923104747802 0.1102588979213437 0.1972778161919121 0.0795909480270798 
0.9642635383035559 0.49391088744282724 0.3308960921715923 0.10588349452389094 0.04946430233729114 0.4286392772453888 0.11787492578146597 0.1115226695731026 0.7965000285584869 0.06302351185700822 
0.9633623348816945 0.2750698313235988 0.09967482912529738 0.2637909776497183 0.04945338635565592 0.4198480385375779 0.10921015794179609 0.12738801888727994 0.83331843603053 0.08206872475157295 
0.9909146408535157 0.3153116925007173 0.1513714240728711 0.4978993953390727 0.42578180478112154 0.7415261066993113 0.07627443030713657 0.9061335144237364 0.34223570532209857 0.054932444422110344 
0.9388915426000024 0.39096645971029315 0.2385252876338254 0.07220707043238346 0.06777613557502507 0.44381747672129923 0.10494470550963514 0.05907675429850301 0.19022597769485233 0.5550064231742377 
0.9827509872183877 0.3128215506823626 0.15175446849850965 0.5028492963797963 0.42452462131404456 0.8324177796268474 0.07672460890382914 0.8880355013176191 1.651290300580575 0.06406721127589954 
0.9912360162249286 0.2059669879058084 0.08981471033351589 0.0753244867278535 0.25516452109104754 0.0765714619972759 5.895580706401439 0.07984342883147899 0.17919762877836676 0.07820356402275931 
1.024265916113503 0.41539713382753823 0.18177008728032576 0.07204745741027797 0.08965480351855687 0.058281890905271354 0.8148561484622353 0.1044602765049914 0.12481534231465478 0.0946804414977509 
0.9892564777457967 0.14198998784967348 0.08148708779739594 0.10337918697878934 0.339476664511398 0.07164900774488436 0.8018180264936234 0.07559656535759444 0.12901049072696685 0.1557141159160784 
1.0354765932321193 0.3780112718163564 0.9564535819448541 0.07534071948635489 0.057448945280897196 0.13935524639572672 1.36202585820111 0.11608548967811243 0.9351166735825922 0.05115862452848495 
0.9883046532714562 0.1879846412138294 0.14133176364427236 0.11469991148060515 0.3564691562940372 0.05127214404510029 0.8245387618132322 0.08601388295716522 0.6201558940989615 0.1429221731459832 
1.0279449816815602 0.24040559749042212 0.10503564114047374 0.12274571621578068 0.047692103469806034 0.11718063675734654 0.8859732280373365 0.0884406947472284 0.8615704778266365 0.036996419077716995 
1.033263659847135 0.1549873721665205 0.0944518426173584 0.10284258207915947 0.09205113639968004 0.06381403219249548 0.6291547419311697 0.3756114030364581 0.11727848164464307 0.04730330442753775 
1.0343568030375054 0.28785263072920503 0.8438543565836893 0.0714832784969073 0.05494539933224936 0.7281120217166701 2.088235315865666 0.1429714906213961 0.9185779766761605 0.37332296167955337 
1.0296319551761342 0.15961916210141477 0.09105023519852183 0.07666881787899311 0.04443813390928215 0.25425741763150067 0.7417312952201242 0.1136434682878303 0.15134261787934453 0.07034805934049093 
1.0335218718948396 0.342379818169994 0.9306195798249498 0.07735396972732289 0.09196517921048264 0.06950892954959102 0.794603568672279 0.09622822527657188 0.3488712584409734 0.048958546648589105 
0.996341701749526 0.19181245227921176 0.14010223967832952 0.1449775011218218 0.2754223937061131 0.05926230706048385 0.16753017780338125 7.3619990728539255 0.08266267469473745 0.1134953860641361 
0.9849963006073634 0.24444608331116263 0.1382970981196947 0.09763172438717502 0.35912834770310814 0.060818324613730344 0.14175409488795607 0.7454111175572931 0.12240264093602883 0.10119018181046105 
0.9995656458296551 0.5441174930861978 0.14515782576577219 0.0950276710450322 0.2295451865020304 0.12710449257176662 0.41744893981049724 0.7115639514969716 0.16461903969830005 0.08759332743348267 
1.0336010925653798 0.14882958440904662 0.0983744172184841 0.10455909282221505 0.10878770152022584 0.05345180127485252 0.11323327494880837 0.37806619515922574 0.11981559435446451 0.04909893498859262 
0.9804378397933567 0.24071847480637737 0.2214410296236058 0.49908520160021735 0.3561997749525197 0.06485588510046764 0.9372199467357164 0.9892581436921671 0.4594946071003366 0.11286437514545729 
1.036573296665626 0.1796916000213361 0.10490479516471543 0.32652044863371277 0.053862698772911874 0.055876956455842154 0.13196519758202502 0.3978310495338495 0.27791003806438386 0.04185890639772365 
1.0271390533261768 0.584324615556879 0.14629755856307747 0.11606662604272219 0.043286504267117505 0.22109139526079946 0.14243306241310666 0.6014682578131543 0.17765550863403035 0.7661047989932976 
1.0201664981209637 0.450176832106746 0.38513767423103284 0.09688665078960043 0.0378699068997381 0.17353652901648198 0.13112002156059482 0.31411254799426575 0.1531143444386593 0.0637507127491181 
1.0310716967300155 0.15707167265512884 0.07544627192780723 0.15198253737967943 0.16134388853697876 0.30911488882743265 0.13300304132542576 0.39489557945908704 0.28756125412662326 0.049506802049165785 
1.0296350003805053 0.1984712411136481 0.11096332937828862 0.3459732863357369 0.1544229268919478 0.8828147269769921 0.8058128390571866 1.3001674120602114 0.1351097753138194 0.3892595100313751 
0.9996162841535526 0.20730838186462458 0.10889890570877707 0.10147195726236344 0.2335215496218137 0.05034359955956114 0.1268719253444498 0.10989915574492644 12.625370590983023 0.11538919793225032 
1.0287288220466935 0.18129211979751203 0.10010083613039085 0.0648410583015919 0.08518480633701304 0.0552584587770888 0.2804582732192529 0.07715135998671056 0.7547317331609724 0.08452356396658893 
0.9012779053354528 0.8401715994340521 0.07482307078417252 0.11854621541801129 1.017503015196652 0.5651707889733879 0.11530676422396181 0.09485710896861085 1.6585940639247774 0.08828208707533522 
1.0259320220084296 0.9665093801962984 0.10077985751638034 0.061570691595164595 0.12810295482276007 0.05737094528272202 0.20906904713455535 0.13643898385844952 3.2774079947218415 2.9706776121747196 
0.9900930464991654 0.17325115090319523 0.15181498171912167 0.0966366581292184 0.3560038830553142 0.0543593101528168 0.7628985707891416 0.7425588004967765 1.0047644905123942 0.12996032561378856 
1.031529260373135 0.9739866558943063 0.8495396983316172 0.07837937568606637 0.04803724581434984 0.1628653947845997 0.5271599357945438 0.34659346781916817 0.9397987743948386 0.3318129315606936 
0.983928692577472 0.2842922025609199 0.13208883275541988 0.09352552653026255 0.5240778577594452 0.15748903208138854 0.7708918531531619 0.058511301168232596 0.7878553500304799 0.030847455318697155 
1.0314847282352981 0.6577397495561501 0.10182313131989289 0.13594934571343778 0.08182136127549777 0.05951202002877117 0.07224718675812014 0.07402884063082901 0.8495315036865715 0.3852412445685032 
1.0053422590002004 0.463326391709132 0.3014501227254398 0.08142696011868407 0.2571384857942577 0.08502473547523551 0.25756161483335904 0.06614437035552197 0.4148398850607855 0.07130802149492721 
1.022304891527435 0.15218571332540315 0.07636659070377802 0.1410739508269791 0.15001186347397688 0.1631315740337807 0.10884418328952276 0.09364080000200349 0.5661854807441509 0.08787592276920045 
1.025849667896907 0.1748546874892889 0.12946293478315277 0.10650350466583847 0.1069411938982896 0.11103957952429355 0.1744004282718786 0.08126138304897819 0.16649714355234133 5.718619027608177 
1.0353069073283554 0.38996795410317286 0.490421131320456 0.18330612563603133 0.08278130034420023 0.056092348117648516 0.12620862144050876 0.14058519679575784 0.30551030198819695 0.36452648825667516 
1.0271278929086685 3.55763168650312 0.0976433582217884 0.09886855122105646 0.043151478391898035 0.06315334426236054 1.1147364059642804 0.11239338354769284 1.9681671901680067 3.6486825639648015 
0.9957554558667354 0.4162809111771691 0.112742861337783 0.09728042355563736 0.2632347446994608 0.18176391822710963 0.13431041871920846 0.10143626373878886 0.39809059189321644 0.6045486135848455 
0.9838923663777499 0.7964035937802717 0.8263563019582825 0.062116419185470687 0.4602356533854384 0.06398929322030991 0.09190797490483481 0.34659009602622914 0.13649941341938734 0.6696851613754028 
1.0008227139312273 0.14032047979469364 0.11634087120929298 0.10015915734668851 0.09723722031074077 0.2544978401850481 0.6308765202591022 0.36584561101886576 0.16631433429615256 0.8676487878729716 
0.9126428845655818 1.0366694665913645 0.30182118460629126 0.06038637412375351 0.43744440194940737 0.4322213237724888 0.0881502977845885 0.07659729704789303 0.10144899285970438 0.6695303464311843 
1.0353716844055234 0.16016300097920902 0.11966704898045503 0.12492773157748524 0.06320699249230004 0.0776631057441038 0.6226553325854969 0.39945890726706645 0.09046727322676736 0.4383172997279104 
1.01978406068605 0.5950194080008548 0.14565625033613508 0.10456288202036224 0.042010792039224906 0.24869464245072676 0.1392396283907295 0.062305190065060134 0.15358212271649463 0.28897219635284255 
1.0281663181797094 0.28227359392279777 0.14716075378468588 0.061611461279197054 0.09583838542453643 0.08031931007420777 0.14819248882816655 0.10118712612262032 0.08766555359683896 0.31929359204519314 
