0.9999762289448356 0.00890456719783778 0.0 0.0 0.0 0.0 0.0 0.0 
6.123956579448847E-17 1.0002217783025416 0.0 0.0 0.0 0.0 0.0 0.0 
6.123803037325555E-17 1.0002392998567518 0.4900820864579563 0.0 0.0 0.0 0.0 0.0 
6.123338512220892E-17 1.0002425453419272 0.0 0.0 0.0 0.0 0.0 0.0 
6.24168863024433E-17 0.0 51.96965852323189 0.0 0.0 0.0 0.0 0.0 
0.6451313015976342 0.0 28.704916129936905 18.54500747465333 0.0 34.28837743819952 0.0 0.0 
5.050730321871127E-17 0.8250423414642157 29.281258838523 0.0 0.0 0.0 0.0 0.0 
5.050521221929601E-17 0.8251920703383018 29.22188223428241 0.0 0.0 0.0 0.0 0.0 
5.053899457450966E-17 0.8253932321737959 29.119593827689776 0.0 0.0 0.0 0.0 0.0 
5.0602569916564904E-17 0.8271294541220285 28.95172434533982 0.0 0.0 0.0 0.0 0.0 
9.413619795224111E-19 0.002771151271434671 34.91273162263663 0.0 49.019535626841055 0.0 0.0 0.0 
0.8248197921637276 0.0 29.230819330952073 0.0 0.0 0.0 0.0 0.0 
0.8284514493283627 0.0 29.195467119353513 0.0 0.0 0.0 0.0 0.0 
6.525023839328185E-19 5.366297640586885E-17 42.02772189065011 41.216774210340766 0.0 0.0 0.0 0.0 
0.8398166679631923 0.014007759877424274 27.996161024850863 0.0 0.0 0.0 0.0 0.0 
0.0013038047565524873 0.4947503708018119 25.60296921543853 0.0 47.01209304538123 0.0 0.0 0.0 
0.9532500688808395 0.00784095747799103 0.0 22.931389135163187 0.0 0.0 0.0 0.0 
0.3031456704606741 0.9531696377731361 0.0 0.0 0.0 0.0 0.0 0.0 
0.9996888748816185 0.008902586449833752 1.2477083994583062 0.0 0.0 0.0 0.0 0.0 
0.01619863205076937 1.000111503489875 0.0 0.0 0.0 0.0 0.0 0.0 
0.07139404689115478 0.9977104450397625 0.36685730125346705 0.0 0.0 0.0 0.0 0.0 
0.9632059033920073 0.2692540316062644 0.0 0.0 0.0 0.0 0.0 0.0 
0.9952476624812662 0.09761002220559098 0.0 0.0 0.0 0.0 0.0 0.0 
0.0455446421139108 0.9997354304273828 0.0 0.0 0.0 0.0 0.0 0.0 
0.9992765985063191 0.03851449644350906 0.0 0.0 0.0 0.0 0.0 0.0 
0.2727382403624904 0.9622766893094438 0.0 0.0 0.0 0.0 0.0 0.0 
0.8227947254808656 0.5704988690072342 0.018217357886626116 0.0 0.0 0.0 0.0 0.0 
3.749610069981362E-33 6.125756624265748E-17 0.0 0.0 65.89849971217699 0.0 0.0 0.0 
0.7073107802194201 0.7078799870467634 0.0 0.0 0.0 0.0 0.0 0.0 
4.4207708665070126E-17 0.7039385585227447 0.0 0.0 46.58449407839093 0.0 0.0 0.0 
6.117971187306336E-17 0.9992591233636755 0.0 0.0 2.7691545144655656 0.0 0.0 0.0 
6.12268639186703E-17 1.0001886525908001 0.0 0.0 0.9702488338789387 0.0 0.0 0.0 
0.9632218941320128 0.2692491201521851 0.0 0.0 0.0 0.0 0.0 0.0 
6.120324363488018E-17 1.0063393509024467 2.3889232224862225 0.0 0.0 0.0 0.0 0.0 
0.2502116070907414 0.968448136171225 0.0 0.0 0.0 0.0 0.0 0.0 
5.1596853046425376E-17 0.8426927954547309 0.0 0.0 0.0 35.951980680399814 0.0 0.0 
2.6408057527223515E-17 0.46656044574909594 19.97118475599883 13.014195331147688 39.26559020494986 34.435672260138155 0.0 0.0 
0.8421685469170155 0.0 0.0 0.0 0.0 36.002693492398436 0.0 0.0 
0.7053315861056689 0.006281076939707912 0.0 35.68506583383569 0.0 35.45083163739454 0.0 0.0 
5.999106666638281E-17 0.9800386817426967 0.0 16.702785564072464 0.0 0.0 0.0 0.0 
5.1156341777051925E-33 7.38498069028849E-17 0.0 0.0 59.83120561717526 0.007893303292427403 0.0 0.0 
0.8339953906834549 0.647503260456377 0.0 0.0 15.883226205984675 0.0 0.0 0.0 
0.7039755740212231 0.006268965262509427 0.0 0.0 46.765228125401116 0.0 0.0 0.0 
0.011298356625026495 0.6996135917479495 0.0 0.0 47.053963732708844 0.0 0.0 0.0 
6.106809742219193E-17 0.99759963610851 0.0 0.0 4.838348567753181 0.0 0.0 0.0 
0.928424932698899 0.37168235686837997 0.0 0.0 0.0 0.0 0.0 0.0 
1.0000000662033903 0.0 0.0 0.0 0.0 0.0 0.0 0.0 
4.1502879260883596E-33 6.691235728963921E-17 0.0 0.0 62.40234260259852 0.0 10.85694663150855 0.0 
2.1843716448109884E-17 0.36564952764961844 17.21045805406198 24.704456498816043 38.14836239879082 35.64078724637889 4.488237582719823 0.0 
6.248528567113444E-17 6.162804415693687E-18 46.95951897056318 0.0 0.0 18.062287185911785 4.324620388383988 0.0 
6.139040240973687E-17 0.0 5.68962140358705E-16 0.0 66.69152885741973 0.0 4.126851855733647 0.0 
5.91261873129925E-17 0.9125637777732282 0.0 0.0 0.0 34.720697584402615 4.337845011562406 0.0 
4.115376438544764E-33 6.423098389852236E-17 35.04430454544308 0.0 0.0 35.239852884321856 0.3193649771859011 0.0 
6.009920826970426E-17 0.981712269883009 9.916772081819447 0.0 0.0 0.0 0.07535940582869673 0.0 
2.0858235808787795E-32 6.583191021410638E-17 50.60592913887049 0.0 0.0 0.0 0.016507545809575676 0.0 
5.180773371830289E-17 0.8461319204246854 0.0 41.009249788281444 0.0 0.0 0.0 0.0 
0.9498961349424607 0.06753814997755662 0.46618683386650195 23.15387710436866 0.0 0.0 0.0 0.0 
4.3944247030111493E-17 0.7175579558747542 7.2532877507402915 0.0 0.0 0.0 0.0 35.62308066597415 
5.701301678061968E-17 0.9316407347088682 0.4567873053822857 0.0 0.0 0.0 0.0 18.966016846228726 
5.705373052067036E-17 0.9318008298250811 0.0 0.0 0.0 0.0 0.0 18.954483502146086 
3.526876782167769E-33 5.78704652345094E-17 0.0 0.0 60.057004281894265 0.0 0.0 18.515126436621493 
5.362320319918509E-17 0.9585788821247596 0.8428056186094768 40.70414580715688 0.0 14.105992936683887 0.0 16.978659746810965 
0.9795623318622105 0.0 9.721649830464486 0.0 0.0 0.0 2.0494916630251363 4.685253463681618 
0.7126503570967869 0.0 0.0 0.0 46.78542667881893 0.0 0.0 4.763413751253006 
0.3069122642625173 0.9499658089340175 0.0 0.0 0.0 0.0 0.0 3.7012370872123466 
5.983512630268044E-17 0.977125224959791 1.285227168559864 0.0 14.050043975511105 0.0 0.0 0.1508912140731649 
6.12392994346329E-17 1.0002277198321243 0.0 0.0 0.0 0.0 0.0 0.0 
