12.744693196069257 0.11778495623510526 0.15517563507802953 0.27740740321073537 0.9493564824400087 0.13932980655383567 0.1665812095614232 0.12394863932749624 0.06196633279004884 0.11742268804194812 
1.3935207648030061 0.14261699329614377 0.29212058384562495 0.2580383233011997 0.8690047915468898 0.12958523021358243 0.1276657315440645 0.12049588766630609 0.07944753159302373 0.06770528259128669 
2.5964913288071743 0.7667588356535552 0.07779753359145031 0.20235305438276402 0.782450878162655 0.5939193972338643 0.17613914374212694 0.4004298249774136 0.06901216870964264 0.33423138398734376 
0.7300714908448246 0.14350377571728212 0.09324442702310123 0.2612663441360209 0.8153058552494509 0.06719515445078417 0.09440712502731465 0.19250782882829806 0.0591386944429125 0.08173647637757235 
0.807374044901952 0.19229238572429433 0.11583327208282992 0.2575007578855395 0.7727360760912677 0.18252211975019902 0.27239388767714695 0.21446642805065008 0.14759563255845387 0.13287389754154175 
0.619792407100194 0.1554782505591242 0.23427592279439877 0.22942960712509286 0.8496165322043306 0.2050242591354278 0.11052494871242016 0.09358876116515097 0.04139074440251146 0.09450267435616964 
0.8279589721970397 0.104835027013452 0.12973988348689694 0.310531495319474 0.7391849714154249 0.5112440517400102 0.28568893580614463 0.1931195884743827 0.06839811378795599 0.456009288422147 
0.6572423728516937 0.26134274303994953 0.10651783349128813 0.2687454851755027 0.8095516176467438 0.30372576811252006 0.3150638084466607 0.06942447328811377 0.102901301847939 0.069744759608948 
0.6636905933625765 0.2526384548437576 0.09379407273368708 0.4064657915724401 0.8623172214560674 0.14210389214683966 0.11326636539058882 0.08733789464825847 0.06823482707579172 0.16442020976505145 
0.6010728194174886 0.09303412793094061 0.09651215429135816 0.22298281267377298 0.8115826364448899 0.13858484461406714 0.33176362658097364 0.14076503701314086 0.0700329095134484 0.2874949875132774 
0.5052775068753755 5.396783073465186 0.1332353709983087 0.27532569517217137 0.960215733124946 0.11894722786419834 0.10306214893644129 0.1485990120055297 0.12012879701270504 0.07655899490597307 
0.6827295512373349 1.3844103867278856 0.11616917670227495 0.31947665559827737 0.7401188896705642 0.2817506369993475 0.6276271171651289 0.0914911403457574 0.12518630014984244 0.06504928518929624 
0.42516467028058186 0.9914606228891358 0.4174576472377377 0.4452847021246749 0.9416731108737061 0.13558407274348153 0.1436990116603269 0.06768387615149378 0.0906179708549387 0.11309338085712828 
0.5041793464433658 2.0343601005010297 0.1334790329003062 0.283013962802894 0.9626553234854406 0.11050120627340436 0.104734872935116 0.1720676042369538 0.6348211951045689 1.2339811278279122 
0.5439443126541366 1.2494416825661943 0.4982202938592154 0.1525670892940419 0.8838360167427124 0.4329355379024087 0.3998728563855729 1.1007631812110577 0.10367459928645721 0.06874814653433707 
0.5072375911674615 0.4991308863167729 0.08048579429941995 0.27975972437906627 0.9082418305055724 0.13558612121986777 0.11028209582034144 0.03959910111223495 0.10415620830831293 0.05843809323510171 
0.4033662944262267 0.8421066915135124 0.12709969241970354 0.16084541968209462 0.8837096785315522 0.1592482625074733 0.4274388599815937 0.43062441382102873 0.05323288891551375 0.1351464940065562 
0.6258234119641017 0.4091877351885611 0.2342961472798011 0.2313636678347411 0.851652070459706 0.1882524253672257 0.08145050732009015 0.11769960414282882 0.04165455490781807 0.09085933456394377 
0.6394754353225738 0.6292745296988722 0.09621045393861383 0.22109087788771767 0.9100020907397485 0.10329633649147796 0.06276746177290814 0.0671800283746998 0.3633973292850441 0.0881626362886938 
0.40073280293312413 1.4734704946867125 1.2861065486781025 0.20986622883886613 0.9526466911200432 0.11730778722846286 0.6667003807798696 0.07106835753359578 0.20481636308847648 0.4950957445185725 
0.6811287413394842 0.14394005220449982 4.716302319124927 0.26023003336273826 0.8476572216707458 0.10277315606690249 0.19101700201673727 0.12389452818309796 0.08427189533171385 0.09518091821583667 
0.6862230046499558 0.580699915788411 1.1580860977833622 0.2860676365545167 0.79477105385468 0.4209060092604324 0.3958890581105467 0.1349680271966764 0.13622235496378987 0.0999117782568942 
0.7828472073060695 0.208333386769414 0.40344629085419403 0.20779724874493496 0.8109933034570127 0.3814133144782245 0.7337632966156101 0.6869883051988401 0.08412105039582085 0.05339446509318773 
0.4428491835401394 0.64170650171283 0.3891407727530514 0.2403645094150231 0.8561820667815382 0.114466841259006 0.6628395799483149 0.4196016312624258 0.20497269879040866 0.30482667887029297 
0.7450463363300116 0.17140378846762117 0.16730106473060324 0.7928520414433984 0.8141949436176231 0.15922611877995757 0.6434511123449366 0.11375303285697522 0.33622019048705476 0.0941440628353824 
0.6516104309391073 0.43442144863163773 0.11909888195427434 0.3729408202726015 0.8543656806512371 0.1477354713646382 0.2380262808126125 0.049459727334271696 0.4167013445834013 0.5980106099357556 
0.4609689693480777 0.8435627449226076 0.12585130429156052 0.6904421329251182 0.9170041200200816 0.13359446480315135 0.16543022560743265 0.783555443663656 0.07299590509518386 0.7542734866618374 
0.39460675672554496 0.8389848142351194 0.12945167070610958 0.20601106385776274 0.8804508798134685 0.22081612700823183 0.849210649824246 0.4471977651681209 0.05185529325022459 0.8137024607359129 
0.7081357062465551 0.10016076933107103 0.08878962838959124 0.3074870025229086 0.8030098379643398 0.1676116430457904 0.607671823801323 0.06384956702025213 0.1759590068920408 0.4905858463395046 
0.5221845799760076 0.11632750224428617 0.10950946722815869 9.66158948753627 0.9224186197976352 0.206751955485524 0.1629886864448632 0.14394671301640632 0.07034857937318137 0.12484253589665995 
0.5347689025520249 0.2817575001475854 0.48918990905377624 0.9761240375378453 0.8077996186660418 0.18719943657440455 0.2272046718729006 0.4736664794575658 0.08642327421033079 0.05596351908733685 
0.5180743616534236 0.2999900149708133 1.6405868960958585 2.3463740249505753 0.9413638360057308 0.18387183252746336 0.30876164898608294 0.08704095362357014 0.296090628523699 0.06454486478465284 
0.531817861550736 0.31295217826425326 0.23341393290079027 1.3034313502099808 0.9042694044314882 0.11756830740727836 0.14586243372395352 0.07426006980533004 0.2528559288778138 0.05842144756503212 
0.5276561509352182 0.6917341648109788 0.44307965364481355 1.5322816354220576 0.832297036599899 0.15791237147784723 0.20493154530745367 0.4523263394945708 0.07794773774235797 1.2418121742054669 
0.4059304066068986 0.1336090578358956 0.1052275650947525 0.7599451502336765 0.965908016131965 0.17532339856982734 0.23950373562156876 0.17510143745700826 0.39520089441308237 0.05983913155776495 
0.570945751039111 0.822129990813005 0.08502403568670037 0.8746420618178616 0.7829679035026358 0.12890118521018984 0.32243823888092477 0.4227290891801345 0.09553799660903306 0.20379515341785306 
0.5300638642823119 0.124472450442596 0.24207857610032577 0.5641447196217527 0.8932516521732307 0.12653268813930418 0.4518780743282266 0.09781106945564377 0.09401866384055035 0.10496787841563221 
0.6863338796622351 0.09956713800487652 0.11369321348100937 0.15878832099168583 8.649193590593269 0.17808232419037184 0.07745902024099874 0.11491036900405699 0.03805435706288662 0.12294159650943758 
0.5928614736634149 0.11447677205927191 0.08974225500520035 0.26627005990742353 0.876433845648156 0.17069845474261927 0.29478241901380264 0.1707875885758698 0.043518504178944956 0.27969126802680955 
0.4288096966378325 0.41133786309306164 0.30147867237629217 0.14590881446637174 0.9584361326808869 0.1871357104082309 0.10461908022313618 0.1393033945061803 0.04062177120500306 0.09083240506483511 
0.4421010622291398 0.7817527385220928 0.8045259307728674 0.1736907095585912 1.6334084883172428 0.15944824748042452 0.11874778852093618 1.1710098310006472 0.15494507760208107 0.7093565385170663 
0.5381751578137302 0.10576009626461397 0.11083977303886296 0.14147599599380878 0.9396918426897228 0.4678360856819054 0.13806613415788432 0.06833079326114119 0.11492643931525406 0.06488933508594645 
0.4741512468673487 0.12758362149815708 0.079364673602032 0.2054256114066883 0.8273985999034953 0.12898392020212673 0.06918968040221404 0.42800422177957637 0.30512989789180167 0.3035825988431048 
0.43347722710484476 0.1309444949479283 0.3882860330148167 0.14688620328264457 0.9444676623745919 0.13825239237370152 0.12231950836507947 0.07124657434139658 0.08862417387881445 0.3916671327549426 
0.5752767997974334 0.4205595221044262 0.07685002373526523 0.21351397152210727 0.7825669831249255 0.13437188611000894 0.33993145115755286 0.4017370737391485 0.11347274730324175 0.20998736457985798 
0.66229186638404 0.5157629402827641 0.08480446266377273 0.21529303572840774 0.8352941557975914 0.4249008963903012 0.4011044012980357 0.05512528548514731 0.09030957645379377 0.0574324279997698 
0.43376998817753765 0.11842095721013403 0.3828807741692153 0.18257845738711284 0.9063607876591929 0.12775140494519877 0.3394929969266449 0.05549319055816823 0.09585624563991746 0.05853026908030052 
0.6644929097671571 0.19330855341917932 0.09166252184058897 0.2962519056873875 0.8643333551977594 5.509246020453431 0.08295272477290384 0.09804502024824555 0.0513745666306482 0.0695865622855602 
0.6813783731151256 0.23306788166885106 0.3893608951249014 0.24212226137337473 0.7241864261270616 0.5250529763036608 0.6225100189029996 0.44361235598443843 0.4875583346505052 0.5188857892093575 
0.6370137748041416 0.14766571717785912 0.10934316251037084 0.26327662986037376 0.7667904287693357 0.574594931926546 0.12368583582894951 0.4311006399426806 0.08323786608851219 0.07723851065866978 
0.4319757993437625 0.10913078029988153 0.3992382728005116 0.18194841661816344 0.8995543837608123 0.781721930938009 0.3438247363397649 0.05188544698417394 0.17609210390206986 0.06139550130846771 
0.7713101599446395 0.5825808455092802 0.22992813796995065 0.8860652817800487 0.8244921664718585 1.1505770516058493 1.2981123983181841 0.11763835552352225 0.033336060746028566 0.07299249655773536 
0.6100348886734442 0.13411187955261733 0.2157690855163429 0.9458117220499672 0.8579418133702699 0.7058996568994462 0.23572145689821 0.09606309142912445 0.46254048698865113 0.1442896196604052 
0.6964318814346296 0.3277890104057602 0.6875686002120156 0.2713978116270467 0.8587405510510505 0.5623164323804702 0.12287339010698556 0.15438132210591868 0.0368554452149009 0.0911974364559065 
0.7717252062073636 0.11348029708830963 0.5021589960382937 0.2445178898149149 0.8310717395355708 0.3369772846433921 0.12272525878347701 0.20893266016159928 0.1759616090687129 0.4381670221672203 
0.5340999296484045 0.38067398496237487 0.11396773588170805 0.24724782411719787 0.8813122380015174 0.39021199136271023 0.08431759374815899 0.07989492692482798 0.44498032511802443 0.5832548064745864 
0.5409524443158688 0.10812722639923479 0.15603492020850498 0.16252759102453618 0.7137054239299628 0.1981103396252542 5.947324646490794 0.08814572799462785 0.053350420184581956 0.11252289965759246 
0.5137701872387928 0.11441004156785793 0.09654061871813575 0.17364928912940508 0.8170959124157766 0.11097247569023526 0.8271300596275671 0.4350310993059095 0.06591401875487096 0.09280627430523902 
0.6282401294700027 0.14588164059466005 0.14997423075958388 0.7867840942693212 0.7162088045546443 0.11769708725925196 1.034986437318608 0.09107730779876055 0.09762435281271863 0.08183800135871758 
0.7346211595136625 0.3365070460311399 0.266147710466416 0.22362510781663614 0.8031272479487203 1.9926185485714525 4.0669358563473885 0.21276581499980624 0.07699456290756151 0.14389758691641122 
0.6960836870550492 0.5875523016238291 0.24707482244260298 0.8753269767674429 0.8098614806983454 0.08838167371130923 1.2548933615252726 0.13593365341962196 0.02832847759883107 0.0826648871584873 
0.5808420766253493 0.25532351643543 0.15410931465429106 0.8441962919873024 0.6391503941151713 0.128644555308917 0.9711062391622411 0.45031912200189395 0.07669804367847752 0.11542772465599584 
0.6238634034077006 0.527343107657896 0.08170893779961844 0.21501670952291466 0.8352951939263178 0.4273598216400038 1.1310300806774176 0.052785148247612226 0.09030879467456641 0.056909466199149855 
0.6943077546415258 0.0938522189928161 0.8022366443636565 0.2489629440643069 0.8300123736528741 0.37734190036233195 1.3102663553716074 0.17361195105316718 0.16107636616651705 0.23168466915970887 
0.6211661649741934 0.12067317929715862 0.11212741477191981 0.2407547765078926 0.8603509051419989 0.13875700111168854 0.44608674740868387 0.16091495881716247 0.06195278662473566 0.044419390821119946 
0.440169153307439 0.4328592502812194 0.1026072351198169 0.16966289259962972 0.9573725334113987 0.1403981092378091 0.6443704908430501 0.05235419653591272 0.09988434639786012 0.16935326726808309 
0.3326713484436916 0.11946013039143327 0.12324669542882491 0.25753942208151787 0.4675969565710842 0.15828851277342343 0.22502286031577035 6.863370983929674 0.07975946961039326 0.09495027216843616 
0.7694308699972621 0.22919805268904467 0.2777123503062566 0.28050924388009696 0.78506050161744 0.13183191247849335 0.11925949264566603 0.42465755766604374 0.15052046386671072 0.09670372792899275 
0.6032582806617096 0.18315082078817815 0.5744201707057077 0.2179078759175236 0.845913185923559 0.18745392350937679 0.12506387178886308 1.3843573930327968 0.12333461276866273 0.09622991808967613 
0.5467579050178173 0.12211636534446237 0.2163965337910543 0.21056911062074007 0.7767364681919703 0.23521869228967285 0.09593569412610474 0.5089850670930832 0.05104958271004178 0.0468643408482442 
0.5665374633466465 0.31592838042561094 0.1452900999099275 0.6170416032062113 0.8220258442714241 0.14043542894220168 0.08814411750907467 0.5815700856239778 0.09764298146228195 0.07343121095059897 
0.3947064993305078 0.10650422751644605 0.17311693089963925 0.1130130265886308 0.8741617912841685 0.19050050166836857 0.10902623775485054 0.5092866475582325 0.04696205909889994 0.27688379418741216 
0.4522478662747321 1.3991223913810484 1.2853660620984295 0.3488431776798052 0.9471017936066976 0.11604889483009656 1.6253495125966912 2.023520621632767 0.20358201792798367 0.40759934671713177 
0.5840516971841642 0.1262492123453445 0.19333686277905007 0.2178298969825725 0.7914775721328116 0.21852356137134846 0.49677598151261926 0.49412047995648223 0.05844965762559857 0.052699939039150094 
0.5415765232937455 0.14645280734027588 0.07438055801297205 0.2253081491548853 0.7746093080182456 0.10557346577246504 0.07821027934284798 0.6296510815996281 0.05753014112388205 0.7214977105497545 
0.4312145893936858 0.11477129040949055 0.16111525521795683 0.2570920606204729 0.879643263861986 0.126494440784865 0.1727302819732549 0.42148234687875585 3.2175689678367245 0.19008152597458394 
0.5635756323106031 0.11305599972628955 0.3785771884694386 0.17314763734762736 0.8535361402528805 0.1384823269000742 0.37205784404652875 0.0908056633224465 0.6235991506171661 0.30393942840735466 
0.7418141628656726 0.3333031092638253 0.06636949078530159 0.21736104124285038 0.7144919771643911 0.16625594904223392 0.38039246126900694 0.6641822120312182 0.6017830552675467 0.12117199840280428 
0.3297904618375363 0.8397229598234655 0.11856603670800347 0.42718608072221836 0.979623676163263 0.22328472580779457 0.1460075214720169 0.12453145844644753 0.6835419388253252 0.10560748454088968 
0.5645598805349135 0.11546805535596132 0.1259009626833822 0.16288266300198248 0.9223329284417457 0.18572551369503967 0.29124396875297076 0.08984111096921149 0.5418436116602904 0.06967848238109405 
0.37184579571877724 0.12704877110060142 0.11676289518423844 0.6300440937138609 0.9568523667939751 0.2288599074298752 0.22752166454585548 0.22718678295460362 0.45987955455565155 0.34677812881711184 
0.41023953334564206 0.8275304707316634 0.43866265126864823 0.19473990082686407 0.917066855126306 0.13449262253946842 0.3491819862863493 0.07017444526223303 0.8441206611688576 0.11238742736259388 
0.7092942402842406 0.36730875979612215 0.1513682978150765 0.2541079097183867 0.8447520359627948 0.2547960328590491 0.08560620575184923 0.08891089733580339 0.36571646519511736 0.08818276565516346 
0.5187661918409305 0.12609147838187743 0.10613097546537635 0.1779912596545458 0.9099398157362883 0.16384651879918594 0.08686498706178133 0.14797296366953594 0.29915673371943713 0.11184547250767826 
0.5626532166225022 0.11991076032339393 0.07792663036546191 0.18150185832154503 0.9169084747950397 0.15393265812647738 0.3007084679705204 0.09953730226475273 0.5433803018940648 0.7182103094402984 
0.5452367792774515 0.18511498028548581 0.11714870465169074 0.3124037155974486 0.6424446647739456 0.13428157619397788 0.15898229377166523 0.11451633997536083 0.06220086894337729 5.731034697363156 
0.3978596172994735 0.11840643282669334 0.12785680718211506 0.171325189655358 0.9621266303664893 0.22741856698746118 0.24163871154010125 0.47911882258516203 0.16724449734300798 0.630973078719912 
0.5534905802270709 0.44302424732648255 0.13370602557053313 0.18216997114538505 0.92103156027922 0.165461754241772 0.2256475796410581 0.11830034493889607 0.059417930681536724 0.6868848792456488 
6.1320730106616015 0.10565434991554161 0.24181872148449268 0.34980578573552445 0.9241722252726006 0.49309504880154753 0.11578781158740928 0.07323830749342941 0.14093552795099393 2.812506638388738 
0.40104002273435213 0.12391315059819785 0.4170469053325168 0.15841306291698043 0.951540975628671 0.1899601910688179 0.6120426373901607 0.14427710616504627 0.4563641232216689 1.0770655411592143 
0.5877743154628278 0.13822313277563503 0.09332858388785363 0.26101682082477806 0.8338069863426935 0.13523143049693848 0.05727441808540386 0.08084521370600785 0.24709433994783014 0.5296862597704145 
1.1916744453571455 0.09639322789892396 0.10215237625332774 0.21647733258707968 0.8358507750500108 0.5009104041746838 0.4190772648240903 0.13623095405545932 0.0820182938195784 0.7134276356939397 
0.5753403184599029 0.08146267324421556 0.08863703658133734 0.20150148037753257 0.8821524818285837 0.15613582865442266 0.08211517683031878 0.12352701706543297 0.03630410710854423 0.32848417791477846 
0.4417818905850065 0.10830340467986783 0.057934118728999714 0.19650220138420657 0.9674185147162816 0.5277125011571412 0.10842861967731572 0.07684591265648287 0.06919414621648032 0.4526396049416201 
0.39146377144557104 0.12813683094756692 0.4568287239540585 0.20427943750241784 0.9523878390622391 0.16147037297723257 0.24663961348051716 0.12603571558726456 0.050276126066286855 0.46897166478144586 
