455.0596154251184 0.7853954339458448 0.7853966037097225 0.7853977734753426 0.0 
146.6225887422029 82.04218947755848 347.9728990348988 224.91913923336276 1.1050798686731471 
329.24767947498003 174.1232696818432 0.7853958351677284 0.7853975813396302 0.0 
207.97941585760236 5.650177540589321 0.47086525940150414 277.7524150153619 0.0 
371.00007336858846 0.6850558220130623 0.6377484288063839 0.637749371061282 266.6645372235064 
298.72992692429773 0.5320374639611093 211.27154433007755 166.19112720727287 181.59153431008755 
313.689860472974 0.5483995638291521 200.30268823420747 0.6506646978040942 251.60994600342238 
381.131089383634 294.39669047321576 0.7509408587390669 0.7509417716521279 147.55368587734014 
207.4523241664205 196.63389170439294 182.5789790776726 0.7853974614889128 0.0 
222.73487752564995 0.5158207977740683 1.8788920396167361 0.5158405331474001 255.73734989056842 
161.118404005736 0.3464330533194986 325.4705905256535 39.15695599548693 0.0 
246.26925137003047 6.52043051184286 0.3820591001348624 328.97005396461185 295.90866002456244 
254.1629841401082 138.8933465780383 0.6386101452673132 0.6386116975319706 207.35727794264943 
296.2079011051614 161.77076285547372 0.5907890111600689 0.5055909951443377 401.20939150565084 
102.39661524640954 0.23054988449579417 0.2305504688726112 333.46031748976384 0.0 
165.04864485915562 271.8263266672644 0.7659691659058121 72.0784107125261 0.0 
135.5691713396584 17.462866462774958 0.22760588658358424 445.7142623196746 71.62654394169326 
191.98374375278092 181.9675459042979 168.926370467521 0.6150065626807204 249.28877543712397 
0.7853944176617786 465.27668796746997 0.785395536611362 1.1146575614827317 0.0 
174.4682543393796 134.76208532562518 445.63023971562797 0.7506313873704473 153.06153498185003 
0.7077840111489052 481.30889763863144 0.7077847764356052 231.49819366615455 0.0 
2.2649460797194685 225.95204139130482 0.47672440598117594 295.8501394125913 0.0 
0.48726114442912233 242.44447848612816 306.488034581236 0.785397634664542 0.0 
0.5403991031604957 329.81118683195183 233.23506861792498 183.43995445728177 201.23876212190237 
2.3557928148187837 241.18781261041372 0.44636278830234777 325.02443281310144 127.67041509952287 
0.5183625859712108 330.71471503459367 211.15030677975128 0.6602270342405521 311.65253351790363 
94.37802806224605 155.4732963784192 0.40515836073744865 302.0346744420484 0.0 
1.6997191148327617 201.54839333198507 1.749110129874817 0.5160556912675736 231.25011664748794 
127.30169898179246 209.6787630904266 0.5993451305642279 55.60417985032236 200.15986570422604 
0.3172778124029995 151.90823279661697 306.7903661458759 0.7544440273808642 155.58830326440332 
1.0377817918771408 137.14490369764988 0.2314404265940715 444.75168785011454 0.0 
2.4479383686063474 83.55163043258007 168.78495484187567 246.56465020280137 0.0 
99.08587115492709 93.14834662204797 292.1556513258492 146.83736862463465 0.0 
63.56956617217075 104.69635633871515 0.29388879829154557 160.35047933515395 257.7428473593596 
0.1306419948926584 60.56139837680757 0.13064229885942835 359.0047297582845 2.509735763783548 
0.24890996726613085 149.9602893556244 189.59353560262613 0.4012345312197352 406.7715683433812 
50.03128515897114 82.44859951079427 0.16442936080636528 450.44401506411543 0.0 
0.7853977768579824 5.101153773000466E-4 1209.235842422731 0.7853981081775001 0.0 
155.86077810104834 87.20161596221423 436.49721478657375 0.764349488365495 111.44001373863335 
0.13028747588381848 68.71425173524216 408.4833935275362 0.7853976928003883 0.0 
46.46557581487962 35.8993698663416 348.5101248888519 0.7853975169563773 0.0 
55.57721912918506 31.10393456320305 448.4344585282259 5.081454302845649 70.3194687427212 
37.04780225897877 59.14671472268268 417.2881013007904 161.44116960954156 0.0 
71.20414595889149 0.12135984399063493 425.79622145663393 161.1586083468518 0.0 
0.5923611243605806 0.3314460096368729 392.7292867847462 228.59168663035655 1.1231419101151967 
1.3750170819110206 0.0029925642105613106 353.24010399536803 0.768791686679545 73.81561368728387 
92.68908843458233 0.2032930058936242 559.3522776341981 0.753967385409898 165.4102243573618 
0.29739680410861247 190.3074327784741 465.15879843476836 0.7853954447528293 1.2422028556191527 
0.012491800518619102 1.2541751908491645 333.4183685666639 151.49192631761 115.51932957117961 
96.33505797268357 142.46592667785686 420.2615503429437 0.7835804119130187 30.944760564644273 
161.86810492271516 90.56133474941215 453.3308259272286 0.7853954278599233 1.210626654145478 
60.117743836117015 0.12025606643217743 290.86913889507423 256.79017089832723 0.0 
0.14501344500676408 82.64028056058186 399.0053217740765 0.7619657346725099 185.1904823752245 
0.3063904056735485 186.99940369791724 402.012372471272 201.8777539254671 0.0 
3.61609323414929E-6 4.8706350198455525E-4 0.7853979620186142 1266.4325600482375 0.0 
0.9943802133611334 35.20351158822018 75.72574085300351 537.7993472956546 0.0 
37.791940029427096 1.3641387534706326 76.723627682389 456.19315990623966 0.0 
1.1927942354902443 1.7640808620055883 2.692336868036498 482.10924177817884 74.07223136024041 
0.22452947439175946 0.3697945685848435 105.54370601866695 312.1955128662112 0.0 
33.83863110660285 60.95536038311203 0.13046758965543478 413.85302249902657 2.8930600093704353 
50.07857855832501 0.07368664237509738 148.1398821342957 510.12556404522894 15.10151314468657 
94.58385245915956 3.3992622649664836 0.3644358699105507 505.12091561380254 0.0 
4.00996296438349 65.74650725633454 0.11934946040143965 423.33908485350133 65.82360912575345 
75.83020842119114 0.11920108190405301 0.11920122917796684 487.98317853196625 75.87262761336409 
65.7564222171079 62.07969845493937 57.75208241633019 380.00794208885645 0.0 
0.622433313077901 41.70187131473548 84.27889902190941 491.9780421332717 118.35440904021989 
73.43802153113218 40.128580339645005 0.19754197806459461 360.2834162217228 44.439375298247114 
36.499543032582274 0.10484821246510356 217.99711471627606 322.2572232214151 0.0 
0.6635717420791534 0.0012728187557477226 0.3296485802991933 386.28372172899816 135.80140378808477 
3.974900313192509 65.20537474482317 0.11614482962193766 419.92964458759974 120.56973668647194 
0.408238303945171 0.6722392033735739 180.5684136422602 236.3727559762378 0.0 
0.4665243192584604 0.012318354773126561 316.1375033825068 422.16503924409466 69.9662845485123 
129.35536615024358 0.22174745139257943 0.2217477772117976 421.7546897792467 123.69172321871731 
34.68686211985289 0.10084415673270002 208.59324409214918 308.2932735885614 88.33591373233811 
2.4264723395891876E-17 4.152147804036034E-17 7.816347998171229E-20 2.95894322443057E-14 483.2327385605849 
0.704069183525303 85.95131791193913 0.7251364929569115 0.19913188421636496 327.9475999024098 
105.08235764523805 0.22384552011830924 0.8670691109454048 0.2238536480417681 353.405978840997 
39.294946314747705 0.08097118862392133 27.71249701631514 188.6872498412659 327.65968461881505 
0.46911268755195007 58.95260576237832 0.4835653251165453 191.02049903694856 320.15215737327856 
0.23982818694075209 4.702303850321414E-4 0.5067795035856947 285.9509884526987 280.5159360501802 
90.90884612743133 0.27134428079010575 220.2142487942539 0.505590804742343 283.21008635386863 
154.80134874131303 86.61144081356 0.29384036288695914 232.282525778231 373.3283896286154 
166.34514946809009 0.29103766992357394 1.3097490325337247 242.5657803396336 339.11956601674916 
0.5733073037030257 0.9554754706119325 291.15870822312144 0.614550702579839 231.70517377967337 
0.338631589363595 0.5628234229302769 165.38623467837496 216.52756911380644 216.8266540561238 
116.77544176537326 0.18013963640937272 0.18013985074509248 380.8836025501992 317.03150561672174 
0.5253225346747878 34.765414056404715 70.24680837907457 409.7638438487722 189.60746095118304 
0.6152807913697718 0.0010938999851623017 346.0746463768431 201.44350255181595 186.55855642681013 
78.80245981473021 0.14420997458096782 55.732929837264244 379.00264249384855 176.72727443841143 
0.22573471990865376 0.37189247483214377 223.291237791249 298.12703084021933 156.86125803525425 
103.45169120726888 0.6704654833862296 500.2895609424654 0.7161796125924369 232.18427693040053 
124.89926504333742 0.2687846426936238 305.02543236694555 0.7093168429458179 156.70138575152237 
85.3826360399792 0.21157387164262126 172.41998875149773 251.8767529792322 0.0 
