0.32118503248905783 0.01925088811903321 0.0989771704922176 1.5277280329892415E-9 0.0 0.02158307990829996 0.03383467284268491 0.05419894214650958 0.09775083515767215 3.871919687935236E-9 
0.204716131563468 0.004717772013179551 0.19658827456004882 0.22031438215302213 0.06951688763793785 0.04184897740733099 0.031113983732916992 0.12852835314795663 0.010564746099474191 3.2689206218782536E-9 
0.31292158331095343 0.01926720347927242 0.10161433956665239 0.7675225682502935 2.3723687009826572E-8 0.033355639103472536 0.003640302574041747 0.05811153514458102 0.12149155147333689 3.529034670409746E-9 
0.1542433662456169 0.11074069270591191 0.10484613321632408 0.03699412446491667 3.9024933991693255E-12 3.580273060906764E-10 0.020643108469129774 0.11594155951609411 0.07872043814572748 3.2159416786789E-9 
0.17512301675848224 0.008762211333253327 0.19569058078872578 0.3646364509797499 4.022790715548906E-5 0.0401171440807896 0.025597999539672938 0.16658443249201146 0.012610701391691747 2.296181633045814E-9 
0.1441255800342473 0.002927656806548797 0.09791641511991754 0.04611166410903076 3.587171877295791E-10 0.009929683858401506 0.27054813084716406 0.014492971508032946 0.0370058904811925 1.2862816403678632E-9 
0.15724124507811396 0.2445534380041016 0.2201988233924483 3.5162989331851966E-9 1.5603194026124322E-8 0.09654444770028242 0.017387746013278985 0.019308723603340464 0.009625452748253095 7.553128847878834E-16 
0.05005116490432392 0.05314138984121857 0.06148383236300086 2.4548037923918583E-15 8.142430630112897E-9 0.028788247422574336 0.06612165849215401 0.10026154064678876 0.04101164831317234 0.0 
0.10227270102924887 0.369225899284575 0.173183905208925 3.587652097205725E-9 1.5425325430791036E-8 0.061422775014683115 0.015512126057544894 0.019246373248262817 0.008201629798188507 7.194836613348303E-16 
0.04345666056323473 0.15829200063979743 0.07904979348875758 0.006752667939758089 2.902012701825795E-9 0.023746160716313105 0.008516072466987849 0.07818381363431814 0.054220998489310335 2.3713686716408223E-9 
0.009944265098306586 6.120379072850249 0.010784027304415324 9.455483983823958E-8 2.020589483448863E-12 0.0 0.01696777850585662 0.031340234320794476 0.009484853282512765 0.0 
0.05417669679388024 0.3225088931950314 0.11106764505768514 0.32167571366308895 6.137256575558735E-6 0.03006878985400031 0.06376197510575893 8.638042952556436E-4 0.03938054897946431 2.749360069755465E-17 
0.0030709674143689233 0.8229231002519987 0.0014521101587726384 1.6013744748312457 1.528371470374823E-8 0.04376474105319442 0.003884729161113757 0.08886229957160018 0.05639811388306217 0.0 
0.004543067605630276 0.2244316640263186 0.06290238480374204 0.02225942137005492 2.0909188279449805E-12 0.015100847812584823 0.016710754982414904 0.07444022830992966 0.07649458749876074 2.889285303492784E-9 
0.027749679218947693 0.2252121477933688 0.036681462005524135 0.126865622127859 3.023311970824169E-10 0.025796079093337723 0.10251461099817866 0.031236011041991144 0.10158153859446829 2.0029755540002912E-11 
0.0326103902087625 0.16793406031470062 0.05246306231942219 0.00833018634560755 3.4056615692897453E-9 0.013653567776301286 0.10699624356151048 0.05368168914591203 0.019215309159871113 0.0 
0.0018409931391540429 0.250764376799453 0.06943427903834914 0.03220045313154936 2.121725478570402E-8 0.011240054643807076 0.02224167496301126 0.1178500650484114 0.024031158462873452 2.679873437699244E-11 
0.009758017169250172 0.3765643716779588 0.07187216277378201 0.8568503293143547 3.9088249188633054E-11 0.042605500153461456 0.015109029057587075 0.3124396487637745 0.010782316775477195 3.0558434159586255E-9 
0.024621480695060535 0.10964111471010349 0.04181457334920847 0.003473205046284566 1.3810242392698296E-9 0.010472608346885749 0.049921653967616046 0.0843420380451628 0.054180764745670976 2.8354668177400055E-9 
9.064470655167945E-4 0.16434398185573026 0.0010021366647600827 0.6309348645525449 2.8967415059711276E-10 0.007141046538795285 0.14423181552202147 0.08579177349529371 0.016638056596636683 0.0 
3.1538054027847764E-4 0.04757167690759598 12.184069219518747 0.0 2.5222694494750835E-8 0.0 0.010973919986315667 0.009757375582744062 0.01070470741884617 9.01278401323682E-8 
0.002382207838753781 4.6704298733927987E-4 1.5359973325344474 1.320823144838216 2.4708571296714657E-8 0.05629921932563872 0.28032100360336354 0.04196321216570888 9.502376088032761E-7 9.513306221603834E-8 
0.11889278565703876 0.043520366326778394 0.5656956533970787 0.33032578060183826 1.0382495054929378E-9 0.02570792720756054 0.009078518800143258 0.09603807007130373 0.05462886312513867 3.1327500897726923E-17 
0.06003073238929302 0.08954112501477571 0.3029793790787257 1.314519164354275E-9 0.0 0.028588772202115354 0.026828650963801916 0.04282402562436088 0.09805892409300228 4.382981095210477E-6 
0.002496252300418393 0.22384898752009885 0.36043446587370137 0.0 1.1323817729111517E-9 0.02189630170371597 0.05489661494305443 0.015426792829403964 0.031054554915489228 2.992842293701299E-17 
0.6531955809513772 0.09951694617575868 0.8787765021745095 0.0 3.3321331735468622E-12 0.0383665180071044 0.17525440050437838 0.04181530095358765 0.003367680064293245 0.0 
0.04396291584146733 0.05659544544663962 0.1924604263904246 0.0409174424089834 1.0594485697635764E-8 0.05693426469877263 0.05868448166599987 0.017926517370412176 0.043942059426161674 5.209897172479792E-7 
0.12487479145931918 0.04807929774168142 0.22281214139963054 0.3335088235720656 0.008168140180346036 0.0546726324333685 0.01687805844762483 0.03386710239186921 0.03792671349024697 5.084642434094022E-8 
0.019519487640485486 0.05915860630066535 0.20209747921519197 0.2000110857563508 1.0846526128887908E-10 0.08227404689038527 0.026482217346211652 0.012307015959075681 0.08039729519215094 2.383037724259256E-18 
0.0048792753460120885 0.18655985483975035 0.21402316912841582 0.34191390146249173 0.0 0.04685564707914058 0.01773871988369234 0.029486799352509533 0.052063667713475925 4.665761265276352E-8 
4.2735962322614673E-4 0.14478387380087818 0.01382306599048225 15.43211980869019 1.2936457277472008E-8 0.11375097621224235 0.011550809329545752 0.0760190631465843 0.012269300083730637 3.3293923031247762E-9 
0.1775320366327778 0.019640049016539964 0.18814226015391516 0.6822767265314289 0.06543480779150582 0.039345969296636724 0.03080932989766884 0.08726038780367373 0.014156927956357122 1.373764556054305E-9 
0.004679965337726708 0.11069978497058455 0.06125929377007239 0.8976356660378866 7.981054676713136E-10 0.0341238589035158 0.04510906674896007 0.06279096951549584 0.054040064540228624 1.4129455335506942E-9 
1.4295417103490427E-4 0.0949718772610407 0.06916537459254454 0.8757012487158387 2.540399222189986E-12 0.09219990269535068 0.05977082340402214 0.01278281152495827 0.052024636563020574 1.7216978928882447E-9 
2.3486637840061339E-4 0.09258312191687729 0.06175028369990642 1.1617734475306065 4.07874096329344E-9 0.009065189891861216 0.0036305769132110484 0.07046940371906299 0.20005236463346512 5.336439692344906E-16 
0.0043812833727022325 0.05880740492090084 0.015583101812280294 1.1409049949155128 1.0837359575881907E-8 0.01812388082471036 0.1484501561792818 0.05820830722976946 0.04504430123666344 0.0 
0.001348538189157957 0.24815964302233942 0.0021373791275004434 1.1498989370080335 5.628785710694387E-10 0.022664541981067536 0.0420847850516483 0.10548328352008275 0.016594039205370188 0.0 
0.015169062403373474 0.046498979129908566 0.032066561925285425 0.7300614413873392 2.3697156955860296E-10 0.01606380597034903 0.10359609447867327 0.14388385953528465 2.955187378237837E-4 0.003025304837468285 
0.00252438737011051 0.0012315320491629875 2.026747012770145 2.257772853481483 9.789196827822913E-10 0.03104740665657031 0.06740360221092243 0.06163344818701536 0.08683016432987042 1.7974946442092483E-17 
0.05451990788551701 0.443243964709518 0.0030903441125627205 1.1497637156430993 1.3408816651338617E-5 0.05276507693904736 0.025224683561823915 0.010326228583774062 0.17826110619192076 0.06599420148726919 
0.01441702883442279 0.08112735192049876 0.03168038968481979 0.015220085558243867 2.0011135167857157 0.03927313763306932 0.007939751724630023 0.09330041347262362 0.05960989061020619 2.8834263516429787E-8 
0.03186593838699387 0.10683740415989902 0.06082735032107362 0.0266608540311274 0.058294547573512365 0.018308929983158202 0.025384638196159985 0.1194768778960125 0.02674821045165579 2.950389458733089E-11 
0.035590182883527124 0.14647358595698182 0.07951238955385342 0.03684468282579017 0.07365624123263727 0.03495177993963363 0.06284652557045346 0.013274543416881751 0.04600183805854772 1.4397936598822526E-7 
0.004382722458114149 0.24656157911092538 0.015091007996621109 0.13286413478955866 0.031103841576213494 0.059494288760852256 0.007844244262848417 0.1280154251103137 0.08987247423366476 0.0 
0.051408334243721036 0.006011566703327968 3.947589122023891E-4 0.7189888322192405 0.022773860065744035 0.0108103883121423 0.2192673871201615 0.03557844098717361 0.09887859828589336 4.095027907398354E-9 
1.6342704650588826E-4 0.03204410833577506 0.03414516082227924 0.6810702436787173 0.01637463361490164 0.006739162891798515 0.11731353486853718 0.17195778629825734 0.025711120301325593 0.0 
0.07103903353675116 0.00698023631832116 5.581719010589333E-4 0.20434639541962152 0.02245849611489563 0.014235959744538756 0.20412762928141306 0.3896332626030057 6.076430704754772E-6 2.730557843133597E-9 
0.004753370861201596 0.26858746617719365 0.09657620289396739 0.03892455167974619 0.006748790122912564 0.04739497209505352 0.03711430198261001 0.03712604364652239 0.023668930494937 3.1338461817553923E-17 
0.03436378133049842 0.13906723613247923 0.01748830092238485 5.2819917109357E-4 8.399778309658283E-4 0.01145688071754948 0.16301302816137825 0.003122967026594075 0.046801771101241 1.0721616823789702E-13 
0.005687279268468833 0.07295602136666479 0.03207972940015315 0.03807832464843986 6.689958870111016E-5 0.012775652067772448 0.06711780083858647 0.12534253288827515 0.07889049725754733 2.7569781358786467E-17 
0.0019397356548284538 0.1458842221556278 0.014918163191956203 0.047307338572003095 2.4803342658151573E-9 3.20431301008599 0.022263670062300706 0.019812893738557706 0.010492804966215791 0.0 
0.009182556150842621 0.0979604852497179 0.06316996134298192 0.19048661412010068 1.088532625439791E-10 0.07881692934108063 0.02551399113494288 0.010480630292805587 0.07681479129312338 2.409731077284303E-18 
0.001922431124439148 0.07791897500868677 0.058078186310036126 0.11014881277043297 6.09828122470009E-11 0.04730834404172759 0.07921731274904166 0.04740460670759665 0.03932447058686431 0.0 
0.01369924083759947 0.06229368512561477 0.0648183086055627 0.11243198850219469 1.767965126153719E-5 0.06693394506680221 0.015670601592106887 0.1533346396696094 0.08438312029337382 2.6252016380625966E-18 
0.012191089505394844 0.1253255232978589 0.25246008729647307 0.13719635459666626 0.0 0.08864773130218138 0.015421175885106497 0.21309284280195512 3.154469614421833E-6 0.0 
0.053294663146034406 0.019378547425852502 0.07567247218981299 0.09282501838211428 2.7191143086805906E-7 0.038746349277945055 0.1903002844459625 0.05706955902714017 3.8336177114152905E-6 0.0 
0.0071561992050844835 0.32601658737219896 0.2715371703411024 5.578257361050501E-8 9.826891737195853E-9 0.03824726915078648 0.012210766413976648 0.11138171835006994 0.008057336090159312 0.0 
0.01773404651047335 0.09538156750151357 0.03015144876775913 0.005794932282256424 3.1706322204333506E-9 0.07265191001156947 0.11701344486978861 0.0028068094309368218 0.07863290227589755 4.3682546887908605E-18 
0.031016881953937005 0.18442496717808546 0.060806778443700644 7.244410442693073E-8 2.1626307973939152E-9 0.02364023316864254 0.01609986855688141 0.0862145067426624 0.0844058954726438 2.9512757770795007E-9 
0.04656772534430518 0.3614307845698898 0.07651098081602548 2.443447889418331E-10 4.4206110074487253E-10 0.040075166309321585 0.14500496211628827 0.0010406711848437121 0.09553690932719684 3.840328842628326E-11 
5.50030615906795E-10 4.274007459389929E-9 4.3857240339585565E-10 4.2554506157417496E-9 2.9785473660678113E-10 9.030255983285769E-10 3.426616532503917 0.0010863641987796852 3.912846331146093E-6 1.1566337515088703E-6 
0.044340533038833466 0.0191028015761863 0.13925314389775673 0.11223404983334517 3.185371420430212E-10 0.019521043076711982 0.147041683183879 0.06580698461540381 0.07499941053518813 4.8142751340831604E-17 
0.010504651718220242 0.10043553490575804 0.06598839637535489 0.10196758261724909 3.0104492317757183E-9 0.041295103183831575 0.3597637006884532 0.0017795214489362908 0.10328195130519556 1.1426809387760682E-7 
5.196889708524168E-4 0.10362534989787468 0.053668924690736086 0.5628276682029214 2.0769209772427835E-6 0.0119435058705997 0.3265916795307681 0.0029158601073927446 0.0487034498126614 2.436826661461013E-9 
0.020272497138582177 0.10459340011966058 0.11931897082480565 0.14029856909907534 4.216334625330131E-7 0.012829986239571572 0.16608676418636867 0.0031154720695439598 0.047920305190855446 1.3100048770174725E-13 
0.011986631993319742 0.038043920502721235 0.04830194881220981 0.08175345515700205 1.981227446137327E-7 0.013127506547818971 0.22017861424042734 0.04285370096504804 0.11178463445862699 0.0 
0.020350401029384794 0.03504431584233148 0.04494710138468162 0.13994891257745837 4.676109953668549E-10 0.021052767691725344 0.16531559554064873 0.07532726259451168 0.04792867500931599 1.855606896460371E-17 
6.853234441263032E-4 0.053651968585898734 0.03857682647813415 0.05126895672895353 1.7651907687010006E-9 0.004513706650472317 0.22246197756205566 0.042391483295588346 0.026177608151544095 0.0 
0.013597487191213032 0.09660414455849588 0.0482840943528734 9.350618625869367E-10 3.771913974445332E-9 0.01614644797642153 0.12463317827202929 0.04879697684059863 0.04402254455731582 0.0 
0.05714702974965702 0.23880936831277855 0.06821688174786746 0.011674732456821258 6.99325307198773E-9 0.020640378725235727 0.19234374937474275 0.002940935651058198 0.02029005486929403 2.832493763896559E-17 
0.0010242873660841552 0.0017406838265437892 1.0402592074395257E-5 0.01283980782820412 3.1514793858067633E-9 4.505519839575444E-4 0.008537677059437402 4.052033736480259 4.7948829304663375E-6 2.364776402795291E-9 
0.09980147303118972 0.08748844386404277 0.12010642165529876 3.7718541612131334E-4 3.218961816074062E-9 0.025998169002012086 0.18064828549104597 0.2956579439166315 0.01352305235546605 0.0 
1.3185309098424363E-4 0.02945681064082694 0.03104142488907655 0.618838773564548 1.9093474583501292E-9 0.006428389533518104 0.07804172319617611 0.23067814010682153 0.026453430646711268 0.0 
0.0062410535097887805 0.05302625409737913 0.03427261993853636 0.03839441143832839 2.6120674594458464E-9 0.012129570940295247 0.06422842597524947 0.1152929564237768 0.07238356863938486 6.028182809942031E-16 
2.919200625694636E-4 0.07891039564761107 0.09383355986804193 0.022208391256159667 8.488493955195478E-9 0.00755017658963716 0.06933150040862102 0.1030602598838043 0.03312569823993492 0.0 
8.777304818234892E-4 0.11012796687612547 0.10494304432414685 0.02678900022006039 1.0891861624342211E-8 0.006595935595594903 0.1592257223238205 0.16759150012660354 0.0076801617984229706 0.0 
0.014562610290309568 0.10293724584800516 0.02733558170259579 0.3409628183686734 4.031683068991367E-6 0.012279842807624139 0.05231496342825572 0.10497453763478341 0.05680399567228845 2.7645905447830186E-9 
9.800195630344372E-4 0.04224759990997842 0.11991148110521167 0.08305395364078479 1.864062821035599E-6 0.01249288109318962 0.08012616725036273 0.08967062006393808 0.054455834226645385 2.1356820655621857E-9 
0.013170397495068995 0.051081867423531935 0.01909052405371124 0.0064343824017195645 7.853846474682826E-10 0.008758362485479645 0.10391004982265478 0.06807503985848619 0.07133279691107129 3.400830817947609E-9 
0.040252551917605996 0.025738770559152798 0.21193983060747082 0.11933870740027253 5.893121297718399E-5 0.009258789881033513 0.13794110281571745 0.07717720600986155 0.03913063757643237 6.37996097661844E-17 
7.017942219174988E-66 2.1439377368490663E-65 5.883084382140249E-70 1.8085794656322453E-75 4.2517002748716986E-77 4.990925471328312E-67 2.5297665910218615E-66 3.9143688344548417E-66 2.6229309205721005 0.0 
0.05139715186723983 0.05112785883661656 0.060424755978787784 2.4802155813443333E-15 8.691316248244751E-9 0.015042869041789574 0.05541668426879395 0.04737788331951301 0.1391467045195242 0.0 
0.0034356415327496566 0.04905880180203134 0.12266351095708267 0.1411325304307865 2.003339591797701E-12 0.02407869394219397 0.018981667943190093 0.07300037645582223 0.11622750632671812 0.01022101909595549 
0.07743727368871853 0.013279800069387601 0.08523274116359561 0.004191098976774445 2.4719296149390916E-9 0.03214656983997741 0.07706184077741181 0.0385317400240972 0.13460611509310888 3.798054030666147E-18 
8.417364184709691E-7 0.039759377733193525 0.02826756498602168 0.4551311969916128 5.3629312099099024E-5 0.009797552234317674 0.059232431061960245 0.06618038287167077 0.1386853185544829 6.840051783836747E-7 
0.029449618685786216 0.13120623384982824 0.12980036466230788 0.16570924640969037 5.25932511111781E-10 0.027966306540671206 0.07805322258184477 0.05029852191612305 0.11283237708629165 1.5816860323712766E-9 
0.002135186894364979 0.05799155243803897 0.0314981485515939 0.11577300346004063 3.7833171061878424E-10 0.016080366629482236 0.021115728527615795 0.1848779040522501 0.1368720935259794 1.75022188412838E-17 
0.01100336282648616 0.028347417355336975 0.09282883454105409 0.11327779065156224 0.061520526996382295 0.02227094883420371 0.0335551116445276 0.10468151457513514 0.11478960103284733 3.8001146359996773E-6 
0.00686614450549844 0.09139973378355419 0.05524066449850434 0.15767678850331962 1.393754931244019E-8 0.06599458719070408 0.02086099791578734 0.046415578917976985 0.08347496435737446 1.016710207937914E-5 
0.004318985540740556 0.13160634492395565 0.13751462243075946 0.15938061181072746 1.9590236935007716E-12 0.025546337838681498 0.02062389872285292 0.06935771843739022 0.08313575222382219 2.8856685045729303E-9 
2.033017515723555E-67 4.033122970249697E-69 1.9189880390949554E-66 1.8371998685555426E-65 1.255300207725121E-67 0.0 7.381473710906258E-65 9.865825887370172E-66 1.0504485595340608E-65 18.489741950415244 
0.0019481933440726143 0.04827252583706724 0.11033735305237073 0.10970581737170394 0.06571857268518962 0.0249348603916209 0.040152415015621674 0.1011437138466745 0.09285704924965359 2.6650524117621416E-6 
0.025475440429273598 0.18835619964295075 0.001527999600749528 0.5548532482553101 6.844624400454804E-6 0.02290330149280726 0.03621657905191879 0.1450875374974567 0.12124872128828056 0.051671552098610685 
0.046506460678120476 0.36052291917940393 0.002582944669032291 0.9469201721168635 1.1157021106703553E-5 0.07853392206261706 0.0312208947272362 0.010465664301670678 0.17800362776161166 0.06722790413332251 
0.0038913453254974255 0.30243502499519354 0.060828598640342325 0.1900274942225981 1.597068522707786E-8 0.14197067012817222 0.01923440713287129 0.18047624363951323 0.002530181370608566 0.02610429125451336 
0.011313950212075883 0.06817010410289018 0.14987571145558162 0.03136253589260477 2.2798228405297595E-9 0.02403147287081491 0.030056243832542667 0.18441939680018032 0.060069845664395216 0.009885256007039168 
0.04046031418857675 0.07501711885964485 0.057230326847022076 4.4199936418548913E-7 0.0 0.09646502766610797 0.07307977073917976 0.019460648337399723 0.03522453020910194 1.169445145019843E-6 
0.03989070974097184 0.29079914292841524 0.10186723868656579 0.3213579286288434 5.6902113893888126E-6 0.03176350084723669 0.07838460946312599 7.8605494455562E-4 0.036250950487848266 5.598477648808446E-7 
0.008388921232409361 0.03943730963077549 0.08158845736219647 0.05074484171218016 7.670283694919668E-9 0.010253424293267331 0.07283145106353442 0.10997327335117524 0.03408504639940836 3.894835387841172E-7 
0.0016902223654570634 0.04290440480343404 0.015556044497977033 4.872953594877442E-11 7.375938908284573E-11 0.005626303138769552 0.16357324561550618 0.09171355232867193 0.01611007534934568 0.005890325078242205 
