0.1834630858216264 6.202933278532331E-4 0.0 0.0 3.5282068602764146E-6 0.0 0.0 0.0024301805404291594 0.0 20.37475275209353 
0.1425867623337062 0.1519887512624189 1.8595284511122235E-4 2.4706352138914258E-11 2.658025422261844E-5 0.0 8.748489826229523E-4 1.6750524551142158E-4 5.872933232277641E-7 20.453356526621505 
0.0907535158453319 3.350524489516811E-4 0.0010456339211513202 2.4706352138914255E-11 0.0 0.04704323572009678 0.0 3.9196650655706534E-6 0.0 20.500701728516688 
0.1824857691078128 0.1519887512624189 0.09081003236600166 1.490647371513982E-11 2.6580254222618437E-5 0.09289401709590774 5.296724945913345E-4 0.013711866303663696 9.546823311369336E-4 20.408171092678906 
0.17873330225668838 1.876390392027942E-4 0.008008659131040858 0.10075759349604371 1.0236750696934039E-4 0.0018872941922403966 0.14237611679320702 0.0 0.08436704628943383 19.925817032620206 
0.10954757523294853 0.051818580456096504 1.8589596460460865E-6 0.0 1.793288696855609E-5 0.0 0.07844790849414478 0.001613168798599257 0.0 20.351486213974173 
0.23879071829650866 0.18182908736976375 0.09081003236600166 2.8147031707228653E-4 0.09671247590052295 0.0 0.10614393720957385 2.5552946411866093E-4 0.04086916047607426 19.486288360540765 
0.0 0.283296686121761 0.0 0.0 0.0010896581625389342 0.0 0.0017453070012973478 2.5871742143373567E-4 7.609330251174057E-5 20.465485480887153 
0.04648663969975291 0.16869536417498435 0.0 0.11366698193114087 2.5052248533937844E-6 0.0 0.08153097971522938 0.10001814579890075 0.09226854711825709 19.949541133271243 
0.022414353653439432 0.18182908736976375 0.09081003236600166 2.8147031707228653E-4 8.922475387520378E-6 0.0 0.10614393720957385 2.5552946411866093E-4 0.04086916047607425 20.04269990150462 
6.643939039518742E-4 0.18374889592836133 1.8594008230065425E-4 0.0 0.0 0.0928465475476232 0.10310064044517717 3.9466047883289874E-5 9.46325507476915E-9 20.09456394485185 
0.09091340052714791 0.1695887840681951 0.0 0.0 0.02368024577345325 0.09248837092335195 5.242664355973656E-4 0.002841756275424392 0.08689551250138075 19.989072383203172 
0.12850151930238116 0.1775065140531126 0.09084456452655838 0.0 1.1435299749692505E-6 0.0010075744699120947 0.0023124824911971093 0.09994958393017352 0.0 20.07657417379478 
0.0 0.06567622165695586 0.0 0.050442121124901027 0.0 9.168909097694631E-9 0.0 0.0 0.0 20.554598993800592 
0.004726985038193391 0.17750651405311263 0.09081003236600166 0.11366698193114087 0.0 0.0928465475476232 0.0013666585241832161 0.09995355209029598 0.0 20.3262499415101 
0.09091340052714791 0.17597287792283386 0.0 1.4734536957625362E-11 0.05870700694019782 0.02205560192524675 0.0894072621322555 7.261805866765627E-6 0.0 20.08799356419253 
1.1580142858773308E-4 0.0 0.19519432670835435 2.765651886193372E-4 2.9205404710084638E-6 7.954506189339383E-6 3.905189952299528E-4 4.183753491669553E-6 1.2274916032234374E-4 20.267448302912694 
1.696409486637773E-5 0.1781599585602677 0.18084887377796716 1.4734536957625362E-11 0.05870700694019782 0.0928465475476232 0.0 0.09995355209029598 0.0 19.769798994828655 
0.09890048168490514 0.0 0.19291401062133712 2.765810995485819E-4 0.0 8.076610351950334E-6 0.10191649783801017 2.55529464118661E-4 0.08198960961529342 19.978301511686983 
1.696409486637773E-5 0.1781599585602677 0.17908900493944083 1.4734536957625362E-11 5.769237598187197E-4 0.021695677770812407 0.0 2.5552946411866093E-4 0.0 20.118209797822413 
0.0 0.0 0.06599543568493331 2.4706352138914258E-11 3.7918147436309904E-5 0.0 8.748489826229523E-4 4.9280318996290716E-5 0.036041870023868994 20.63913534349605 
0.023140072703012132 0.051818580456096504 0.07676553981881429 2.765651886193372E-4 1.793288696855609E-5 0.0 0.07844790849414478 0.001613168798599257 0.0 20.359975951121296 
0.10990851253964301 0.0 0.09081003236600166 1.490647371513982E-11 3.474764063421077E-6 0.0012399238925703627 5.296724945913345E-4 0.013547133620322949 0.0 20.65768690869247 
0.0 0.0010395353139374002 0.0 0.20712815930734704 3.3919170841676657E-6 0.0 1.8866893432873088E-4 8.226323510627911E-6 0.0 20.282891881980667 
0.010208030804868547 0.004374161274867668 0.14749915898002317 0.10075759349604371 0.029671771869743124 0.09477043231870984 0.14237611679320702 0.0 0.08436704628943384 19.709468100415002 
0.050515357779636984 0.0 0.0030350325788291066 4.112229190506785E-7 6.361545667752372E-4 5.768297020257336E-4 0.05924896590967382 0.04463541856241751 0.0 20.55215109840471 
0.09091340052714791 0.0 0.0 1.549929759940317E-11 0.030114910262219557 0.0 0.0894072621322555 0.0 0.0 20.343503862593224 
0.09356782509584241 0.0 0.04388749989358628 1.4597341749278978E-11 0.0012819156856883355 0.0786540152303662 0.10498431492245101 0.0 0.0 20.343467248227597 
0.0 0.0 1.8589596460460865E-6 7.292971987825375E-5 0.15446923921125125 0.0013203692515472488 0.0 0.001613168798599257 0.0 20.393727318616655 
0.0 0.0 2.668979522346558E-7 7.292971987825375E-5 0.15446923921125125 0.0013203692515472488 0.0013617674430620866 0.09995355209029598 0.0 20.208306628770803 
3.2260494915238184E-4 0.0 0.0 2.769077777479097E-4 0.06323988657726391 0.09240138174754843 3.905189952299528E-4 2.5552946411866093E-4 1.2274916032234374E-4 20.401260825803742 
0.0 0.0 0.0 0.0 0.030114910262219557 0.0 0.0 2.2532056965995917E-4 0.0 20.678538642164227 
0.23879071829650866 0.1217325506599508 1.8589596460460865E-6 0.0 0.0936785383683536 0.021695677770812407 0.10562562519774213 2.5552946411866093E-4 0.0 19.797068291624917 
0.0 0.17701169924026044 0.001012209355335947 0.0 0.05962352518990319 0.0 0.10562562519774213 0.0 0.0 20.31014196923455 
6.712289935088306E-4 0.0 2.4632460669168518E-6 3.132022362822218E-8 0.0 0.21659580850501542 0.0 1.5015848776931692E-5 0.0 20.27841724601319 
0.0 0.0 0.0 0.0 0.0 0.09105122717656791 0.0 0.0 0.0 20.533033333750076 
4.4655048735653776E-4 0.1353121610403079 0.0 3.132022362822218E-8 0.0 0.13024370640729302 0.0 1.5015848776931692E-5 0.0 20.24558709607305 
0.004726985038193391 3.350524489516811E-4 0.07676553981881429 1.4734536957625362E-11 0.0 0.0928465475476232 0.0 3.9196650655706534E-6 0.0 20.522196972578417 
0.0 0.0 5.189475804532728E-4 1.4192851634652827E-4 0.0 0.0928465475476232 0.07867998329286438 0.0 0.0 20.457204233672876 
0.09128101387175654 0.0 5.189475804532728E-4 0.025668395648221192 0.0 0.0928465475476232 1.6362324643673316E-6 0.0 0.0 20.466821939795864 
3.2283175246628686E-4 0.0 0.0020773348709952 3.1846564841510624E-8 0.0 0.0928590174390428 0.10191649783801017 2.5552946411866093E-4 0.08371989608070607 20.37880720264223 
0.09075351584533191 0.1353121610403079 0.001255980351393077 5.777031974246299E-14 8.922475387520378E-6 0.13024370640729305 0.1067166950689472 0.0 0.0 19.899080615863028 
0.09356782509584241 0.0 0.04388749989358628 1.4597341749278978E-11 0.0012819156856883355 0.09240138174754843 0.10498431492245101 0.0 0.0 20.32894550999979 
0.020084024714856596 0.17003700544470135 0.0 5.777031974246299E-14 0.02368024577345325 0.09248837092335195 0.0013642770615364009 0.002841756275424392 0.08689551250138075 20.05263439855195 
0.0 0.0 0.0 4.112229190506785E-7 6.357723342620511E-4 0.0 0.22027617819795317 0.002483782764693491 0.0 20.272293929596696 
0.10930188334127221 0.07128730850725828 0.09081003236600166 1.4734536957625365E-11 0.06244972145004212 0.0 0.20820288063554782 0.013547133620322949 0.04755451571239489 19.76783948002712 
1.2146147648444494E-4 0.0 9.885007803980268E-4 1.4734536957625362E-11 0.0 0.0928465475476232 0.15735996658572873 0.0 0.0 20.258211197650123 
0.0 0.01675707304994649 0.09081003236600166 1.485579349131282E-4 6.357723342620511E-4 0.03594904943253687 0.20750681572633928 0.013547133620322949 0.1416066090354793 20.463257434654068 
1.601262079397125E-4 0.1519887512624189 0.0010456339211513202 2.4706352138914258E-11 0.05207950249202463 0.0 0.15584206868146266 2.2169184351140687E-4 9.546823311369336E-4 20.321320623692593 
0.023140072703012132 0.051818580456096504 1.8589596460460865E-6 2.765651886193372E-4 1.793288696855609E-5 0.0 0.07676057347218906 0.001613168798599257 0.0 20.524166161836707 
0.050515357779636984 0.0 6.854990248612371E-5 1.549929759940317E-11 9.314097146414762E-4 0.0 0.0894072621322555 0.04463541856241751 0.0 20.432088281312033 
0.023140072703012132 0.0 0.07676553981881429 2.765651886193372E-4 1.793288696855609E-5 0.0 0.07892604533369199 4.0266137571116656E-6 0.0 20.482660038868584 
0.09091340052714791 0.1696253584305882 1.8787057375612958E-6 0.0 2.5052248533937844E-6 0.0 0.14617996727011429 0.0016437181240975245 0.0 20.02119953098856 
0.10962970263744182 6.202933278532331E-4 0.0 0.0 0.0010896581625389342 0.0 0.10640877345686951 0.0070368101701136065 0.0 20.343002681223965 
0.0047103398706756045 0.0 0.0 0.0 6.361545667752372E-4 0.0 0.0 0.20798089541759876 0.0 20.256190744373153 
0.0 0.15223805132045432 0.13032009173851258 1.51863362113521E-4 6.357723342620511E-4 0.09460410067683937 0.07867998329286437 0.1368596147502253 0.024669030958611116 20.12892367249579 
0.023140072703012132 0.051818580456096504 1.8589596460460865E-6 0.0 1.793288696855609E-5 5.996451114707634E-4 0.08265445356685426 0.15098324526428367 0.0 20.175773200871177 
0.020950731255214003 0.03323578077606753 0.09056033396070498 7.184763367256599E-11 0.0 0.02992862986698505 5.296724945913345E-4 0.09998161155655114 0.0 20.614692884762306 
0.020950731255214003 0.03323578077606753 0.09056033396070498 0.0 2.8810861071236206E-6 0.02992862986698505 0.10310064044517717 0.09998161155655114 1.2274916032234374E-4 20.414956610588217 
0.050515357779636984 0.0 0.0030350325788291066 0.0 6.361545667752372E-4 5.768297020257336E-4 0.0 0.04463541856241751 0.0 20.626738433605084 
0.020950731255214003 0.0 1.8589596460460865E-6 0.051078213835886926 0.0 5.768297020257336E-4 0.004364752557514701 0.04463541856241751 0.0 20.557692280283707 
0.022526996391849196 0.1775065140531126 6.906432111344202E-5 0.0 0.0010896581625389342 0.0010075744699120947 0.0023124824911971093 0.09998161155655114 0.0 20.49016761314273 
0.0 7.398756682875441E-4 2.9094934442120796E-13 0.0 3.2986300248881595E-6 0.022706001811765627 5.634016034680685E-8 0.0 0.26781065082971056 20.271200536278553 
0.010208030804868547 0.004374161274867668 0.14749915898002317 0.10075759349604371 6.592014511583381E-4 0.09477043231870984 0.14237611679320702 0.0 0.26781065082971056 19.41293925583799 
0.0 0.0 9.25744129107945E-4 5.529168130465787E-10 2.535518452628991E-4 9.168909097694631E-9 4.759465689192863E-4 0.10255175931384712 0.13142334007973847 20.270836923272658 
0.001183363249261894 0.0 0.0 0.0 0.0017664290042530436 0.09627875028150999 3.905189952299528E-4 0.10255175931384712 0.13142334007973847 20.393580313125074 
0.0 0.17072345206566636 0.13343386166265245 0.0 6.882329841956102E-4 6.793024728240147E-4 7.991868410069337E-8 0.0 0.13676789374666987 19.913449720665383 
0.02274558300403843 0.1748849979029797 0.0 1.431877252555717E-4 6.357723342620511E-4 5.837230110554162E-4 0.0 0.13658275857119453 0.1423810139488414 20.39074121682419 
0.09091340052714791 7.306072808350476E-4 0.0 0.0 2.5052248533937844E-6 0.0 5.242664355973657E-4 0.0028440525611722355 0.09226854711825708 20.50426976635945 
0.0 0.051818580456096504 1.8589596460460865E-6 2.765651886193372E-4 1.793288696855609E-5 6.793024728240147E-4 0.07844790849414478 0.001613168798599257 0.11633331350863274 20.42993797113869 
0.14360212180823936 0.0 0.0010283097663849805 2.4706352138914258E-11 0.10012681000016663 5.13416465635862E-4 8.748489826229522E-4 1.6887967722827106E-4 0.12849251404350626 20.28204213045955 
0.0 0.0 0.0 0.0 0.0 0.0 0.0 0.0 0.0 20.73285642326923 
