1.0013763268755018 5.004719892524665E-4 0.004661470844533301 0.005352778161236863 0.001827773254066008 0.005195802536246455 0.001405946781232177 0.002512160913452081 
0.7577468719919072 0.009460037248825638 0.016485431339024702 0.6730132614514126 0.01604539939669976 0.04063047833288561 0.10671266475580515 0.15820828919312144 
0.8899408203644583 0.0016780288065240763 0.004498870511096014 0.0033999876448521822 0.014092865512430344 0.005333346316097171 0.4604103375783021 0.008061512463427713 
0.8087835764330841 0.0025156602889225264 0.002353458633224598 0.004199846432801985 0.5933243135830792 0.014872202477397335 9.6612846124436E-4 0.004915112211203283 
0.7715384636582526 0.05708052802305898 0.2961537407326001 0.009317725195360555 0.05552138731748681 0.6018449967984306 0.05369554556022604 0.01896186989051633 
0.6808028735460121 0.0011231640015734623 0.005878187263165699 0.005406963875343256 0.001956258696131816 0.7398392453200132 8.320050976446937E-4 0.0016313375400228139 
0.6473878432352798 0.013611614814065224 0.009912991805244313 0.5887423677272116 0.013012088462245833 0.015371146360030202 0.5157985061589413 0.020858169062276898 
0.6947774063902116 0.002653059972432497 0.7292651424001199 0.003946375277872428 0.002430041475408112 0.004475287687371454 7.949904174653933E-4 0.0024129037540502516 
0.4751782830111782 0.03844799272293433 0.026287301913113358 0.9130153450482944 0.007139017277952474 0.021749869341195622 0.021921120625885582 0.02241007371584755 
0.5911737818914732 0.0017376225761727272 0.5946280950497861 0.004727600205917217 0.0022063318186532465 0.5561102729274816 0.009609718788683686 0.002773328692284053 
0.718411874040612 0.002515306754287653 0.0024268514917973275 0.003671723000301846 0.5260560442365831 0.014382138631250558 0.4621139202065812 0.004860915091205214 
0.6443529821987726 0.4547755054478011 0.14471890467398205 0.6870447057291783 0.6267723460127018 0.6137678015065411 0.12035900862669062 0.17322334592973984 
0.03566928443536306 0.20337850036370794 0.054823537809453496 0.11448679464417395 0.8721348261916749 0.2742740372725617 0.7098060474953899 0.1365449407819204 
0.5528911845888896 0.16456264485613928 0.16732313118464565 0.0867244841413417 0.08506835502484607 0.9812917223643317 0.025012622880033305 0.1822023888012272 
0.13617856985000604 0.17233247619097944 0.715659203044105 0.08593735797633192 0.5942049354492049 0.5622060820134495 0.12233994090871214 0.27517801320916807 
0.08788775639760074 0.1329946454193471 0.527297696290091 0.29777811490377787 0.863555993970894 0.04411438990924063 0.015890165331546798 0.06713241647640032 
0.17599307388750923 0.114157112474863 0.3509712822936966 0.8669793500343733 0.022220968314287153 0.5637723921243558 0.012961831124388043 0.06532633101765523 
0.1656464361202901 0.15421864704548802 0.13990042782339676 0.5072905077047307 0.29997471441817136 0.8661604729369088 0.577946437496864 0.29549492745623646 
0.006418683799066191 0.0015650306224062188 1.0057691305081788 0.005809998177724114 0.002743563703391932 0.006310344146016692 0.0038159699638260058 0.0053460595872218426 
0.02279182253921401 0.027014716710003547 0.9719903749130279 0.006071699581692408 0.26725546503887837 0.015536957337750854 0.015625205775536145 0.1518744931930168 
0.33236078431724664 0.00771258970014621 0.830550875660194 0.005293205722271797 0.013491278264311105 0.016073478379258575 0.4571964783115278 0.007140903036940466 
0.3438826422714291 0.006477297227748691 0.7356109413835996 0.36398625849638205 0.007736100355331881 0.4943362051253546 0.00898497155066126 0.00927231998784009 
0.016054471625072075 0.02319503542819865 0.6169350605270744 0.7959718644757736 0.003641198698947329 0.018321253682609697 0.006700985846052935 0.07682180718292361 
0.005213969802519907 0.017477074808076098 0.8246075048268882 0.005973711333797014 0.57899710681372 0.005323579068938143 0.00866970632366538 0.010612222210784256 
0.005816986387465687 0.0028261203176300925 0.6789985579643316 0.002828812017539533 0.0015684137139388495 0.7441425010217376 6.990061607621969E-4 0.002283096581565919 
0.005023642111323811 0.015814156382819015 0.7355880910561385 0.0032594887243207805 0.5148392353997834 0.005558279758286668 0.4691634912331836 0.011874635481684975 
0.275441232367877 0.0037769989066108525 0.6901553727660684 0.007914220815540243 0.013343551441509272 0.46163178171592983 0.5075609263472314 0.007668976038728193 
0.0362219751797006 0.0017103148723456734 0.7373796709542143 0.005815767251042402 0.0026236587347123817 0.0071794071960188735 0.6819268090463783 0.004660426628805527 
0.0806131789367388 0.05377811502554383 0.5895811351373472 0.559903154561052 0.645823933067797 0.03151030691454048 0.022273736093441705 0.07140647694218283 
0.049463885488949054 0.012834972633188202 0.45763065419131105 0.8981346408561696 0.002688788618274055 0.0036490599691279637 0.002437519173717709 0.008541058259467812 
0.003905042750242439 0.0018105502726757008 0.002544666173449707 1.0026691291520877 0.0014968416867603424 0.0044386464572496245 0.0011212874587039016 0.0033871371288566638 
0.014475773926874297 0.015072174226748778 0.41059091163557654 0.5166587276713538 0.33841749805704063 0.48592013708811815 0.49384648219614824 0.0195664495381378 
0.0026092917206403973 0.00547905747116297 0.005290797560532364 0.8893054040149527 0.010871273070033226 0.004000018073476665 0.4601560185077851 0.0076396265112793176 
0.0041900108850008305 0.0030909908065663246 0.36033520541477704 0.7995837298869082 0.49468960416263985 0.0016952905398564917 0.011142893991779068 0.004584283031959976 
0.0020914338682146917 0.0016177394100757205 0.003951296799121366 0.5880950447085092 0.009396980104381319 0.8221923847959769 0.0017339054262791782 0.0018045023295561666 
0.003159002409921443 0.002115590862624483 0.004555916391466842 0.5117246456044144 0.8613471604251465 0.004416214434027375 0.0026792120406354462 0.004082087514221184 
0.48961984146695264 0.003333464562277215 0.0039928833775252255 0.45478306156848214 0.0027915978767640535 0.7549326818983623 0.0027197728506492204 0.005165033261486812 
0.5324268524039605 0.007907203243395009 0.0028908236978144896 0.4863300019976978 0.5287766500393946 0.016492034460481784 0.46683485334435204 0.012123608056022058 
0.008539309330742925 0.02320338417885533 0.01374111155998184 0.47421830155374994 0.7702638569273468 0.506255244957518 0.012122496257569847 0.025999312892119472 
0.01863927761879886 0.018594030108442617 0.4249273497628128 0.8097645369733054 0.012502153086942318 0.029348403757577458 0.4726957218006876 0.0197268451662882 
0.018511790089346468 0.013441516810168138 0.5251596329907264 0.45264692959033237 0.017946800832706035 0.7495303534010115 0.08291220596319442 0.15553318665190846 
0.019403908332600143 0.03697461619104001 0.326149600018573 0.41148394637191504 0.26019770300461137 0.8395900661685354 0.006547016980032194 0.09454271258895919 
0.00595234394272103 0.0022846797640700242 0.0017046640487356716 0.0016447139829491074 1.005274082578053 0.002740993838903727 0.00387846627813661 0.0023938605909361857 
0.473306850709811 0.004683408371909028 0.006728939757145859 0.0024054060868589247 0.8845860287767144 0.005459102059577039 0.003133428848411633 0.0018300189394091157 
0.01649860475864525 0.015161334838393666 0.026923819158508024 0.00959233198846412 0.8273138381689106 0.5881970191063439 0.0022949024132393435 0.030029154368104622 
0.005824582923875294 0.0033282032647918205 0.5577443808117476 0.0031602996665300196 0.8358794424019523 0.0038431033061035445 0.002726902474395838 0.005815958088729116 
0.459165003920196 0.004417620482276515 0.36151783901749646 0.00380553916136127 0.6777964413188987 0.004526265741830572 0.46094670214217937 0.007596577972142145 
0.004149939234973034 0.0031676420668828495 0.5539799244106536 0.003491714020717049 0.6621230273875919 0.5168291127195752 0.0031702870198150783 0.007266006678119851 
0.027729591905071498 0.024574013856687983 0.6463117012238399 0.01650359603306788 0.637627785057137 0.01889231675903497 0.4675706729020582 0.15227171814952556 
0.41659866710097404 0.0066763103533945935 0.32865717033187575 0.0049736667436049925 0.6168670490235075 0.37740812534032186 0.4585757520795433 0.01087731756549154 
0.4920778106621554 0.04979188502566289 0.011977812555541137 0.04165618934270417 0.7756550537292979 0.020796258979987048 0.5134253071869709 0.005214090466436477 
0.005213028805465365 0.0029494814225127096 0.0067149226602185716 0.0030611944113974345 0.45941685751784983 0.893055902724571 0.0037820301018106355 0.003033570816943836 
0.31357320954311274 0.00329078850439242 0.005120416447673875 0.022303324575190055 0.4658025699018254 0.6889522540791302 0.47377495365092465 0.006069238371957962 
0.002497230457917315 0.0028243577336310344 0.36332975491726793 0.0051452056776774445 0.5260045362584952 0.7818013333748939 0.0021116209541582054 0.005856062378740835 
0.0027755524444326787 0.001196501699895628 0.004439272220652973 0.0037241379591037883 0.0011327298199130475 1.0052678094007845 0.0020253983323875583 9.473707103705135E-4 
0.005352618082257278 0.002852329087388946 0.007122670799557977 0.0012830735052380142 0.0032044025257160803 0.8931558682683187 0.4601919371000658 0.0013942738694752276 
0.004040352586681056 0.001667099456653194 0.561830018542334 0.005384707598301699 0.0028649889808708834 0.8393103171512944 0.003535363769411073 0.005432881457933501 
0.4577325278781212 0.001308957316177518 0.3554716418055806 0.0020642806977259004 0.001991282301942884 0.8222710891003909 5.01041114770169E-4 0.00376609940689515 
0.011366508661450062 0.006542042428868905 0.29922757679115103 0.2741656541471561 0.005292725605746083 0.7727864508888427 0.5108598685375622 0.008437906984532473 
0.5513026823715907 0.00783949291875237 0.010666264231535057 0.24139927146506307 0.0012959185193308863 0.6577161071891547 0.4872643247067927 0.006120379683335076 
0.17800548640153332 0.01030692692930825 0.416778793004255 0.02939698792380815 0.006046504125309083 0.6288643733527906 0.6521668884023069 0.009062369943008677 
0.019953363175194055 0.002366741810414273 0.6429590497315681 0.002333277125936333 0.35778121373351035 0.4856904228043992 0.4874910061649491 0.006247823397664359 
0.2593187106202488 0.10351710786411579 0.6837287558381334 0.34126093110321626 0.5316377886721863 0.2093807126803082 0.7620016681568831 0.17855760519309652 
0.531208521241776 0.002586444752804943 0.5292366692129207 0.0021332468607911923 0.004196132440507007 0.019028579312862438 0.6678686826762876 0.001452019500912001 
0.02884476892333981 0.008425595376078034 0.4452831022307461 0.10042168058299605 0.4445285121848131 0.0018334747541137435 0.7747975981020849 0.0015303570151209143 
0.0024382238373031706 0.0022133911157611497 0.0028540764541401323 0.0015077137123750983 6.133772964311029E-4 0.002557682622153386 1.0018465430933097 0.0025760670805102625 
0.22835197056204043 0.22215672388666743 0.224514695963989 0.050681955860659926 0.1451053607834112 0.5103386954304188 0.9111422840723407 0.2369104267386581 
0.008249810074738186 0.006684250065429578 0.00271000273947222 0.3346959999618808 0.005608625794430113 0.012630985623251975 0.9492019979271888 0.0050574224710926135 
0.49254877643703604 0.001233793060471484 0.004962382042065098 0.005520661709597263 0.007349942750136102 0.002902321367406219 0.8762457613701224 0.002449291754833886 
0.3490556871058031 0.04007495809761887 0.3738180485449629 0.07319378313782948 0.02023336499280108 0.030956179087754387 0.941946950189906 0.12771371614163965 
0.00600509392892805 0.0017768720046377822 0.0047026093408613365 0.0036703381399929916 0.49717639502043703 0.003947549876464226 0.8755296444196107 9.678039595375197E-4 
0.40654641372929073 0.001484713543579941 0.002923299523316335 0.004458113076117968 0.005405744530309056 0.2780441913822556 0.8765272641577205 0.0019963809038038276 
0.05534177881079823 0.006058518079566134 0.4974874508969713 0.006951857823884008 0.007487847151973384 0.01060808063989379 0.8756537852029349 0.00570753134602314 
0.3826500702297052 0.025150934813061326 0.05148227509291226 0.6844258314022035 0.020694927998666724 0.026063203780317595 0.7314840839378 0.017525670127082737 
0.09125940230621514 0.23842750248894265 0.5135334193449552 0.0035169064626746215 0.01943608807484548 0.13640214831629946 0.8926057017195715 0.057698858540560026 
0.470874416225817 0.016055017736318487 0.003786981071551003 0.47849795214337004 0.3322759904973307 0.023564451124242502 0.6782253185480795 0.013600830032344217 
0.191216311778079 0.009438335015213663 0.4807223866402386 0.04813907012145804 0.38458256884738823 0.02643160211567057 0.830595068959866 0.11256417813746496 
0.5615209531869502 0.040005757399977575 0.2295200032650226 0.41628177782886255 0.5396583627899746 0.4383833878703704 0.04144093908107122 0.28852198072469337 
0.16317182144980785 0.13362918514184086 0.6350161783814885 0.6130573958165699 0.6114072287852149 0.12148421370700781 0.1353404445663903 0.609937191246193 
0.12043229509433437 0.1784738372031689 0.5775247859661303 0.2433416663049282 0.4146557235843592 0.8194955905626004 0.12104464201903065 0.4233954861551721 
0.35083850292456253 0.06059385912120075 0.02574210124078985 0.7027370903706897 0.7105055160644544 0.05768103554573842 0.0458262335190426 0.2649644537251944 
0.016055121777118927 0.04208121563830305 0.015078421663730579 0.01445914712141806 0.8096628492724033 0.5864007033658329 0.033052869294918 0.29042251309810985 
0.26310813973065134 0.11893087954456712 0.19496372451920554 0.530528102854426 0.32959443438636143 0.8279959937480711 0.6576840071733465 0.5974513528775913 
0.09200161705221876 0.09200595547435511 0.820175521123766 0.16171882870756815 0.09302097366168444 0.5375580262190388 0.5416277660347211 0.403753606006263 
0.7382392209716199 0.09640342528650622 0.7029812779473916 0.1375058231493586 0.08879901908369356 0.048956411938182294 0.30263258362222956 0.30078968121598026 
0.11694335619924297 0.07284424423247077 0.6460090779159847 0.09096770574120569 0.7193595348301317 0.006725017171238713 0.5681701106829886 0.33784415521038325 
