452.5951205379651 0.7853954041401143 0.7853965866778525 0.7853977692173713 0.0 
290.1965053007823 3.8208682533344995 0.5380577376362427 277.2887032062655 135.4557516753847 
216.90764628447852 0.3535725408692446 430.23568093218887 0.7853978155849854 0.0 
178.36152578485877 0.34169722442379236 353.465689414596 0.7584821332472242 106.40668091890863 
307.05630071831985 0.4717057911721975 7.93319898407851 248.60359215599036 324.39258455876734 
96.44372351089673 0.16732088914080653 430.65538215181533 0.7656533462719639 100.86947005872055 
137.5940785903767 1.80976989894625 272.8827274099245 3.27575298085426 297.8938537144392 
33.92251799629111 0.051818460655289375 0.051818521112361425 513.0343968402414 0.0 
32.40328691188239 0.060291572083235344 420.8427877322087 0.7853639682876962 3.9126707551955358 
30.894990136543395 0.39785649708548726 0.048230760656472624 467.0674573729988 184.5122162174653 
27.671996830773093 0.3556135943436388 0.16336015863481348 418.506995223627 293.6807043182414 
1.4575183365650117 0.027105942094642642 17.566082317276937 362.36858565414565 0.0 
0.7792258889653769 0.020176819570327482 386.49965510057456 0.7794886538301518 47.68026125146644 
0.537130010049725 9.890729244353411E-4 291.6965268187217 304.0729825665891 66.13258312016926 
0.7360263922752015 0.0010469713232301755 517.3391948225328 174.40821101844222 82.45823030805352 
0.5651499446099382 0.5651499446099381 0.0015992607763266747 390.03647007273565 43.9818229993675 
0.7514495876919056 0.001399999940758589 402.26247605920537 126.09313286922985 0.0 
0.653113269471563 0.2889546488692075 344.2436285870191 114.13169216193675 108.5682572142858 
0.6976182150181824 1.0144025924690694 166.78359123889723 292.5934005494209 231.47904987411113 
0.5437121139391743 0.00127505471913525 231.85175607666318 241.68284050496254 0.0 
0.7854789967757746 600.4750288358014 0.7853963423136655 1.2109854847201968 0.0 
0.800605457279708 333.8441989956754 336.5224888784405 97.35635506691003 19.025249055989246 
3.034329045771235 277.66197770864903 0.6216521278846877 212.5281078766475 28.308624011917153 
0.580260988312881 333.580029263121 256.2225422318722 0.73167651577727 164.1170909300538 
0.45751093887593686 292.7119106981051 224.81803999940425 286.4333701653009 185.01488079060712 
1.9074457013107062 179.00765201786646 357.7315241484156 0.7853458382858972 4.595467955598761 
1.3891274141788295 129.213295328142 0.26610301152280075 358.83524890376293 0.0 
0.4164474879869574 232.086739876768 0.41644815841119925 329.8854457740661 169.98737034664364 
0.559219127108373 264.3052830123103 27.69700677151973 6.207976824124811 259.0950316232267 
3.016181051592489 294.50089367838916 294.516338639312 0.6433610194117327 291.6420368898705 
0.2264386682627873 113.2322327267049 194.42046442853575 321.91180899363025 0.0 
235.01066003724077 199.5215030923934 0.6216799722507573 235.93407213837207 31.350766780499015 
0.38293492086074393 207.7750072338345 21.723274946126182 222.4543686306165 297.44278271522506 
252.60013836312825 214.41725603732007 34.596263605890705 7.643229522342698 324.78498150599546 
0.6688838603753581 149.94503066330853 297.4005028132796 3.520015835156135 324.648206951696 
180.60740179025123 180.6074017902512 26.627172035804215 273.46129998166174 365.6392029050354 
0.748358210580999 0.23834863954789964 1635.1509042161576 0.7853981331977565 0.0 
9.72879044140472E-4 0.5934100913817609 360.8121887433547 299.9446892305786 96.65462175509505 
0.0014368596779517277 0.7848799984554915 428.7389045085242 0.7848826288776175 15.535393092487974 
9.630215587396618E-4 0.7825040987557847 629.8841598974379 102.53974048742236 0.0 
0.09066672456608141 38.06771426568106 463.6870444784403 0.7853977903622567 0.0 
0.0033381900397471387 0.7623167815543218 424.5297335578548 103.78787333367448 17.41192010437882 
0.04949733194893657 31.6063792605003 500.03525522655207 0.7846455353912534 21.945569663632476 
0.008015490749813548 0.771459507773201 453.9347248136282 74.24658496675346 56.74331108699082 
0.001246749847692749 0.7723104515667989 478.4153067234955 0.7723124642097126 88.44011601200278 
0.0018696293668269623 0.7175885543744397 392.28935868918643 166.73819649907702 51.53167110322269 
0.003233103819435792 0.6687894808733769 336.34691382658843 207.08805040215717 0.0 
0.0017122658880056754 0.7670375211206247 342.81276036099246 0.765266429223243 79.14780729327624 
0.05185905959441295 22.101167630569233 267.2683593356889 200.290864259233 0.0 
9.523513495662146E-4 0.6380599499454416 426.0642708745052 306.2594609444828 39.56082806571643 
0.3844562963738565 0.3844562963738564 331.00740036567606 345.0553066042157 0.0 
9.331101540797132E-4 0.537826787371652 309.99350644377824 322.34199019145046 70.18977348876878 
0.013956001289056302 0.7252914782607969 368.28840157705355 0.7235196705384307 155.53931909055672 
0.0019502734101462657 0.4593120784468812 276.3101070169425 383.2511934733308 0.0 
0.013079431001887831 0.6913911982441378 422.1761182216236 132.26963352565986 188.66329762908447 
0.7068905377036678 0.001080674477941085 460.8295177004949 0.7045041032618361 227.08796697551261 
2.8636299098405444E-4 1.0441044955979322E-7 0.7853980937906511 2154.084798493868 0.0 
0.003868684510912697 1.8552970857841784 127.76438655459302 351.4132546832574 45.26059688358195 
0.001089965229695975 2.7558320068220875E-5 0.7853670001728088 565.7105817871715 4.957361287296895 
1.6713435112557574E-5 0.0015642161696953262 0.7849912395893293 393.92080797993367 12.652970853405298 
0.0033309008852241873 0.7847562537095571 0.004318463728430075 472.5439777276567 18.82673845204448 
0.09616036989095586 1.958139250758072E-4 47.10702991101182 382.80658776075717 0.0 
1.6242637200932292E-5 0.0015267188961011018 0.7843586911954326 402.99797489118464 20.734640475574327 
0.05205743063750619 27.989631717820867 0.05205752067500925 421.355579758911 0.0 
0.0015942751792695407 0.7831714478228188 0.001594278482551861 384.7265932342149 29.00744015913176 
0.09566773436562119 1.537222033345743E-4 59.35351337043693 483.7755089238955 36.750318853575855 
1.4306381233110367E-6 0.0010568742740803784 0.7777782674173218 574.0716473639308 84.15705883682466 
0.0010166307238366164 0.5498851512928921 145.10618881080546 399.23612312511534 4.648438845902811 
0.001403766458982786 2.5371072607612784E-6 0.7765885709580281 429.68257046260896 64.89804615524149 
6.172784176951566E-4 0.39243462825920417 175.66988484897632 467.39441372706517 0.0 
1.5519157441168455E-5 0.0014659670696476306 0.7743125496827973 409.0182473630583 69.45316363456448 
8.912097237092356E-4 8.737945500672616E-4 0.7961372890583178 494.2140348968941 91.36055802490137 
1.075261340626025E-4 0.06193355201875155 0.7658835460938889 442.57823568057836 93.65106547406243 
0.0011918180678627936 0.7683405610760335 0.0011918195016744732 495.33452642111155 104.94577865808769 
2.36332021633437E-6 0.0013654649217385126 0.7865767859645628 442.1511378085901 102.08247089653433 
8.471936902710453E-4 8.306375524167058E-4 0.7826845713601248 502.0087772808823 134.91954109819886 
2.0231010234152246E-16 2.0247055875866883E-16 2.0313426100821285E-14 1.5169986278828765E-14 414.0688033972451 
0.004510971415294175 0.004514549785790837 0.4572981530140409 252.8936074560625 367.5982667219322 
0.26633110922385334 0.266326143421636 211.4432109484069 130.167065431922 364.35003076782505 
0.001946058067888114 0.443188162711361 273.8262745252819 213.98476347918256 338.68154113727536 
0.5118191927521804 8.702562567438096E-4 300.969284255319 134.37178348000256 323.6118160656015 
0.5550953856908467 9.221466461367745E-4 334.1456737744243 54.51360923761731 329.99141077686096 
0.0012350605073781803 3.185051433700759E-5 0.6472584586869408 339.09677489678154 233.06322152868023 
0.292804791561255 0.4257948068821815 285.64982046806523 223.23644211854605 249.17102201324005 
0.0012858203221948067 0.6433582770904829 321.9039956223763 0.6433608469398874 225.3996909279988 
0.001360718632105496 0.5921647584811766 389.2315066924464 165.36916691972453 296.0722116301795 
0.02192121192497071 10.49318014651275 41.52310750111767 347.9085781550214 135.88854105555274 
0.010319222496362227 0.5471479371708251 346.5400103004544 293.526495485057 206.5929835413599 
7.34767381104003E-4 0.4143468168695813 236.13998652207653 337.90366961235964 174.3826389037645 
9.700468502629143E-4 0.618067942103948 392.50820002549557 241.59866253016835 194.90033749993447 
0.5296683132544309 0.0028828255985231294 306.56850833876655 309.2325792753136 135.2120307146645 
8.348397049491546E-4 0.3923129227357227 183.9109546341792 309.0352243606568 83.02768629839076 
7.739458216011235E-4 0.39597398722768556 202.05716907904207 339.56967301216645 73.04541955038539 
