0.12999859566799854 0.0928560561462985 0.11737206344213252 0.825745252362721 0.43384355309898454 0.07842649086294398 0.47339866320113294 0.5057311556350738 
0.1234055712892175 0.13108253179584634 0.14283678791146698 0.8494742547659603 0.13048117969349288 0.031835318387037806 0.8055675318142628 0.13103771311894383 
0.07738236922806613 0.07237051751818406 0.011994812001936545 0.8629550232406555 0.045937345606558225 0.7395991891724899 0.10337343665905356 0.039859026670562334 
0.06420501118426691 0.033903223084047224 0.024936234503057386 0.5936564921308002 0.0995434731762034 0.46008886267834065 0.7705395987338092 0.0429548428210779 
0.07372744219148177 0.13261939712479906 0.16135223743904792 0.4764465485685919 0.7190270113724316 0.5194011711863641 0.41962829938630175 0.11553527191762958 
0.2099491682559685 0.12313499082068247 0.2002269835176063 0.10661508976322136 0.845296650183269 0.5813091560867188 0.1388563072853986 0.26573638071117894 
0.03179441085550331 0.3386635887189302 0.07129965583989446 0.6499053379155745 0.10650956816386294 0.012542979177427286 0.7023254882047805 0.0727872780208233 
0.035332738864077506 0.3940243973021349 0.10460212703724633 0.6584521149945458 0.7555159498633612 0.07591810364460859 0.05747814244909395 0.10290469006532216 
0.2107603355460973 0.394466388309466 0.06181736393193654 0.9195105894222206 0.02496138447225626 0.0085093278628824 0.007531635648068123 0.010908045794998697 
0.25736367657539455 0.2510189947575079 0.06725821073843122 0.7788467934321471 0.021735280843191 0.5655686526601307 0.005959041384410672 0.01647580730050238 
0.46030838570577326 0.21867066759868553 0.15802424979960195 0.9153618289303133 0.11313042514675357 0.2759947899547041 0.03350862878617814 0.42117498443104806 
0.0887064576848658 0.21791134820401248 0.1258146613822612 0.42314286631093323 0.6989279276792223 0.038204625841569105 0.7564085080253826 0.15512632738453122 
0.2656660333541341 0.1832969345316526 0.1591325911277895 0.7354179711969174 0.5533934943258931 0.13263115357856123 0.4666063600117733 0.6911389029966607 
0.2713975995210583 0.10394308680815816 0.36731455967624593 0.1986102736794757 0.37371142018704556 0.09395273616452017 0.3137834703826291 1.0512036806964298 
0.19711829921076074 0.03834930404443259 0.341474188003615 0.1371711272395372 0.15527870518970274 0.3850774580319671 0.6072867871860009 1.1497563363417067 
0.007530592610796992 0.013695707715554714 0.010762543753013009 1.019035887225966 0.01939405371402654 0.015552174423430083 0.00939958223406884 0.008420324364958333 
0.008901156762470159 0.030271801864098724 0.013593394525885243 0.6188118670439149 0.36240586769097066 0.4773507151190909 0.5831333113446049 0.007872668481525513 
0.02424735413565908 0.037014751896390655 0.011337481059166488 0.9572675722431904 0.024259839548831992 0.02594902450784163 0.3347016847236995 0.027127538803387842 
0.014628807259286884 0.010515613705100534 0.006612324533116416 0.8921367175736158 0.48752191324700583 0.015676205665108998 0.031031710517040026 0.010133742280236963 
0.016698463871443234 0.026666712003175996 0.01619247405577984 0.8038617994452812 0.018895887399462952 0.04062157570915752 0.644028070195515 0.005737057469895844 
0.04194134570882089 0.02386692818001909 0.033824080101688504 0.8440379166651302 0.03893921398622202 0.5904678925916012 0.013932390751422436 0.029316850617558527 
0.008984981416655578 0.019780622611371895 0.01260352124328603 0.6605185984087196 0.009200252916324503 0.47305270448244774 0.6310346774157408 0.005701624301038526 
0.005122052346021122 0.010549438311924241 0.010410851613664422 0.6278384902939752 0.3427564346943823 0.020019985592121307 0.7229352009004547 0.022121462020046865 
0.045177122542289914 0.10007620630575496 0.10746414057323388 0.6141503228589232 0.5771563433912548 0.10860512084574032 0.03645273300032819 0.674183448490167 
0.0056844151410037 0.029659986458431688 0.010098499799344358 0.7469351581820425 0.41147193032364154 0.5699528644091479 0.004487015308955391 0.016558881081049484 
0.053982973218233185 0.09121056405779328 0.04910608585311778 0.03484624483547163 0.5255431564744796 0.7016361121914548 0.01217194388798012 0.6619332820979635 
0.005537705513341988 0.014306635201940492 0.005514781966765111 0.01290559980273402 0.4642388444460811 0.7020797829561706 0.5874773023637262 0.016565196474959798 
0.010524029153928883 0.00835509119898347 0.008800778639175033 0.006113215457449639 1.0211227958369573 0.009879576545079654 0.010237465171562979 0.018516472298873616 
0.011426553584581507 0.013786106113921023 0.005517124676852437 0.01555888186890619 0.794733295988586 0.005103479653974715 0.018617332772344283 0.621396518713275 
0.008941596190424474 0.007878512197519739 0.01108737471596031 0.009168903147467126 0.933929923398763 0.01634407859589621 0.37956418325230096 0.007524865897368716 
0.022419206653812314 0.09045088135541197 0.11619607174051055 0.051153676466938656 0.8565768832473528 0.44130725035900514 0.015241170859864046 0.5220664370279668 
0.0041858434178871405 0.017105802060946012 0.003926781440664281 0.015496076346274878 0.8534081911040079 0.5572258232021735 0.015441641348838993 0.006378511287158812 
0.014935917497605446 0.024300591913903553 0.009283250834276556 0.5324614000556829 0.8008485610952571 0.02551422904477201 0.3360087904806187 0.02514991447133038 
0.0070669681195696795 0.007931369757203788 0.0020543143344591824 0.01903894291947435 0.7835362838708473 0.5254350535075168 0.3913289500083182 0.014784107954637648 
0.006888750252599489 0.008373407180244518 0.008272107590505003 0.0077610355011167795 0.7250656017825207 0.01569468403815328 0.7232267005620716 0.01989264854746993 
0.01708879123838864 0.022624507147144913 0.019869135937934324 0.4466277552129051 0.7324872600102024 0.5757045072493835 0.002925829306376779 0.037734694828307144 
0.05503078555901034 0.08708982738806044 0.06613097798435122 0.42830516430982774 0.6597353121934073 0.5211728829913642 0.3964998748071864 0.04693945625561757 
0.04553842772661879 0.06348068333433432 0.0406890068540464 0.6112820316910125 0.5809036885665861 0.0040831059098224405 0.03211165104132323 0.6441853337149445 
0.008734981029295564 0.0063701366671201866 0.0089647337469697 0.8027103005239796 0.6204021711223647 0.007524226904919027 0.01043795102823984 0.023130991469761417 
0.01080235946505687 0.010076855843100365 0.006758509041785873 0.011828545354097074 0.014358578976132828 1.0145962790411733 0.005621226012737251 0.01614428752971022 
0.11552926840186381 0.10201255266243281 0.02863506256827311 0.33056234605092794 0.005635710491228001 0.9504245142764675 0.013581487970574279 0.027884484337052436 
0.008848950779866378 0.014697104074197593 0.008999716411627423 0.007856575348268254 0.01609090983715818 0.800451467537725 0.017771054502265383 0.6190695069245402 
0.007040732709395893 0.006276519837777057 0.008815601738603261 0.013285020191398142 0.3588557684885286 0.9484161610276198 0.014929101382424162 0.027278893475719695 
0.004643446927579094 0.010561851569667643 0.003899961779948721 0.01963501286706904 0.015055105260349937 0.9433216294631079 0.3834682987397407 0.018511872295077426 
0.008412755880323513 0.02541138060389439 0.004268220937489884 0.008071108528770438 0.022457807196646664 0.73506465113434 0.33844357369052447 0.6220337307460366 
0.12022520005550794 0.07194987209848537 0.07599967249350682 0.6017566112972769 0.028351953254380276 0.8755462501822799 0.09457634947317113 0.44100028574018013 
0.0364932259543263 0.02147931147134311 0.05108468437431224 0.024592083235855662 0.4269018298024398 0.8132090335456796 0.42962693301982446 0.29124960874742745 
0.01293674926332879 0.02745273844787041 0.025396842333370025 0.01861414881791516 0.5794142675115957 0.8315405949019131 0.021419497952051655 0.01627555447043991 
0.04478005908043898 0.2605896089839856 0.03829028254050347 0.3003232783799877 0.03236523266966824 0.7189267061238298 0.6375733779348817 0.03587848957017843 
0.008906811051377644 0.018309583481265993 0.012153811937609595 0.015184850357795956 0.4599338851238113 0.6573971190063499 0.016002928023422246 0.6262626550884961 
0.009964156106475622 0.014889465807015058 0.011748139513684643 0.46120823404068445 0.015417383590430406 0.6564671451425169 0.022557960373165768 0.626232058581545 
0.0047639503332438885 0.01780991333737634 0.0073487664534268235 0.009568953839951821 0.006497670631748666 0.012520534173952543 1.0143310967123353 0.013352533887898083 
0.03468788303890287 0.1615976727822739 0.052663283629513835 0.08442075022343207 0.03860791634799601 0.06525336867460267 0.9281343294405952 0.4681376888037375 
0.01948562999838154 0.01385383300199298 0.01531786176265032 0.009458945250652953 0.008170893793532294 0.004260157458374805 0.7582146083756438 0.66943015475247 
0.011631685159319912 0.010908476022256556 0.005469456167188148 0.5826844068837745 0.017569324450755548 0.019813451329556874 0.83016894276918 0.015145768427304048 
0.008125226370259921 0.016436870074964593 0.016751116345074174 0.008383845107696707 0.009676715875950908 0.6127845751443397 0.8189568005808252 0.011391917624999482 
0.004345829364204777 0.017339146499105413 0.017677357693677436 0.011759615262373437 0.5829460126812832 0.01927314270584504 0.8413781455340977 0.024906880726851755 
0.003507016411928865 0.009546312229965749 0.005338528165846279 0.019519237750515367 0.5022567237331798 0.34161032526046314 0.8281347207497584 0.019008885906732862 
0.07528723784329024 0.030933829684206594 0.08335803720984138 0.018024468658961946 0.5689168295958291 0.0697080371739772 0.8604680592693588 0.2526346825615843 
0.009436167769012294 0.04597328868224259 0.011552148539449438 0.4626398689083705 0.022581401691997197 0.060293299289489365 0.6816226751858155 0.6353824959406827 
0.07341742360632417 0.0924877325657818 0.10910535255001173 0.04469934926986308 0.49570887335264174 0.3766277737195659 0.846980017671684 0.2984570366169462 
0.01262846324293975 0.028699801868188764 0.023867136201071077 0.009719580357112659 0.01815227334663874 0.46446150232842126 0.665993036085283 0.6223478114091278 
0.062318386332944606 0.22744741239691213 0.1348539226266257 0.5465233168351114 0.24687461275014685 0.4550026159924686 0.9218615645556728 0.13594021420334634 
0.04395920026851756 0.05307735322447002 0.07878993208315745 0.24709354273405687 0.06981516332941677 0.04436506133841425 0.08053120413827922 1.087801625286163 
0.03176884522367946 0.04903966729599442 0.07540225192493981 0.3118001431522067 0.3508348877249915 0.4961747124698639 0.018241325965331984 0.9230394934559449 
0.12434400971588185 0.06703965230893495 0.03389284627836834 0.07701250721219445 0.6039567114175995 0.2841881717453838 0.16474213957456726 0.951304296722227 
0.05395760030379122 0.21592121756362226 0.21964222051479446 0.224009389675196 0.5193441913118666 0.27677269367059937 0.4794007897438507 0.9673753879533954 
0.05941333169932324 0.5095543930191144 0.09323224547444568 0.6460572735622326 0.05723620060304763 0.055358483916046884 0.0035714186505476013 0.6258484214533527 
0.011841303051755847 0.04758046332736071 0.03619037188946536 0.01934621987143095 0.018157742174652783 0.5046066511134802 0.66617185977638 0.6256886354489896 
0.011597659809025976 0.026971251455547088 0.02203602411907125 0.7891875456985286 0.10740455973434694 0.021999928101702496 0.02102061854481554 0.6207946267939506 
0.011240970061432595 0.05502657385209908 0.03186225655995264 0.7111727915754575 0.0509886182868956 0.4218569984116842 0.058535643956096874 0.6423399928699647 
0.015433106769646935 0.017206420226253655 0.004802647145170035 0.01233221476338171 0.46098191527499577 0.002658537955318813 0.6667643026738193 0.6194500539499702 
0.04049347152864913 0.33980147522044785 0.08275102561632704 0.6607467440819451 0.34824276590583925 0.07810989537008663 0.10333628772264436 0.6195543618284458 
0.03402446851787952 0.10620826185055005 0.07543682545934197 0.38908058867774115 0.034226876391527015 0.6132388105860175 0.5099719354861151 0.6897494002735466 
0.06706351199228015 0.33011561697568725 0.08096571214949921 0.5732530880892232 0.3175041797212465 0.04770584333666461 0.5233721295060899 0.6280200250885049 
