1.0072718813919483 0.003366500680800763 0.002180165298731858 0.0035381346653721502 0.0013266891493152273 0.00329298510523371 0.004916478189672341 0.0012655430745744129 
0.899732247443841 0.0034441172195447726 0.003750613497558222 0.20161204696454813 0.005748882719693331 0.004123520193737941 0.40025853729903127 0.0023361104229496213 
0.7012094672417313 9.988766197549855E-4 0.00499938590707238 0.015047652459611356 0.004764066106438446 0.7172365712782726 0.005931478126598252 0.0030822711261323443 
0.6797883848936672 0.0012505848126172954 0.0027911051432369625 0.005405571245660489 0.003798445047781644 2.6139201347055355E-4 0.7460898478775208 0.001957172739301495 
0.6610257687481192 0.012077983584323956 0.013607685280870703 0.15472150649787061 0.6398251003226969 0.01822987283958252 0.40449762295154207 0.008317001736872684 
0.6178547221158306 0.014002817498513348 0.022970047647895616 0.038885890763168895 0.12966414800933818 0.6151614999659992 0.5236291173210001 0.01843212073691602 
0.5210649482190528 0.0014739377643389919 0.0043429277482901285 0.005831832991590053 0.8596541872165449 0.001261955065310338 0.004667079943078035 0.004620358004033075 
0.6665637860283211 0.6112741087600378 0.5124450624306738 0.054611620017681266 0.022937336550646822 0.01608814814327645 0.04497205830891127 0.03630694283743998 
0.804285438813042 0.36403444200904433 0.006654663253936945 0.5384268645936194 0.019039274076069798 0.00868397974469074 0.02093158291457647 0.013281459474247095 
0.667061317552578 0.2654680328963499 0.45610898689438245 0.21185102682706702 0.7994762203313255 0.0659455492285663 0.12379647554390766 0.11391636739085009 
0.548428012551977 0.5604898331192001 0.014976251948364258 0.4704772841347951 0.009935001039967853 0.49897800818541255 0.025489777334013627 0.009584758834075217 
0.5573981977072804 8.643117675065359E-4 0.833395022113851 0.002816779731045349 0.003672042773006527 0.0011471730185176436 0.004004122873712255 4.701972187810461E-4 
0.0029987856612460674 1.0022481708801778 0.0029174395813281874 0.0022907719346070316 0.0037360183559971114 0.0017629407408426053 0.003044050031021173 0.002310042127330709 
0.018564857225235442 0.6298836123838747 0.039478074204096616 0.04830938218313027 0.08640977612649518 0.6100851559960576 0.5418096226650894 0.021529424002437934 
0.02558769225177101 0.8730717259471477 0.02433353954133016 0.15186500402538555 0.48747337212415515 0.010682096958294635 0.022004899273748713 0.006503679153554984 
0.3219271203067163 0.833642197831162 0.01845417972557668 0.4840530539577758 0.004650340313420189 0.0036228438964701925 0.011223913618807051 0.008579651706613657 
0.020550720327409185 0.7774260161101099 0.031852881996567106 0.4083616720830746 0.13052190356511706 0.008333018154490526 0.536334113362475 0.048037480396570464 
0.00556085913808363 0.7873863879013202 0.0038951469728842245 0.3857443705695581 0.12215515698244961 0.4726319895559074 0.004835513612230099 9.565111450225238E-4 
0.00668466537274425 0.8608867310190556 0.021735323553295174 0.008021136463283568 0.01087964884042992 0.014093556189330697 0.5347483684449708 0.007848470773660465 
0.004425970967169607 0.7152658687028738 0.005846668105078057 0.7081278640876407 0.007898607164932486 0.010673285961183962 0.027357536908549054 0.007558139695982035 
0.005546054209574018 0.6971088434071959 0.0015308519072676481 0.006126187084466124 0.003015617455193312 0.7217772846482183 0.0016739321508171309 0.0044394466760652 
0.7243577602213852 0.6984286432424732 0.005391851471433414 0.003420344920304788 0.007229170551339248 0.0033210456288909995 0.0020513972785792074 0.003069469693176103 
0.007010523932117829 0.5735365157858985 0.002182272011931231 0.006890236049286658 0.8278513247571637 0.005679288556304121 0.0062972759702630545 0.0017731222521391388 
0.0060503907423928565 0.5025460517201178 0.004116897757541998 0.0017825429319710535 0.7306895208708886 0.47379877186274955 0.003634877627098457 0.0016241791896403777 
0.003515306970185543 3.72597032445273E-4 1.0045855268375627 0.003761683938508703 0.0013176937946755539 8.765081053607017E-4 0.004213134674086509 0.002847185387609723 
0.5069418261523894 0.05612967810850305 0.6450184364377278 0.537708701151248 0.5373510189655942 0.07043196010017494 0.04186936549094985 0.10135091399258005 
0.002132604969955865 0.002948563228498497 0.8549929702361739 0.5284044155862423 0.004600784258871119 0.0029625653624491804 0.0022066981759663756 7.158660194315442E-4 
0.4076181217619871 0.3755102187451013 0.8370089893967267 0.004600606597816247 0.0024392570211995614 0.0033240215174541662 0.020995126248055353 8.377840287366769E-4 
0.0021253243419777565 0.5569891914084026 0.8337458838628203 0.003604960690617642 0.0023237170536275823 8.124187484743269E-4 0.0035886854112839157 5.314575456278882E-4 
0.004451597204080459 0.01937403680177606 0.7524562203882977 0.009004823619701875 0.7170127537855123 0.011095760075548057 0.01903284466909261 0.010324269377694035 
0.0038456122697560617 0.0022629206973210974 0.7089622797995381 0.004091912242498784 0.014703847915160682 0.002343438178855218 0.7158246133445921 0.0051169521911834945 
0.3626822922060327 0.3353782679100894 0.7356394230366547 0.4762561126515733 9.372886793879687E-4 0.003311539707646659 0.004749786544573059 0.0010739181332025767 
0.003231643950981759 0.006730056998188588 0.6378888561799276 0.002024749526414555 0.6373582506943359 0.4457521695499525 0.006104263235303896 0.0017136432891125565 
0.0023459795539203057 9.564300388665622E-4 0.9241801435571046 0.003192753316821385 0.003071583094507374 0.39382056555127576 0.037243246711127616 0.005155078707131358 
0.004805923502474674 0.40872510306910503 0.6038700328580568 0.007259586450223683 0.003995502265160654 0.694039819977946 0.0018167513690948982 0.00252357879982238 
0.3925294099571664 0.006558690052673531 0.5903566221327515 0.008487774298566725 0.019034913964257976 0.7315184254095353 0.024390068144873902 0.015237606757251575 
0.002782925952022625 0.002476881402608573 0.001058992733608705 1.0064523165659338 0.004598437379707258 0.0034180670168519403 0.0027747779711964383 7.683603089228541E-4 
0.051587972380687824 0.08326077156276611 0.032737330788360414 0.5745470247481382 0.5681292540320735 0.4326775203770855 0.44417709101251535 0.04371816543862379 
0.03325434994631482 0.0017070404048849532 0.006700517545560364 0.8042332050311701 0.0016877094468498329 0.42365247820405527 0.42628043621518413 0.0025858691574186855 
0.006083548236866827 0.00285142826875668 0.43969014155034053 0.7688193257291569 0.004668165559956531 0.47546411492783613 0.0069265080452687346 0.0037452388580951246 
0.002502032138923014 6.706843489704443E-4 0.0034473333249156056 0.7286387255175765 0.0034042994496002355 0.6911668629639114 0.003764236304899502 0.002377852335948268 
0.0027019107201331576 0.49627313737843537 0.00213572830991837 0.8744871086027773 0.001337920578175356 0.001003645863019537 0.004622786514496578 0.001565660838679903 
0.006348577675982741 0.02291604879282705 0.0047458469784471356 0.6786929412317836 0.6485970603866199 0.016812486327199828 0.4137382515002982 0.005843285848246599 
0.06862721796555421 0.595336300673 0.08027852482057299 0.7546938557097095 0.06197040880931227 0.5173100019967138 0.09278118806772025 0.03343806080311632 
0.36157756977596345 0.0193568377091313 0.519300526554586 0.6536599883596047 0.49724985179053627 0.034187372229655545 0.014923424564516228 0.03864733092924797 
0.4430190134222788 0.03141751717233525 0.003473146445902134 0.7683254466376056 0.0038216169513750954 0.4748934155684252 0.006848897416882232 0.0021911217081367874 
0.43463583483434975 0.4455162951073457 0.02049763987492477 0.6166780494705719 0.017670136999823522 0.007650584808012491 0.5347261005273481 0.010470187313531915 
0.005641230947646146 0.0031196428381731907 0.3146996747534254 0.5504261268197669 0.6211873047759665 0.47584461651391213 0.0058502263154365216 0.0044616184131144815 
0.0013829969474562001 0.0025820089911746235 0.0013615820853280372 0.0023791646223612576 1.0038976839217304 0.002177048243720774 0.004725471122069651 6.987982017534583E-4 
0.0015077494878463448 0.001117762661251801 0.0029215215719300414 0.5637818183241708 0.830670208517295 0.0015804335532990416 0.014238140525881366 0.0018788067531055254 
0.0063814169180464505 0.309120646358324 0.4649158632603381 0.008958404998051778 0.8364211371389824 0.005637655480618373 0.002675462606055001 0.001289319320517007 
0.3564567987559396 0.017967097517488012 0.030869519936835167 0.35495683053869553 0.7893233746049817 0.03898815362017996 0.4559821278526252 0.030526479259722388 
0.005724030196759663 0.005947252306833472 0.4614515094248885 0.2520120783796762 0.7737087556572215 0.37425143572869435 0.01566234586472292 0.0065869211848443064 
0.010313939535367956 0.2740952962480341 0.027381665931791966 0.004820571396332372 0.8598705162603079 0.4808934046109351 0.024913688022500758 0.01479738396709634 
0.0036503286962241 0.0014399725245698325 0.004002097661558194 0.025623998548681942 0.8964301656497516 0.4457007781323369 0.0027083005353294473 0.0015121906544877236 
0.00494812687843701 0.019988352935786134 0.715389884472082 0.016031378034522654 0.7190696948087467 0.02199467621686841 0.009863342319722966 0.004401553703887428 
0.012198098436049512 0.47890472491412023 0.00916282670868164 0.011624044814340088 0.6958501646413181 0.03572067714308822 0.5994853897869864 0.004852799385594914 
0.0032456472955826685 0.00402974897388161 0.011958481968569011 0.012711913034024271 0.8665826457511158 0.0035026572570486195 0.5080528303363997 1.437999686367181E-4 
0.3896430890079997 0.002266896588900678 0.6025754474332142 0.004235285949741123 0.7044729454456838 0.0017466876033539365 0.009928891127800737 3.104456142733035E-4 
0.015678430964260488 0.488732716060695 0.018258603191539432 0.503381580197574 0.682052875980944 0.003941657315527982 0.26122122302905193 0.0011942619132570321 
0.0025592527694931855 0.0024062817310620487 0.002247314977918877 0.0014963895915256614 0.0035789654554484332 1.0059778735078213 0.0025705980296529493 5.27083935956771E-4 
0.0027956154756009536 0.014021884687619052 0.002157672507905786 0.5167970939919014 0.5039271802165649 0.7182169558794037 0.021933461801062863 0.011182230053179197 
0.004434890357302066 0.006850585943862053 0.4830935218129164 0.04950382921112491 0.46776355515048834 0.7549764706089355 0.005416184797777896 0.02617753042211878 
0.00330674359686903 0.006603920131614358 0.40059965410205517 0.22634368457859794 0.001168819324320412 0.7382107207892311 0.5046864925221265 0.004006127644531809 
0.35126004935214117 0.026671405236109134 0.029939050738326405 0.3494103733497585 0.49837912770856174 0.6996319652659307 0.28339469988046484 0.031172269113425695 
0.42765287263733426 0.067889649479713 0.06144936371222324 0.6084174525578827 0.09877592120335639 0.796893626926906 0.07486649467892491 0.014791892100557402 
0.3262881334334705 0.42983103186473987 0.007071613158858286 0.27277426298393453 0.030623631414170682 0.6148732797956151 0.5368949787022717 0.02277009788791433 
0.4439786459047323 9.808263242022967E-4 0.46695378610826566 0.0018231439241985436 0.6138695406045512 0.46755124196290426 0.00724570304520458 0.001040577649438589 
0.16761500430541215 0.7581479826111236 0.6643349323199548 0.4206050411866138 0.09929086754832117 0.20869497702051945 0.7167932297294204 0.16610436961522393 
0.4979776973485637 0.08521425093944582 0.50449390367459 0.39015299197687514 0.43807288622673235 0.04047407467317512 0.5184970856543959 0.029054524509323342 
0.5817214756504968 0.6122271133590853 0.10124391137799117 0.4468912833682286 0.1618279387376973 0.025133350651367393 0.6191766322992678 0.08904343836615165 
0.0023687612737577006 0.0024931530408152957 0.0021993211929603323 0.0014687278487569176 0.002845927573660592 0.0015994791028098676 1.0116431819553067 0.0011666223622874092 
0.16116867943310476 0.20924703608086914 0.16464912940405557 0.6494716213737377 0.728045685001554 0.15190245417359546 0.6387339966176647 0.018135513730461173 
0.005373589117253791 0.26581372575344736 0.0038174812455320796 0.0019295354402291869 0.4088915918275686 0.01678838661600473 0.8790441684025476 0.008223664827606812 
0.0032641261575665384 0.003766683978709833 0.0015506043342291371 0.5985751986655091 0.0033029688523089655 9.806743529522973E-4 0.8091608948492205 0.0012664436873311485 
0.00380636017224458 0.0013733654211641026 0.4179674985698822 0.00844436797951801 0.008025676733989608 0.4386411444362284 0.800892402117853 0.005579337194903667 
0.004539641804165904 0.5276674924289995 0.004918328793860898 0.0015950989043188053 0.002166806954805785 0.2774922469944231 0.8127107896577311 0.00188918442931798 
0.2742865109399361 0.0010534275125091803 0.003779944062654305 0.0014246258261510286 0.40747438248832407 0.0034963840323051546 0.8773834145016806 0.007057163147776927 
0.002039726227596229 0.002797034728023624 0.0041709559816400146 0.001527099321467856 0.002665965869145505 0.6813552827206161 0.7388893396924275 0.0011673868834779675 
0.010172260013178525 0.3606874915383373 0.006454862296723864 0.002034033431809397 0.5253445648491603 0.33955356758302263 0.7110504235931447 0.003947976002744519 
0.012196964297159925 0.016389706559141345 0.2686016132489821 0.27021288676015726 0.35900274400487253 0.5325654940972094 0.7138580643595035 0.020576573851506068 
0.4935899536028813 0.5042160718516969 0.001228753383147396 0.009843414680743106 0.0054579477861235555 0.004800482333741243 0.7154239838087942 0.0023302402388248418 
0.013863644617925516 0.5062626640192288 0.013818001988533746 0.03761057002361372 0.701367857741259 0.01540142084459904 0.5974944084524848 0.04531152043790282 
0.5178577886390858 0.3545338274359551 0.022893664851734174 0.5240224282825671 0.9135191104136571 0.12624415352934723 0.10780593691430052 0.3734043565881166 
0.03055561129271879 0.024273756560091356 0.7354429519930759 0.07171099008156609 0.7187844402521509 0.016727081137427824 0.024398862326410375 0.19863427432921146 
0.6588084341528854 0.12079967487424502 0.06627374778013005 0.36007994974876245 0.6142182965734577 0.7702353600961511 0.17600155492213598 0.3142418711052932 
0.5260644997422429 0.028116561679299944 0.01611411355400199 0.014628766135756305 0.7792018306323477 0.04281303631819641 0.45187941594468173 0.17602024421452273 
0.025283757522135908 0.01849801520000162 0.6494439486550251 0.3184969456677587 0.026176252306590715 0.01472101230827026 0.7239700034948092 0.18827552139555465 
0.07124752883634433 0.48688199981599994 0.02194858647343897 0.46084950068788244 0.806711087191356 0.463929466603976 0.06050467932014989 0.16290977573743398 
0.03387593732217405 0.5167116983332365 0.02196224686505759 0.0116885067645046 0.7821646494562167 0.04369298626799324 0.4539762025652284 0.1722009865390601 
0.5255024212845661 0.09507873545779688 0.820783925169515 0.0633773274228177 0.14664385150138828 0.453042844451051 0.5625222537925111 0.21500638937761452 
0.9203773224569824 0.026638836525870905 0.02144749190176268 0.0093373653114021 0.032328979862215064 0.0392873793802553 0.45521321159176403 0.17436632544725436 
