3.4784073169541174 5.532621612401378 2.287078140056436 2.6361547853000977 5.258056821531018 
0.21289296221406726 5.919322651137038 4.777728508467709 5.7165882755642485 6.226081925185665 
1.326189241326222 6.111631008553372 6.017832194216529 2.6343645956625843 5.254486121173114 
0.7027247854311482 5.191506395161979 4.409044352226032 5.635894432332669 4.356514557271133 
0.5386585753738864 5.402387078214081 4.832720728400946 6.289023951298457 4.397417152399964 
0.43442494552612027 5.141063831681151 4.320625993885903 5.6070196740762315 6.1937262489479545 
0.41938322131535266 6.045316711206631 5.282780509573179 4.349219634591108 6.25792361682269 
0.4036558492391887 5.376615969453821 5.564701409541257 6.283165298509839 4.393320659770563 
0.3238983094870261 5.978459984765456 4.824867929604455 4.936539508915296 5.8496330119979145 
0.34200177610031857 5.965631180638035 6.074429969655547 4.34845361654604 5.906229122810073 
0.28494107726700135 5.338927404861009 5.186308733193852 5.487352642293962 5.317608884874817 
0.2717612936950644 5.658952299353928 5.1952987058861675 4.963815847096594 6.211015870631179 
0.27169331351241166 6.108158659755227 5.827864832736313 4.928575791217226 5.074490105646739 
0.2517057467695514 5.3274329399299765 5.073971374443267 5.474193230044124 5.768778094174634 
0.27712634594259383 5.989186117796305 5.813177124165382 6.202418009814179 4.471320828571419 
0.23315183647268647 5.911367728585062 5.131705091702079 5.4829051199429735 5.313298940551754 
0.28333480630361224 4.439303760082787 6.026938504279526 6.081680154464176 6.276724528148423 
0.2572204855246311 5.161424902394428 5.523030904898389 6.26360333259559 5.083413945315594 
0.21748704594705884 5.958487230532058 5.5224597297777045 4.928251870526447 5.587798982666769 
0.21604137915416716 5.318420138315893 6.162540637452787 4.9266351314813805 6.200395449803609 
0.08041982454319822 5.9127704146883655 6.1721275094044605 5.336791360718937 6.2111704301762645 
0.13610896269595538 5.60738847136009 6.191704936981642 5.507293899626379 5.500418264928948 
0.15730557008644797 5.592849462707623 6.17334947025388 5.4934086578264 5.326041974003621 
0.16901743162106045 5.159365914433448 6.281175994164501 5.624153786857513 5.6451307598339815 
0.10760460757623128 6.24776008156814 5.6454811613267655 5.372792679029467 6.029971394567214 
0.1617170451401982 6.057550196361732 5.93507739891448 5.557996633651465 5.253372761159401 
0.13719049597478436 5.942057392739767 5.561339336191709 5.262834133382436 6.240479807477785 
0.21134355022115361 6.249550280605855 6.094457505799178 4.999588827540185 5.349866827136916 
0.16795353374650965 5.92159556528735 5.543777890975155 5.247933643752775 5.6309171714589965 
0.15125401018158027 5.317481908830068 5.528043524009149 5.587365576976937 6.205846615912434 
0.18087084847517623 5.110498927522746 5.5217472689999685 5.625974517590307 6.199388022344006 
0.19284512774899537 5.09109917529276 5.497585801113334 5.606652054637305 5.842551131119028 
0.1688377163643227 5.836119013384912 5.289735054601631 5.358567468209501 6.178775865127546 
0.1517884583758522 5.950469167312456 5.1674434680498695 5.474856693444441 6.196986838534406 
0.16410043032561583 5.956812671238373 5.174592924929997 5.478421921755177 5.86597138813532 
0.183864384322563 6.284315063203354 5.304686577361051 5.373291414257689 5.654991310759558 
0.17556450626372977 5.655744235432738 5.228079116442878 5.610090395666849 5.890563810005708 
0.15887974524120443 6.263506806366872 5.093937196753891 5.54039591500572 6.0457456880269405 
0.17929602059244018 5.9679411549901875 5.079194602421269 5.466588154772577 5.835436631568813 
0.1959918814199128 5.351571439266073 5.210007401945996 5.68178874019917 6.233582306023388 
0.09064524968150689 6.259199786379325 5.407837408505569 6.259199786379325 5.625402504011455 
0.11992363156921294 5.918929720205023 5.122681661964269 6.269796344961052 6.045224904098748 
0.12449331094755367 5.370815940061273 5.569240394849568 6.327198083586118 6.061261192473593 
0.06389804963408459 5.894975950402245 5.7461400749297535 5.755834845741148 5.851770151825471 
0.017394571412450863 6.2027597697317125 6.249879544042949 6.018173602096414 5.848360597644335 
0.08167459636459648 5.88712559550494 5.504269143901949 5.691175674078467 6.013380177379477 
0.033193520328423196 6.234311415571863 6.075034228781114 5.8445753793573845 5.85718923699022 
0.15266021705607202 6.235142185854529 5.3093754685989 6.050778151361968 5.335853938206024 
0.13487198990474625 5.150130942358495 6.2775407945364545 6.2775407945364545 5.641863668248347 
0.08990243340092431 6.231742994311875 6.073988359940291 5.8457324981871635 5.335405337914732 
0.1185051022905416 5.9823841028197675 5.517108209113026 5.57481232782383 5.606526065669255 
0.10445526165962109 5.622408328459573 5.759066620933927 5.584308109868574 5.863492552868774 
0.20802874645357364 5.1642629680429595 5.197380830947201 6.278404300343979 5.879683165239026 
0.20538175263534028 5.3684302815799905 5.563705174457561 6.309631913334966 5.257340296917185 
0.16441881552490106 5.635334254312313 5.52669990723341 5.840767488413527 5.332668121427272 
0.09568038592115195 6.109616626092538 5.508685802512942 5.478230099729334 6.200805194980803 
0.16909475088558873 5.932090667095797 5.140787081999672 5.7613227259866955 5.6447735260041085 
0.17791367079973675 5.3662948348112325 5.200054107551941 5.906223526908626 6.235447962996835 
0.13280924789961765 6.132292199562347 5.274982223093793 5.497874123546553 6.165450920149193 
0.17937637248367705 5.995192101003643 4.893382213874857 5.753886267947654 6.028237227666583 
