1.000000008847678 0.0 0.0 0.0 0.0 
0.9999999833650726 8.656638385990679E-7 0.0 0.0 0.0 
0.9999997438348933 9.552486227185131E-6 0.0 0.0 0.0 
0.9999997284458088 9.552886948741314E-6 0.0 0.0 0.0 
0.999999727631178 9.552926643967207E-6 0.0 0.0 0.0 
0.9999997276450031 9.552926533663971E-6 0.0 0.0 0.0 
0.0 1.029005182054861 0.0 0.0 0.0 
0.9697147192176415 1.029000305865656 0.0 0.0 0.0 
0.9697147203481329 1.028995795465389 0.0 0.0 0.0 
0.9697182423535016 1.0288741652511524 0.0 0.0 0.0 
0.7964877230351652 1.562606066833967E-4 7.640348959688932 0.0 0.0 
0.9717819378953453 0.9714589264234286 0.6290341583906202 0.7157264222259835 7.87518307123767E-15 
0.9590750240099928 7.409942201781663E-5 3.339042856469616 0.0 0.0 
0.9717678797051411 8.264164773462524E-6 3.3411214219471987 0.11833687487284399 0.0 
0.9825114425961649 5.313397774524319E-7 0.643781180028573 0.1300102986907561 8.001282739488178E-15 
0.9723242898776129 0.059856623230703024 0.6339654228408275 0.702126217347777 0.0 
0.9922652152651703 0.0 0.320615568266909 0.0 0.0 
0.9935486372287444 0.0 0.3184711865767166 0.0 0.0 
0.990472908391061 0.0 0.32193744538923036 0.0 0.18571396208742763 
0.9943656269435609 0.0 0.3023186469416247 0.0 0.0 
0.9957832151234127 0.0 0.1583150600960238 0.0 0.0 
0.9768124842629032 0.623013063469255 0.18210249833539796 0.0 0.0 
0.7302001528785801 0.0 3.904228339978371 0.0 22.03868435219997 
0.9980534878185175 0.0 0.07307954175644969 0.0 0.0 
0.9980994493860981 1.3053568223793537E-4 0.07121309855145858 0.0 0.0 
0.6457468501935881 0.07741947232511294 2.238775940267983 0.07925501380815812 23.912608454612368 
0.9998363117601773 0.0 0.059667720167794334 0.0 0.0 
0.9682226052959575 1.0162696035129095 0.07301078436350712 0.0 0.0 
0.9995016202737669 1.307779150526195E-4 0.021755909207792714 0.0 0.0 
0.8033303011369622 6.109625014478365E-4 0.0 14.122049261948954 0.0 
0.9666610721240633 1.0154355294480573 0.0 0.2678194206574884 0.0 
0.9521797279410686 0.0 0.0 3.7638478040457404 0.0 
0.9906493194057814 9.461474154680838E-6 0.0 0.7013209866820166 0.0 
0.993617578729802 8.548929290466757E-5 0.0 0.4581675606662158 0.0 
0.9800926810303017 0.45899144273617365 0.0 0.46081768957343117 0.0 
0.758806403695405 2.7976482131497613E-6 0.0 8.923158811501887 22.215318077560045 
0.9962795094212693 4.951177013988317E-6 0.0 0.26758393878200093 0.0 
0.9970475805505911 5.397864964127821E-7 0.0 0.1352643377000399 0.18566844612176583 
0.9983699522542345 8.13148675924959E-6 0.0 0.11704100503283545 7.960704390864132E-15 
0.9844092192349532 0.9369755349855989 0.0 7.849803028142274E-15 0.0 
0.9864218427962886 0.4619550238113776 0.0 0.0 0.0 
0.9937456115400809 0.23014635466252656 0.0 0.0 0.0 
0.9999974919935556 8.603774237314218E-5 0.0 0.0 0.0 
0.9998991545598828 0.0036350095424628305 0.0 0.0 0.0 
0.7113776418844991 3.370883252572358E-6 0.0 0.0 23.997217721022537 
0.999376925360938 1.3057326925362893E-4 0.0 0.0 0.18446866093199127 
0.9946784739726116 0.14749132804317883 0.0 0.0 0.18570085082320434 
0.9844789266669299 0.49505739729918097 0.0 0.0 0.18530474838750913 
0.9720676570778339 0.9525703365818337 0.0 0.0 0.0 
0.9999975750400252 8.603502615631478E-5 0.0 0.0 7.960686552223467E-15 
0.9852179942325943 0.5098094003005713 0.0 0.0 7.936832272490079E-15 
0.9718895790856689 0.954835772168545 0.0 0.0 0.0 
0.9961845305303105 0.12963793799088186 0.0 0.0 0.0 
0.9985257979081781 0.06125967791896008 0.0 0.0 0.0 
0.9995480655341641 0.015359388026073116 0.0 0.0 0.0 
0.9710041750730765 0.9851839152035297 0.0 0.0 0.0 
0.9700572218049421 1.0173547902737052 0.0 0.0 0.0 
0.9718262711004825 0.9570434447701357 0.0 0.0 0.0 
0.9999976088738333 8.603427865898938E-5 0.0 0.0 0.0 
0.9999583526400467 0.0027771308849555715 0.0 0.0 0.0 
0.9717879563859959 0.9585540983957825 0.0 0.0 0.0 
0.9704470149678738 1.0055709744635477 0.0 0.0 0.0 
0.9999975438121117 8.603686037728558E-5 0.0 0.0 0.0 
