0.30753700433788533 0.1739648467600472 0.059481729565999404 0.0312487988041601 0.1121370250019122 0.02353866452102714 0.39344070292395594 0.5174053371063673 0.734936737782825 0.6251627080683594 
0.31360832375794784 0.20997430482950122 0.09633499829881438 0.025563532289750186 0.0692766261438319 0.03390072362356758 0.35687054445861427 0.5101847149355414 0.7383215198607115 0.6974046046915969 
0.23464708098328066 0.19566679671842369 0.03476520151790705 0.04985466937192323 0.05532353762701511 0.044153709332682624 0.3589791639321607 0.5221603320608192 0.7217659114413657 0.6690580740538972 
0.2323988296175411 0.1882495824624907 0.05288299356824473 0.04683106726153443 0.057024486650595216 0.053146660323664885 0.3581312140247178 0.523692761362268 0.7219157206509921 0.668735479427708 
0.2376752700014003 0.19395235534300206 0.06503387374751059 0.01783723899966481 0.11251312595816733 0.02926301421179732 0.362922618563099 0.5084085927569069 0.7373752255140362 0.658123404348852 
0.25634227201615223 0.17412490563601807 0.008596935529692155 0.07868934199310668 0.09202861290396663 0.024728094484297018 0.40219998758886777 0.5153805061804818 0.7479016801483507 0.6502508315814189 
0.2060792768044318 0.22336871490489993 0.013657113336562925 0.07125738912553228 0.10627666438145184 0.03424141534425153 0.3871441646550443 0.5200485708944681 0.7296899423267618 0.6262805498212141 
0.2079609963689182 0.2423837277810807 0.07541771901198027 0.041560099694783054 0.04472423949573263 0.03700889484735795 0.3859620444295066 0.5353994432756736 0.7320049432907938 0.717582310366352 
0.17549902578374468 0.1883386713570737 0.033809301910540296 0.031965659694768826 0.05662404564936732 0.04158821893537057 0.3899696901660328 0.5097342185993077 0.7220335854243861 0.6222212960657167 
0.13830607849341311 0.34699351156980107 0.059999882900024185 0.03826544570216336 0.05366215406543785 0.03280425847767126 0.3588305739670561 0.4935625234745836 0.7421642645692955 0.6264413571006007 
0.1680207144529669 0.3471590305538593 0.09477127274369658 0.10518402996364845 0.06284134295190436 0.03994663695614857 0.3654863387031817 0.49568403355238055 0.7514606570730423 0.6235115580301162 
0.1245587383242251 0.27770300042467305 0.11840817660815486 0.06916971050874002 0.10586914740547168 0.03243377721623361 0.382266233520278 0.500418422984128 0.7484900423474596 0.6531997284274144 
0.17522799615652143 0.2448911866883409 0.028569102298878792 0.04715570578748879 0.0469523159407298 0.04134548759188733 0.35817641009512363 0.500001276237126 0.7466326461480485 0.634884416123262 
0.1317148505423385 0.23584962667234838 0.06357059738549595 0.02803021128035148 0.05464369969851141 0.03674608446969149 0.3888738914982977 0.47528358301233575 0.7396915656694731 0.6230477188749012 
0.13305488629819595 0.21922732530603598 0.05319091045946627 0.02195856719736851 0.06842231362777246 0.020911908854603374 0.35509108658869404 0.5015831465884342 0.73427899935504 0.6328695253259087 
0.15080394716255596 0.23801187863269466 0.055856086694259025 0.05946736345863234 0.06254170704374809 0.046846208632633154 0.40402388563985125 0.5001093810557515 0.7351763465779745 0.662712014693196 
0.14313963010437186 0.22304947893703936 0.01973097121272091 0.028996982674094764 0.04901625098499275 0.06369014321013736 0.3695237547145751 0.5047356272214588 0.7324187332224965 0.6373960321572708 
0.16133927152986027 0.206448271857736 0.027845970827388888 0.07054766870547188 0.06321358518283476 0.05563275356495098 0.37111124489233055 0.5239189856743561 0.7239634046989087 0.6563545490900596 
0.1716728797344977 0.1918154637407102 0.09573848146646441 0.07195319935134613 0.08384805735418764 0.02638877084120328 0.39217101009284505 0.5284511378038639 0.7244629125163302 0.6225861198866164 
0.15016475299991178 0.19347385413537005 0.10051959339700368 0.08916861922428482 0.06501871778839655 0.06180409439860132 0.36754237312973737 0.4996247542343195 0.7499709615270079 0.6385856296696152 
0.12873412946131232 0.18359097203311975 0.05650503537589842 0.05870896111193739 0.06599632877371375 0.07498656852670083 0.3972108853685992 0.5004087487808787 0.7413798640411837 0.6309239449056331 
0.168463895025555 0.17437814656202483 0.0413801459937029 0.07495518091597764 0.06779148716679917 0.05601475726487304 0.3817791220795993 0.5063267393623361 0.733340051959207 0.6480891860211253 
0.16984571205602492 0.21703347137539536 0.039167520613311024 0.07645339235967549 0.057562202808201464 0.03656981746088439 0.40670866442926057 0.49452239090859773 0.731224518922295 0.6467158917515409 
0.14245752966527572 0.2382663977493967 0.033930497654448805 0.025355667809909426 0.0953212376357229 0.07973432655182913 0.3989714380775512 0.4896292307317263 0.7414015691387084 0.6499214347200659 
0.15325792606985195 0.17823926185844977 0.029983544461813307 0.06929608419579024 0.09145500434538148 0.03821025600312436 0.40349650889741207 0.48247082288198506 0.7352231722833202 0.6166730836079858 
0.16427413907734173 0.20819195902798415 0.011715588605091191 0.07177882673449718 0.08449716798456916 0.07717568167228818 0.41672890407634405 0.5211161196276615 0.7246178888527958 0.6312221626747606 
0.1620803403421446 0.22236584237248913 0.0306795850826362 0.18922444546660702 0.06615797088858826 0.022434815876247155 0.39268499286869196 0.5234674000718416 0.7217588002531042 0.6367651431535145 
0.1514992037314736 0.19367577380643192 0.012071751509497037 0.12776253183424044 0.07599926654145198 0.05672391775435688 0.36791360333482154 0.5380337072016201 0.7348494627242063 0.641228587018201 
0.2146523497391318 0.1870780238232137 0.03999875894403178 0.16167782511359383 0.10363469800139283 0.024419751665347173 0.3712581001859786 0.5397183327998528 0.7409116659862538 0.6689390677193858 
0.1352250922259521 0.18945733143940577 0.026420444636172352 0.08584405446659607 0.0831558290577567 0.03551868453443041 0.3785789588130641 0.5179481249125996 0.7324187170379538 0.6219146001912484 
0.15695937162814594 0.20876354986250495 0.022057545459130558 0.08975575672707213 0.05508304129061467 0.03034271407737109 0.3894383201377262 0.4977339599836305 0.7338618974237595 0.6483759150823981 
0.12852315756058896 0.17732334586817214 0.038210707074120144 0.08635170942192495 0.08626965065666159 0.054706376323564634 0.3632643276107006 0.49885020960802084 0.7364849250797443 0.6366881272140259 
0.17396231361326095 0.18452703695562098 0.010354314009792389 0.07964568352072483 0.09825973615565285 0.0261204082259058 0.38849352943024307 0.520195357761301 0.7304920646703655 0.6373147621608779 
0.1553107051959207 0.2034029448756645 0.012098244288568358 0.05225726911820425 0.15860180728126194 0.036336061480267044 0.36995844557212765 0.5049578926971686 0.7379486537704935 0.6270564397138031 
0.12525317189249782 0.1850600321860746 0.008262357717215117 0.027575989610564483 0.1194417436733789 0.04230417446758217 0.37040927280225383 0.527028749014384 0.7282896650309194 0.6663143720262307 
0.1326878737301921 0.18715510582397052 0.0695489874814873 0.02504517594750577 0.10713931579565243 0.06693439482989094 0.36536673774685785 0.5384339242284777 0.7333966722011505 0.662626134402208 
0.1638833472251778 0.17349523754104343 0.028775669012854877 0.038302604585770436 0.09838327765380153 0.044103952707378186 0.38863076203529356 0.49784576634343586 0.7324566335048663 0.647954204720648 
0.13556262926514262 0.1873768324765215 0.06595364215721977 0.036529994335682 0.1063131525202756 0.03540039577870972 0.43188062849571573 0.48638762487072396 0.7292028951342016 0.6766008809968647 
0.17898214626554157 0.17592373882352524 0.06098858485082033 0.031028462945979562 0.10186014525377532 0.05868527496705486 0.38848626991683266 0.48080837794990083 0.7360173725878453 0.6166663405858415 
0.12920031102230092 0.174792311473301 0.020235278740198502 0.05109738059339519 0.08652249820757253 0.02588674583247201 0.36011295191426546 0.4897181363741122 0.7422654313439137 0.6372613444543185 
0.1521073577309246 0.1779330311811844 0.03565875264512246 0.06843222697122582 0.089080483373225 0.03357024873220686 0.3775385168722559 0.5251924882838864 0.7238432518601001 0.6192240416494386 
0.1231580840502951 0.2026467728007856 0.0967650828940631 0.06802288411300368 0.09535967609931809 0.03922580697705863 0.36608788647253 0.5355515736260887 0.7252670911094815 0.641603855040955 
0.1342083827363357 0.18086275569961413 0.02082234564660376 0.06402678753779831 0.09304297634046432 0.05805124621295077 0.37914660707646486 0.5965307932069538 0.7095375029003388 0.6776852514240477 
0.14073062066877717 0.17880128424414066 0.0753390907174197 0.044687203714040336 0.06450483062044943 0.14483406631484608 0.40214102382269085 0.5266146273171934 0.7201274756624498 0.6363350377054289 
0.1429238227573366 0.178565223015798 0.09671128244574548 0.06260729525114614 0.09411340839505744 0.11142946448124141 0.41072689414912905 0.5153508638993987 0.7215736679104621 0.6863420855632386 
0.1321895600580864 0.18227293887125418 0.02434346945125689 0.04987947876916707 0.0644519310106241 0.08221503576386864 0.3893349378266593 0.5192895987736434 0.7248049776247937 0.6644107725271253 
0.12619138227875948 0.17868088931139384 0.038201399949974485 0.02008289922318534 0.04830203938825515 0.06616371781021464 0.3655350188045636 0.495805927758506 0.7339213351989805 0.6459289072172641 
0.1429834497672487 0.2827739514503473 0.04642702556194665 0.022694298133092212 0.11463185960327531 0.09893627127844858 0.4012734741524341 0.4938431346452381 0.7469744593331988 0.6426667027553434 
0.17028087457336957 0.21311955887217748 0.048801468430194006 0.08296978881343081 0.09962997504195163 0.09273721738090449 0.38288925475823543 0.5200533787692987 0.7335615857803887 0.633950461206774 
0.16557718613857364 0.22896137783434287 0.06583975799782857 0.03360535776351567 0.05314330327952059 0.08345114846080212 0.3925912697296332 0.4920928928937858 0.7415647245898758 0.6619710071668163 
0.13516590668102074 0.207532588008739 0.03791199947234473 0.0606106816762291 0.07719112925770852 0.09336004911800766 0.4320172117125519 0.504284026372791 0.7186140230689319 0.6464688090496931 
0.17150951845176 0.17693624073298922 0.033663920201226605 0.054738987087191215 0.04736496841617831 0.0752360306355494 0.35705491839773995 0.520536691644859 0.7396835636939607 0.6540807199627428 
0.17494525907704123 0.17261811680689124 0.03676775907699143 0.060789688890903304 0.09089083033156117 0.049411397076043306 0.5380860586410012 0.5561358590107299 0.7166700835427595 0.6327522835839535 
0.1684541349061082 0.20566758445218922 0.04965355800207695 0.02952895811078293 0.08594228649263583 0.05333294536689297 0.4251788513287349 0.5534602878428494 0.7208144845001274 0.6373719006017681 
0.12574275323347894 0.2033914114814047 0.024751368905640298 0.05680525005494361 0.05654123910884532 0.028106420311840345 0.42635836748524647 0.5118265312368231 0.7286261664437861 0.6529612964319708 
0.12579284539937946 0.18515075867908534 0.02719709732045976 0.033190780847708545 0.08736335370102023 0.04184255972675717 0.41550173133918245 0.48451045252622293 0.7302807631350133 0.718852487319239 
0.12748791990065086 0.1791265331042411 0.07370282657097796 0.042557297419717297 0.09886128473816688 0.04903467106776596 0.4219831780173342 0.4823744144569394 0.7308123177082968 0.7119394282026192 
0.13900625832556882 0.24970547780258046 0.030325243744407298 0.05865589374335748 0.06971262331141961 0.08000072827850115 0.4295883287274308 0.48574099271274523 0.7462118409467094 0.677274123465795 
0.14293894718680575 0.1917007537175006 0.02687019845652372 0.033417012916938334 0.051345069523674625 0.06033646150808701 0.3952282632912041 0.5602616664634197 0.7007058374461592 0.6484977927496212 
0.15193555757563842 0.18100718113174658 0.015127831381811976 0.03243286376094247 0.0632195072241911 0.04951930421720867 0.40121378350253917 0.6300006998084129 0.6553220983723265 0.622311651604554 
0.14255214652808376 0.21064146506801712 0.05805127536675019 0.02770435509598193 0.06261989402534292 0.06200101528095732 0.40928330544133784 0.48616565890581576 0.7347092408503669 0.6813168838886291 
0.13637594718425503 0.21803735010230021 0.06670438568492142 0.07393589686372677 0.06296624083001497 0.03626848235672407 0.4220172368525193 0.5193111659007157 0.7567511323825503 0.6452046350165126 
0.12672000881867246 0.18136751359161146 0.029900959649344916 0.04475255260371131 0.07849189718129294 0.05181140214699062 0.3795355752539591 0.589154776629597 0.707950385765445 0.6836112830123868 
0.13599314885911 0.23671588280854086 0.10540210140855781 0.04017266784384383 0.0983212763075903 0.056876953102902264 0.4156345276632723 0.5406441013884824 0.7033510207720797 0.6772183917939351 
0.1482540828802329 0.19570043295572953 0.02292822695510292 0.028303114547091272 0.055373526394128375 0.051345634156593656 0.3906896712755076 0.555800979124958 0.7077566293747681 0.6408310565019336 
0.1563197437728548 0.17954171069462468 0.0566559909048796 0.046862439881724796 0.07128511440737265 0.039708822033847645 0.38651982922774086 0.554498160533948 0.704227231157477 0.6298083714386633 
0.1370175421516421 0.19048540963967375 0.04254888266804006 0.03295006396763931 0.05615486856518411 0.050935919636496116 0.38141062064697634 0.5538720344512781 0.7111872850222807 0.6586108610426977 
0.15522082703057072 0.19576522042455946 0.061171777364734996 0.02725692165599198 0.06843675034198635 0.04588283374151399 0.3753782278537641 0.5572040115668593 0.7131459250813477 0.6684664227211699 
0.16804531009539958 0.1853369470851593 0.1050627323451181 0.06922780748996452 0.051759621823515164 0.05369947094109581 0.3688063713990899 0.5380917575704157 0.7190630550344999 0.6310713797636268 
0.16012992210122887 0.18215168583629512 0.04563808718974336 0.06527331373438759 0.0821481936488094 0.03633886965933697 0.3813632298246851 0.5259012629063384 0.7232915044783416 0.6189795954317162 
0.14777383390335436 0.2120628072069486 0.041198639179972164 0.06206075559818874 0.059780170657044655 0.05147281441461339 0.39485188277001637 0.5299501453418443 0.7236825470719143 0.6692538682112862 
0.12310187276826437 0.17634303863552972 0.024366006870554797 0.029182443945136454 0.07808833934975729 0.06348849318002678 0.3737553723219972 0.5201756336607942 0.7264917089322116 0.6844844487285019 
0.12903366634742036 0.17424512105100748 0.026680082369381252 0.044950626917851864 0.07856801274505125 0.026910829137483036 0.35699558559490097 0.49055534253062283 0.741351247722657 0.6277489392805978 
0.15903441662371431 0.1885481747808366 0.03180266429856632 0.02550284763416822 0.04193805510119662 0.03728089911898645 0.34713357395300437 0.49761303854619077 0.7360549447163953 0.6241415291555178 
0.14922010448829734 0.18022147350075346 0.028613313902006235 0.046819762208488096 0.057962364552676324 0.03244923177655168 0.36775143845319397 0.5198780996357754 0.7291370892981158 0.6454706882930726 
0.13230334858124637 0.17981516126113423 0.0301789854633389 0.043870766215180795 0.05681838547698753 0.05817488118606694 0.3560114507532711 0.5359493749995072 0.7440820152920421 0.6534963262907452 
0.13408261466130197 0.20053029648177959 0.04125592543272914 0.02710013003257468 0.0577064441739871 0.040770829477016046 0.4081464529116394 0.47713197119226486 0.7352800548423667 0.6469984979220375 
0.14722480401116986 0.1989446808016148 0.05424210969952137 0.02251752307604178 0.04284427964705451 0.05448513519983346 0.37247887637772215 0.49446737764665494 0.732442465945007 0.6283795295569834 
0.16619966790426485 0.1713193766461175 0.01761942380120558 0.031011914631801526 0.07515334774814054 0.03196361524087291 0.3567235605167793 0.4937812155264931 0.7367889627465121 0.7076230741218676 
0.15890035277056408 0.18988545194730014 0.03768391574346745 0.05891214721309006 0.07009208873902312 0.07122826888071325 0.35821363279200136 0.5138219023003356 0.7413902786162775 0.6404653248124738 
0.14536463821688608 0.1931063595431947 0.025262651104969273 0.03219430399882932 0.059874427393723596 0.04623571365879947 0.3681598304581759 0.5185551918101554 0.7298011766574567 0.6727283378366531 
0.15570510353131467 0.1917579692401509 0.06686430795442463 0.02397158669261449 0.07012587778834695 0.040106368202314974 0.3755733753469637 0.4923805950857053 0.7487775989958487 0.7203466010459264 
0.20330737449593544 0.2381177810197295 0.07401612615455411 0.023441252705892528 0.06467918524292178 0.05341016299192855 0.3831143380564366 0.5030724871179882 0.7485346565543136 0.8345213576253813 
0.12634924656991903 0.18134432451737117 0.04117340783708978 0.0510710837522398 0.08981168533217948 0.04161257182477669 0.4159887979192185 0.48690312416227044 0.7314011653883112 0.7359296731863411 
0.14065235614752794 0.19861064851000979 0.07241177955387643 0.021379109527035076 0.07694995272034813 0.05877235809605233 0.3863816029420323 0.4792176527219921 0.7442909540654192 0.7276237532356805 
0.1397214370410186 0.18962744112554628 0.034680229469473516 0.020792820812133912 0.06698355531173565 0.04181217807144891 0.3961669294633845 0.5164578130916528 0.7224059644362212 0.6982749430858256 
0.15774805311068194 0.2093347242519081 0.05088006007804834 0.022851566748543987 0.0938585353552897 0.055138365382945746 0.3980466903837511 0.47898588241594753 0.735792983483458 0.6875116104021861 
0.1612943229108167 0.18055975653896805 0.05180382942443315 0.039158330998873475 0.08028639969360107 0.061590795883240096 0.3936050904294107 0.4812438471327342 0.732412346480496 0.6835513334649514 
