34.28702435442526 0.014610853783102343 0.007079315971869155 0.009660034164947828 0.015260214414488577 0.004608385552391193 0.018939630357009893 0.0021121294520407706 0.011025865651215229 0.06268639454975954 
0.06003133372278049 0.010667992127564587 0.01317682827890572 0.0034374853424417456 0.022950486319854666 0.0031804344695584266 0.017884737706502233 0.0018067099585640561 0.007653845048995895 0.13145790376304212 
0.12363020602111788 0.022816315824129844 0.011508516722483835 0.02133023083682078 0.0290491603116139 0.0036748211146653215 0.026292836875197786 0.041308790242095744 0.007543144783780466 0.08591521391411613 
0.06629979463163466 0.004361284488980528 0.017737570690052253 0.036415890154164285 0.010241575176759827 0.00442716497351713 0.017138118259923462 0.0015558618649315367 0.01119424202694066 0.10360529987874961 
0.0366541590857765 0.006752355779647029 0.009412254109582144 0.011030325996254408 0.019254059092481426 0.0026109604479752817 0.015338624300304346 0.0028247612726057868 0.023490732046613814 0.059274151885543934 
0.11495350548958014 0.005367015954324203 0.0954890428096401 0.003410363993183581 0.02600057096795533 0.0032706516790587917 0.017884737706502233 0.0018065950857995875 0.007653845048995895 0.1312238890091782 
0.04763750085526884 0.0085113241790174 0.018472640428837492 0.0034377567260075207 0.02852526995426935 0.003099722799646195 0.01768117896394112 0.0015400948636043995 0.0075795801093017055 0.058953791235751896 
0.032852613475042224 0.034141738844782575 0.003613141134178391 0.013045169306875385 0.02651426775312175 4.6473886682537203E-4 0.010078154670864708 0.0024419173926284 0.01722634074617989 0.07521106263865349 
0.9430776494646179 0.0017926727324964293 0.041169052432818716 0.014604337341083002 0.01895213627211736 0.5355887869607087 0.017785387047040274 0.03822947478281195 0.01105493848980349 0.1421227596865789 
0.05145977024372249 0.0036603166761140574 0.013886730537325021 0.03426382430306336 0.00837732658624635 0.0035117209667812586 0.013428017194530245 0.01949020788541106 0.01119424202694066 0.06037055516989703 
0.016067445059863843 48.29566810678901 0.002067410173301596 0.009653504751671833 0.016705097071689597 0.004101527057852399 0.017858425611298252 0.0017485829390314145 0.011688484898237194 0.058613170512965364 
0.017819148926108037 0.03661765453312179 0.024274584012407566 0.011655140033113007 0.009574048163588398 0.002272911805564562 0.014819376527057587 0.005423760505912012 0.004383339384956849 0.061964115179076316 
0.018860576888392624 0.10890791267640305 0.007876935077671827 0.014906556593154104 0.012743523595110938 0.0030820626681263437 0.014087134858030325 0.006458165427154949 0.01174377068602427 0.1506062375780665 
0.014901328149699715 0.18853043828025035 0.08963823405071439 0.0455699538441056 0.029221315297825342 0.0011113642025480566 0.031306498623848315 0.0016167904073022851 0.006179034254652779 0.059192893505127415 
0.030294021967518053 0.06858143441559726 0.0017820640340746716 0.014627294601383213 0.015807255679733404 4.642058907233614E-4 0.010135707627598993 0.0024431494444357585 0.017800119812562645 0.0735140338836264 
0.03009166068689087 0.18997246688803107 0.016748987208818046 0.008891086952960408 0.10328586938344697 0.02922329168147711 0.01157929899270186 0.0010662858798214407 0.006914709825559449 0.15055304865203534 
0.01291843305664966 0.10052509616704369 0.005494184489457318 0.005205241664456446 0.00777558917368141 0.017461607519827206 0.04518968962512466 0.027324504136431733 0.007946629321050403 0.05969541242615569 
0.02034780821968236 0.08484497682817681 0.010754443657190287 0.00857541573999858 0.01537108934737978 0.016473509259279397 0.012314862194609009 0.006183906023202046 0.007197169539359601 0.131422324305569 
0.011264650796675567 0.046149890951932206 0.00972946505639901 0.0057646425300951 0.021662311713445407 0.013422018775767928 0.02252197632362513 0.0038063887608333325 0.015958474972554156 0.06871368781970272 
0.009831332672818396 0.08689853720166743 0.0041834867307335415 0.00629354334184224 0.011685614991770656 0.0020142466593135607 0.028592191324743478 0.005244634240408793 0.07081172607186771 0.06016810323128386 
0.008773950007203957 0.010256410133165623 33.27231088647665 7.922270664097704E-4 0.007262060108929278 0.0028744060459655277 0.007844795220099923 0.003082362771434205 0.007507939202495378 0.058569593078450014 
0.00781546270336778 0.016263593440958953 0.2557531723813884 0.0036839892739339904 0.12453026140070858 0.019129101700716623 0.02457271768708071 0.03300250398898065 0.007357805661398237 0.12546083005805445 
0.012985413825283024 0.07629297729593247 0.11948972148808087 0.008671681278859996 0.08647714144665944 0.0020713086728487893 0.019356681776141107 0.00497574129243809 0.011544173280647925 0.09672369801838329 
0.007098848130677851 0.01562865937029397 0.08267502028053056 0.01434020211963589 0.0327186945355363 0.022373682735817885 0.0301903978780134 0.003526360017062016 0.007476267344788889 0.06954927296243106 
0.003526961826007191 0.010533681614746482 0.07068495753092825 0.011628277752723215 0.030550004276793715 0.00312646754228238 0.020744206050073273 0.0018417512029828497 0.010458647081377831 0.14999075821309382 
0.013158457365846941 0.025811450935315172 0.09668995568526711 0.008480475427606044 0.008930592295957095 0.00252726510857183 0.013769871896669185 0.04003707374156461 0.007571192126209026 0.17387121000643274 
0.015995762484245817 0.019622417236794018 0.0868074995789953 0.010668225922399473 0.13561898660320734 0.0025136414501589002 0.0168374217348602 0.023947678754169276 0.011534348924747022 0.12738638619444273 
0.015344107368800266 0.20271145855089326 0.18453006306038877 0.028252160123068068 0.009168187565264448 0.012009285708021596 0.05747235033706075 0.023174082514865097 0.18458950003900293 0.0590588303232398 
0.014381049604541422 0.18782765513386315 0.09094971756573439 0.008206608634284114 0.02868141242471071 0.0010752921387592912 0.030467373992415867 0.001972397078718876 0.006179034254652779 0.06957478157353701 
0.008182106257623738 0.01213650911825732 0.012427995918890761 23.191928045880044 0.011456682077311934 0.003818444096386239 0.012991617073777575 0.003104349593129032 0.006690919622549674 0.059840952671054014 
0.009126186829827677 0.021715626384174545 0.014170693218802686 0.0304937087445727 0.01384125956466369 0.0020326806711920627 0.01492525416043822 0.005099635154180163 0.008050980884105947 0.06208090147227599 
0.22458363701872736 0.017877655529919684 0.08144104488130968 3.5562485022817882 2.9016021695233185 0.023530935662714577 0.029178319773812775 0.07038923311043783 0.006089771056838595 0.06896868527594333 
0.01627060417752969 0.023374867810794876 0.014404739601316392 0.05656082582503269 0.009518620590812672 3.3307380708383463E-4 0.013422138224857655 0.020785629217098263 0.004941076583075637 0.07661515245770334 
0.02374719061832436 0.02147104177082606 0.021859341573412926 0.16444801940445086 0.01061793331025911 0.06860864571234956 0.01567770471021509 0.0030599620353662085 0.01354624255583132 0.05970651344334671 
0.004833742297219699 0.0031578697151651157 0.0521869366564739 0.05730659170735645 0.027164377490779816 0.004182229152843143 0.015999983954851818 0.01850127818128811 0.011030558448389386 0.06970093123620734 
0.01874694569948461 0.02239368774402792 0.018999062165468254 0.1712418188811169 0.03242906349435307 0.06815032087744385 0.01664959018862063 0.003440510546323691 0.10499438700600991 0.059132889073857 
0.0017423513197593918 0.001816362947001728 0.021535586964355515 0.042580015922359854 0.019132612416275712 4.1571818395397416E-4 0.04240298988702202 0.001416599500241809 0.031360312902900936 0.12307813256837996 
0.02445260277914199 0.024578240693316683 0.0027651252638870682 0.14732089083284655 0.018847573599134245 4.3130200108437125E-4 0.052956257923454604 0.0015633658740021744 0.1941713278786817 0.07520844695288381 
0.012767399829877166 0.01941300012126336 0.006168900048382925 0.040290859852764996 0.04974815574499965 0.0026948209169644763 0.019842610929577405 0.020979738768606204 0.01062387848596271 0.05942157732386204 
0.011233962698043111 0.009563668413679095 0.009793616279491336 0.004368118724777534 44.28579158893942 0.003192454912339719 0.011581222902543742 0.0015011841107644985 0.009351715824798813 0.060359481842233165 
0.013561130784330895 0.026308890604204972 0.017934207253756478 0.008833204419617859 0.024235686159492238 0.002145713243951959 0.015768876244151707 0.005099635154180163 0.007958702688748646 0.06207825140173121 
0.007377232526765179 0.0070589747195966245 0.005662407754060257 0.015814554208002356 0.1611889165720156 0.018747225611490052 0.060410940020374865 0.0011015103255444343 0.02985708967377795 0.05777164084888809 
0.02217715341703213 0.0041236787321852035 0.012102417665316813 0.006150860993576669 0.09859144355065916 0.0198963560258711 0.008838695488059507 7.761444893450774E-4 0.054813625140879056 0.15055303181418028 
0.04169573682959932 0.038846348478971615 0.04956204869746732 0.009585194729068307 0.025090668049568096 0.0049129468615298245 0.019703758781707034 0.0013761264240914049 0.030342366598941094 0.12740397288257616 
0.009076391592834797 0.012488318683125242 0.005104848777105623 0.03719764894382389 0.03368805926979198 0.001850659024886339 0.01420687281002988 0.041197712315619237 0.06566924060489096 0.05942157732386204 
0.0035293125468154243 0.0026848816832965644 0.04240421507297607 0.007968040399680049 0.016247300549287993 4.1330301756753495E-4 0.036686872424834906 0.0014613765402016947 0.0559320106426427 0.06189332126172649 
0.008429844906317749 0.045914778036168 0.01272480558543761 0.010939375932520085 0.013283422439089008 5.624767095403187E-4 0.013845363723470944 0.014993477457749193 0.03272983499874367 0.0569257903683229 
0.00977549936571494 0.010662087414282304 0.00956824506976528 0.006766592158998553 0.013852443315557102 0.002521602278956384 0.036686872424834906 0.0014616833819103045 0.05549064036784098 0.13258180134086225 
0.01194357973289148 0.022455571298190383 0.011040292126641985 0.006307425559719069 0.020025289766341995 0.003495298856746251 0.014202075605728951 0.019433160481900295 0.0079011865210688 0.061077396104498416 
0.013357515267368995 0.015435519964939526 0.01024507718187755 0.009247698634154767 0.01616972563444923 14.591827246960008 0.010237468644456257 0.003360829415346673 0.007124650813491855 0.06146106489207774 
0.003662531911083742 0.08324540833079537 0.045184231626815355 0.008111205712683832 0.00983568992950986 0.528205136190294 0.5639436951430076 0.0040772674239537236 0.011299313993555573 0.13308167193855253 
0.018763624342956912 0.026119726243574767 0.00462744186954946 0.00891905204295615 0.016657869534350785 0.031573693492163005 0.020844204323197467 0.005363289123224428 0.010023525528332758 0.058651128032879626 
0.023081608531019024 0.11231221832927658 0.008769926200695308 0.00987134394496556 0.012643514094179003 0.1261098167228809 0.014040007161884954 0.006691184978120983 0.10952175011199113 0.15056606803133202 
0.013474397962793127 0.08938137000278913 0.01004754785519889 0.5111341537101457 0.018960196401509647 0.5289630852045715 0.02846091129638907 0.0034087033903760218 0.011902149248928923 0.13204279993557141 
0.012462665517347486 0.00951927183408668 0.010042223350713185 0.00465398146803357 0.1045993061690167 0.06770378222105929 0.015770771908838268 0.003318834641346793 0.007077329108662344 0.05970651344334671 
0.008210856859112579 0.00368062534679341 0.026334888247193326 0.010928041442075527 0.02714454154059873 0.03617389803681087 0.012532693708029875 0.017977626774789635 0.011034417883464275 0.06849881730903709 
0.010203482234396523 0.008544871846128527 0.004574629685092979 0.04155898656545765 0.03478621089304675 0.03340352756487878 0.01785485761357698 0.0015697183775259917 0.011574492934758682 0.0696149032809216 
0.013549790496205532 0.02095120938163321 0.010834605296555583 0.006693128581449616 0.017202290154798253 0.015413776602218274 0.016460484340336555 0.003994300522226781 0.011759856353398277 0.06456790101616638 
0.004734888512057479 0.002141630183593685 0.03423187853353348 0.045360482245133435 0.019494103078698213 0.03421568085552256 0.015930130948633908 0.0015697183775259917 0.011030558448389386 0.0696149032809216 
0.0075896240397627015 0.014421163987029107 0.011110609010572384 0.006582343373564876 0.014414648046388524 0.0025552822340665646 40.093475069539814 0.0012432969270292386 0.00747825095597459 0.06229957544407784 
0.0050763310686254195 0.0447977843584207 0.012371575337119413 0.006377705470957592 0.02270047228780051 3.6390234709438816E-4 0.050233584121453075 0.0021465686110980157 0.011999645095235321 0.057236768729342226 
0.01538540488667358 0.009936066977740417 0.003317163575989924 0.003968708700939381 0.02653386430488998 0.016968803691452303 0.04885283402115483 0.003934228536864152 0.01216011445339556 0.061310077127113116 
0.00891547566196056 0.02088949903107522 0.024146233377922793 0.007565573899530961 0.006171143762645805 0.013082042918734202 0.1026913037042342 0.003488598255664543 0.07175563551324807 0.12799846515308197 
0.06856489693792615 0.03984546966432555 0.02324155242485546 0.005537704045685426 0.01972429051812074 3.5508995536353644E-4 0.0704157924728222 0.0023551443838507177 0.012316485183577464 0.05678691127016703 
0.06969925530977332 0.02146025588944324 0.016550220814232387 0.0029546349179328545 0.011361697505871423 0.023222765867361855 0.07037767621572665 0.0017598885964099289 0.012315377016423225 0.0567887992989108 
0.01449769003546132 1.0132324977365614 0.005135438817504021 0.012039251615976838 0.009314353279135516 0.0016471905576558444 0.5614399606846112 0.016947195734384742 0.012264238724443231 0.05974019691394421 
0.0037134274918630117 0.03603433088774692 0.010156136506110853 0.005011192847374093 0.017968317158696682 3.580899842568958E-4 0.039537628192883645 0.01788223855283526 0.012287407911283611 0.056796724069576816 
0.04360423296575224 0.024178303640883272 0.010145209441541216 0.04580206373977749 0.018235793388468282 0.0027118685755995156 0.07066007162459918 0.017944281764233152 0.015607123840438596 0.131422324305569 
0.004296888789536659 0.00328624902827028 0.056429348776356615 0.01003595841939858 0.02136332391815213 1.5774492799691607E-4 0.04809991235175359 0.003290198552990174 0.0114457693833043 0.05761416608555863 
0.011276270496274284 0.022132476450141846 0.013573357677699004 0.00396954971912989 0.023207063491442716 0.0028936732442972814 0.017852677156579098 14.682466864349154 0.0070096120786636035 0.06287072820375231 
0.009605037890307137 0.011314692316674068 0.004921091562319142 0.0027192273450128805 0.026819180242825612 0.01459306045508291 0.012848599849590744 0.09875597741987446 0.08230004011961277 0.05834547986617984 
0.012222344327034729 0.037482421042711385 0.009057846957584343 0.006322239069909419 0.019690632536860334 0.027662210053958924 0.06999323632574597 0.049378503166186034 0.006458963518123743 0.07210342065480152 
0.014329410964450194 0.028240308020578635 0.013714793833911235 0.00827694002839389 0.008487593931919456 0.0036251349969143084 0.014175646678509759 0.01990080668228598 0.007964658479630234 0.06099267606007311 
0.006664263596229866 0.037913443841688835 0.028596120012245933 0.012873364549626488 0.01020242751817847 0.0031243968087253655 0.036991615155941085 0.019172669043310168 0.07175563551324807 0.1275827406530401 
0.011646002162458605 0.024084745324775954 0.01535226696074953 0.013447665222865363 0.008702491700182247 0.015589811744875472 0.0163070721288541 0.008247252524719556 0.0041434869509887375 0.062065921140582195 
0.0642417187900308 0.010531470589725441 0.01839287895546494 0.00272779991675143 0.009852659831345941 5.415734748661711E-4 0.03542361746574216 0.010887350907584248 0.08235668569992009 0.05698507684518193 
0.00964584344234679 0.01649398380378576 0.0037850782698399324 0.008549550255600709 0.007141124706009257 0.016301476473697774 0.04048529144184563 0.007022800231377172 0.05002272588153489 0.05976545984887352 
0.004064394297850997 0.002156780517820191 0.02278087834503394 0.038901155251169134 0.014082839324551212 0.02250708131451898 0.010857014370373761 0.0010964045721427104 0.06784189996717392 0.06022113959433852 
0.002456257968363227 0.002198128128513552 0.0020255661082399234 7.423847652885474E-4 0.0029494899559233106 8.370668062624071E-4 0.0012717144711588218 3.5719811980560704E-4 28.01328315656301 0.05817630022076836 
0.0480407403937972 0.47743558874544273 0.01451266637013875 0.008998422585044795 0.021600919130140016 5.238219936091456E-4 0.015010498321519633 0.0013661328080516056 0.8515882443482837 0.05745893609846031 
0.029258606557425175 0.022284984498834336 0.006651556482737105 0.01023096644908322 0.019262205612728893 3.833041031814487E-4 0.0746893467661608 0.003541114510408491 0.1398889493044774 0.06032990342820293 
0.006442640338515272 0.01311741326050896 0.00639523396647748 0.014527788980315311 0.03314132450677879 0.002347732286387857 0.014557376144170697 0.0023242613193275048 0.06791497303394639 0.0580719592511413 
0.009259065252036488 0.015035257211607206 0.005951995806488093 0.0067800689149929965 0.01324231748176605 0.001721712901164507 0.012045564232774171 0.012086074475569203 0.06621336333804434 0.058651128032879626 
0.0028042757743772144 0.0029320170100687807 0.042091031575849445 0.00827670900574274 0.015376582223392683 0.0018169098960124743 0.014004405383297964 0.0013340993983210843 0.08015316191511712 0.059531820074875084 
0.04871291890544628 0.008648378181683748 0.01765671027615562 0.0034844452287334255 0.029001867138402894 0.003125435610343939 0.018149980303422804 0.0010801918294900477 0.08029746303778218 0.05852516363178536 
0.0027967744826537817 0.0016212569915101513 0.011417509169481923 0.020904010940544348 0.010202380037284155 0.01212977052594158 0.03439363627089711 0.001131797368969321 0.0677042559524676 0.05984144238184731 
0.011062264123408681 0.019633558485415183 0.006127360330880675 0.015027972802813847 0.015153080681156278 0.00216573096152655 0.01022215997563722 0.007072329573651708 0.07020007565770692 0.1251582858317707 
0.012524286522865191 0.0015907258175092078 0.017795746848531704 0.033774233987407115 0.015514202590819391 5.185799425800402E-4 0.03423617198889894 0.0011901194827198557 0.06770377287844152 0.05984872365415508 
0.01400931626310076 0.021436369974413796 0.018043655660965673 0.009244167126304777 0.02152407919086062 0.004003289950012545 0.0185179132734487 0.001094074658107689 0.014554265952498218 64.92086494032391 
0.013221902658428998 0.02602635808996192 0.018594488208377377 0.012453349043167854 0.020921310389825202 0.0032931998763836494 0.021010250176062017 0.0012391499357955488 0.007473896929294819 0.14999083636299265 
0.008010492050961517 0.017977853210467656 0.10508865470177761 0.013948561475640346 0.15453886016583784 0.021991552637361737 0.030229817073155366 0.003646395229551054 0.00753525499953387 0.6006521745763725 
0.013277487541201213 0.026207438843625756 0.017459822186916083 0.008484713257852387 0.008933299407418311 0.0026483426970239513 0.013769042451937115 0.019927663864522195 0.007886032850440386 0.17380343305657797 
0.1629737811775495 0.034607885906960914 0.18766798491919026 0.00672621947868186 0.05132388671801908 0.004623981066199834 0.015969694105017886 0.0013565069488914404 0.08104450250816617 0.5891948334014063 
0.014081117626229779 0.05036456705265545 0.010488270662817354 0.006905247967655034 0.01656812537795872 0.013205615730260514 0.022762338954608503 0.003853746761069032 0.015744015278204043 0.131422324305569 
0.003057042221885814 0.0023582554587769046 0.03557549312548343 0.17576082715767075 0.019248175737557785 0.12507372375660752 0.036686872424834906 0.0012218645856304923 0.055990409376783755 0.4947232203816578 
0.016831952829455505 0.0023629211121889166 0.006605445358369363 0.0035153171584136225 0.10581939147356764 0.003076258184177268 0.019158191600809008 0.004585914607203019 0.010957303650899785 0.17668242604810003 
0.010525109690993125 0.021061293503951993 0.010176073731937572 0.010699668274872025 0.02646096268149773 0.0025836600618700314 0.0168374217348602 0.024026088162634855 0.011530876629063656 0.12738638619444273 
0.006292684617254893 0.07140169394590985 0.008633670265653197 0.0026591150148126425 0.0264715532061698 0.0048911266056368904 0.020377274604866085 0.017935984608275817 0.030242204124691877 0.14002604308141864 
