6.128747451956701 0.017903217177941758 18.14802766608615 0.07734606486101214 5.1602689691092145 
867.2347795494928 0.0271440567532756 4.12427652672695 3.899168352434728 4.784067255798543 
15.067171267202665 0.05146505338556139 3.5735289238774386 0.14329582132617918 4.980199866274687 
6.012564236095758 0.019663286544098976 3.669513825090674 0.030438959989516796 4.987132251407288 
6.1240568901684025 0.018837679971558916 3.7179199720153884 0.04322465136913347 4.96717745533716 
82.39194423967437 0.8006504761777198 17.82857314812704 0.15482433100827364 4.710136171062295 
9.75960350102189 0.02832660412860977 4.5614658861364346 0.10868346465187582 4.841126921619529 
5.9562481161353045 0.02205283664182491 6.365153458625365 0.05555173861310145 4.926883471886524 
6.93802928960893 0.04038521807692276 3.6046072194521326 0.0660819444111532 4.960160942604778 
6.145854428742595 0.018232334879562 3.6738028907394766 0.07179617341524441 4.901558593010034 
6.263052783002048 0.016702880722176926 3.638177564921752 0.06224847997515093 5.19981780305594 
6.078071054438394 0.041326836239855544 3.60865653486907 0.04177653771063698 4.993979355685168 
6.944682411389973 0.039664884984174004 3.579979095424803 0.09699600984758579 4.969491820041202 
6.033833385615713 0.021693830502182817 3.7458420981437373 0.09113327561759185 4.878747796889455 
30.21805831237987 0.648676891915804 5.507184389201907 0.05648383564552335 4.929130505422894 
5.791747190911349 0.053972930782949534 4.238886374403627 0.027837366891653316 5.002541196790632 
5.850951395723791 0.05356711328292028 3.7261955100787194 0.04315530941869197 4.969698371139689 
5.822693081997311 0.05511759349961649 3.7190042505428904 0.06166488134403804 4.96836650204127 
5.813821405304662 0.052429483103548245 4.0401965901741175 0.07875321642547124 4.963881144267911 
4.327426276443256 11.616867578327584 3.665704339607145 0.0499498582721074 4.998860632360604 
31.740529546943698 4.99553810055824 4.065503256777256 0.17168159418494958 4.681757780804073 
5.138888792978663 0.26378942694735896 4.612459972390295 0.04307511469890426 5.000658308728053 
5.009208578960554 5.218759241679695 3.6384686378290887 0.766065515439855 4.985201389805031 
5.162728131413236 0.2632287418644985 3.661892515942344 0.05664966711306268 4.969585603560886 
5.080110219340646 0.2640245624590857 4.238367539581312 0.07439403061453004 4.897331789148898 
5.175319556207887 0.2164741410951651 4.15222123366059 0.05968063061146079 4.965987262736772 
5.053879067502067 0.2930580044300537 4.219623906627452 0.029166673630842282 5.8727349132020015 
6.770025565043738 0.21293439728269475 3.5952697479794993 0.048022101607131384 4.999193715516733 
5.2278826136847325 0.2684018355889099 3.8832601393526325 0.10600103652624224 4.874081479426678 
5.393702528490524 0.16562787603743523 3.708227948097529 0.06639371077345411 4.913450072114944 
6.7717276086909015 0.20610780577494664 3.6108179576270256 0.058561281158662375 4.973239319705488 
5.377753804751648 0.936293997633698 3.788132096627411 0.3608266599103488 4.731806280273911 
5.9965339420762165 0.19276788779807857 5.7949317594978735 0.08179624245800206 4.88419032185623 
4.921588921946595 0.3281316010576857 3.9116014952544873 0.15256060531331894 4.868260819069874 
92.19248686493191 4.200497700632523 3.7511584104703672 0.13383394612622945 4.736008600627519 
79.57844797944674 3.4552448789255394 3.6994274894968813 0.4799294717735004 4.705703689008974 
4.324542351175735 1.2449037820091693 3.760480182821707 0.6175107224940446 4.8602016112402495 
5.8515761024884 0.05226982363770146 874.0324825586098 0.054164813557527204 4.994848586571532 
5.75386734651883 0.05481520238069023 28.042065344092883 0.09155149418446909 4.87586709192277 
8.995488488857228 0.15353805626669645 7.738899978690522 0.2008817836563267 4.719871442010253 
5.780549422620649 0.08736585056390553 5.358636199411495 0.029733508984733967 5.866363665752794 
5.784884760181014 0.05506863561919569 4.264147788240213 0.07211087309924663 5.778441172233929 
5.933330981384638 0.03235081059858609 7.087735523075522 0.4050935014103994 12.431090811020155 
5.887125358366283 0.05239770964099278 3.7337961117166265 0.12125503925548943 4.876225607806475 
5.224003948859113 0.2157636419059526 14.924242969719177 4.642632382571261 36.23957860122761 
5.708529185976972 0.08591524444232593 3.8282225465678748 0.15215516837031134 4.721622771799513 
5.725815128743266 0.08171841686410955 3.6759857517472456 0.03327499097360096 4.975806078305049 
5.8912943848419275 0.05218871684897716 3.694184570854314 0.09037340899636169 5.918853263979262 
5.717044212348072 0.08258822675220663 3.661083134255632 0.06813386948665376 4.899892541332786 
5.608251164103817 0.13250302418441975 4.037343217739661 0.31403526360971745 5.099924322414775 
6.075193306496924 0.016690177563014972 3.864929288353488 0.3019343587998736 4.875924001287877 
5.787986063556847 0.05503095676310213 4.243639428649476 0.0296478801402122 5.854917495374457 
5.010230981014306 0.29326309949788854 4.255623011297219 0.43568924102628204 5.874203214364532 
6.015479477439292 0.036371470284481976 3.9156916518684826 0.1751514654263103 4.771122276578411 
5.6861179106415225 0.08632188805459934 3.869089427936315 0.1260977395976368 9.565452535111417 
6.161487400294603 0.019236551917875797 4.64210816803089 0.14490836986639574 4.735664646477727 
6.307332033911959 0.021621359400025533 3.7708445585094412 13.192871957536736 4.691374872999907 
5.777475390194544 0.05885163636523169 3.6317546709881126 0.25642026823409164 4.9978515101314525 
5.162155410258608 0.26379260228543383 4.666341298762174 4.488587853099708 5.000185205984156 
5.900320541105922 0.05335704026502877 3.6874662477835054 1.6571094762094107 6.5166166944102475 
5.925513629865501 0.03197664006527654 3.725172449785103 0.6046714680710426 4.878014199285275 
6.05192900591406 0.017946741700819474 3.65819952419813 0.41406345930678423 4.987892193799486 
5.433153699461514 0.12454326340184511 3.548291543092454 1.666364880841617 6.552133024596942 
5.750200343239121 0.05624113963221092 3.70374348579921 0.5335623015339263 4.874477416559601 
5.343458391289616 0.16440005121216086 3.6376516670810592 5.099610044620378 14.802580724312264 
9.463519830985812 0.032961525519032454 3.794601646741309 0.7990157434181042 4.740829235851352 
5.158550945134214 0.26747639561502246 3.6526494476641296 2.398355865879758 7.738104028621244 
5.368702161189525 0.17026420723899646 4.580774457123998 1.2554038566136896 4.749003108918213 
6.00938262135414 0.02184546910379759 3.686436755571269 0.2395352009626503 4.967167768172052 
4.315166040364815 1.1964128355306913 4.016686230471312 7.4074778037961755 5.9099593315026855 
79.22885328830378 0.30345067827159083 3.730215005303911 5.444335953999247 4.819978459303683 
4.328027585018817 1.1975178280208205 3.6872320033766353 6.263022038503244 11.619107548004894 
5.738293549509781 0.08720399127307048 3.7513729647188474 0.3897508080033563 4.804742776887917 
5.347811551185676 0.32484115238487415 3.7656940245315527 1.4736932993033838 4.75351355928044 
6.033866169908544 0.017518318834787217 3.7451878640379066 0.09167353116012475 269.27169301049497 
5.403949433120961 0.1631137560271166 3.6157877233351248 0.0439646364077214 13.207551617778355 
5.787401812911235 0.05655783044100536 3.6480856177008025 0.2624968960483532 11.14959642902027 
6.199151974809187 0.015660720729864745 3.4792214138777986 0.08663689946991279 6.223779352241964 
5.151252230511423 0.27078691615265926 3.629523453809298 0.3119360177013269 14.59800278789329 
6.231082087326963 0.01675465433453621 3.515031936181056 0.10824232632305945 6.15908973895368 
5.158986288358955 0.26998190417684753 3.7929935101457843 0.6652620753921525 14.585826738168254 
5.403335861033843 5.375326235550384 5.3494389805276255 0.028526652824838957 84.68461109381481 
5.367740730643777 0.16506946979849338 3.684835659293086 0.06109400053883085 6.648807290744056 
5.690578362118549 0.08343355469365751 3.8142761778756755 0.6255380369088339 9.671220404813328 
5.744884877250293 0.059873334363311534 3.7123376498763156 4.889368146232758 31.692533623698896 
5.397231019052513 0.16510621830714445 3.7046741546386177 0.06541669587851703 5.786438926402584 
5.869371252215985 0.05496858983927735 3.6557857709473587 0.31935728292068416 6.098339362981802 
5.351678901740996 0.14262939301809116 3.5011279869400274 0.09792655733524214 4.967078150976672 
4.632648079048094 1.196710485869075 4.411364102863909 1.6543155728861925 5.745898506668097 
5.096415722911797 0.26198938662078847 3.7085274866803166 0.9912216232037222 5.879304455741847 
5.355803652748757 0.4954791434918182 4.3231596540919295 0.3613032046436833 4.731218640619102 
5.394030071142964 0.16345479778532757 3.650633348063759 0.18240902580401552 4.914012891771793 
5.355712911158335 0.1653151080101577 3.5507338707363996 0.41655888414361997 4.942903704191384 
