0.8846956967595095 0.0 0.09967439664002797 0.0 0.0 0.0 0.0 0.024009649668372417 0.020703940958437368 18.32676526028534 
0.8733711626243049 0.0 0.09967439664002797 0.0 0.0 0.0 0.0 0.024121242073053606 0.020703940958437368 18.311828141266304 
0.874365097880973 0.0 0.09968056036104274 0.0 0.0 0.0 0.0 0.0025881156135174775 0.02829849674007966 18.325757224312405 
0.8743650978809729 0.0 0.0761143859539269 0.0 0.0 0.0 0.0 1.4547006158440075E-4 0.02829849674007966 18.381207951386582 
0.874365097880973 0.0 0.09968056036104274 0.0 0.0 0.0 0.0 0.002588115613517477 0.003797277890821146 18.361417223867893 
0.8723257002739164 0.0 0.07659910045316337 0.0 0.0 0.0 0.0 0.0 0.0 18.40884558325354 
0.8723227352079775 0.0 0.0 0.0 0.0 0.0 0.0 0.030495481997270556 0.028258730594140476 18.48350873298871 
0.8723302344726005 0.0 0.0 0.0 0.0 0.0 0.0 0.03065575229217567 0.0 18.499149081887285 
0.8723227352079775 0.0 0.0 0.0 0.0 0.0 0.0 0.028120816728970193 0.0 18.520953801859978 
0.8723302344726005 0.0 0.0012573507783914032 0.0 0.0 0.0 0.0 1.4547006158440075E-4 0.0 18.537522144715147 
0.4261115396097459 0.36459771421966464 0.8352327281507295 0.0 0.0 0.0 0.0 0.0 0.03556535377526541 18.162130988259985 
0.8723490452204593 0.31071180861176584 0.0 0.0 0.0 0.0 0.0 0.0 0.02389165014769355 18.215499046791255 
0.0 0.24317810211532445 0.8423403452225388 0.0 0.0 0.0 0.0 1.4547006158440075E-4 7.42194965978026E-4 18.122205009637373 
0.8723302344726005 0.23744832321025114 0.9114155129911653 0.0 0.0 0.0 9.86844207161874E-6 0.023716087330074822 0.0 16.501659182725664 
0.0 0.24191213077159723 0.8894140548072229 0.24951149258423802 0.0 0.0 9.86844207161874E-6 0.024137505828881686 0.0 17.747798459202404 
0.03800298368636383 9.594462465192152E-4 0.056548779842042596 0.24104905368064344 0.0 0.0 0.0 0.0 0.022668406911337823 19.831350060663123 
0.874365097880973 0.0 0.0214658065613747 0.0 0.0 0.0 0.0 0.0024721159578826317 0.02829849674007966 18.48550509217103 
0.8743650978809729 0.0 0.7801682385427506 0.0 0.0 0.0 0.0 1.4547006158440075E-4 0.02829849674007966 17.04330955614734 
0.8723302344726005 0.0 0.07658069855038531 0.0 0.0 0.0 0.0 0.0 0.0 18.732612443256055 
0.8663002725572014 0.0 0.0568043944533825 0.23622526056447526 0.0 0.0 0.0 0.015302906672106095 0.006184662697001211 18.004938255253542 
0.849038651017624 0.0 0.02521387245154072 0.0 0.0 0.0 0.0 0.0025881156135174775 0.02829849674007966 19.44232029390551 
0.8723227352079777 0.0 0.024159725561826093 0.0 0.0 0.0 0.0 0.0 0.02829849674007966 19.146058279287036 
0.8723227352079775 0.0 0.0 0.0 0.0 0.0 0.0 0.009185510377433311 0.028258730594140476 18.70957973474964 
0.8723302344726005 0.0 0.0 0.0 0.0 0.0 0.0 0.0 0.0 19.39339868933452 
0.8664204355165119 0.0 0.0 0.0 0.0 0.0 0.0 1.0524024173306479E-4 0.02829849674007966 18.974799901157635 
0.8621113433098277 0.0 0.0570375507516117 0.0 0.0 0.0 0.0 0.0 0.0 18.821334825908295 
0.8598220970599865 0.0 0.0 0.0 0.0 0.0 0.0 0.030739027042484487 0.028258730594140476 19.09901220258847 
0.8891485601189643 0.0 0.025131081089569213 0.0 0.0 0.0 0.0 0.0 5.347424120361589E-4 18.93541771518835 
0.0 0.0 0.03777834773055412 0.0 0.2445824503857656 0.0 0.0 0.0014474332828704026 0.0 19.74933537504851 
0.8669517735249829 0.0 0.8894140548072229 0.25363635993012346 0.0 0.0 0.0 0.0 0.0 16.985436236058177 
0.8723227352079775 0.0 0.0 0.0 0.24060117281899893 0.0 0.0 0.030738053023842544 0.02829849674007966 18.058765935761098 
0.6491973142277743 0.0 0.8890014923091244 0.0 5.387247958251022E-4 0.0 0.0 0.0 0.0 18.048191998141853 
0.37536657734889134 0.0 0.018838733800042567 0.0 0.0 0.0 0.0 0.0 0.0 20.00090595508363 
0.8175132357101049 0.0 0.0214658065613747 0.0 0.0 0.0 0.0 0.009185510377433311 0.02829849674007966 19.986822453990555 
0.759297899834503 0.0 0.03765074573058362 0.0 0.0 0.0 0.0 0.015302906672106093 0.02829849674007966 18.878071024284463 
0.007260893429161863 0.0 0.8730277448285919 0.0 0.0 0.0 0.0 0.03084994392782561 0.0 18.497667028916478 
0.010751871640280035 3.6623310606486874E-4 0.0214658065613747 0.0 0.0 0.16896582548801425 0.010297538353644598 0.030738053023842544 0.02829849674007966 19.784669033923713 
0.8727532188840443 0.0 0.8472354062110342 0.0 0.0 0.19762279308438507 0.41856893791158584 0.030738053023842544 0.7676845064907808 16.027637804286947 
0.0 0.25902109781973165 0.009248548503892371 0.0 0.0 0.16301087490115268 0.0 0.0 0.0 19.477970822184147 
0.4261115396097459 0.2430086631620024 0.01883866132336565 0.0 0.0 0.0 0.0 0.00263183539112906 0.0 19.689219135714477 
0.0 0.18120125970189999 0.024392881860055296 0.0 0.0 0.0 0.0 0.0 0.0 19.83708694762462 
0.8395540999237727 0.22567845975556866 0.0568043944533825 0.0 0.0 0.0 0.0 0.015302906672106095 0.02829849674007966 17.997332308479116 
0.0 0.109241251043399 0.024392881860055296 0.0 0.0 0.0 0.0 0.0 0.0 20.005660117361376 
0.8723302344726005 0.0 0.0 0.0 0.0 0.0 0.0 1.4547006158440075E-4 0.0 18.96939909540317 
0.874365097880973 0.0 0.0761143859539269 0.0 0.0 0.0 0.4161292778174089 1.4465421039724032E-4 2.0188965540905414E-4 18.709905745407887 
0.0 0.0 0.033615442985758574 0.0 0.0 0.0 0.4090111757677881 0.0 0.0 20.05641314228111 
0.874365097880973 0.0 0.8472354062110342 0.1464779254766363 0.0 0.0 2.933172150441613E-4 0.0 0.7676845064907809 15.188961498605291 
0.874365097880973 0.0 0.8472354062110342 0.0 0.0 0.0 3.049503801994917E-4 0.0 0.0 16.85746424216939 
0.0 0.0 0.8449065251436847 0.0 0.0 0.0 3.049503801994917E-4 0.0 0.7676845064907809 17.151209937744877 
0.874365097880973 0.0 0.012929373845581692 0.0 0.0 0.0 3.049503801994917E-4 0.0 0.7676845064907809 17.622079105421403 
0.874365097880973 0.0 0.8472354062110342 0.0 0.0 0.0 3.049503801994917E-4 0.0 0.7676845064907809 15.461305909071791 
0.874365097880973 0.0 0.0 0.0 0.0 0.0 3.049503801994917E-4 0.030739027042484487 0.028258730594140476 18.47917281727787 
0.0010695672457921776 0.0 0.07339661600636918 0.0 0.0 0.008379195056981814 3.049503801994917E-4 0.8581823379574345 0.031129681905106128 20.128178111376634 
0.0 4.896047650007672E-4 0.8472354062110342 0.0 0.0 0.0 0.0 0.6963180914679119 0.0 17.831029862983282 
0.0 0.25902109781973165 2.8660879238761016E-4 0.0 0.0 0.0 0.0 0.6646361419119454 0.0 19.159169228027896 
0.7790061224570072 0.0 0.0 0.0 0.0 0.0 0.0 0.6800996102318734 0.0 18.07770908772201 
0.0 0.24404367416118988 0.0 0.0 0.0 0.0 0.0 0.672208084454201 0.622454320893786 18.76009906044039 
0.48753987158862255 0.0 0.8336697048964008 0.0 0.0 0.0 6.164104489158294E-5 0.8581823379574345 0.02838056458172834 17.07003820236828 
0.8743650978809729 0.0 0.0761143859539269 0.0 0.0 0.0 0.0 0.6602201984484664 0.6270849022103395 17.540610794578402 
0.0 0.0 0.0568043944533825 0.25436961178381645 0.0 0.14128160005310025 0.0 0.696318091467912 0.0 19.62423332733964 
0.8508110995849505 0.0 0.7421110455657872 0.0 0.2445824503857656 0.0 0.0 0.6963180914679119 0.0 16.60025743855977 
0.8733711626243049 0.0 0.07634507851904059 0.0 0.0 0.0 0.0 0.07046692221774736 0.020703940958437368 18.2698537108035 
0.0010695672457921776 0.0 0.024010836383178434 0.0 0.0 0.0 0.0 0.015109848457524666 0.7672917409150916 18.80098485092414 
0.0 0.23952832516257094 0.39778825930817413 0.0 0.0 0.0 0.0 0.0 0.03556535377526541 19.59179972113743 
0.8664204355165119 0.0 8.699433455302119E-5 0.0 0.0 0.0 0.0 1.0524024173306479E-4 0.7672917409150916 17.619777238430306 
0.0 0.24404367416118988 0.0 0.0 0.0 0.0 0.0 0.0 0.6017250861806746 19.551911820411945 
0.05035732264813604 0.109241251043399 0.10089194621040704 0.0 0.0 0.0 0.0 0.002522734467737025 0.02829849674007966 19.732377136168445 
0.0 0.24317810211532445 0.8472354062110342 0.0 0.0 0.0 0.0 0.0 0.03556535377526541 18.069295710912616 
0.0 0.0 0.0 0.0 0.0 0.0 0.0 0.029821486967993624 0.0282593649727065 20.178003947168563 
0.0 0.21620738068435652 0.0 0.0 0.0 0.0 0.0 1.4644353203809227E-4 0.02389165014769355 19.999945325541564 
0.8723227352079775 0.0 0.0 0.0 0.0 0.0 0.0 0.021886839569341322 0.031129681905106128 18.49917994305456 
0.0 0.0 0.0 0.0 0.0 0.0 0.0 0.0 0.0 20.237886469413553 
0.0 0.0 0.05599146604622797 0.0 0.0 0.0 0.0 1.4547006158440075E-4 0.0 20.15569032614791 
0.0157057114951566 0.0 0.0568043944533825 0.0 0.0 0.0 0.0 0.015302906672106095 0.0 20.10962849983281 
0.06403489476515029 0.0 0.006793047118248033 0.0 0.0 0.0 0.0 0.015302906672106095 0.0 20.119933951529646 
0.0 0.0 0.07722581898675258 0.0 0.0 0.0 0.0 1.4547006158440075E-4 0.0 20.09598927309353 
0.06403489476515029 0.0 0.09968056036104274 0.0 0.0 0.0 0.0 0.0025881156135174775 0.0 19.94043138645618 
0.37781202395185276 0.0 0.0568043944533825 0.0 0.0 0.0 0.0 0.0 0.0 19.919072350146127 
