411.36883966310455 0.7853948233840313 0.785396254816713 0.7853976862520037 0.0 
420.5876365540552 0.6833346157949126 0.683335517691986 238.3020650880077 0.0 
511.1783310427462 0.7351512029662386 0.7351519632136061 0.7351527234617599 192.19576324999878 
357.2096805701587 0.5134750131749675 218.78359872999104 350.7786577034967 4.3796873544893185 
247.841275111318 0.5781138575307578 0.4698636229849563 331.96628312039377 0.0 
337.5854548424924 0.5889427677918466 297.84375747221776 0.7853977650001204 0.0 
267.46133061511625 0.9000134822842394 81.82270280766062 265.1563659920331 147.30144614425876 
264.32287622151654 0.6266036968007779 0.6347654336183938 0.6266072643075108 199.74360637127168 
220.1007896770227 0.3252292039540472 229.4518610425587 425.9393616831494 0.0 
309.9596186397955 195.03711499612382 198.77508984711255 0.7853976983448564 0.0 
248.58695677891612 0.49574397376941093 250.34518615639774 0.7035722746550048 175.028472806786 
186.7002052834169 0.2915336957532576 0.29153405117699 467.04021801862217 0.0 
286.3426647535558 180.1569273563134 183.59637551763876 216.1960932234454 123.58957606456991 
259.4939466957289 166.5856854359416 1.7760653605854153 0.690039523804682 167.62385342734552 
174.01563463954375 0.276537086165053 333.3880780260996 320.64623043577257 3.961632244740791 
169.82894160228219 0.2713325683313066 461.3054697354027 0.7853781982764192 3.4756701358176385 
310.9606507084064 314.2424188402253 18.703191834899762 16.800176103580696 4.27522339366398 
170.91720927670997 0.3901690694194634 0.9920975908723039 215.20503198001563 206.98906674649467 
0.7853949571600861 419.863161401106 0.785396331260306 0.7853977053629223 0.0 
143.87279221805926 138.14573280691528 176.53654768601146 252.51488599506035 140.27828595140997 
1.921004825415711 340.22270067694296 184.63952776091043 218.295398093034 124.41209028762037 
1.8176543336250803 421.8194220308779 2.1902745715374117 0.7035724147947192 209.27400776216666 
1.5460587411889934 256.8193315467916 292.598100801254 0.785381264610619 2.513391557577839 
0.4382311274865963 244.36013979207587 10.342547751284178 343.1021764014295 119.39782984072771 
142.58185811689486 317.83428624831055 1.930771670551494 0.7035722626784692 172.82337814626845 
129.609872449235 261.750977840676 249.77933328362386 216.73880476181384 54.448380780223324 
21.71116283496576 346.44963825848293 349.5855565291756 0.7038606684282347 243.90433552402672 
0.42739602667761545 204.96393394867513 180.84490437681654 259.1324447233592 0.0 
338.9078793749667 380.8591576361659 0.9285246635078105 0.7707974417755109 99.69860602736644 
1.6632805736599259 275.65183085263794 1.5258058747860461 0.5546893029417412 276.3278472921752 
180.98907252158136 183.08663256879555 0.5494725092955449 344.83795734411154 0.0 
89.73254988336433 170.68532473691005 283.9713367776846 0.7291626640021881 137.3857834253786 
0.282410197984284 162.216782968728 239.4461744574077 309.8967495621925 154.39305365220937 
219.40361138428398 226.3697067461492 1.6647833059511807 0.5538289131094448 316.99346275170024 
106.54057819860692 0.37573439570281153 213.28946814121556 224.53783656572077 194.02572031495708 
97.41163759991322 0.1823706729289116 0.18237099253344938 357.9262467154358 195.9375441086793 
8.159920203782165E-4 0.7853971743222556 755.9498609666177 0.7853980221009333 0.0 
80.33801166587966 0.15715875125889386 218.08872349455868 311.2957516051338 101.3456258749623 
153.07410402619809 0.22554604281456722 510.5832438949178 0.7853978792099775 0.0 
0.7578182455153958 0.0014114858375197242 406.8687578122813 0.7578208744996614 110.7580284868053 
86.18069202886703 97.36044477080739 430.5811167624909 0.7853336289880071 5.748450994740293 
61.92702276576175 125.10932258532505 462.62997690941745 272.4433211128121 0.0 
66.9798256923918 157.58837096146195 465.12634140877617 0.7853759710983428 3.698373150630735 
0.5907393900523548 0.6017307572992161 292.79040167932317 408.9563004682094 0.0 
0.7675849311481673 134.36100958262256 445.00870910907105 0.7853336544340763 5.941001492735208 
65.84887465975 0.10317350167455376 292.5397000591663 401.68963005199873 0.0 
1.4365075501714244 76.41573835668525 259.48598531780243 362.43455040644494 0.0 
147.2814287976693 0.20323362526498173 488.13701950755734 0.7035725177266754 252.95305785722658 
0.9548575101764318 0.0014462017239419988 293.7841881468952 393.5615004817227 166.4477815834701 
6.639058300563756 105.32098481875673 349.40447819709027 2.742847015959259 227.01641264358778 
77.09031707858821 77.98355301996178 208.21604393708103 315.1891607102943 0.0 
109.50314504969485 216.1347262617112 356.85740444398385 0.7853977294054871 0.0 
4.2104839210485004E-4 0.2914896515228136 201.79700760990173 504.89354715238045 0.0 
56.215170130812076 0.08532560803450512 187.48831742091568 478.9963472429043 0.0 
0.006456509127610573 0.005271875029701783 0.7853538966761997 1548.905298708886 0.0 
23.325531787527627 0.043398701002440136 63.33070236415451 416.68708339399456 3.1497313019838376 
0.2627947628510328 0.5305231450488308 0.5063325845979687 366.6045447185951 46.96677078206222 
42.406961595870584 43.19601861796133 0.8589609114683194 508.4267079017981 0.0 
0.09165419032329092 44.342271122645705 0.09165438611335522 377.3797392433127 0.0 
0.17186507018402486 0.1768347499752818 122.70524722594485 371.0536550657834 2.9897146159575133E-6 
46.85185321136992 0.09118619733122985 0.09118637003561314 399.09228171739295 37.093141270692186 
26.220496144894163 0.04301227682598708 71.21742150594528 469.07890290685845 58.640685203786425 
61.19484473704707 0.1194113597261395 19.99664299891969 397.30073296678626 3.003225389692913 
49.00620748090719 47.05380353195879 0.09008140106767025 581.3695812526665 90.89800430500593 
50.83752292595806 0.07707979538424897 185.42579196773175 481.00115168647335 0.0 
0.09033582221530286 52.73716651893141 0.09033595474587668 449.99769955653085 70.36053323871961 
0.007015565218654719 0.28657611678852857 142.44106983646375 356.0694548461275 72.31159473919489 
46.76129028280274 0.07895472945698251 54.351557235685064 443.0595847374085 122.17853999693614 
0.07982076803100278 49.97778374464171 56.943481899238826 468.40332079428674 129.16583105982556 
0.001416833557589385 0.7378961297020239 0.010451540645660505 384.3403577867664 139.98736561445892 
0.14079739229526048 0.1448703751840577 119.21580660835693 421.89487895641844 150.36190305871983 
71.005999192784 79.78878862513143 0.25355810206760065 357.7019361677477 73.00317706225853 
0.27742331125442626 128.0886606133659 41.71055145399545 336.6759166259295 0.0 
0.1206110323756295 61.008071163385196 118.45962106608155 333.5659489192064 169.72365005033066 
3.334380805542683E-20 2.2404553272394637E-17 4.255409803377064E-17 3.2314070542194755E-14 527.7294049385514 
107.20377384741938 108.44635532246478 0.8012821452532918 192.03391463229005 381.92902145226566 
79.7705271066288 6.436011444419265 0.15625263785559307 0.1562529356721615 394.2258054778625 
8.021109650500281E-4 0.4440213013692689 0.006239429026884151 245.81973142932983 358.6049835673565 
0.15277576594507902 85.00318407743733 118.50914715460131 0.26212161984511845 411.9342599956158 
0.10485636518089275 58.10540030629673 52.2256636234887 232.90306673028567 360.4084596848816 
0.14628527540017164 0.27089231860245266 165.45105602232258 231.06336960141778 312.07188599725487 
79.64434979411931 0.15330500082339138 216.21720355075527 1.9071878961739077 336.7334207504993 
0.12740320972013938 80.46651371497832 268.33095205032754 0.4435419008066656 409.37584662086607 
1.0222184145526567 0.0019121104168608241 283.5251136710584 2.1936933340652507 309.68300638713913 
57.14406022497071 0.12129050134161196 147.99593110538794 199.7586356042007 268.04684525204914 
119.99567814324593 0.26389634856237965 0.6865363832618799 151.09246675706598 300.51843031524476 
0.12008766895440663 75.27476987622987 195.11492535949503 267.30392877377176 356.6293931477454 
0.7673165086968295 0.5504541761030414 99.63089423292291 283.47880309217294 228.2315687871542 
73.46758200983619 0.11986067559637795 0.37880882386993037 377.4522922007013 289.6230396689335 
0.2614780283615842 147.6048612267635 2.0690713090436437 202.60093439081342 365.68943185741585 
183.6820634225487 0.31069578964231775 184.9816278342349 10.21601780662123 384.10356860006294 
0.29277288833616705 135.8669196423658 44.48486620060146 0.3080668156166622 335.2709310963205 
22.73149699172843 0.039775298849889805 59.20769805363873 391.7883247198672 209.64105580412033 
277.9425096781335 0.4409065379899597 3.845429179260222 10.865445123516183 409.5673673766817 
