5.075629784942213E-4 1.7470804997061108E-7 2.71171618378823E-4 7.478957394170288E-5 1.0049458557261128 0.0034226836070571955 1.9617004151574255E-4 0.03697854333883783 0.0255673916920418 0.0012688949482732366 
1.1951666917010752E-4 6.316285349210165E-5 1.2928000580527066E-4 1.9549319037401812E-5 1.0036222043125598 4.893572651357686E-4 8.86083213395959E-4 0.009968022337834236 0.0015280019794410987 5.565277886851834E-4 
2.8198005850272245E-4 8.78549935033175E-6 1.7465075637932373E-5 1.3235478367758965E-5 1.0032000102204772 0.0010152941308158002 0.0014994167490962379 0.005350253921245175 0.032139490362704526 0.008149528513061211 
7.792630139674021E-8 2.801345135723633E-8 8.754609045599433E-8 2.8905428858135912E-8 1.0033967364265748 1.4092720250142839E-5 0.04398297790118748 0.027807890946852168 0.009128900161061016 0.005161862074434787 
5.7601446185268536E-8 2.350506823986415E-8 7.965394172161428E-8 2.1844810859049235E-8 1.0036759527627226 0.009358500903876897 0.004485058872872832 0.0014077312047727137 0.00210419501062722 0.0019497954675284784 
1.0005175757998163E-16 1.7423933695874916E-16 1.0626630143837828E-16 2.3958485984876586E-17 1.0039682845570064 4.87572149178284E-4 0.04286928062835454 0.004783245188167191 0.013260381518015023 0.021365673439982094 
1.2823745617727953E-16 2.3262267404191727E-16 2.582692607192985E-16 2.938121836143913E-16 1.0034150570279212 0.014387218433811869 0.06852904895156257 0.028469821829443933 0.017902604015307105 1.9488958674916923E-4 
4.114389112923418E-16 1.0098025944246704E-16 2.2666653770038317E-16 1.0508725644967351E-16 1.0016309820247313 1.3948026522805798E-5 0.04700570720063387 0.029850841765413805 0.035067318562405435 0.002883304545762075 
2.1229787269202132E-16 3.129582556118004E-16 2.7051802765952993E-16 8.169421958365941E-17 1.0019599393763958 0.01917751065172538 0.007999966636268292 0.018651333199794517 0.3127046460309489 4.196092203944468E-4 
9.835214966072811E-17 5.161816415694521E-17 1.6044813488002294E-18 5.89723879905509E-17 1.003578379241358 0.002381590239471796 0.01789497002536316 0.018911252806339904 3.25812857343974E-4 0.004858221523626124 
1.1472463001016043E-16 1.116983767372188E-16 9.925570192988138E-17 4.2034812551486916E-17 1.00083152490618 1.77633494402051E-4 8.334726792812614E-4 0.003099284996924581 2.1068692428859054E-4 0.017497707628524258 
1.0041557611008463E-16 8.8348183583621E-17 9.185909118594732E-17 2.5968412875043492E-17 1.004099973963548 8.668135890537044E-4 0.041198866968444846 0.057030242059411144 0.00768820125388056 0.021234824277804522 
9.565104796368363E-17 7.164351830046188E-17 2.507570705747819E-16 2.1391166327679383E-17 1.0033700013793219 5.525840162479735E-5 0.01881287400800505 0.003144333844278528 0.08774092195268166 0.0038744771340991882 
1.697563713476521E-16 3.150348020730835E-17 9.74591368879004E-17 2.6886549352200823E-17 1.00463487109499 3.0878398238451377E-4 0.006789930034593055 0.002389929051504632 0.016407927362583227 0.01271077041883082 
1.0911021165350704E-16 1.047908696305435E-16 1.2468054989152071E-17 3.1008143112524417E-17 1.0044752777919235 0.002440035747997036 0.016362522220408283 0.04892927503564818 0.09759471835269652 0.08852345851857527 
1.1650767202473704E-7 3.3563315703387103E-8 4.344083675238155E-7 3.74696993958004E-8 1.000998643295387 0.11444136088598299 0.3030953052270652 2.317169567311515E-4 0.0018517117258572485 0.01603035734608066 
5.3992700375623956E-8 3.4788173716713017E-8 2.6216142165416075E-8 1.2878738236489238E-8 1.0015348583498211 0.002742710800792824 0.4849156980868916 0.18578604795635376 0.0017879326615038008 2.4314443105623836E-5 
2.536858867913757E-9 1.4132068200726962E-9 5.637068150753665E-10 3.6190780803198526E-9 0.9868557458341926 0.0010872851641577877 7.575984226528216 0.010402084610238643 0.002706512182389324 0.10245245031170518 
1.342222645186074E-16 1.1142084199719832E-17 5.186634730110702E-16 2.2502161075301843E-16 1.005276983266644 6.185083946041121E-4 1.0341360875084599E-4 0.04010235592016632 2.9560939973781653E-4 0.0015030165179515127 
4.573262813330836E-16 1.5377402447741338E-17 5.212461936259549E-16 2.5759122986766618E-17 1.0046009981153747 0.00487916726384645 0.005722001466030372 0.0023146450405674493 0.10559382254077512 0.0016454509765658977 
1.0216840505391018E-16 1.0319117673888484E-17 5.954827019057478E-16 9.258629422946719E-17 1.0039302484411277 0.03070072074059743 0.027852789718315757 0.04988046692802639 0.06446903824427469 0.00771604297263527 
3.796452182150413E-16 1.66014657263129E-17 4.3871547467393113E-16 3.7978640076291287E-16 1.001857244710773 0.004340785413489953 0.0551533147154481 3.021364244640008E-4 0.027570327019546127 0.002077237695193773 
1.574363733675796E-16 8.607677013093399E-17 3.3408656236808895E-16 4.372491305154735E-17 1.0034072871931683 0.0017179514700562048 0.003650940532481154 0.0026597637553101156 0.012545253497671764 2.1750636169940249E-4 
1.2617142835514852E-16 8.044420657707761E-18 4.228639667379552E-16 3.5781606857664387E-17 1.0048620146471137 0.027041582231255523 0.01128724115146535 0.003959940186728558 0.03859085817911566 0.030339540666053856 
4.357347003412815E-16 1.0232820910330308E-17 4.1297801601953426E-16 7.328678387882255E-17 1.0043334957019747 0.004663186583157726 0.0032093314654339893 0.017326991477508186 0.005048210139443567 0.019287088573619517 
0.24751677293371221 0.20757368316790736 0.4366633238408771 0.5503272824901111 0.9182314989869875 0.5996411134396354 1.0158396888068872 0.24343584875497973 1.2236620285542548 0.7128898045413166 
0.14970162968034048 0.03875150770369645 0.13594042710506957 0.21833291168221963 0.9822304751690489 0.1970169126961704 0.876743310188315 0.10852548859622405 1.1710956635954735 3.39372778109291 
0.01001721657534416 0.0029375662866353196 0.02766603831937242 0.0024611763141579933 0.9997493678796093 0.01819618874253063 0.25696709350057395 0.19175678653586364 0.027622005317082483 0.02049492586834088 
0.02736682332846978 0.0015936539862603154 0.0075090451188325365 0.0020889992149600643 1.002894439598329 0.0073121477831993185 1.6242819448755442E-4 0.036268195926739036 0.006724782746894262 0.006466472154361843 
0.0075447958970909865 0.004291543840316134 0.008505816061939727 0.0010367268014381064 0.9998523070157991 0.018436477579664046 0.5718386415974358 0.19034671007544862 0.017292788432796444 0.02236239873760282 
0.007632656527322427 0.002463471120167695 0.0037504060868496143 0.0011953879519357848 1.0015989997205952 0.01084646846836217 0.003970820668100191 0.0026198339104616126 0.04575845842281138 0.332145721239783 
1.2551878520570767E-16 1.2316513181451683E-16 1.0486166981987872E-17 1.1432343466625388E-16 12.938947150511765 7.868852003694115E-6 4.0816714658240996E-5 3.00808847637316E-5 8.590439000928792E-6 5.577472593173072E-6 
1.3352559682305526E-16 5.3961834948193195E-18 1.3218172403784218E-17 7.211241193962584E-17 1.7199381457200142 0.01966347522574512 0.01363027572009914 0.0036539364312368617 0.08796888988560916 0.002370952029847428 
1.0775071290342254E-16 1.89735070572935E-18 3.9354954417588014E-17 2.2330947224633507E-17 1.00348058195526 3.712907315881149E-4 0.01857698600310899 0.004981092553174506 4.6604979495068726E-4 0.0010404304570574322 
8.994060991729484E-17 1.449133695573186E-17 3.2156035954250254E-17 2.2821457978288367E-17 1.001651017104362 0.0034914572428809644 0.0015414249241689198 3.0249914844775324E-4 0.02402770298691241 0.002077231671935254 
1.483709102180404E-16 7.015762239127335E-17 3.580062437224768E-18 1.207568437200404E-16 2.0670741818804665 4.570975572034243E-5 0.13769732756853048 0.18062791261608618 4.4365439128821844E-4 2.634570754536927E-4 
1.750250234858966E-16 4.174626885586219E-17 8.705410878268468E-17 2.355030680594193E-16 1.7190330563350587 0.023371926710448257 0.008288583493397346 0.010328836066454246 0.018488382524711838 0.17636601972933186 
2.234793018319189E-16 8.664882445746306E-18 8.551667793494853E-17 7.994921529367734E-17 1.0018056969084592 6.954185480565487E-5 0.0014296502328769078 0.001968568724798464 0.007779208468503638 0.024461655797280088 
2.0622305662645122E-16 1.5172930697751884E-17 7.7974333014729E-17 6.976279742411439E-17 1.0020321370141798 0.004848094970645848 0.02501471249256857 2.9933227335756914E-4 0.02439147819901346 0.017389393974722146 
2.6630279810269944E-16 2.1894581497954474E-17 6.881338047652171E-17 7.319329757386321E-17 1.0038749160575535 0.012351082816351 0.015170759738980086 0.005467964328613774 0.0012033364980308062 0.014737729826335356 
1.5698133568451134E-16 1.9031629960365472E-17 9.763128086460966E-17 2.6796642538226803E-17 1.004584274376885 3.087688801739074E-4 0.006668100346345452 0.0201357105215915 0.01638576654279306 0.0236495441087711 
1.4161882377764108E-16 2.2717398726177503E-17 1.2598397870212268E-16 6.216369138611017E-18 1.0003243709955822 1.1821797410112642 9.352187798594344E-4 0.008144307702968954 0.006318382422734315 0.002047164439287223 
1.3853563815866622E-16 1.0074366517844272E-16 2.9660450541565313E-16 7.513304826994178E-17 1.002264033725213 0.031083718226678058 0.001978984595351439 0.010676431550932907 0.023232522607145898 0.0011459907542993907 
3.188036433086604E-16 1.3953718652065457E-17 8.513026819043156E-19 4.882975866936874E-17 1.0047992099153986 0.023690904684602745 2.1711143629357552E-4 3.7068433299061363E-4 0.04227556849511488 0.004808164339599881 
9.900196979574713E-17 6.261519693519356E-17 7.348553542324078E-17 4.882833447148043E-17 1.0048162784327168 0.026867175666662073 5.495112182253986E-4 0.016843627003878793 0.002741894877432223 0.02636618915463121 
1.258204936984271E-16 8.024966827141046E-18 3.055638386980316E-16 1.8210853526215234E-17 1.0033387487837488 0.027041758074296925 0.0034724562182354775 9.80423046541734E-5 0.039297859719046944 0.03136058560834915 
1.4401075649020968E-16 5.0540404426075655E-17 4.1505352463509477E-17 1.0623541081167735E-16 1.0240138031126478 0.016556696400955535 0.0030102505292105104 7.800851999782217E-4 0.0038751838657265945 0.012466305656443804 
9.799487974113478E-17 8.871298521723421E-17 1.4949451660536953E-16 2.866802876304441E-17 1.0017864760928081 0.02142725048673566 0.0010592793215666572 0.039241889722174 0.009281071321202563 0.0022407299648627595 
9.40250232556968E-17 6.123473406601915E-17 8.986033628215202E-17 2.1701296028290403E-17 0.9873430861053775 0.0021436553615313348 8.493127923665796 5.100140399182942E-4 0.005151980413864369 9.007414820936734E-4 
8.591736426523552E-17 7.63064310137013E-17 9.373691197204824E-18 5.897780632701664E-18 1.0071834974824672 0.010874456341528177 0.14431041083791707 0.018689210742779988 0.05583581313036167 0.039090160137836 
1.0831083474330133E-16 2.1061744159507268E-17 1.746840364354188E-17 6.017184806018194E-18 1.0014275279037805 1.5590745374623107E-4 0.07131172797307289 0.006671543023768322 0.005044824896849137 0.002546951467111635 
9.746174096632502E-17 7.039652249266898E-17 1.2217235226005971E-16 7.210542839133746E-17 1.000675763037134 0.0013111895802527303 0.3696030897980616 0.14385948070522062 0.0025716201244242276 0.021294595331861843 
9.78326618813097E-17 5.764665805006307E-17 1.031232631180186E-16 7.844747097912988E-17 1.003774670571027 3.083376983351075E-4 0.045066425435391626 0.05256065795460504 0.10030587136505399 5.033713724222058E-4 
9.853289457000603E-17 1.4239748631069897E-17 2.3445759361736592E-17 3.857448569200065E-17 1.0013509597245547 0.010809076588120442 0.032951789237224915 0.005509158905318136 0.005003283895560605 0.017225761371149055 
1.8444057887664934E-16 3.760943741539292E-17 3.2121516926473325E-17 1.3933066554132372E-16 1.002721913045067 2.9627464487811165E-4 0.007178794111253798 0.0041096748363893204 0.06008823482353378 0.010650530284563791 
2.5510530540368924E-16 3.079768018647894E-18 3.684221287911647E-18 1.1093008363881593E-16 1.004268078861376 0.008017293598124652 0.027540298515147662 0.0016953827557352203 0.31525826418591796 0.04342583938705829 
1.0120668585338374E-16 5.2242913364428004E-17 1.1382994893184247E-16 7.034395097138328E-17 0.995491536414829 1.667497019739131E-4 0.008271911194270438 4.1205452884807094 4.066068472658611E-4 0.0033139670102441607 
9.821375221221056E-17 2.218683976499967E-17 2.301838950097329E-17 1.0497071104911363E-17 1.0066141399146362 5.025008156203717E-4 0.16592846581836623 0.4452560887485125 0.10377589252105322 0.002191810961728647 
1.0870183062230325E-16 3.4716277560806217E-17 5.804955161052932E-17 1.652823644054837E-16 1.0021386130429897 6.165135274842728E-4 0.006263791173108735 0.09546530409107173 0.018035170784068598 0.0031631680330595213 
1.1033003342666051E-16 9.492757724272443E-18 4.5944727101680315E-17 2.566739011241965E-17 1.0000523077565915 4.311840866669047E-4 0.4346101345939688 0.48803533088912937 8.257926565174795E-4 0.004150177690697688 
1.2152537851452807E-16 1.652402894304437E-17 5.043961754149233E-17 6.364977356204526E-17 1.0047234754118277 0.00649173738612072 0.007995778417449334 0.08089257485748517 1.0305861129657226E-5 0.0018598466966540021 
1.0681964494933509E-16 3.9439484602443396E-17 1.8679146664576948E-16 8.75543809986031E-18 1.0021703206200472 0.0010795871315399455 0.002330902985551719 0.06237988020166211 0.03006669750465174 0.0038746934716568384 
1.1150936004106808E-16 1.4002944965293916E-17 2.7025008311136517E-17 6.261615608800698E-17 1.0044403918388807 0.0266547325001864 0.004033518664228371 0.09703635592707165 0.0027261663599361875 4.7822968878792475E-4 
9.820039532773668E-17 2.1458933461422946E-17 1.5309541264928914E-17 3.459932032228137E-18 1.0064630634620428 1.2479829719638867E-4 0.23931741304715884 0.20204671374484745 0.13020083163122895 7.051256695038083E-4 
1.114289480004989E-16 3.784666287632334E-18 1.4184611771451572E-16 7.860046945908637E-17 1.0036402306996928 5.094531164968708E-4 0.0017666369696820977 0.04010694457174172 2.0937503307781903E-4 1.5878117571606974E-4 
1.0805367632911981E-16 1.2552375374624546E-17 1.5812004461315616E-16 2.544839738410192E-17 1.0059222405794384 0.012794336491608964 0.00564979742095107 0.07778880194834827 0.06230023681419211 0.005231193637150513 
2.6220504871735435E-16 2.1874091347819555E-17 7.529068816238068E-17 3.7824747077810826E-17 0.9881243606177036 0.014816573516413826 0.0010835994057298984 0.0029214343614899657 6.737391383826649 0.0012099881642156033 
1.137302942459241E-16 9.449737765352878E-18 5.3725533885131654E-18 4.6889170113894244E-17 1.0050157627028584 0.019671527874947765 0.0010302191134586125 0.0454119950672984 0.01923980774621088 0.04978195386490945 
1.5591109802652055E-16 2.2751075114584808E-17 3.368267835613669E-17 1.1140471363222902E-16 1.0027647970156606 2.637604181762991E-4 0.001913735344799739 0.004109341768015036 0.06684000477889909 0.0070010540603387544 
1.3136638262176023E-16 2.0401338701779498E-17 1.2259655108379375E-16 2.4764568722522706E-17 1.00428510583935 0.007814774501472553 9.716511127193332E-4 0.002734465523496947 0.08262078678434005 0.007603997150895765 
4.542910814130864E-16 4.075051053817998E-17 1.6439302584666895E-16 6.683185472791574E-17 1.0048001481817586 7.062069201053689E-4 1.3461944579588523E-4 0.03697316333442642 0.0760474435686975 0.0013118806400704906 
1.5214433629155485E-16 6.134445167340727E-18 5.148120499377357E-17 9.255133855976029E-17 1.00273652169425 3.153772814873843E-4 5.319413986018227E-4 0.0022189011614917077 0.1001390936777979 0.05285747675165124 
9.498125919827617E-17 2.4168781611843127E-17 2.9130214511739994E-17 4.109845151923221E-17 1.0036666122092657 0.0015482351072590831 0.001117006260340114 0.031907312936156965 0.0035648251651616216 0.02260013338593787 
1.8928424112482243E-16 3.716824142579994E-18 3.14122666775404E-17 1.8515352631664757E-17 1.001881304985116 0.009602355596886367 1.4021681088405462E-5 0.006856411507335937 0.0031427378378726533 0.029741477979763207 
1.8564531933588E-16 1.4217974579099404E-17 6.142112582283362E-17 6.260533597621473E-17 1.0044325502452354 0.02997593010326383 0.002531108124200761 0.07868304147653263 0.0027703521939070595 0.0028030010870966305 
1.0676400229477478E-16 4.135666840596909E-17 3.5599310649119025E-16 1.3844178977971722E-17 1.005140872171139 0.006457561723107471 0.0041263970001172426 0.1935809634322285 0.00515923164582387 0.11712928882886173 
7.761108094536385E-17 1.2944283081693149E-17 2.3766142040050433E-16 1.4674959447014204E-16 0.9999909770711661 9.946797406321867E-4 3.0822732754967055E-4 0.0013499070245761781 0.009716781102791212 3.3245364606509025 
1.6305026975104672E-16 2.1262515685241712E-18 3.458009716854202E-16 1.6376047015414875E-17 1.019486999886814 0.0017567070048257923 0.1064785102394453 0.011523052614492258 9.38611186066537E-4 0.18278128167689014 
2.239819284211177E-16 2.6374513472576927E-17 6.936648226868969E-17 2.0255475865865207E-16 1.003573877863614 2.1109217970824039E-4 0.0022677340343011127 0.002234567930300985 0.007913372513384939 0.07170340043397551 
1.2956321724036311E-16 5.883524816004463E-17 1.3718127583741937E-16 3.920683989786557E-18 1.005301370644478 0.018154817680858405 0.03333238571613299 0.0012535038643945488 0.004672349877885604 0.12111196139902064 
1.5214644459960457E-16 8.381005570299324E-18 4.759470182777162E-17 8.209670312143797E-17 1.0023966166222364 0.0016330961146813201 2.2222866794153532E-4 0.0015928950120610167 0.12160784507132316 0.17853833944006892 
1.2952395388037298E-16 4.5011117588274175E-17 2.1264657121616673E-16 1.2022377535435597E-17 1.0053611112846055 0.01348323911992296 0.01621455865947962 0.0022834745357708567 0.05027501738621346 0.10473068233229806 
2.4365540795868617E-16 9.794445581301377E-18 2.107576900365053E-17 4.715671752719498E-17 1.0058990529911198 0.0027325533467769635 3.429266152360463E-4 0.007004081768147093 0.002792420166113124 0.04340170325652446 
9.839572575727525E-17 8.003470191460312E-18 8.148739539705963E-17 4.0662931647339254E-17 1.0002944454808518 0.010883820208074328 0.001892746010513044 0.05733875331410541 0.005094935253718047 0.11047765184189144 
1.0794260267581176E-16 1.498678665605347E-17 5.542238117216485E-17 1.3572441654810039E-16 1.0032511251803429 0.0031529813235444044 0.08386610418063681 0.0068303783587731065 0.04899530135807241 0.0709678649019995 
1.1044179417908481E-16 1.4550888296927694E-16 1.4617079419104658E-17 4.0449601840047195E-17 1.0180901104102127 0.003883858644828847 0.024572081991182233 0.0022599620184044055 0.1016915535225738 0.08606029796531565 
