0.1678729646050325 0.032181677086424054 0.020799663836710378 0.20535918272658318 0.3297651270149988 0.032665481637864924 0.040925354140407905 0.34828649812747037 0.39668436032420257 0.931400336430674 
0.0760455517241179 0.011929076745019265 0.02672481206253903 0.20009474664202298 0.30415830768795254 0.05904840675306308 0.046121101306413274 0.3455604514066601 0.4177065163402126 0.9262119690812691 
0.10583916172481053 0.036734049916596886 0.05608918127379207 0.262900767369457 0.31520848096995974 0.04418089411194415 0.03240937014679838 0.3294707016575583 0.41436234532198896 0.953429493142823 
0.08141701346419064 0.035416343955047724 0.014922885568881869 0.19970638756929252 0.3157070984581935 0.06692607504799045 0.05472822785335461 0.35718848168674766 0.39283003561842933 0.9567950135899417 
0.04707394389588954 0.021712972100552994 0.022171841006806553 0.19947144702809058 0.32095917359819015 0.02656227269257819 0.03612334811823068 0.33615328099685865 0.40504650774987283 0.923489312132424 
0.04989908657031464 0.021468892274257332 0.01939242082672304 0.19580074772891154 0.3266224401433353 0.027885971395064803 0.03256721233693239 0.32647092101359976 0.4099331875848124 0.9409210539269581 
0.060129296887294986 0.05572210139008696 0.02060256001277285 0.217373149468576 0.3221766129825241 0.04707096446275491 0.03575740342735284 0.34965951903126447 0.40265710283295436 0.9124055024508585 
0.04393808642043864 0.01681438098299433 0.01965130111294324 0.2260589097547883 0.32558104692351436 0.03623661301469608 0.03266789610467957 0.3331463806786566 0.39177952830611057 0.9408142565221261 
0.03758588613483285 0.029277227860578577 0.026997733394933242 0.19947650164967573 0.32219414730062684 0.03837414113518395 0.03463208075290382 0.3317162609133364 0.40394750514500316 0.9122971192577761 
0.035118510068437546 0.023563943256163913 0.018246150879674728 0.20464807783331396 0.31339882388869816 0.043833618485844994 0.03535467756982315 0.34391804069231935 0.4010491695255967 0.9210162554447043 
0.03330385977967415 0.10016541565549134 0.017454213641031967 0.19910291053783416 0.32008864950266525 0.03827422144885578 0.03569405465361891 0.34479676173704443 0.39528585266612365 0.9250757255602109 
0.04000791942103763 0.05701192290024179 0.019358485073983914 0.21539107227406773 0.3267807436426354 0.043521629244819615 0.03384558749952392 0.35286329307571573 0.40247142215451204 0.9118744888480191 
0.03130572421166356 0.04021878449067967 0.0066489344306433044 0.19874226985830923 0.30658804586091265 0.04480943183906934 0.03405060497899952 0.34311870114981025 0.3988961194998616 0.9149128396124117 
0.02601263913927221 0.04024327233708412 0.024799628042062736 0.21085558661033266 0.31398069552353497 0.04926159069931309 0.051374205428956585 0.33783236980417863 0.39614471304839177 0.9247352321514747 
0.027452458940620667 0.03812103278808177 0.019357834826476985 0.20487467099614384 0.31899757697215464 0.04338602053578614 0.04523118255623907 0.34365417974003837 0.3981324400774674 0.932184310022146 
0.02911209239929278 0.032720344163843416 0.023132366220659756 0.20091446135243998 0.3197340264513358 0.042170451253468855 0.029366173694456654 0.3349148898599366 0.40054141938640025 0.911451582507443 
0.02148647786824376 0.034756705460309026 0.020937964531497683 0.21265705772746568 0.31714860411072465 0.052997386920026396 0.05077923766300303 0.3434168726010225 0.39623119593349 0.9209593530236019 
0.03407750767826802 0.03093414089219009 0.015993924407368958 0.21369105455043716 0.3114511392861877 0.04668118199474854 0.034481157561206136 0.34136149143543304 0.40205308966223424 0.9240790478345632 
0.029454771553986972 0.028054745685730697 0.01163886486467099 0.20790985297116432 0.3172518247057813 0.04454765150249276 0.04964886130029243 0.33223405051064636 0.40033103904812234 0.9217663716542747 
0.04581321641228646 0.04720640599416092 0.15312618835334518 0.1998349490484416 0.32605534985823065 0.035630678410826136 0.040252380618910746 0.33508753165323735 0.40122360386929207 0.9135179479030989 
0.013868734776530833 0.03082141810584544 0.07656808181623012 0.2289537826601815 0.3246394147224685 0.06904330898209773 0.051010554866744634 0.35081468241308233 0.40150549180742284 0.95860339813051 
0.022619915965134685 0.03751302351976415 0.04605871768266766 0.20732401535860118 0.32767131519939746 0.05104211674056469 0.03779781034648039 0.3486050623730148 0.3990364340364703 0.9097880990770303 
0.02070403989918563 0.03118376858447768 0.0410299305970836 0.20405825177844888 0.3268592309997294 0.04433448858950734 0.025012821032412938 0.33997259923875295 0.42045526524592275 0.9203102086126396 
0.0166172875077931 0.024846093971334533 0.029884207674345957 0.20468878379240324 0.3170222364287974 0.03261557057741789 0.03567227951181082 0.33986943102637746 0.4027759059430496 0.9348303017913255 
0.014442312516318178 0.03150824750872602 0.03438376083819767 0.2044613222891079 0.3028494612966296 0.05401499247120963 0.04894394596810777 0.3439981045046159 0.40944215298937453 0.9328798694583712 
0.03408745961146356 0.03988299793202112 0.03837944885498312 0.20352172311092048 0.31394633034692304 0.04620202909253084 0.02669027916893086 0.3317220314445616 0.40541080208092595 0.9140070689264983 
0.024148436267823488 0.05851823863562734 0.052654692338360336 0.23970328018639248 0.316610952824785 0.05600854152387104 0.06647720233280432 0.3320077400548309 0.42085431485362446 0.9338954605207291 
0.0158555732531322 0.035437408967691424 0.03869586861391573 0.21732404519499732 0.3102269012775912 0.03533822938261307 0.04932153288352361 0.34490006625531233 0.45062302199918197 0.9285742925117302 
0.021162950831827718 0.046848216463780644 0.03127373978957791 0.4242144140181011 0.3264780617408641 0.04679256853495109 0.031181616663121192 0.33905775753863754 0.3967079739505509 0.9602811893973945 
0.0294887119347462 0.022524832077504307 0.030118743033432347 0.22705232600080963 0.32415109161378786 0.05141129069255067 0.05129095175637535 0.3381053604251908 0.4056724146457172 0.9303656362000078 
0.020786665354880815 0.07102537646439691 0.012144759350142881 0.32530941151471754 0.3166758872247424 0.04136270012570219 0.03693901526079805 0.33330796869066825 0.4095671152658393 0.92045618887224 
0.04004478127180809 0.017361159006868597 0.03101538370099513 0.25074929561730275 0.3115503605325789 0.04012273632174085 0.03498471816837014 0.34405045477974006 0.40260922717748127 0.9108550652901822 
0.04599035736459751 0.05756999781038876 0.048185036936608215 0.34420114891328474 0.3802605753614593 0.03746778899955535 0.03487918091419866 0.3416438685556916 0.42826382494390913 0.929044721809784 
0.03195512877835086 0.04088597871640276 0.03711768254282155 0.2809659271605529 0.35444882735584354 0.028125019081180848 0.03258869106769797 0.3632689654506678 0.4418967363130423 0.9491232506095614 
0.017309761917360677 0.06743812442612199 0.011892966246139666 0.24756927458566386 0.33102734888386065 0.04188718977930794 0.02860735443987098 0.3371896137151308 0.4068534552623789 0.9227131058862983 
0.02662670288114251 0.05809154986431843 0.045836201727807696 0.25160950175369234 0.30070137652412043 0.07910064389946024 0.07053052461853203 0.3321140776330376 0.42055280520316146 0.9402602533769923 
0.016282740050756465 0.029317887631782696 0.01801466203126458 0.225732604300685 0.32272821417374464 0.04231571477514567 0.03656889285894618 0.33066839370145984 0.4033404175344955 0.9152623122285831 
0.03099227126813553 0.03230193043123737 0.03759379432569126 0.23772800078146925 0.46144745543072657 0.055049117310429524 0.03985790968737299 0.3787731440238338 0.3923735490697194 0.9415654910458137 
0.029574146888035238 0.024383921711792798 0.013007792241253008 0.21109508283887013 0.32781897656609293 0.03773280257183503 0.03481231878809195 0.33368285475072773 0.4063087138918794 0.920065826263984 
0.027406615383465418 0.03191101593459891 0.024055530718668124 0.2201570913303409 0.3267445110653041 0.037527209671070975 0.040277425017656604 0.3344563437302269 0.390150137060804 0.9120456660118499 
0.03779668601631671 0.022845748737053778 0.04815521580446177 0.20756015618813972 0.3331677936551934 0.036754854812756484 0.03422346163224404 0.34713620647350507 0.408010761481954 0.9190784917564 
0.02959827883705217 0.035213308897597766 0.022923647362740086 0.20341746571269992 0.3282914971094387 0.044181646635753545 0.03740937650261172 0.3385180270390139 0.4049080034068493 0.9267402025971531 
0.025787640653548514 0.02554344536725999 0.024201679191847673 0.2057490420548937 0.32804472504651133 0.041492085391071645 0.03195304645088836 0.337981854607991 0.4084210720939554 0.9400000245364462 
0.035556390045845425 0.029203571300550325 0.022881122264564676 0.20779780221042315 0.326547429171786 0.029758294445094372 0.05202062944892795 0.33652756119633287 0.3924023757020703 0.9298031599017517 
0.019332015428994428 0.027387768973987626 0.024563376126377538 0.22061043857367735 0.3290749053328585 0.041870269985309 0.04106446881683766 0.34177504569953976 0.39556789779468515 0.9451596742615419 
0.02961913356812018 0.0331229037165543 0.019164723400036728 0.1978378559208207 0.3321177040012484 0.028165558780739272 0.04274640760243593 0.3419643803948635 0.40634905466036303 0.9559013440191996 
0.021904973013548063 0.0281349950739748 0.010251607188335 0.21239257816464022 0.318839646317012 0.3243931150570066 0.03326583706223032 0.35577006364795727 0.4314674382075098 0.9268083191281107 
0.02072864156501981 0.03801767104019566 0.02226868981823341 0.238170067270696 0.32496311584735826 0.11327024577310228 0.034812311207708536 0.33874018434934594 0.4074801986831994 0.9139334392673307 
0.010749481443886719 0.018219125337812208 0.01203534708314359 0.23918393584476122 0.31588682039349875 0.06494004312923457 0.033219468633423954 0.3415556505375922 0.4020567613810979 0.92288132640767 
0.024400923521870087 0.029962183259109893 0.007388228025621603 0.20318467399749537 0.297316120758707 0.05379012098192491 0.035996445164798524 0.34037314337619345 0.4037779962764862 0.9154098752988507 
0.013290759794813017 0.019093215548959062 0.024765751142456816 0.21033159351007735 0.3008732928788353 0.05238438349987219 0.050719743065267345 0.3406462195375388 0.4037830137833646 0.9149111622584927 
0.009620336197135357 0.06745225735468975 0.036982790465186065 0.2094740362393735 0.30368167435622495 0.07792740940587925 0.03727420053344592 0.35358920669316285 0.39838661283768384 0.9275165870421475 
0.02082327508595091 0.02026177921834795 0.042103009789437464 0.20377969454311384 0.3137462198995406 0.053077036005751546 0.030295413902094146 0.33275500894202614 0.40321217666328296 0.9136648004107001 
0.05639689676554624 0.019000774321667007 0.03695289967270824 0.2097035913825839 0.3225236626812304 0.07041621946150715 0.050602388798345305 0.3522661749184718 0.4004424789636717 0.9328902904241666 
0.011260315725344808 0.01531282919144673 0.015035224777215628 0.21334911705275558 0.3225463881802285 0.051091477500183065 0.03796437989220233 0.3374361987550729 0.40892923204304493 0.9256658608910706 
0.03081443691541036 0.02257437604445638 0.013704543018672008 0.20514123083913555 0.307615677551934 0.05409300548818598 0.033608281931183336 0.3563080012657247 0.39541495965382006 0.9296176472813613 
0.015184102091634923 0.019086945919410292 0.02605288566266504 0.22455833550406645 0.315688817477663 0.039186991874769636 0.06519080464421008 0.33517144226495754 0.41290413251459296 0.9131396935902354 
0.02145110952829217 0.030180532642983787 0.050178252836688614 0.2113315039561347 0.3249293206432944 0.028097332924068515 0.06852553193098726 0.3257371899430368 0.4056048632329043 0.9196878553917543 
0.02227054463784999 0.025519101887613763 0.015951252859293125 0.22096409167150186 0.3273666082313045 0.03395783305459467 0.0623775974122783 0.33642017727953355 0.40877429897209167 0.9181604554855394 
0.027111722195813807 0.027311306358298225 0.009313905130783222 0.2024122787151279 0.32478522009379573 0.051161666147446355 0.06041540314445478 0.3289479584722478 0.3974627206282741 0.9189888974295096 
0.01441147093395874 0.03134231464910732 0.021370649969230746 0.230784537205036 0.32456485283388536 0.04073563890586488 0.06319062239480053 0.3281352887723234 0.4062163814541432 0.9238732457444078 
0.09663358851496587 0.08058937401869092 0.08199553068793836 0.19573267260465763 0.33116963548838546 0.04374983390799969 0.12754034296747482 0.36325613004760215 0.424529824030113 0.9420816822684406 
0.02246310799281044 0.03196457771981647 0.026474278955075307 0.20932347539731794 0.32573888713768945 0.03815368104953154 0.05642450611326854 0.3322511307464124 0.4064682481034321 0.9198500353145982 
0.025607359897410677 0.03422344082606986 0.017277691638399997 0.21307944955575894 0.3217384225692745 0.05653620058997758 0.05835527869708346 0.33908140875136317 0.393692223258849 0.9174920659432203 
0.022639437382420788 0.02652727421246183 0.022664218538865834 0.20610665914187878 0.31763050699919076 0.03253258606063897 0.054947968269900886 0.334629549610574 0.4130699618559829 0.9237420450999551 
0.05346627267582518 0.009657621304809624 0.010804124586863815 0.20865377385036882 0.31476302766366693 0.03180437795530949 0.0651547797030993 0.35404371578414773 0.3925651432810789 0.9503376324906956 
0.04150771279143438 0.015015255987686906 0.03142439690599479 0.2009589986271574 0.3154282528153872 0.039678203125130304 0.0334464101430545 0.45193313940048896 0.4148889667192771 0.9399486556792107 
0.02949151586296369 0.038576976683739286 0.03399080160714598 0.21492706735979636 0.3438355033921016 0.04489365370414132 0.04927058682562001 0.44333342327011815 0.37289061312598765 0.936006520340441 
0.027813284884482356 0.029408516830124444 0.023492127805959974 0.2082098239174313 0.31937049128224776 0.08087192346743476 0.06871259425975303 0.4150286256751642 0.3852157801833504 0.938488197334623 
0.019861193275408192 0.019787852943985183 0.01353867033054642 0.20353995530734553 0.318936000625685 0.04874647383265032 0.03289386806617092 0.3647957353671252 0.4174949961090654 0.9312498807763053 
0.019437541664995242 0.03254230177192307 0.031278544917984694 0.21163459074474628 0.31716191842774266 0.04728495656276465 0.044002348334256425 0.35968861709819355 0.3985217533015129 0.9212908977458324 
0.018601537432033077 0.02769317473093362 0.016605585111494268 0.21458613721732062 0.31904632698330765 0.0328633679623262 0.03182512672724506 0.3514164264864226 0.4043037950013045 0.9270678530825901 
0.01544135245382462 0.025863754514125592 0.030688167103311025 0.2055616556095801 0.32501729439205057 0.03385485307308798 0.04137904849190573 0.3550464998474996 0.3981643245243771 0.9353337166179082 
0.03167468213920145 0.03499263974876136 0.016463893360433787 0.20134356957950278 0.3188883328853142 0.03364622724329873 0.03526231301563797 0.3479258331510727 0.3978468223536341 0.9153412657883747 
0.03214802847661006 0.019421824842802284 0.01903609219398224 0.20425854161115187 0.3135605710907715 0.04107424734887812 0.04194957507787686 0.3476717308766829 0.3992046862143377 0.916858556609063 
0.015780542868564968 0.018166590971749275 0.027498604146005478 0.21571538358813327 0.3199155850357001 0.04120390787836469 0.04877275486367894 0.33335811872295684 0.41714669117871256 0.926193949678959 
0.035751536518530976 0.023932487373535823 0.020945339837023146 0.20976467644661062 0.31500875498133374 0.051884524803260404 0.031886905515265504 0.3391295887359992 0.4076612784607577 0.9408173912353629 
0.03082378746926514 0.01593538339311444 0.025299119262275543 0.2167646985413331 0.31630307634039384 0.04448150830125315 0.03568401085076023 0.3347327437280137 0.4134191997440909 0.9109440911867489 
0.028088964618480646 0.028415973473492416 0.019746565852334957 0.19655167993589306 0.3217676707829218 0.03483068974633472 0.035387912401211696 0.3356663878689498 0.41376493832493094 0.9408473554549351 
0.02421082517539183 0.04250393112137152 0.02290052491718966 0.21578186041913228 0.31824276238567467 0.04217036333514479 0.03396973187319992 0.33333350984565424 0.40776877685251933 0.9162226893700859 
0.025497511504177568 0.08482765581300461 0.02349738542556283 0.2248310340826845 0.3454257144818445 0.09228148016919036 0.06474465595080708 0.34732756734279513 0.45509230499068665 0.912712352849416 
0.024856587064118783 0.047102367819360044 0.018918130805977793 0.2011972522413415 0.31433273392433553 0.04317035080303975 0.035334366566075255 0.338001294326064 0.41173425430522614 0.9274531800807047 
0.02581542382718209 0.03128822846727204 0.00841205885702454 0.20672006726476688 0.30779442420196534 0.04320748574140866 0.035182146673547174 0.3403383676940298 0.40394216321937276 0.9154755979602855 
0.025047143324481623 0.021452821965745474 0.025928433915220088 0.20422636649787484 0.3238408409950444 0.03482298228956918 0.040745918968243526 0.33989725289932504 0.4076702323045615 0.9472569669591465 
0.025955634454544754 0.014841000247667461 0.034023355420646724 0.20564842171368763 0.31693225493776456 0.05690853987831636 0.04708232886350899 0.333923419980231 0.4140497937297501 0.9558400825128962 
0.015247437412211374 0.07749116371704562 0.030850634829047163 0.22051426528849505 0.3253888090407067 0.050527426544598145 0.07799782346020237 0.3352458204847669 0.39295482818321803 1.05864379908386 
0.022733133623198006 0.034986621864315906 0.02432173665539673 0.21650621100109724 0.3183551458274255 0.049313096418031666 0.04402738614424441 0.3417298244030459 0.394633230286714 0.9344776828640003 
0.014401670403977503 0.07707250629464106 0.021996423707155117 0.21668067154668483 0.3212360478199816 0.0521834650811011 0.08903911431216319 0.3454630617372193 0.3984660534449886 1.0596032447373818 
0.01027551938573033 0.06561346013601695 0.025479920780596806 0.23107529320046333 0.3150665551381308 0.05177092544200827 0.0420282142235097 0.3736329581909737 0.392242291570054 1.01448878255602 
0.022672309425398992 0.053160627180693254 0.02863777725632076 0.22920389370604238 0.3365909697667002 0.05999256603573623 0.06068742311460465 0.3401515663895466 0.38809094440184105 1.0024068072240169 
0.026240267189436034 0.06894888877455539 0.04456214541234454 0.2251352944732121 0.3286152739492398 0.06580925302054648 0.05970041278175699 0.34430834644239905 0.393188850038214 0.9934859629689882 
0.039759378843940645 0.023058137971469203 0.013485966655064754 0.20439342447642211 0.31749296789350884 0.04405446455124862 0.04019594342316145 0.34070659095616823 0.40424756522890426 0.9537016001731984 
0.015450203278116033 0.030214476863180042 0.02622516354862376 0.21032387998634194 0.3152431614051787 0.03065295741596474 0.03650011501480848 0.3365354702291453 0.39425124697733993 0.9421418661147732 
0.03064719131514304 0.02511765752843843 0.023105582692225814 0.20894973801473404 0.3227355839576922 0.044175831386948874 0.03842407257807379 0.3417661919482029 0.39720243704000224 0.9357165021348399 
0.031964307445248225 0.053100086486512044 0.022710526557767848 0.21158459102533558 0.32212569378337824 0.04075167138239639 0.03783818731431639 0.3411783903054926 0.40104651952620324 0.9428813206193554 
