465.2289706550591 0.7853955519657054 0.7853966711497355 0.7853977903353606 0.0 
214.01673437068138 0.4417160252188129 230.39462447173634 274.5099278646266 236.7967717021178 
525.1587366009119 0.7185894024484611 0.7185900751633434 0.7185907478788554 231.6562458757698 
438.0027443765604 198.49233950880424 0.785396766700018 0.785397814222951 0.0 
239.75421279997403 0.5146091330037937 0.514610318416229 209.31465013486851 180.5491426282085 
357.7293883006272 162.08929175302433 0.5916766351977729 342.8360563396535 0.0 
290.2045134004038 27.901622824283958 378.9712191092068 0.7853978102062388 0.0 
175.09186527523423 0.4550871770061709 188.48170470753752 0.5587810352294001 254.10074393961497 
110.49133571739067 0.2579041154388071 0.21069945766891826 389.2868598015416 76.68932088026486 
103.37348991896378 0.33847350734610737 0.21650845025217655 110.66387347290535 343.05919970643686 
69.97063387638924 0.13256586335190307 180.29561068139932 322.18143074015893 175.06142557862327 
66.86465863383647 2.5301543051424003 0.11716547665842648 404.9187132659959 180.96607415463697 
65.38865120316154 0.1258845983114436 0.12588483159420047 402.68804155791673 0.0 
58.38255341966417 0.15223134132802432 129.8850349715883 70.9349565773541 323.172051994708 
43.875238203460235 43.553416873499806 0.12511675754661897 382.99899890927566 9.631288827529454 
47.86083976194059 0.07053658787874349 230.70374992717652 0.34724728267784694 477.9967892172851 
44.126866436679755 0.07522075468143391 113.73703601472907 401.2525388898706 190.7727416403357 
0.7853948576027651 413.4924479378349 0.7853962743702663 0.7853976911403971 0.0 
1.3244711692519644 364.4551107290472 0.5643443808510247 318.1511640386547 152.37551106000763 
0.5394260680422222 284.12338197207265 0.5394270402328474 0.5394280124252773 300.6740782139501 
215.40338027942934 319.34396993078525 25.706689925734217 0.7853976216291326 0.0 
10.307407373121832 241.84520674686956 314.6399301256557 0.710161723321669 187.51133255612058 
0.4023947800936217 192.7713776755711 0.40239565677429195 323.1186830918955 0.0 
114.9030033166627 221.2869273106601 0.5153253129233256 237.67131404259956 160.47874697970315 
0.4224808558962969 211.27762764147633 181.1492801978424 259.0427531459236 167.6473696217632 
120.41268666811601 175.7016265962704 276.82139471582786 0.7853975015544612 0.0 
0.3943426247343946 215.68430713362739 3.522920614048294 333.35812096093656 184.98167631831856 
0.3588161935016991 212.20712535709634 413.1801377641312 0.7853934815270375 1.538390175394965 
83.06805614296086 160.01488363959305 223.2340768667403 265.41809985313677 182.09952803211687 
211.01656119859356 195.27673896968807 0.5652550299912383 0.5652561224429988 277.350995737356 
63.40696788926573 167.76444573578482 399.27743419080645 214.07294623044982 0.0 
0.7767379023229138 128.15712636487652 151.55271930157988 0.5020693165261175 238.75936798059044 
232.62520460045278 203.22556215222167 382.5061673531547 0.7119305520501321 229.04998488042946 
0.24517152228336184 150.01961031225312 0.24517184968715197 0.24517217709139183 456.5674334459525 
0.25264064096458905 110.80116902947358 226.90528496192425 254.9760391254573 3.82010105851333 
0.4709293179751704 0.6285502851376026 1138.2339056412586 0.7853981010735036 0.0 
94.38876306285718 94.3801120409684 273.45633194169295 307.26377452921673 4.603475652190256 
82.50212458203129 3.5324841661335644 379.96035477979245 0.7853962409646632 0.7311118058414771 
0.4810757734387687 0.5127802053275795 423.7080004126202 210.89040683909622 0.0 
0.48544349783641727 0.517421694923312 355.9583618460247 44.475289085380936 163.04417846935158 
0.3311018151582505 0.5831468600900829 375.5876252327068 187.0144467194173 132.1502177640344 
70.9947677724334 1.9017967757274161 350.72227082034703 203.00861808583602 0.0 
0.2877702594070183 77.96590315543858 385.3131788737101 0.6739501404185032 235.24219382385556 
89.93814959390835 0.14585645587960644 433.29040623158096 0.7176632883725897 196.74886899399863 
89.20916087050674 0.2950631638738757 430.01367402536863 283.50570952469207 99.6727447810858 
228.24404270729437 0.2984874047925857 544.6764807657581 13.13925021280547 108.36824867226387 
0.21215474593529038 0.5249643918816146 354.3584826390332 340.63910646431884 0.0 
0.11628068130813853 73.46747932243962 363.3128483059538 346.73500237925316 0.0 
171.38348573204638 0.36134238523138557 381.5164905857547 208.2308328590727 0.0 
0.19583472876342276 0.4845625599110008 321.75605963571576 297.6101825018454 204.18821374992987 
0.13033039510500355 78.53356071425863 328.31990372047784 314.20747724554775 209.93098696485856 
62.825780473244805 0.23198183513741144 302.40398177585007 199.43084926398816 206.89034414700566 
0.1132900912816317 46.92242210905556 205.74825387393554 2.7725970821407775 253.88248652311194 
140.3646665286101 0.2760147723805907 334.85580947614295 0.5587812540215781 358.6257277384232 
3.073449155387997E-4 4.102196594940294E-4 0.7853979403759312 1203.4155796616305 0.0 
3.7982021336091294 88.21726692819006 114.75454706860108 280.897171961946 149.26976274476797 
24.477484890771226 35.83761565616702 51.32826067571598 416.76548830306245 0.0 
0.034880415910929684 20.486929807010295 60.90070185091648 476.6350585137214 80.0112856018948 
0.14063236323693584 0.1876822562699294 241.2053861642124 770.915934862494 0.0 
0.13071433513722494 67.68193354068488 0.12283957354126775 419.7491705848437 80.5757061610912 
0.16872184365623716 89.27795172067083 0.16872214495344165 405.88547481155337 0.0 
5.7096941307606E-4 0.1534119680917544 93.75175988253464 448.08983688473205 144.18818930556185 
9.910540286079052E-4 0.5103109642312065 0.547882403772781 385.532997359607 122.13024593557356 
5.214031812419032E-4 0.14590298645519673 98.06651967288269 468.96911272048885 221.62918926232467 
2.560173126893061 49.68375725251152 218.62769063940155 400.65032354340497 0.0 
0.2808175164833293 73.14008257963272 0.13533597817979032 377.80894267229803 179.09853779143012 
2.796039550253008 0.27999439065496257 196.88391891217927 327.9868583281519 0.7193067470618216 
0.2453577718838892 3.872454372503467E-4 0.5852963720232814 402.1086142733814 293.15640961317564 
0.027575028694742973 0.7516005213422613 90.17860186977221 327.1976248993554 305.92894488175807 
0.012927403116345933 6.610713102789771 5.668093341241845 278.3980117267333 289.3550525693906 
0.04192924271571905 2.0325163979078833 198.03682421258537 180.8139911988971 241.72705057825627 
1.0021958596795244 0.8755869630138209 203.055345674147 0.3617632851584445 391.298145295827 
3.534290054059214E-20 2.5973705578012742E-23 4.809175002723748E-17 6.543934949611656E-14 1068.7059683352854 
38.47649976018107 0.059274707223487225 185.4222926782148 122.2538313686933 457.2832365393128 
18.74712546435813 0.030001061477855865 46.21610935781065 32.198294690961625 487.178113428709 
0.0025419885622338196 1.5019157866047728 2.0995354217774413 75.90690327008748 457.78970124693143 
0.029113298144487394 17.521737712348056 86.61081866582312 0.14682382703362457 464.35653463677914 
0.05779518001603002 29.80611293423631 0.05779528866703778 66.45879060974003 398.44313143866617 
49.56521444950575 0.09500024203016924 0.09500041652789117 0.09500059102593361 406.7636570061698 
0.10639636937712872 66.54144699934159 0.10639650538550431 58.08757680983174 483.18993674413434 
0.1412324618777143 86.7210085295594 0.14123264917204548 0.141232836466639 474.39734826468805 
0.06466193986734359 0.15993073124716561 90.75468786869098 87.24239935889887 393.546264075733 
0.197439889235173 28.172003700013164 0.047021882195697313 140.57235817180555 448.1921079759082 
25.560334017401914 13.616045041166707 0.03963635007791806 180.01638930546804 544.1250841742375 
0.0027639353903515626 0.7544408513780645 178.52431037738657 0.30114875306453986 430.01077831515266 
0.11644958654079389 28.669683868333607 141.48563507007023 0.30114867746578877 347.719333838583 
0.17547600613255623 88.97153115579445 105.2245866307936 0.2717742595638205 373.619362259594 
32.752205568780624 0.07219478560951319 72.90097356056015 178.10161385718285 396.54175129126463 
0.007113172455568632 3.290550129699134 4.276577834877412 171.4239530459469 320.2967998193329 
0.0010435736370392236 0.2725261832524795 156.25580254104426 136.4073335191667 399.6991645691091 
0.003363189531259212 1.216216430239945 186.9786308243085 93.09799356608914 402.508057450874 
0.9003030458922187 123.84391991110098 0.2392882490434083 0.23928869568728448 387.1691477934019 
