7.103216396763977 4.039177348411039 4.028737209281845 6.042563055771605 11.054163820408604 9.04359997729756 3.3521103986495713 4.915069378527876 
7.064491186028227 4.052200877997545 4.0399370594977695 6.03207803788644 11.056029452696238 9.057225401781926 3.359790099008746 4.912881524722786 
7.062045097967236 4.018365646550675 4.02838748751297 6.024290524224553 11.069440736093812 9.058223858510923 3.3527280188668978 4.9145611343307545 
7.055426900388652 4.057382501507569 4.007059520883737 6.041907000454258 11.062774360495359 9.060003340091018 3.353673832127531 4.90663004690741 
7.050365721731633 4.035416723392666 4.004452853296439 6.031899447374369 11.080335747025599 9.053065168250955 3.3480949148952304 4.91696988289412 
7.051574319946192 4.051449142500264 4.00341184331132 6.038204593198099 11.099393539887012 9.02444905260665 3.3485076670060723 4.912425437992722 
7.056932093206983 4.012928615013761 4.016392862288273 6.035204746620735 11.092418509283878 9.033462155760834 3.3619464637131204 4.941018379501674 
7.0421959535979886 4.049661520685949 4.00786789153309 6.030674053411751 11.068423112363867 9.031091096386877 3.352589664234102 4.915485798671157 
7.0300631935838975 4.002442726240099 4.0008267049300414 6.018228253198845 11.065386812863926 9.047542110158574 3.3541197225063573 4.912684235337121 
7.043921620181699 4.013651984162171 4.009399883580609 6.028627281180973 11.072831591341103 9.0444579355273 3.3631973217407785 4.907158339309294 
7.038746677577434 4.0533396962733566 4.004149109817521 6.022484608532712 11.058431197346078 9.059715137488046 3.3659512250086854 4.913275293157523 
7.030796943740017 4.0248490743330665 4.033033263772216 6.0268193307885864 11.064394461157422 9.053265837671928 3.3470587040147466 4.913624369371335 
7.025536141969291 4.0920187229403515 4.006376609187434 6.040228419904908 11.05710095923505 9.045231788428671 3.3502803256071463 4.915356212377164 
7.004561181193074 4.049174166536089 4.027473382901962 6.046964319409921 11.063622551018312 9.066700881727423 3.3820676706517667 4.894415442381178 
7.002739508083886 4.0460249063228355 4.030242952420324 6.021460791710225 11.085671012892186 9.063429101292158 3.3712787698586726 4.895527785284433 
7.015859394859211 4.049605698193571 4.022895585872398 6.047575098093106 11.07465079232022 9.044197966629094 3.374895940027289 4.898792290011731 
7.029505070440151 4.054217219585555 4.002792213810037 6.04088223956436 11.049861705269327 9.054954020924765 3.34812414908858 4.908888196112771 
7.017907094750191 4.032389960560922 4.011242120392093 6.051830288108344 11.05838507778209 9.045227345797915 3.3645583615707944 4.905891148325459 
7.017042760572792 4.0316774906026005 4.011034005668096 6.056103157258823 11.081104833286329 9.050249121487903 3.3596885944295245 4.909264062717873 
7.028258560773604 4.020175174418993 4.021327893989804 6.050167318114305 11.05327227924741 9.067212051057478 3.359044768418989 4.90825126946393 
7.01035587557912 4.020640151394407 4.011578614459546 6.048950897549078 11.076182336132874 9.03884140601544 3.383907495758757 4.91005889064841 
7.025778684628842 4.018462472053069 4.003214525057018 6.024379219118976 11.074275937802959 9.056871525587555 3.378524955045397 4.907787101292899 
7.031891502011787 4.017283174112434 4.005847342975731 6.031558880772561 11.082497363447457 9.02929957709745 3.3821859939004266 4.914628831284895 
7.001470648955819 4.005407005735503 4.003466632217417 6.022531215790731 11.078729725335213 9.064297810268416 3.377977804911512 4.899584451064729 
7.002299384549031 4.0207475600119755 4.071740613582062 6.016554455736657 11.067810259711932 9.050314687527973 3.355841330559593 4.9148183977150035 
7.000926843008675 4.030698715655482 4.061437857302426 6.015702953397533 11.073422191351481 9.05431711872258 3.360450703282468 4.918807295381321 
6.993402782703233 4.009026401501184 4.056474392150781 6.046696545940496 11.059843823126096 9.064851652036708 3.3709847152835986 4.917566212867684 
6.999995113537791 4.0361745097871395 4.049538284704271 6.027310462290632 11.066768747596782 9.057012758408655 3.3550376601974383 4.914378822556103 
7.001291531641403 4.033749566193134 4.050807040637494 6.054245204488886 11.053774990684522 9.052773193367305 3.3621120962942004 4.911621677558646 
6.996868761538089 4.041684975067263 4.052679110317191 6.040024185778583 11.076736410311485 9.057345791602138 3.3757252214994926 4.904647484951302 
7.00281369178688 4.035583134709573 4.048742931251184 6.053315470695104 11.056037615886643 9.049851387582375 3.364402693595284 4.911248401758353 
6.990624855972888 4.016132017549121 4.042106217328963 6.031378213608105 11.07912689370233 9.062776049442698 3.3884319409967483 4.912489843636581 
7.013454882445632 4.05112909411939 4.034882261848011 6.040046722371237 11.071923876336434 9.064380653479327 3.3727732583269394 4.8953478375057715 
6.995161833973932 4.011657662660943 4.030191390370021 6.052995174743646 11.080266147314294 9.055336608506988 3.357777166259357 4.911016005324208 
7.0026975287209385 4.045851465929908 4.030330926178032 6.0214067988901325 11.085526637476336 9.063481050117296 3.3712518085295957 4.895537491631974 
6.998607508840609 4.011638373904908 4.037356105304761 6.087269050145875 11.081401309585674 9.075729409518834 3.357988618940806 4.933633591409819 
7.0180233779123435 4.028673922427692 4.012570399820979 6.065463594661396 11.056498787631176 9.030736567315557 3.3763178934593054 4.910253780778955 
7.002874406835465 4.008673784832655 4.0096852012207265 6.056859811835211 11.06726422958269 9.042589885078232 3.361500624940413 4.913872147776744 
7.029311498032687 4.037692594555816 4.011622804972447 6.06391519634128 11.064798474640003 9.057957199022521 3.3369529331958354 4.922439508046796 
6.996000048937241 4.025422971612353 4.052990432117638 6.064438116021011 11.073045869168194 9.03316011072031 3.376619438083619 4.915297606695739 
7.017143572784507 4.018175770287075 4.007189095387831 6.0616742917758435 11.043909516070306 9.08016017866381 3.37816555248049 4.909685503610363 
7.010391844926431 4.019121197159564 4.0249643077700465 6.056077829847867 11.065482089925696 9.056141380432507 3.3684188734254383 4.907276201586363 
6.997174120835038 4.016445460875907 4.043324216591575 6.063165658545675 11.0844551189989 9.051500696139767 3.3575647082257767 4.922254749382511 
7.0443739139055905 4.021311368648951 4.009180789319331 6.068770875473173 11.068632038486275 9.056381437452174 3.3624012950678845 4.912130996242985 
6.999744059404854 4.004013342774439 4.010616939874686 6.061752423737413 11.199535739826029 9.068753766567568 3.360549856481373 4.933191186737126 
7.059883151156991 4.060350289720789 3.9970295340001334 6.1324691736493016 11.266194076429198 9.068816352236253 3.404490261731247 4.958942583670956 
7.007537796384784 4.026256486821878 4.017548495214408 6.090269156239032 11.216936279987566 9.094519726807276 3.469134454881768 4.878725928010446 
7.013384469653852 4.042456678740497 4.013364958484932 6.049511756899038 11.098662526245477 9.028504974525443 3.3829690985415777 4.897275689412257 
7.002489698490539 4.018783797639964 4.019343395445497 6.044500342464513 11.092940732639805 9.037127475913127 3.3851998640518484 4.89677636680626 
7.017372136151161 4.037077963311169 4.0137404357486375 6.023338547356077 11.089298648438072 9.033888939850298 3.35541829017689 4.906796771764506 
6.998452686547944 4.019080833904884 4.0153926630702985 6.0374311843330775 11.08665238670141 9.028713270050249 3.346854039970405 4.909654801656395 
7.004244258543854 4.010878326709542 4.007242958438885 6.025835605146129 11.08508737821257 9.054052276395643 3.373083568287629 4.89637240108743 
7.008352566205839 4.011293711569025 4.0003169321143615 6.03572934125398 11.091591160941505 9.056773766592409 3.404812705639206 4.885855798695257 
7.056739846399083 4.083911682996603 4.003167637536749 6.063623518699213 11.133434143032517 9.039543614217434 3.4430041057441416 4.928473920656887 
7.0224127511199566 4.013398466098444 4.002260302731722 6.0166573123856395 11.052640205445403 9.129244728647567 3.351167683820464 4.91311653758781 
7.017038415278112 4.042849221422458 4.010708298555461 6.056711520765942 11.078953214559252 9.077513987789894 3.3481109173270998 4.904023039328601 
7.006882804060609 4.031308534754719 3.9964214284582362 6.019453714721076 11.053371046826634 9.09156321787215 3.3568929656683766 4.920404756465201 
7.022458310191949 4.014332005521719 4.000655393684996 6.021807398408531 11.072933825341224 9.084989074644692 3.3479581770279525 4.917926909286633 
7.03159708384329 4.034791842123032 4.012283831577174 6.037321466309022 11.050895805208109 9.079435725845572 3.3761911715484123 4.901193450148786 
7.018476158723136 4.025215043510749 4.0098071259794805 6.013182875369605 11.051073253686162 9.070911867763243 3.3457189369916236 4.913122264787667 
7.012728394732529 4.016537570866956 4.017607984179528 6.046876351935244 11.094114125218937 9.08057713776264 3.3455639887219486 4.907364172169752 
7.013334019108975 4.0128093697755896 4.015339014651312 6.029376366506614 11.041196861826673 9.075097259940316 3.375834790133942 4.907910204540782 
7.036299112908429 4.012431171611411 3.995292924374225 6.01556490883953 11.06196960213225 9.080888347342533 3.394903798062733 4.913068542973655 
7.006366265824127 4.00641124637562 3.997294289085301 6.028068712722883 11.083062121008588 9.077086481925361 3.4098242810898123 4.8854863800263395 
6.999677818784532 4.016437668563711 4.011034322698685 6.022408669883187 11.065864461955353 9.06489011766432 3.3463202426299974 4.910429575534703 
7.009843140686413 4.018890456471208 4.006198861343271 6.037991132074991 11.059253580363963 9.064964348031307 3.3489125525921297 4.907405103237077 
7.007305789866318 4.027564456197087 4.015361364597187 6.046159603074432 11.084670454635646 9.112329479360884 3.531302139117183 4.841267405769656 
7.00157262551198 4.039830193105029 4.049309084401616 6.0642958865050405 11.06789108437912 9.062238345416139 3.4088217518224773 4.890886047620516 
7.011799956729372 4.019656010226124 4.027585223845429 6.032032526915834 11.104005755106176 9.077830212568571 3.439412673759284 4.8569093930691105 
7.011564417386876 4.026905874486955 4.0008673065676295 6.040820836842029 11.085370960303809 9.050019652747144 3.4208405782912177 4.900442165677471 
6.9976746056957095 4.027037732954758 4.024032201284671 6.0251319754534 11.080124359306376 9.070945305912309 3.40510161833653 4.892227109038639 
7.013716287355411 4.028611345961279 4.018318998965217 6.0528504734162984 11.103602514487836 9.040141438432242 3.4418637882776966 4.870807478643687 
7.002899711058275 4.019884340303122 4.0068573339679725 6.050163938615909 11.065466343293028 9.051468843465225 3.401285012108162 4.90824223800365 
6.985006834768349 4.005723814776257 4.019020576235484 6.022933010707082 11.062845381786897 9.06661156625956 3.396719889589554 4.908590229484509 
7.0390562549964635 4.058625409548017 4.010219736912449 6.063576230534982 11.07073469536014 9.029774131100792 3.406441042901816 4.909603038662577 
7.029493825471731 4.07334068254225 4.0079121619984805 6.037264799560805 11.083288177628802 9.053324414751607 3.4044401682288936 4.907816018016755 
7.004202884559262 4.020498843460019 4.020066192203377 6.042010908326727 11.08729991648798 9.035003365200357 3.387290095066525 4.897656495227433 
6.985481753092102 4.034510601280547 4.030407933988325 6.03242787514497 11.073064732513245 9.056293180944559 3.40554252299313 4.9091188831083015 
7.001500130196633 4.035479971959107 4.023803824354464 6.026479144994844 11.06343130169744 9.05306099328844 3.353205477267043 4.931369029467089 
7.005981078966012 4.026484134887314 4.0361524638580555 6.048695289927782 11.05693495458914 9.052983442976249 3.357728554134291 4.912518935874974 
7.007360384801235 4.015947002638753 4.000989841043834 6.02441908436312 11.065419600574641 9.051165165264564 3.367788030782228 4.910247876159375 
7.012634820252845 4.050710871027194 4.002829856940955 6.016983151377184 11.06398013148737 9.045597860733437 3.356968927004674 4.918108497388724 
7.00878488766384 4.021644611893814 4.031452505211197 6.022005561611449 11.07870003539923 9.028977398187335 3.3533166200362152 4.914999075117098 
7.0224778746990575 4.03487110532057 4.013677623919183 6.029268000721689 11.07794796759112 9.034177155999535 3.350145626900958 4.91151691828597 
7.019806080366555 4.033265404155655 4.021019403901179 6.039463019233166 11.040862534072074 9.065302216174565 3.3450047397246427 4.91042082115812 
7.032529576416234 4.0554956124478165 4.012024567021314 6.022932533900373 11.061411103621586 9.048073778767993 3.3439804198092364 4.916808752647755 
7.032051886566934 4.031084378947748 4.0400856911014 6.042228172830774 11.067582495136492 9.031002383982205 3.3471603932556038 4.914837948515207 
7.000808294436879 4.00883433567921 4.034295499867788 6.03231598283499 11.053794241268033 9.06218635523398 3.365029110768866 4.923560719532866 
7.015823866980652 4.008757165061659 4.011335086096757 6.045571669407267 11.067389977109354 9.045072088114871 3.35674101214129 4.91457203182716 
7.001039819162753 4.020661118696018 4.058084718386926 6.016297320578591 11.06941193457647 9.051796488641557 3.3547171617712275 4.914064646826582 
