388.168866584142 0.0 0.0 8.293867308475305E-9 2.1654083164075923E-10 5.225304542952657E-7 0.0 1.1919297130082352E-9 3.1062896696060743E-9 0.0 
0.20417331782968212 0.02375359233123683 0.1501820004564751 0.02621558427593541 0.07381627471144689 0.0912173363874072 0.009696931818818585 4.4323033071758686E-4 1.1306717479991423E-8 0.0 
0.6416588291009124 0.1220394088803494 0.00575849229280828 0.03295345671492822 0.03753919358066999 0.09667540008733597 9.418210883658216E-5 4.817581603109712E-4 0.0 1.1424712048816383E-5 
0.1998347724439013 0.06898360479700184 0.0 0.01767559916390052 0.08430447982578113 0.084108009019524 7.060596211001491E-5 8.376684371557273E-4 0.00204100285636354 0.0 
0.36024203121163934 0.03386366466787388 0.0 0.011196277265053501 0.19796791739304145 0.012709193982842149 0.00421670565455379 0.00225291006431069 0.0012563723818919154 0.09820151536608643 
0.32867877796097533 0.10212232938902595 0.013850478091050012 0.03878630461776835 0.16029030563119137 4.575513129031938E-10 4.713016559720584E-5 4.6464906843024647E-4 0.0 0.0 
0.38428345825368687 0.10560628432658785 0.1432715257090018 0.002419304872954052 0.1624568894691843 0.08302305820198062 3.795485523398149E-5 0.004806249120685483 3.2937053628263214E-6 0.0 
0.4219766043952356 0.3529981741049832 0.0 0.0756977843827959 0.0455719398036712 0.0 0.02176401692844163 8.37639198089538E-4 6.625874509314262E-4 4.798087247939402E-6 
0.5230402827969571 0.0828780985913213 0.10185754087495315 0.001911265896796366 0.020679557953763108 0.12317993784943176 0.014706855837937216 0.0020925602466530377 0.00895217321424461 3.5383176930727877E-10 
0.19124662248947197 0.03546432310400791 0.13392461994027954 0.022061433269972938 0.062218105358130195 0.15294647377262205 5.9217144481332354E-5 4.4323033071758686E-4 1.1306717479991423E-8 0.0 
5.075838915421025E-63 215.71587626678 0.0 4.658674572708181E-8 2.445357566020798E-6 2.4277376368510657E-8 0.0 1.783894717528585E-15 0.0 0.0 
2.6683825055338536E-6 1.0225262883510762 0.11625064405374526 0.0 0.36689367796472233 0.04747613033532888 6.281662958032633E-4 7.506053880701795E-6 0.007517823097757416 5.098712098770163E-14 
0.7824487353439842 0.8908724261661582 0.0 0.0 0.0 0.0 0.0010688175148098236 0.0 3.22742755741773E-17 0.10276427533513462 
0.3496121953158167 0.7634580060182057 0.46964427533819914 2.6653615244987717E-7 0.07785631721327112 0.09246439599832595 9.285441855788117E-5 4.8169954251057345E-4 0.006000760069368823 0.0 
1.5437773747217274E-15 0.27027567106935835 0.2702223372342698 0.01203528623905958 0.08099570715822814 2.632464632637972E-7 6.350598354984924E-5 5.093378642872504E-4 3.8019442423700147E-4 6.164463238104367E-6 
0.1919739285937377 0.27953613420785794 2.4765267065783825E-10 0.03892159273295267 0.03364679972800255 0.01737255671532007 0.005780721942021919 0.0012855024483462082 0.0024239739533483545 3.628897880265309E-6 
0.26551697366013965 0.31205427124031726 3.308759377768661E-10 0.020323297392545677 0.03374847823652813 0.016440832021780344 0.006817427729362672 6.186466402543356E-4 0.0010587268540575244 3.775739718546739E-6 
1.368230823249885E-15 0.18375367666554895 0.0 0.004749817522542262 0.1307974814959176 0.02481359337465847 0.004289352289767227 1.0767724181961294E-5 0.0028698628259070007 0.0 
1.626055647842307E-5 0.5128361793662014 0.034383692754597246 0.003677544474906019 0.044578628562091924 0.11991378596326911 6.368334555677022E-5 0.0020587875607595047 3.1939098839176E-4 0.0 
8.492199503630527E-6 0.14637953514251528 1.6576453411039882E-11 0.016863815635294536 0.0592543056559531 0.06731201414586792 4.0952238713824346E-5 0.0 7.388284292379351E-4 0.0 
9.11166249521747E-66 3.5651990194232037E-65 456.28491585909245 0.0 0.0 0.0 7.583801247840525E-8 0.0 3.624898200711923E-17 0.0 
1.7603569129627398E-11 0.05339617049800851 0.22846564757163199 0.025267494937083884 0.03388448355022856 0.09326098414011925 0.001086826836779036 5.67302284460704E-4 1.8285838805934517E-5 0.07725259311575806 
0.33664914010738334 0.16187490841661936 0.45298174533298774 2.8760534644648247E-9 0.07784547971912174 0.09240564300469165 9.285441855788117E-5 4.878193241827502E-4 0.0018050233753884898 0.0 
8.67890801850417E-17 0.09331989954247484 1.4001972562471723 0.018216642476202423 0.3707451045943543 2.480716743221286E-14 0.021040324448024693 0.011947202349856011 3.660017688515649E-4 2.833413154217849E-6 
1.5993159681659589E-9 0.17739914885895042 0.28933916311500363 2.997487341781498E-9 0.08140416809127178 0.0972651061937902 0.0 6.9890219545925285E-6 0.002008644355681757 0.0 
2.0537142855177307E-7 0.0876604280080388 1.0055181085256377 0.007122159378010911 0.45335502100224484 0.12192417783452442 8.590055572776815E-5 0.005018251901071511 0.0027955483635327813 0.0 
0.21967686815416304 0.020116501372726886 0.7810950533004619 0.155849685939366 0.35166521280898544 0.07215894851904335 2.565219842569973E-5 0.0 5.507137651859777E-6 0.03606878392753951 
0.6725001970955824 0.2338476368301904 0.4888290432917275 0.051246483872492934 0.24528308225903425 0.0 0.012746161424639583 4.6563636699582177E-4 0.0 1.1424712048816383E-5 
9.855735764491754E-7 0.06137910760132759 0.22620614892246707 0.002436626595439274 0.027881730118833447 0.16556513603695167 4.1443079916234684E-5 0.0010962829882039135 0.0015685170384988466 1.7043974583516896E-6 
2.5681549008817406E-9 0.1862594695013341 0.46510493694325744 4.910900894167498E-9 0.12428131578571151 0.01009902695742351 0.0 1.2881725627416729E-5 0.0021211139590448726 0.21183097237745224 
5.786054818750173E-4 0.11832828570835369 0.0 48.080794066608505 0.015655158427129914 1.9527018911324422E-6 0.001167435210924244 4.7277395428564807E-4 0.005985891244026999 0.005231863870538436 
0.012850394892982751 0.007580620468826291 0.005672217004875804 0.13708487152172205 0.15482468791890122 0.08302305820198062 3.8198020660305195E-5 0.004835550328817317 3.310477392792087E-6 0.0 
0.230387536236 0.03568581871641074 0.07597340012258616 0.1322697982358904 0.038552763136959156 0.07890632628654269 0.02062591727915948 0.004239539014744428 5.498543187969365E-6 0.03781495435681565 
2.5853581611818787E-5 0.052107532289236945 0.02379159234474852 0.061290129284246056 0.08170167383668024 0.03326448033471732 7.550209912022931E-5 6.328253602724778E-4 5.271126873669286E-4 0.0 
4.333712634614046E-5 0.00982149465988228 0.002930366570307713 0.06148456702878806 0.061661482317377475 0.11843144385042033 0.002951972277507463 4.5537411201009026E-4 2.0291446212595412E-6 0.0 
2.0996006171525473E-16 0.0809803009625201 0.13725713954241026 0.17772897443924424 0.2877133476633088 5.685275826821544E-4 2.7879109942902606E-5 7.614608836533061E-4 4.4974588137125366E-5 0.22632186725164147 
0.0028545470989748997 0.08255450387240655 0.1540733272388531 0.034510377486859596 0.054597768471063034 0.05199702151988553 1.6170706839814167E-5 0.001086912386911508 0.0014737180302765278 0.0 
0.18727016766779941 0.10589828113359746 0.17950763169375544 0.08563055518060005 0.24240489359664755 0.0072608022019079975 4.296633116644526E-5 0.005026081241734216 8.76738984080506E-14 0.0 
0.43986623500777355 0.3092654936469795 0.003565957541611321 0.0722427961184981 0.07724082721815272 0.098628269504904 9.028798759688036E-5 4.186871340890679E-5 1.1627929289477431E-4 0.0 
4.429712973876039E-5 0.10794388038531748 0.07377812081272118 0.03751827168087002 0.08930761838048404 0.017403369197705125 2.43087939295783E-4 0.0 0.0018111813595984238 0.0 
1.3800694665285554E-78 8.18447749150623E-73 6.741018660877676E-64 5.436503614758684E-64 185.1288431037852 0.0 6.97523132846296E-8 0.0 5.784304659933935E-17 0.0 
6.957704921329004E-17 0.29118116645682424 0.0 0.06506753115754552 0.627267896982845 0.059331535565584556 3.214579775211773E-5 0.004937362201269588 0.028847298977104984 0.0 
2.351259680599568E-17 2.9865456051386513E-16 2.8894548417270084E-7 2.6738775326431665E-7 38.81044453099339 10.818935780046036 6.97523132846296E-8 0.0 5.784304659933935E-17 0.0 
1.5157785380768526E-6 0.10370486230387026 0.056704828773217045 0.0033133788414296686 0.2865360658057084 0.006860801397824015 1.6355570226537807E-5 0.0014251537932637281 0.003609251357133031 0.0 
1.1350661436530631E-5 0.008866571429636027 0.269869578287118 0.04039196489022871 0.3629622533064074 0.002119967776183049 0.001758926583886235 0.0 1.3700928718113165E-5 0.0 
0.001042263582822108 0.05471385272439794 0.02498088103005823 0.015890991885444575 0.1915958171555429 0.01570771882101443 0.005450164311409753 0.0010000035261889448 9.564243258023279E-4 0.0 
1.5639032961643384E-6 0.12579144058580433 0.009895400842235943 0.028709843480319384 0.2244348349825834 4.806212784135093E-10 4.1841074678032375E-5 7.497101675935794E-4 0.0018349818112923062 0.0 
4.542210637604104E-8 0.0030298601948410366 0.22386523318172658 0.015171091921478815 0.4979954033942301 0.12264237183610903 0.001440523815475197 0.002392324382312151 1.6048577703407396E-5 0.02410386039692544 
0.038815540819414324 0.024747807696662676 0.03697443381473004 0.02642234548354077 0.18976516589017747 0.05702195958245474 9.276092147943471E-5 2.5146309129735515E-15 1.5934707434356543E-4 5.743681470810379E-6 
0.0013834905859005566 0.05233275068629256 0.026085233795946988 0.014067324457852118 0.48855452738947713 0.014881492837689187 0.0036528942901767666 0.006177997037359739 7.089438324142281E-4 5.271882133200158E-13 
1.1184501906110204E-7 6.229501581893883E-4 0.001635563050232563 9.959974216348912E-5 5.579636578856646E-4 140.7262082098146 2.0816162158525202E-8 0.0 3.4545684508799464E-5 0.0 
1.3529632419316272E-6 0.07002525765699871 0.040198870722734176 0.018917375857700737 0.07683183972200008 0.09469578542228775 0.0068424208624341945 6.849227606142318E-7 3.6605297973025697E-9 1.601511784371153E-10 
2.268757061691115E-5 0.09425596942226787 0.1354120309302899 0.002169534258912472 0.048907277628767724 0.13569363529295939 4.2519483081714975E-5 0.0 4.523047947608222E-17 0.0 
1.1294171662105033E-5 0.02511785569080929 0.010107709383983018 0.03884749514435757 0.043427172194742486 0.17693791404885176 2.4361415190864022E-4 0.0 4.0154500632218123E-4 1.7714852898769004E-8 
2.40899764662141E-5 0.08667502223462432 0.03779121941469659 0.0019417881591667868 0.04706149484204167 0.11989599050932435 8.02087535950804E-5 0.0020587875607595047 3.1939098839176E-4 0.0 
0.22924499583372987 0.03031136391940483 0.023460631986961064 0.017878048004035512 0.2010138602584825 0.18372369666997823 1.1079235291659686E-4 4.309327739436322E-4 2.1439074676024523E-12 9.613287903449061E-7 
1.7229739414355538E-14 0.01964980481805393 0.013407040993889329 0.025954148956627246 0.4001432064477807 0.09378972535085606 1.7253866478863966E-5 0.005882954506886528 5.25036067366031E-4 0.0 
1.0962712005072852E-6 0.3308010933080679 0.044511794253309464 0.02505223827121851 0.37243767673519973 0.07230241567014004 0.002309931117212021 8.36040073606195E-6 1.1890251369909724E-4 3.814593569571467E-14 
0.004411145792187258 0.10251552495018938 0.1699169574820718 0.014365275989573061 0.1398968372327029 0.015488223730496848 0.006121942089359417 6.870752827085749E-7 7.342950219175797E-9 0.0 
2.4006765548845484E-5 0.13991374500938014 0.00855500835741525 0.03878630461776835 0.1602473572844657 4.575513129031938E-10 4.713016559720584E-5 4.54791161978866E-4 0.0 0.0 
3.2486766590938375E-79 5.113000259444883E-75 8.354803358694067E-65 8.829704003365101E-65 1.212546518448371E-66 2.0769792231911855E-66 18.26902498362811 0.0 1.0500280594897676E-16 0.0 
4.340395790981686E-5 0.0839330139130176 0.06666647686234947 0.032736321446882315 0.07788651662927432 0.015219698775870523 0.021131605724816482 0.001000544351282614 0.002804462988274065 0.0 
9.262507742497025E-4 0.04376872160137051 0.0 0.008703458983883658 0.1642144772184813 0.03279694306550591 0.031951250640542654 0.005621762965113802 0.003048622206961808 0.12589514692500617 
0.48559935403890836 0.06679265350716808 0.0190371790086527 0.02645950788226581 0.12137135521459193 0.015054566239544638 0.018160604892466146 4.1220111180015817E-4 0.0017165083375112642 7.371936662797968E-8 
0.06116025696763865 0.01681965424283307 0.0 0.005641050515476004 0.09467037417855716 0.17746900431171114 0.016013718882625455 4.990452115665775E-5 0.0013652536738862006 4.5441539065106634E-5 
0.04365311918778094 0.027600996412332508 0.028986702966287217 0.029553561109139207 0.2121875769567724 0.03781251121831054 0.015750265471441108 1.7251189907888681E-15 5.7562975012206574E-5 8.305461612611665E-6 
0.2739860595469245 0.07722056818308957 0.0 0.024453383686853646 0.1114018470881356 0.015646621494994666 0.019006046805852668 4.3147253183393466E-4 2.331447405407856E-6 0.13789208872576414 
5.697495024797033E-7 0.10762644151724705 0.049742169106114245 0.0028130049594394767 0.0197532655116855 0.10984709981832166 0.013619319975466917 0.0033295163849499858 0.008131940619704067 6.584353847882819E-10 
0.17692201979933816 0.03592847486870593 0.0 0.01160469845154239 0.20775456232903033 0.014154408267970505 0.013549752294671492 3.9873665381721295E-4 0.0012694962802651175 0.06598552876827873 
1.6465708991430762E-6 0.06890753913135997 0.07393751123849861 0.008788223439427622 0.07682928149622126 0.09472552300239248 0.008498258340699984 6.849227066633549E-7 3.6604731156851233E-9 0.0 
2.3723661291505253E-78 1.0682245132316349E-66 1.660198230420277E-67 1.5459262644231925E-66 3.884671152138163E-66 1.4463273852282113E-66 8.235980183404229E-70 2.9885354085763325 0.0 0.0 
3.0571687524778644E-12 0.16642500146487818 3.889886385604282E-12 0.005238145538951821 0.053485989322929854 0.05610893734704743 9.279670965053117E-5 0.006104901001718755 6.453463602672889E-5 6.754763920107516E-8 
0.001570423220643604 0.05233275068629256 0.02603341892789941 0.013975006424624604 0.16052261458123465 0.014881473655657234 0.0036542290644076803 0.006177997037359739 8.130808094312005E-4 5.271882133200158E-13 
0.0010884352610800857 0.020983754331357293 0.038909999111948236 0.008827814026716892 0.14929220053933084 0.09857189694474214 0.01625453510914364 0.007167245251787524 4.049271629493906E-9 0.0 
1.6218871767731156E-14 0.01801462573295878 0.007117812882875533 0.025577472346817398 0.08979279916596652 0.09375564354627712 1.7164954304567054E-5 0.005677540674238841 0.0014436589280647403 0.0 
2.199552012312662E-6 0.09592691518624671 0.36131738088369597 0.03257116603478764 0.16009062530797963 0.009072547598670804 0.03786506840795919 0.013900529058535553 7.543718095008462E-4 0.1402031662930747 
8.548663212236084E-9 0.5262303442605145 1.7887779313853785E-8 0.00937437084496484 0.04668405272437911 0.11487719547079152 0.006153066666495582 0.01258174518755823 0.001950540001282316 0.1815497293547483 
2.4679763767967897E-6 0.1843827172059143 0.13467765056833128 0.003615669749954796 0.024705906821990503 0.0856839969547681 3.823050313600422E-5 0.004087016165275693 0.0026363281932250673 7.174414068048954E-6 
9.786537424649834E-16 0.6420346027826512 0.01749312521066196 0.060670658467069635 0.0875112476965716 2.5190086404337714E-14 0.03666187823161662 0.01387961497821459 0.0 2.7422421727132774E-6 
1.382276304044309E-16 0.10796954359204822 1.618849041490436 0.02107744326125446 0.3356814598357665 2.4825951460845287E-14 0.037257361714456844 0.014967529960911974 3.660017688515649E-4 3.128073793797279E-6 
2.7611356867749886E-80 8.243750652049075E-78 0.0 9.609305207633488E-77 1.9579956448387088E-64 1.790456735950951E-65 2.933478323990783E-70 7.119359828416265E-67 33.4786218333421 0.0 
8.989864622026619E-6 0.15117952614616556 1.8257563370915792E-11 0.018817906292061065 0.038453002108061636 0.06215567525538915 4.236666950982554E-5 0.0 0.014637369773913207 0.0 
7.903768035163584E-17 0.47609455264122463 0.0 0.010932094053681052 0.2225322304265045 0.03127136607007281 0.013076202448356345 0.004937362201269588 0.028847298977104984 0.0 
0.1445475869576689 0.03366228821864696 0.032948282596527406 0.016272307661578424 0.04085643991157506 0.11997077340887415 0.01345599057272489 0.003329553628600995 0.01111883249008336 2.8414716034645795E-7 
0.023442942316453958 0.06694187811364449 0.04729968559711862 0.02653527245574138 0.16696407235920388 0.06986237612906211 3.672194193048573E-5 1.9639704986755087E-14 0.009715263065332541 0.0 
1.3965820860581553E-6 0.09031927592475401 0.10652587351743154 0.003960692186801401 0.08560027846432189 0.08193253726139631 1.6438181237097423E-5 0.0010194597070716693 0.0028325839882297763 0.0 
0.004179272038423128 0.15009732609816728 0.0 0.02578074818963494 0.14728268643050232 0.008513762753096793 0.004384658618187548 1.0767724181961294E-5 0.0028698628259070007 0.0 
9.25497498738508E-4 0.04368658560588587 5.158928422468752E-11 0.008703472646042064 0.2701637266527467 0.03285524193658256 0.012072791113242972 0.005605387180005905 0.006786698614162695 0.124626938340124 
0.001521499156871388 0.09269685984390957 0.018591868964783768 0.023434736152004698 0.10916916478708577 0.013858753351687481 0.01643951033290899 3.840293603635451E-4 0.0016589289123642153 0.15142110196271866 
1.278695915904288E-5 0.03537815473395172 0.023204050951944392 0.029215003993315548 0.043441506876250834 0.1771829789832633 2.4306150714205983E-4 0.0 0.0018109420886214536 1.0873224026938107E-4 
2.7038425729160843E-81 5.884146793056628E-78 3.702810961321463E-80 3.620883915100022E-80 8.753929761816549E-80 1.7285327715181536E-78 2.0452073961350754E-65 5.463059374307932E-67 1.6171615698797513E-72 86.50825390682172 
0.1303092275574406 0.1836022446343179 0.0 0.010729708529493578 0.057547103216255294 0.09357650707273248 0.009184689991664281 4.1795684968277095E-4 3.6458361892868524E-4 6.251165343547912E-6 
0.2541970675547382 0.06487051464667393 0.017232043974927645 0.024637976403891895 0.11114985756074965 0.015924991331808948 0.015830433380747678 4.3541025527657777E-4 0.0 0.13935888133304017 
5.247260012220047E-7 0.24675493777196653 0.19538704846934768 0.004333797642827095 0.051370092420049994 0.015030854258856158 4.5899379543648994E-5 0.0023011753987324753 0.0 0.14123350652191768 
0.0038841160218680776 0.12819884367055914 0.0 0.008923532365615248 0.1766228751483409 0.020689577948483043 0.004334295476086752 1.0167150913891814E-5 2.443576339591632E-8 0.07927044080256804 
0.35560674605708353 0.09749866797928645 0.024103902030260724 0.033978641921044855 0.05923742399530846 0.46291616212566417 0.01636745902809477 4.399873478884662E-4 0.0 0.17923848059497718 
1.3448380865234474E-8 0.8274656135422924 2.8108419415522756E-8 0.01464984523738256 0.07519696865153379 0.045111311400038115 0.008112207397090475 0.01256475333629557 0.001912956109318371 0.18479652282284084 
7.11061991675773E-7 0.3186074268691107 0.2587474067163355 0.005663391931611474 0.22526678192833535 6.967063148451169E-8 4.593559273949149E-5 0.002254044677469479 1.4406365395269731E-7 0.0592534068712259 
0.057578437408559675 0.027395089936680127 0.052959757162238094 0.004316124886678061 0.27778224327081796 0.3063580289568645 8.412344851837483E-5 3.683776454689734E-5 9.598396951207283E-6 0.030195465984598907 
1.951498297415962E-12 0.11507795849891721 2.7465546378176427E-12 0.003534092494748364 0.03810725608249452 0.16763745684894976 1.0403014471526319E-4 4.96944588055007E-4 6.453952243960098E-5 2.472671805074245E-6 
