2371.3557092747615 0.027747199797876255 4.398159915790899 0.011717086487112886 1.8252470415549278 
163.4798741555551 0.004200925995464989 1.4769826767808654 0.010669640804332556 1.9598300230516112 
114.44252388059573 0.0034610963061132817 0.8872837280969543 0.023745907299859897 1.964604299401666 
136.23820102421914 0.002305375457379946 1.376308243750331 0.001967696631430281 1.973454979902234 
559.130410680331 0.029297426211548 4.855394309535569 0.07321529211246465 1.8103973649546707 
358.79567400462224 0.030949828898635973 1.4896776512362868 0.005782461608245824 1.9311588305457152 
29.544260801717183 0.0015289873545995796 0.411172876092197 0.007773231166059039 1.9840342757292222 
187.3586138070413 0.016229850350748594 1.7931367643834535 0.021248328585368577 1.931065938576409 
327.49532515506564 0.030258970708212412 6.401866210387825 0.10274912473651446 1.7450393771517325 
27.884295492070674 0.0015162962132534946 0.4237332342111055 0.0022697957445082123 1.9854438094387017 
23.482726714309592 0.0010725497991090859 0.7404908832802612 0.002423544510651916 1.9882503414784936 
14.3984314145147 8.980503789753125E-4 0.4896763201794702 0.005888112347465218 1.9838719888952407 
6.172040087441775 0.002376966664012515 0.44806618217212096 0.0024036050314974826 1.9835429237839635 
17.54251805660888 0.003537317490193294 1.7975975068430685 0.011161066579228912 1.96263121221406 
14.616653778421254 0.002697790564930834 0.7171647398548932 7.210458970467614E-4 1.9877898719905984 
11.74632344083722 0.006257135520810574 1.0875937267268982 0.02368153024401442 1.957277625129117 
2.5097087401684477 1.495311044606142E-4 0.3612645360703119 0.004968851719552289 1.9858473284328706 
55.071169231099105 0.0169917062444351 0.8920978114560228 0.04003032415863492 1.9257023373022217 
2.0282084219301795 0.0014650015039235462 0.16274985933269656 9.294194094844393E-4 1.9910509173969708 
0.8749990521697418 0.05582494856229387 1.1392275695494511 0.003379091455432452 1.960567977806369 
6.485716901636217 0.018819470738838065 0.9605597060624299 0.002685975883535149 1.961552617819922 
0.4677043814605644 0.001319183847578646 0.08413707687082767 1.7908783386574195E-4 1.9930290872423306 
18.05959859677297 0.02100254264001317 1.756096531290707 0.006241301850197799 1.910981087531254 
0.3808682084083099 0.007889383967442787 1.1008737274148486 0.020469908315436006 1.9606771682519668 
46.83316052496023 0.13062827533695814 24.292774757852246 0.1668941117601466 1.4948534644532063 
0.6841339258924668 0.001182881276153602 0.2548689902455822 1.2292596681405928E-5 1.9913180897600447 
2.0577076041442406 0.003574991727291912 1.2907930252055342 0.002921600080121692 1.9782136272900332 
1.4059789358287151 8.636859050551781E-4 0.2858475510349567 0.0036188036476402876 1.990651423622438 
1.9876697604163756 9.577602402292409E-4 0.36150787907682175 0.0016333113050884865 1.9917532557322328 
0.10785101152475764 3.621532061099086E-4 0.1785743194676853 1.058852481286604E-6 2.001350830175258 
0.22708675328285235 7.912160240005499E-4 0.3847195275031526 2.3281951584132877E-6 1.9924764480654975 
0.6489186697759585 7.304184338427882E-4 0.49089084610696626 0.006749506780946674 1.9856229825991665 
0.42101510691861677 5.495654708747331E-5 0.43452433762130516 0.005464235878409854 1.9925003357932292 
3.879800939503784 7.365193279330862E-4 22.949138731933417 2.621777632778851E-4 1.7302280130467607 
0.37789365455053486 1.0165970873300609E-4 0.13620306995097495 4.178247365931222E-4 1.9946638429810888 
5.386357365421449 4.365782702007505E-4 1.1421875640292594 0.002444193067690235 1.9886236634116135 
0.02166040527132478 6.992665221598405E-5 0.3257610303230118 6.53067400190886E-5 1.997575519661125 
0.8990468933405437 4.172043322787873E-4 0.6058994327967085 1.2722847172840767E-5 1.9904602636912123 
0.006709930302449828 1.642259090203164E-5 0.6642945630105489 0.0029234212825379473 1.9912645008616123 
2.722543685006793 0.002036504475104149 2.4088581387354386 1.6671938874732354E-4 1.9558777642687395 
1.160848515390935 8.219150504064123E-4 0.8035313069211163 0.002478182819642618 1.987792275145724 
0.10135407043130501 2.92165346442586E-4 0.2781607751751694 1.8208424693953628E-4 1.997056070683713 
1.0207676308691054 0.003957419874919939 4.466307043913927 0.03186965480063032 1.914553165592857 
0.254648848653701 3.630186764215529E-5 0.5409865167106941 0.004826119226359894 1.9908122460493123 
0.3141350028210203 4.0681247880594617E-4 0.49424845396583633 0.0030412716154148488 1.9907943859614972 
0.011906114236270521 1.7681124780061938E-4 0.18542363150726396 6.049281441207198E-4 1.9965650293438482 
0.10287163839576911 3.0169543602661004E-4 1.6519388658675862 0.014794581181119459 1.965364936278611 
0.6064665975230661 9.776005570173623E-4 0.5762634970120416 0.001502627453335454 1.9907869561749767 
28.199651551577787 0.00201310690367394 1.376518296311704 0.001985997720975799 1.973862070993074 
0.02664056048988918 0.002053638864607063 1.2997514657221525 0.007688995360436056 1.974676018568117 
5.573490256017073 0.0020627575781820167 2.282899234025866 0.02268252604947061 1.9378111813731758 
0.23139121460885553 4.164809044602885E-4 0.5992698030847285 0.005528091925864615 1.980858381874599 
0.001043127149633278 9.167294046603725E-6 0.0073079523327710064 0.7892008078415209 1.272915725005643 
0.04972168039178515 0.0014428737556949627 0.8690706319586806 0.05415854951124204 1.9334400751088001 
0.02429394096986304 1.80694117760044E-4 0.050370132364321245 0.0031664132713566055 2.0001342431575377 
1.2452855766750932 0.004606038360457999 5.139962957844048 0.18844688372295157 1.7057345723157475 
139.78562878538253 0.017277081580766924 4.7205913217901685 0.21280474115921405 1.6799711178770393 
0.8377141752411099 1.5579610146965954E-4 0.1678709221330791 0.005748749311015047 1.9862049469281635 
4.651597402744309 2.0613964597442398E-4 0.5180779176046127 0.014683395035182536 1.9800070362729139 
0.26973531806171863 4.297854021362989E-4 0.2699616639984045 0.008634747257237677 1.9884163687197147 
0.42792192358231446 0.0013253302023453954 0.37980505457069186 0.0115823103697002 1.9787912425198355 
0.0553162034400271 5.078415949651481E-5 0.04796411204090599 0.0012615418076370696 1.9947847710507323 
0.06122604338797543 8.528915191302558E-4 0.8002605081573005 0.013840793845186966 1.9879872079456833 
90.668630103564 0.007720261008854683 0.7956106708177274 0.03426615953384152 1.936669075571276 
69.0160741643969 0.004856754032382086 1.0945190384638797 0.025295898618616773 1.9508952255864183 
0.43457463670673696 0.007186946989070069 0.6481167151300409 0.024201662464047296 1.9712374160388135 
0.3344481866949834 5.3301330966759245E-5 0.31849247812504905 0.005541915832036516 1.993361435997903 
2.353907394765355 7.377809399204438E-4 0.29824491997979274 0.005606739247508913 1.9891207216683944 
1.0347245209425345E-9 1.4569317509651652E-12 3.405814853605558E-8 3.605223567174992E-10 17.35263323364474 
0.030462409028234536 4.6543366396228575E-5 0.013336372707341372 1.7205480033668837E-7 2.002878842367395 
0.009074997690642675 7.751698733407411E-6 0.01624478559010159 9.067043481117518E-5 2.0001767980527303 
1.1829671699325223E-4 1.0034363620404422E-6 0.03691822983468489 1.64992817460607E-4 2.5463111639449862 
0.0029194001636799033 2.2769238859743066E-5 0.021889377453418183 3.2363502902691733E-4 2.0029151989541445 
9.015140741427399E-4 7.166323616914335E-5 0.01897979931578083 3.204704695512069E-4 2.001581350844189 
0.10060772598831494 9.496185659349145E-5 0.026867427016020014 8.851931731720019E-8 2.002907532879931 
0.009547012160509917 3.8475011551994245E-5 0.030674607765502827 1.6911825498264197E-6 2.0030172234702857 
7.089775605785815E-4 2.914540880484435E-6 0.035290761899975306 4.619888973243626E-4 2.003267687209611 
8.551934005951745E-4 3.0159785464758814E-5 0.03582972491156254 5.208088125500625E-4 2.00307851731229 
0.13962979466193193 4.7013511429712835E-5 0.044306249066157606 5.334514526678004E-7 1.9951203987900314 
0.21703817115956406 2.328141459491147E-4 0.015480887257410666 1.5785393746048628E-4 2.0025044961692227 
3.426694291256255E-4 6.471504967682027E-5 0.05015609462570033 3.27021063445693E-4 2.0104462109846555 
0.11648745155762692 1.819101941991412E-4 0.04274138253984712 4.219682552233589E-5 2.0019817788730965 
4.355486027980292E-4 4.2366839166865983E-8 0.05277639432257916 6.431661990165005E-4 1.9937354776673821 
0.11683434666444414 4.5061287539263295E-5 0.0571490728296611 4.8125072266382306E-4 1.9948660232695916 
1.3143464122781563E-4 1.0027914029366654E-6 0.09617650822358632 1.639276250071327E-4 2.0026110332353926 
0.0017205559862487143 8.685613325557609E-6 0.11677888386342873 6.054308317949809E-4 1.9966574551843441 
0.3655218766808579 1.31242091071711E-4 0.1307734853899878 0.0014208857851367544 1.991768141401856 
0.1965017884632945 5.97419049132198E-4 0.10583586535486775 0.0014332052404672781 1.993648002073332 
