41.032486075076555 8.322965843358542E-4 0.0013855961271040057 0.011400131518396656 8.838150602061422E-4 0.0039036886062235707 0.0013424439560176982 0.015267527637069742 0.0021565315315496157 0.5777701095487366 
0.07763521768312975 7.530377492307597E-4 9.564685755859586E-4 0.004522143248223482 0.008428178023224786 0.018711423440507847 0.005051637484443393 0.013482408870324647 9.019685306161992E-4 0.5775584975332184 
0.07762469008843939 0.03370574532470699 9.583891471164346E-4 0.00452225840779788 0.008422561404260504 0.008428164611359878 0.0010596715502042028 0.013482393393688947 9.019671371550257E-4 0.5775666732478 
0.08176608432432263 0.0013775232113320613 0.0026278031234699462 0.04659176503762702 0.01701614091509599 0.0034447253755383713 5.610897536689476E-4 0.00643118560171143 0.015026330864650349 0.576523822018239 
0.031786499340284345 2.2564760222733624E-4 0.0013772196911923692 0.0073064502775375545 4.2220454745789426E-4 0.002787756989305237 5.64519133520324E-4 0.012223887039642762 0.01572086350011437 0.5766114711774669 
0.026289090409149046 2.1637932699899317E-4 0.007868059798170492 0.015448289086670237 0.002367592476829268 0.0038112338681006823 3.725178164982015E-4 0.014786921431192583 0.0014575590276038868 0.5763328147036947 
0.05031350104532405 0.002995996749045847 0.0023228107709830866 0.012436403915867703 0.0029283268999689073 0.004747431965502959 0.007685609651195257 0.0030983210316090698 0.003394510037110742 0.5835377169324965 
0.02041985891352974 1.5374386015450334E-4 0.0014481127830104049 0.004651054836475894 0.001210415089709559 0.0014751611416313646 4.8165218934177365E-4 0.04045332978300334 0.002049397053405966 0.5782458642080223 
0.38501357132119735 4.656286662171632E-4 0.0021598743167893417 0.0051477215068694215 0.0013942960779778127 0.002652987307025163 0.001060920354960482 0.020006172192643213 0.0018294551701825252 0.6952095767234391 
0.034340943665464856 0.0013775232113323174 0.0026159895474703212 0.04692075162438296 4.347822165312233E-4 0.0035440016193621247 5.610897536689476E-4 0.00643118560171143 0.01502633086465036 0.5767659477638927 
0.0036276538688766805 34.254522638642726 0.00130631591575933 0.011702365656544547 0.0018294688847200493 0.0030788366221979756 4.980123991539377E-4 0.01462216271688789 0.0015792420808517771 0.5758509979938089 
9.561081144219658E-4 0.0075281376576287985 0.001261744229564414 0.009521290824895395 0.006393391653989264 0.004737812043596129 0.007436672363218472 0.003526418249338093 0.0031122807912494694 0.5980023179445197 
0.0024401146436651222 0.05933226982566211 0.009387931477379912 0.009961804815556193 0.006695076622383498 0.008764461217083963 0.001817729695743194 0.0023523105402291342 0.0017645250106458903 0.608914770549979 
0.004342678276080169 1.522146887118817 0.0015661108993995534 0.006842967775247531 0.003107939971632244 0.005952494787451436 0.0011007253991844905 0.014864427913172181 0.0021377884208191107 2.131744380268788 
0.0014947356844053588 0.030966674227126866 0.01729472975035667 0.010314212958808446 6.570926758222831E-4 0.007103567502089812 0.0011444873255526237 0.014388318637324019 0.0019339335655213263 0.5765725984989158 
0.003317818583824396 0.690463948462922 0.5709303345203449 0.03612967278548402 0.0036217716440746835 0.004458636564711128 0.27151773541668006 0.008867133364386106 0.002206359881899853 0.5788762455817001 
0.0028255180106732717 0.03106143034178938 0.0010807556148394889 0.13470807292381282 9.205465304907589E-4 0.006699192263714977 0.013365554864904244 0.014509599539622423 0.0020224567537258566 0.5765071666795223 
0.6282121955063097 0.209086989435047 9.912707284904306E-4 0.03021099302193995 0.14856163681868836 0.032039602904983845 0.0015828542122984807 0.007837671578557037 0.0017044062398420953 1.0964992014231978 
0.0011458554766401472 0.01938603438916794 0.16432623057526324 0.004733617709199116 0.0020267505922629816 0.0043641524508689486 6.195983057993571E-4 0.025943546514487235 0.010228788471578593 0.5761329295728504 
0.0024254983263429326 0.006272079175874783 8.601732824139821E-4 0.23390214438322782 0.0017569181128364566 0.006749789011164875 4.645120553137387E-4 0.0132199491421734 0.0036046005933928183 0.5787771821476768 
0.0031270563467218648 4.564542905707796E-4 10.719184362736348 0.011458918423427738 0.0037246233193406414 0.004468708982700622 0.0013078287413894737 0.014914742819357583 0.0016266449935665975 0.5771579057066393 
0.022448928961135 9.59509376118385E-4 0.017625539452076323 0.008035481657115592 0.008257204147204216 0.007153243260092097 0.005401139159774773 0.0199409365464602 5.56835624062267E-4 0.5772836980465865 
0.02244878251639673 9.595093761163229E-4 0.11209413840599992 0.04088709327310673 0.0078300199106972 0.007353444149804114 0.005399686432983776 0.1693320666769821 5.01845409905697E-4 0.5797776549327535 
0.004228589283191643 3.689606347241874E-4 0.014440880776244294 0.008766900432584393 0.004579462674674175 0.003956988461121958 3.547008872832187E-4 0.010982782882595915 0.001744458228025045 0.5760240296264564 
0.03486402975156693 1.8718155666770834E-4 0.2118714008255124 0.3683014049320533 0.004689615331573209 0.0029786477388177714 7.000725002463675E-4 0.020832994895602752 0.0013948504010447003 0.5763600682724255 
3.484677146653172 0.0010027043583449608 1.830558593696305 0.0032923869772090815 0.0044063407846000255 0.00370698221507436 0.004804716717720299 0.03279653736277138 0.0034327919212450023 0.5766562422985435 
0.0025960108592540687 8.842205887403807E-4 0.1752895449979316 0.010134215329404063 0.0033446380328378614 0.04144954585180861 0.01770268338477073 0.009642479508322657 0.0033640546187201667 0.6998213747484728 
0.0051370257579115095 2.5062778154424475E-4 0.007709042287313431 0.015448289086670237 0.002367592476829268 0.0041569741017715095 3.71953502210018E-4 0.014791097207348773 0.0014441575938096093 0.5763328147036947 
0.0014202343992633058 3.314936152522744E-4 0.01863805980073308 0.008839147918514884 0.0011079931530596724 0.007492635151986012 0.009246933230580357 0.015434246942803764 0.0016559319990296886 0.5758662302586097 
0.02144720499131319 0.0011272524275879128 0.3172843230556803 0.00868086852451614 0.007787517460709239 0.008416464170200944 0.17516440483084209 0.01989703683725864 0.0010858786267602459 1.293696698062382 
0.0037059725968456142 0.001461214919099633 8.176292876549392E-4 45.45817277296481 8.12807048588436E-4 0.0028518484161714104 5.682893779178375E-4 0.01433670175526002 0.0018949344255745422 0.5767989821420964 
0.0016791456867188807 0.012711854167587657 0.0013713128693770753 1.0224481857647805 0.0018961961090100251 0.005246790462132997 0.07809935929480713 0.011439691429811034 0.004025341855404501 0.8872381596569829 
0.034324928452403015 0.0016132676266797255 0.009880814124655019 0.06036030063244835 0.0038978691363152056 0.005188343048456388 7.475202062655112E-4 0.009240063930031711 0.0012329497769807555 0.5767806531553404 
0.004388365268916762 0.0016308568348327207 0.011260757153050163 0.06620981445459061 5.682993048954177E-4 0.007922952957772102 6.220204308434285E-4 0.008934606871440974 0.0015655954401975216 0.595625738335832 
0.022629830917238712 9.596785547207569E-4 0.0035098855432947077 0.013473651594685495 0.0021644217055111566 0.00715323726903457 0.005401460069477818 0.017816628911107798 5.56890896166915E-4 0.577261758576818 
0.0024842490708159295 9.580855678942338E-4 0.018078559009331512 0.010137518173238085 0.0034151418016542877 0.04145028936260619 6.331954145608787E-4 0.009633634251995243 0.0033640546187201667 0.7022456766821983 
0.008716173254954204 0.0017207394254220314 0.001045091228455049 0.004344405249051744 0.005849798304120074 0.005996401358826211 0.007591621250278692 0.015086810431849465 0.0015681085025538834 0.626697970629693 
0.6291110612096599 3.0127917889317203E-4 0.0010520490518700473 0.023749719397706256 0.017224646776352194 0.03187787704340532 0.0016368942896826473 0.007051745538580241 0.0018195157753529223 1.151684493111179 
0.0010239385453348427 0.0011583669489570129 0.008422082187506402 0.009770763209754299 0.003608482132235078 0.00688731774407589 0.0041258670186304375 0.011757542649934264 0.0017731887869294784 0.6025089296858097 
0.002433523199369957 6.134048221078517E-4 0.001051023075114839 0.004783374240059395 11.356551688764108 0.003257428664372902 0.001161879962309808 0.019257198713490405 0.001692576908461408 0.5762395968807772 
0.02728324895636747 0.011166117550559582 0.0013268254123471358 0.08201771880351924 0.039366562975477616 0.006231762244392613 6.224495005267422E-4 0.014741292427652247 0.0024283592364748204 0.5759634758273966 
0.0015437882822604261 0.004859391596187137 0.009101131881071131 0.012703416427578456 0.01831018751296666 0.0038371817895919043 0.001202595141037648 0.013643910127289646 0.0029415825643580116 0.5760871163625367 
0.001213091011250663 1.3770980203671486 0.0018287493381804539 0.042828233845936925 0.44621647569006806 0.0028412443939264042 9.35901200855195E-4 0.011209639573837244 0.013004580171977129 0.5826043471228769 
0.0040715054979625935 0.002891559939024494 0.0012669582611081484 0.0053430813292392 0.005415532907819586 0.005075108696040195 0.0011621157155863645 0.015598869442854274 0.0022140487365992084 0.578533997848175 
0.0016554429143350933 0.011391950717069154 7.912166082582927E-4 0.005342086872448177 0.005306250072360064 0.005131433105805864 0.0014694524818738936 0.015360649536603883 0.0013628216579671495 0.5768259191669742 
0.002253151724910583 0.017056877443930085 0.008363068663139323 0.003259017822229294 0.01360265333926244 0.005666831282913332 0.006631838310842742 0.003981387398181346 0.009035063678044485 0.582715764162133 
0.0018877757002287298 1.49302358604471E-4 7.822814122284335E-4 0.007243497960123379 0.004431186567910782 0.001555143447735871 5.262663366587461E-4 0.016179263157052884 0.007411693651848161 0.5758138531195899 
0.0010208906144280848 2.0851314018175245E-4 6.092152684050452E-4 0.007939406209789984 0.0024439180962878646 20.602600912779717 0.00147768648494519 0.015175780346277564 0.0018917995627596947 0.5764796589016172 
0.0016448393500023348 0.010891907957271284 0.0011048411790583958 0.005312414113156222 0.0052743260329907605 0.02202335679367113 0.001450687891060219 0.015292070922146246 0.0015627198176338024 0.5769437072752457 
7.682772395093847E-4 2.859702579157519E-4 0.015910683244540105 0.008077591702047675 0.0040006213462334015 0.03914198785651934 4.4148446112882286E-4 0.009440731659304723 0.0029125366436042748 0.5760502859265569 
0.0019022895344968295 2.4461913424832124E-4 0.0014608529283626512 0.011607064090260202 0.0017390433951817701 0.007159117401014662 4.283040972996027E-4 0.008922812762190502 0.0014989873169163437 0.5763464606000307 
0.008548845375003432 2.7448035649737184E-4 0.0017258042996926718 0.007094554793953057 0.0045999785714618165 0.020551397719699386 0.0062345217446976315 0.02434801650075278 0.003647430400100395 0.5765732737722932 
0.0018334042636361583 2.443315851789562E-4 0.0012776153417177214 0.009669831748509543 0.00710432569758052 0.009804544116430372 5.555671573754995E-4 0.002364093815874627 0.0014608867202694747 0.5827180200963894 
0.03322916041296362 0.00217927369889726 0.0020420680840983214 0.006516999597726048 6.463669846655349E-4 0.012466079468444526 4.555476561157348E-4 0.024009992753943867 0.003500439792876148 0.5767951237195084 
0.0024328430713840376 0.006269587789145059 6.251992035657815E-4 0.009700044967050495 0.001250279068021441 0.00622787994361353 0.0014594554295902504 0.013213427166566368 0.0036044535302356606 0.576278101157483 
0.0033963428437132855 0.0020976701094459135 0.0010239763450120235 0.007403613803477802 0.0010561948571667255 0.006116535785554641 6.759122372891383E-4 0.02557878442275042 0.0037102181295973944 0.5793642289491578 
0.026931432513954193 9.183794276486646E-4 0.002021248339836035 0.06842818709996891 0.005085429678801643 0.02408021800272775 0.007289100587170246 0.009352755507215083 0.003877381912568019 0.5761090350568557 
0.001569546604120224 0.00111217501157248 0.0022204863680556834 0.007773123486714991 0.0036003050080075784 0.003050245940757984 7.245882982458132 0.01347516869408268 0.002855687834268555 0.5771329506996133 
0.003328448034309797 2.3314866634855934E-4 0.1719472461542696 0.0141594431442907 0.0037185938206908483 0.20092552321630167 0.2664393556880369 0.008734069655693696 0.0027192417674393294 0.5772455001302609 
0.0013341374898437185 8.42965805522868E-4 6.888852597220618E-4 0.006250179752085025 0.001099226365353413 0.005312607882194028 0.009140101527460982 0.011025559182805867 0.010032358089559592 0.5758662302586097 
0.003039510297599973 0.0013580017325799973 0.0016982180084151883 0.007004135266173761 0.008490193118857547 0.00889668276087708 0.008074984645336562 0.0032647531812599034 0.0018591453395598839 0.581495667988801 
0.0020341713673294086 0.034120612749324666 0.0014925466734254846 0.010220403697243826 7.93438147466365E-4 0.006773159513090679 0.009541339021612019 0.014392513702660389 0.0020224024314364772 0.5765798297773467 
0.0031797797595457603 2.5205286974709054E-4 0.19063756044654415 0.0033581912988725274 0.15588470016627548 0.004410119248485697 0.27994534269678456 0.0059536187124164105 0.003923076053457403 1.139532343078403 
0.008684350789302882 3.3066872872067766E-4 0.0014101644542536202 0.006548184440125494 0.00422392905994485 0.0060647612280142335 0.0046434633359221005 0.014777583915836626 0.0022679337225608074 0.5765530588049593 
0.001542922541983111 0.005663254972484926 0.0016996839214921955 0.009143814803139225 0.0043717448789935805 0.0028365987422164915 0.004574968753195922 0.012994487073391668 0.004610672664612525 0.5767877211826228 
0.0018627021444028188 3.563672126161974E-4 0.002481468002859639 0.01081070330139166 0.0016403768972158778 0.0031917135846884505 0.0037737361006227356 0.009028668377432183 0.004462466075453851 0.5755679140160124 
0.006024694292685682 4.029998778841553E-4 0.0014062930769503915 0.005661712178191808 0.003601135824485355 0.00209488645913627 0.004445150192129545 0.02335555310848517 0.004536681271404083 0.5765795728277125 
0.0010194521420273544 5.559505430992589E-4 2.1075383737675747E-4 7.303536226482804E-4 8.86275343489445E-4 6.066648879915913E-4 3.8078531082001894E-4 55.33178556728275 9.50538633182553E-4 0.5768305899326964 
0.006866737493882015 4.0381914371480533E-4 0.0014031708603768915 0.005659060005454935 0.0029107946462985953 0.00209488645913627 0.0014054608839576422 0.02334136905299901 0.004536681271404083 0.576608649179845 
0.0017460911011767325 2.0741490832339884E-4 0.0013861975653425562 0.011538271905962499 0.0018145362364546756 0.0035253930851214662 3.6292150163578845E-4 0.014879990635267758 0.001462661448342413 0.5763464606000307 
0.0015880303661265614 0.0031979531327231267 0.0039009073419158332 0.00809590222155136 0.001375323388696364 0.003088983540097293 0.0011424742531165911 0.014870116766088445 0.002297349697053537 0.5785116511367461 
0.002092360517710016 0.004657153548636309 6.819953996428214E-4 0.006158613036872309 0.003842066570447082 0.002697632269861979 5.262663366587461E-4 0.016179263157052884 0.007411693651848161 0.5758436516362512 
0.0018824943449808483 0.01632077135454244 0.0013708238199259053 0.011375736929485823 0.0018316052267041698 0.0035253930851214662 3.6292150163578845E-4 0.014904947383194247 0.001462657314471392 0.5763464606000307 
9.49557719869724E-4 3.8087785637898753E-4 0.0023383241391351324 0.010046359741972216 0.0013494680625850343 0.001930183910763814 0.0012468022247026005 0.012754672317733272 0.006252685703786984 0.5763344327720907 
0.0019506362751635972 6.210134598156337E-4 0.0013666498107640528 0.006415160525844216 0.0013400618211247073 0.002623659557402563 7.462224567358418E-4 0.022612933928551137 0.0015030542404275238 0.5851839505478739 
0.004035601493413591 0.0021328062093319768 0.007412210796563873 0.0056289471650931 0.0018413417336265966 0.0033183047839744433 6.464673663283126E-4 0.015508967344633957 0.0015811667157016914 0.5771924775975491 
8.664985637553224E-4 5.33094225580106E-4 0.001251102802384733 0.00704029052402416 0.0011184959800492238 0.002145101902031857 5.735893669814125E-4 0.014190572610951507 15.959603051076076 0.5761885685274775 
0.045959533107761345 4.280629607685027E-4 7.989095165496954E-4 0.14405425428270352 0.010452149763793337 0.003821541896338325 0.008406416904976496 0.007879506032045442 0.03158625841768737 0.5915049772346052 
0.0012015898014983396 0.0012906110532634183 0.001379623653531797 0.007863002519251419 0.0012907692081323902 0.0032653756745688713 0.003948213387455833 0.011288957662747094 0.009691338805588935 0.5758097371855464 
0.0010094023961843676 8.544905267219253E-4 0.0016733151527928182 0.04246394911303845 0.0010740045734531675 0.0027364194064654805 0.001019119810957837 0.010869437944364088 0.014835096551070457 0.5763344327720907 
0.0011961713330756688 2.3048230946779146E-4 0.008573989694263534 0.008280805430096549 0.001319745884831174 0.002798134094620703 5.106368872157359E-4 0.010364853820880949 0.010353545783328814 0.5761813920585687 
0.09131768886544775 3.9000378027259565E-4 0.0046028139977014925 0.004197482321831571 0.005110716623951772 0.010140360238803634 0.0016108025587186106 0.007215844999425914 0.11162426914880581 0.7691211572580724 
0.0034808191498348472 0.0013775232113306724 0.0017239551449554614 0.04316069823671462 0.002687172526362355 0.002609984045960348 5.515460148493304E-4 0.007890687287465377 0.014428185978348556 0.6025408651029704 
0.01096223379830839 2.520528697470923E-4 0.190679056375074 0.003625831937010218 0.1569772110788862 0.003693084014460355 0.0014106883229719367 0.005309628100541927 0.12095256804638956 1.1356144875165328 
0.002225581836454188 0.017056877443930085 0.020960688996775823 0.0036428133565876647 0.01521464567619873 0.0061141584134630795 0.00669497005443494 0.004395571986713302 0.006256266496999962 0.579613844626872 
0.0019334147978591204 2.4535901336340707E-4 0.0016715892688064227 0.01275369088682784 0.0018701720284560615 0.004048247888760834 0.0011034757640705543 0.008918691258521889 0.0015030542404275238 0.5851839505478739 
0.002219820951004673 1.5374386015450334E-4 0.0023583750378893004 0.009590499490450818 0.001944664944101533 0.002921143275930297 0.0010066142698493764 0.014608873174039564 0.002049397053405966 22.03714024372634 
0.6279123417807645 2.8933895614477825E-4 8.083032828941304E-4 0.14832652940965957 0.15712431090154882 0.03191005362700712 0.001543567070373349 0.00916870397441201 0.003543229813823173 1.8453777990883684 
0.004765732439398045 2.3487526742624665E-4 0.0023892538590986412 0.01335368881226068 0.0010729462837131283 0.02091915209824632 0.06641236676528249 0.01828710487373717 0.003592226732070121 1.7137638563580355 
8.891452747475664E-4 1.3523669947897639 0.4440892492454546 0.06236841573633902 0.44577228023153465 0.23678350088573383 0.0011641517598170049 0.014371600125159293 0.0020079989865621644 6.399614202478785 
0.9694469742855913 0.1397865827358381 0.1950004638819752 0.004140380446401386 0.005780229443156124 0.0053982080363489 0.0014623037697731908 0.015327030411085966 0.0019044916544976578 3.145441701010445 
0.001088338426161933 0.019239184700711332 0.0014866531178128325 1.0190382313339383 0.008672419260292651 0.00968353816460308 0.0017710752125308167 0.0026681728538373623 0.0015347532104638135 2.1353836553316494 
0.0020553173784600676 7.469280621385094E-4 0.01450179198413927 0.016722054725039667 0.0015208696186505837 0.003830570872461006 5.353471257456655E-4 0.008704367461322119 0.0034320767041917614 0.6707296056697644 
0.027196656326950494 0.14099883074442424 0.0014702337922657255 0.005540730733932761 0.005093160415780709 0.024702669700000728 6.663572590688584E-4 0.009435880877414506 0.003936883951862347 0.8363130991242022 
