0.8925798556884662 0.06429920328739269 0.0 0.0 0.0 0.0 0.0 0.0 0.03770839623416332 19.3004664061739 
0.8925798556884662 0.06381228496264625 0.0 0.0 0.06697703401642195 0.0 0.0 0.0 0.0377298348488897 19.388095777908863 
0.8925798556884662 0.0 0.0 0.0 0.0 0.0 0.0 0.05879047626946632 0.03770839623416332 19.309209124225834 
0.8925798556884661 0.06429920328739269 0.0 0.0 0.0 0.0 0.0 0.0 0.03770839623416332 19.32041496516319 
0.8925798556884662 0.06422361443895204 0.0 0.0 0.0 0.0 0.0 0.05879047626946632 0.02108031033513157 19.29550008845868 
0.8925798556884662 0.0 0.0 0.0 0.0 0.0 0.0 0.0 0.03770839623416332 19.401374154021706 
0.8799940125061818 0.08216442904490638 0.0 0.0 0.0032930344090815024 0.0 0.0 0.0 0.0 19.27153246404555 
0.8925798556884662 0.0 0.0 0.0 0.0 0.0 0.0 0.0 0.0 19.452125175301465 
0.8799014604790069 0.06429920328739269 0.0 0.0 0.0 0.0 0.0 0.0 0.0 19.340443412125932 
0.0 0.8633119865463622 0.0 0.0 0.03439704982998089 0.0 0.0 0.0 0.03841333526695559 19.34197783498996 
0.0 0.8633119865463622 0.0 0.0 0.0 0.0 0.0 0.0 0.03841333526695559 19.382551922280204 
0.0 0.8633119865463622 0.0 0.0 3.3373184977650863E-4 0.060482577308293206 0.0 1.8894002849178127E-5 0.03841333526695559 19.376741080776355 
0.14404862725763035 0.8149420931385201 0.0 0.0 0.004530663876404555 0.0 0.0 0.0 0.0 19.374843148536144 
0.0 0.8149420931385201 0.0 0.0 0.03722728762977025 0.0 0.0 1.8842535160322334E-5 0.0 19.617884303235503 
0.24968224977496115 0.8633119865463622 0.0 0.0 0.0 0.0 0.0 0.0 0.03841333526695559 19.122357398604674 
0.0 0.7754014981125186 0.0 0.0 0.0046367348978879706 0.0 0.0 0.0 0.03972104927168538 19.61442003834148 
0.0 0.7754014981125186 0.0 0.0 0.0046367348978879706 0.0 0.0 0.0 0.0 19.644573620407193 
0.0 0.7826987215270397 0.0 0.0 0.0 0.0 0.0 0.03217483416508222 0.03764219787074061 19.84003145422315 
0.4578215765941781 0.8873390418863273 0.0 0.0 0.0 0.0 0.0 0.0 0.0 19.416317346271885 
0.0 0.7754014981125186 0.3547873593367114 0.0 0.0046367348978879706 0.0 0.0 0.0 0.0 19.368255086944295 
0.9177515420530351 0.9250875358478954 0.0 0.0 0.0 0.0 0.0 0.0 0.0 18.81232025709346 
0.8555791924519115 0.8633119865463622 0.0 0.0 0.0 0.0 0.0 0.0 0.03841333526695559 17.687949222195535 
0.879901460479007 0.7754014981125186 0.0 0.0 0.0046367348978879706 0.0 0.0 0.0 0.0 18.00258031980137 
0.0 9.895706802841308E-4 0.0 0.807953277529361 0.04497250288590029 0.0 0.0 0.0 0.03963368633803843 19.511589828022508 
0.0 0.8175868431060409 0.0 0.049548845033860575 0.0 0.0 0.0 0.0 0.7875331897438425 18.1702183647878 
0.8925798556884662 0.0016667330435547899 0.0 0.807953277529361 0.006586068818163005 0.0 0.0 0.0 0.0 17.860573014858748 
0.013604391771920465 0.06381228496264625 0.0 0.049548845033860575 0.033946693100037915 0.0 0.0 0.0 0.0377298348488897 20.840448827737436 
0.0 0.0 0.0 0.047960156527078524 0.0 0.0 0.0 0.0 0.0 21.058355499365476 
0.8925798556884662 0.06381228496264625 0.0 0.049548845033860575 0.024942501267773497 0.0 0.0 0.0 0.0377298348488897 19.207759107713056 
0.0 0.022001658203095183 0.0 0.0 0.8756506084265113 0.0 0.0 0.02840791846148507 0.0 19.379387411554912 
0.0 0.8175868431060409 0.0 0.049548845033860575 0.7933859383930223 0.0 0.0 0.0 0.7875331897438425 17.390687875034196 
0.0 0.0 0.0 0.0 0.8756506084265113 0.0 0.0 0.0 0.03770839623416332 19.697158047680954 
0.8925798556884662 0.06393189539016018 0.0 0.0 0.8588937794188723 0.0 0.0 0.05879047626946632 0.0 17.599597677923864 
0.8725453845047861 0.0 0.0 0.0 0.8124439806689765 0.0 0.0 0.0 0.0 17.847121127369135 
0.0 0.0 0.0 0.0 0.8296720872784702 0.0 0.0 0.0 0.7875331897438423 18.358410866474582 
0.0 0.8633119865463622 0.0 0.0 0.7832193614926178 0.0 0.0 0.0 0.03841333526695559 17.907644148096573 
0.8925798556884662 0.06429920328739269 0.0 0.0 0.7933859383930222 0.0 0.0 0.0 0.03770839623416332 18.118110692102103 
0.8903449369577242 0.8633119865463622 0.0 0.0 0.8838186735315067 0.0 0.0012950426003325232 0.0 0.051625346513872426 16.336092575672517 
0.019726403817279022 0.08099459660410024 0.0 0.0 0.025363143730345764 0.3091631347684934 0.0 0.0 0.03972104927168538 20.57077440510633 
0.0 1.0 0.3547873593367114 0.0 0.8011132945180461 0.31276291436955217 0.0 0.0322129889140677 0.0 18.51308515408707 
0.8903449369577242 0.8175868431060408 0.04204058273838329 0.8007487660846995 0.7808042862273339 0.31276291436955217 0.0 0.0322129889140677 0.7875331897438425 14.937587591606945 
0.0 0.0 0.0 0.0 0.8756506084265113 0.03964823553543794 0.0 0.0 0.03770839623416332 19.460880177255934 
0.0 0.8149420931385201 0.0 0.7900331852097822 0.00632084922195376 0.021295175900368335 0.0 0.0 0.0 18.146407141685252 
0.8903449369577242 0.8180583177571491 0.04204058273838329 0.01983102851577444 0.0 0.011181470397013471 0.0 0.8361206194683796 0.7874692022497441 14.843712973153867 
0.0 0.09343727701239957 0.0 0.0 0.033826590851621416 0.060482577308293206 0.0 1.8894002849178124E-5 0.0 20.81346863709376 
0.0 0.8633119865463622 0.0 0.0 0.0 0.0 0.0 0.0 0.8054500449120189 18.013587753177923 
0.0 0.05801638469971806 0.35456031742021193 0.049548845033860575 0.03439704982998089 0.0 0.0 0.0 0.03872744271991337 20.58230145386173 
0.8932795908374066 0.7971456576244452 0.0 0.0 0.0 0.0 0.02139092951448396 0.0 0.03770839623416332 18.75466046377939 
0.848431392532073 0.81494209313852 0.0 0.0 0.03722728762977025 0.0 0.0 0.0 0.03770839623416331 19.13530828003998 
0.8925798556884662 0.06429920328739269 0.0 0.0 0.0 0.0 0.0 0.05879047626946632 0.021080310335131566 19.24777747428742 
0.79344564967715 0.8633119865463622 0.0 0.0 0.0 0.0 0.0 0.0 0.03841333526695559 17.866754186879426 
0.7902869027335114 0.08216442904490638 0.0 0.0 0.0 0.0 0.0 0.0 0.0 19.447188169153534 
0.8805180470654308 0.7897907133944033 0.0 0.0 0.0 0.0 0.0 1.9467271113063533E-5 0.0 18.121864142050875 
0.8805180470654308 0.056725531659701164 0.0 0.0 0.0 0.0 0.0 1.9467271113063533E-5 0.0 19.326569986474897 
0.7902869027335114 0.0 0.0 0.0 0.0 0.0 0.0 0.0 0.0 19.5885861509355 
0.9177515420530351 0.7971456576244452 0.0 0.0 0.0 0.0 0.0 0.0 0.0 19.07661652200771 
0.8925798556884662 0.8546478629643794 0.0 0.0 0.0 0.0 0.0 0.0 0.03841333526695559 17.89554417084499 
0.0 0.08141601296210256 0.0 0.11212116344442895 6.481525472983252E-5 0.0 0.001297064079598339 0.8361206194683796 6.682894289304289E-5 19.134227828193364 
0.8805180470654307 0.8180583177571491 0.0 0.0 0.0 0.0 0.0 0.8361206194683797 0.7854327186709706 17.99157463003513 
0.058949500885446926 0.8149420931385201 0.0 0.0 0.03722728762977025 0.0 0.0 0.8361206194683796 0.0 18.16581324952071 
0.8925798556884662 0.056725531659701164 0.0 0.0 0.0 0.0 0.0 0.8149101847593339 0.0 17.855366758282223 
0.3509693673460876 0.08216442904490638 0.0 0.0 0.0 0.0 2.1125405530429467E-5 0.8361206194683796 0.7797365805091218 17.592877749629693 
0.0 0.0 0.0 0.0 0.8756506084265113 0.0 0.0 0.8361206194683796 0.035494912756909726 18.031476619253585 
0.013604391771920465 0.06538356697340209 0.0 0.0 0.8537536161209686 0.0 0.0012950426003325234 0.8436226823061697 0.8874702334543733 16.21285939436993 
0.8903449369577242 0.8180583177571491 0.0 0.0 0.8473352496524139 0.0 0.0012950426003325234 0.8361206194683796 0.0 15.147998795391134 
0.8917052916114252 9.833357190261324E-4 0.0 0.0 0.8473352496524139 0.0 2.1577735618751687E-5 0.8361206194683796 0.7901416400768295 15.137276669924104 
0.018583592817095103 0.06429920328739269 0.0 0.049548845033860575 0.03439704982998089 0.0 0.0 0.05879047626946632 0.0 20.784093783096676 
0.013604391771920465 0.06538356697340209 0.0 0.0 0.010118156802164817 0.0 0.0 0.0 0.8887927976300722 19.334485213126104 
0.8650096467691786 0.7754014981125186 0.0 0.0 0.0 0.0 0.0 0.0 0.7308093578966023 18.4784357850971 
0.0 0.7754014981125186 0.0 0.03752612204490002 0.0046367348978879706 0.0 0.0 0.0 0.7831960418554842 18.178751075987943 
0.8869678146682832 0.06429920328739269 0.0 0.0 0.0 0.0 0.0 0.05879047626946632 0.7792191467943266 17.80191769288987 
0.8925798556884662 0.9012743501510313 0.0 0.0 0.006586068818163005 0.0 0.0 0.0 0.11552173570547651 17.611695741458924 
0.8805180470654308 0.05675598161184535 0.0 0.0 0.0 0.0 0.0 0.0 0.03841333526695559 19.30685198840201 
0.0 0.0 0.0 0.0 0.0 0.0 0.0 0.0 0.0 21.120162560761912 
0.4462899278442331 0.06429920328739269 0.0 0.0 0.0 0.0 0.0 0.05879047626946632 0.021080310335131566 20.831690503998257 
0.0 0.0 0.0 0.0 0.0 0.0 0.0 0.0 0.03770839623416332 21.054114450201148 
0.0 0.056725531659701164 0.0 0.0 0.0 0.0 0.0 1.9467271113063533E-5 0.0 21.00419076885995 
0.002170564391740339 0.0016667330435547899 0.005867000451722282 0.0 0.0046367348978879706 0.0 0.0 0.05951970760126806 0.0 21.01410677337841 
0.0 0.06429920328739269 0.0 0.0 0.0 0.0 0.0 0.0 0.03841333526695559 21.004234312278854 
0.002170564391740339 0.09059139070694164 0.0 0.0 1.376501112907633E-4 0.0 0.0 0.05934256858757271 0.0 20.896479702373718 
0.22824781356175816 0.0 0.0 0.0 0.0 0.0 0.0 1.9467271113063533E-5 0.0 20.868630268932836 
0.3661775878304158 0.08216442904490638 0.0 0.0 0.0 0.0 0.0 0.0 0.03770839623416332 20.65370640086999 
0.45936517496261414 0.06381228496264625 0.0 0.0 0.033946693100037915 0.0 0.0 0.0 0.0377298348488897 20.884640230493076 
