6451.239983868233 0.01638415697889819 4.453251081664341 0.024460840842655266 4.95568246332903 
30.633193628903967 0.016184956361996506 4.3755143765199795 0.031445141548880035 4.94378994483257 
31.590726210609592 0.036258266238506476 4.368222596258316 0.024807660427278385 4.959918255077474 
32.89389086019504 0.028307888622329355 5.6788399425267775 0.03627392265542988 4.910120644537453 
213.82983540928169 0.013975447467925988 4.745539273666554 0.18213095451868297 4.713134869516909 
23.053194557634825 0.027271557397024818 4.39526451832772 0.03557504228204647 4.921847152758922 
97.01439688276659 0.18096132340628662 5.420810198022295 0.023350846399799303 4.959122640941399 
27.035042228471962 0.030485175832450796 6.36092120535127 0.021135607647766983 8.809594362291636 
16.304469124143548 0.022376670594323564 4.404541240362867 0.04075741378510271 4.904410628682048 
220.0263359678522 0.9923545999639415 11.490729006469271 0.04387201294103517 4.886756941186378 
31.77905914651807 0.03273104894961381 13.94104173249452 0.04052833782292378 4.884949345259946 
14.959074826503361 0.08869766762491961 4.384539097509245 0.03583588890432233 4.938076201863642 
16.30637543016141 0.03017426376156493 4.429742057148572 0.05316381357485825 4.850184250423792 
12.613567222253408 0.015289977696640079 6.336323664161805 0.04762870537042036 4.937181291456064 
60.40950763659008 0.4608757239061947 13.532429772532273 0.029805043116414874 4.944521618735793 
32.14641871682489 0.04091809387334415 13.967059795101477 0.10563712065670404 4.799116696359519 
53.83845696153334 0.7360643383401053 4.4235113039388185 0.07050002076196973 4.865748733518177 
30.40401920765032 0.12457665841647927 4.498133754485418 0.18898999244335962 4.7271312288208325 
3.218997098555096 17.261206744753114 4.418020698621978 0.04954896575410667 4.852848155837966 
2.5963774380581746 0.2480704206284687 4.9547521596967785 0.02141861947612761 4.967026299127652 
2.5495198283770457 0.44292569070279686 4.60412981091605 0.032671852962978185 4.947620822535744 
2.559013644018205 1.043038502179923 7.28186606175042 0.04921426437588572 4.860483207838682 
2.5547885704421214 0.17763893928162688 4.8911858906702 0.02646136207608217 4.9602162994562615 
253.59366366197227 5.154395539961581 4.385145732681272 0.01977235727461833 21.38127709532305 
31.341617329756755 0.5669932373257387 4.746179217515731 0.024029686372070976 4.958000999779859 
2.9995245117150873 0.331557433860602 4.425532838773297 0.04176844073209639 4.922232112670172 
8.26608046552647 0.4592307621822525 4.927835592523423 0.05335909363265456 4.869246109812462 
2.482867519923115 5.606545644461405 4.66337753422085 0.5458685765284951 4.803699904557282 
2.5569656790686057 0.7346626038246462 11.465870057928518 0.07439779036148288 4.859959011022024 
2.551146268689526 2.2862213685393673 4.450818574703495 0.28259319960100776 4.77738872894619 
2.557424878591431 0.2435533539564784 6.39659511172837 0.04251133701122018 4.895471320226562 
2.5498743939212782 0.03613705567531425 4.42316579976987 0.0218044616759116 4.9659224967642395 
2.5859274504339598 0.27477882131747045 4.642055569416009 0.05554982396471713 4.674289570013375 
5.142416059154799 0.260445183572349 4.495808087756567 0.05508408788357137 4.811592207971757 
2.48271881068403 3.4338536566238873 4.648826956649592 0.5259731081514233 4.840242762740779 
2.5518122951864655 0.060056351803243535 5.0206267072406385 0.024449756078456324 4.957555441711251 
4.798449038081593 0.015681928944339608 999.4706126146858 0.020790921966205068 4.9661631518498766 
2.556838167711024 0.04257317958108768 25.592269912522017 0.06344674952809509 4.878071194200874 
2.55561611196379 0.11854421323107507 25.591452963390388 0.06410749941558624 4.879914697618382 
2.579855273231818 0.05179380250383374 19.57798145613715 0.0620032334548281 4.756255192733464 
2.5627698445653584 0.025101322530482546 21.04060778069849 0.0939813425100639 4.825704909920891 
2.558690294535438 0.014358144871437084 11.464840509313994 0.12908410094142025 4.789070488550792 
2.5630824779309687 0.6387269072354514 11.574579379258733 0.14126320734507075 4.770516114614746 
3.9312841978211384 0.03034173995878802 6.706543355661642 0.11858669295950802 4.787797641109845 
2.5599606475385976 0.016579620855630455 13.814113700948068 0.5035556031219145 4.720432724157983 
2.5489249196870847 0.03877170838540691 4.757143836448549 0.12590327198789386 4.788441084122618 
2.554057060016346 0.1250227912219056 4.71413937080574 0.18837980664079546 4.727270697174809 
26.36992441636338 0.06763664478733171 4.699952180396021 0.20847993892014652 4.683241109928895 
2.556353101879715 0.014354182736755943 5.552529880381773 0.1553860558561443 4.738825808784673 
2.5742167767511086 0.32508172528918805 4.607050425849534 0.1002615677786432 4.823657151443111 
2.5828153513660754 1.726065845678442 9.156005572204702 0.7449611138845355 4.599285148850228 
2.5005722835091144 0.5480955721740166 4.895368445600188 0.5125452203556368 4.87212031823742 
2.548066527603481 0.47177409290162187 5.4748506080331385 0.25965662981268695 4.962120605928385 
2.551932733321013 0.017176993565917956 4.5046377094986525 4.679851272639236 4.610083561018687 
321.7273986163663 0.3652571276575364 4.37352079154033 5.685359197401616 4.942664463946654 
2.548115059305763 0.0842019861497755 4.403443262565234 0.3967312557442164 4.942226555012374 
2.552013231879175 1.9445102331733206 4.371467522870922 4.589386634520061 4.9671152268364995 
3.069918550959073 0.252767790358749 4.39852139456246 0.511376520346267 4.883245892558919 
2.45629345772925 0.5508684288360473 4.9562471717936365 0.7254874401786786 4.863052439506913 
2.5548194168946665 0.09288006417333851 4.429571957729251 0.11122800918273226 4.815412487203499 
2.4595108068392917 0.5179172066416557 4.551792801917562 0.5634011798841948 4.7425139326230905 
2.48231193198801 0.5056930317201334 4.486805367958655 0.5140786953035102 4.868217158943954 
3.0684349345942437 4.682419106799591 4.404219675779046 3.078912110752564 4.8831087235213095 
2.5542921952782027 0.483509017584756 4.454670825172431 0.28879018277024854 4.86058763343173 
2.5512767296422827 1.9034506285623047 5.531136333195067 1.0411015507416637 4.740007843683281 
79.53425150520526 2.454300164342341 4.441854430172939 1.2375295046440622 4.776998940245194 
2.5539257238142574 6.861969497166546 4.439457187333452 3.168822925133885 4.8556785040355805 
2.5549854380476806 0.23818932061515924 4.471641183602673 0.09458297296264663 4.826274156672693 
33.922771989106955 2.1745118241727543 4.48575513986269 0.5736890833214043 4.688983132092089 
2.4536074394134064 7.055775842384601 4.386933918259401 1.2639184375765296 4.683042391379034 
2.5636153872414598 0.015260601796741687 4.391614424326436 0.023492797355103418 4.962162168167389 
3.563928159861921 0.05384208563925452 8.198953379767723 0.041449994504792614 4.899929118195102 
2.5607149190276517 0.015511368062868522 4.368620872109411 0.024956748428948683 4.960341754356669 
2.574232278407285 0.01582487592319585 5.499406748881106 0.023653757540400347 4.956647279248267 
2.575934097190007 0.018560157710566523 4.390285840270756 0.03212816295877733 4.938140135870412 
2.5594736650544676 0.036262112808315185 4.4176409801639185 0.031845957444794945 4.93979844776899 
2.556687133235921 0.022694394022774997 6.343054856417115 0.042074126293071834 4.899986393607295 
8.441892489932124 0.03101701197657319 11.4564281663319 0.020554707414527584 4.967249239396184 
2.551384439185177 0.1306400031314809 7.29859883307734 0.024389056912220434 4.955400835501653 
2.555972012684949 0.13414327450261035 7.318743436739203 0.04186046186259097 4.918130621808483 
3.9413339930175226 0.154241696580135 7.289833390099666 0.03848391278277434 4.926562547318839 
3.9110245318287076 0.1287363404642788 17.19556496900154 0.022714138253121262 4.958800128744408 
2.567730374809446 0.022054559971612264 11.551306544567407 0.08186119220925658 4.850367798855985 
3.0699202674650783 0.22435843653628823 4.398250604622362 0.059383993622955496 4.882686607073655 
2.5548717856905543 0.04040812098702702 4.4100765548893825 0.03845828602447536 4.927933396423597 
2.5534501678856025 0.11537250923072503 8.215515532201177 0.09533321266562834 4.827763910666941 
3.560897974769658 0.015154678221252795 8.138829815439898 0.024114181225018162 4.959704964409349 
2.663969145536687 0.022460400982404805 4.439151675034701 0.0552322174758436 4.8560839808387435 
2.5878130451197383 0.08065934691868551 4.534646688585554 0.05416860060027365 4.7168313654830065 
2.5819001477999994 0.0523921515477939 4.523663288860898 0.05406793347980859 4.755243860363271 
