1.000027126733267 0.0 0.0 0.0 0.0 0.0 0.0 0.0 
0.999540024402731 0.03461020161556114 0.0 0.0 0.0 0.0 0.0 0.0 
0.9992506617265797 0.04501818204362453 0.0 0.0 0.0 0.0 0.0 0.0 
0.6867842993267099 0.729075266035557 0.0 0.0 0.0 0.0 0.0 0.0 
0.7301582936301277 0.6851682009503395 0.0 0.0 0.0 0.0 0.0 0.0 
0.9947557954668244 0.07065683617210675 1.8964798235437683 0.0 0.0 0.0 0.0 0.0 
6.135717270472662E-17 2.132001577885873E-18 22.49961557287314 0.0 0.0 0.0 0.0 0.0 
2.41262427058593E-16 0.0 26.789463096786807 0.0 0.0 0.0 0.0 0.0 
5.187147388634275E-33 8.33740532797856E-17 17.34642605768178 0.0 0.0 0.0 0.0 0.0 
4.2647240861706224E-17 4.847794798679477E-17 23.84399637264921 0.0 0.0 0.0 0.0 0.0 
6.286066790708258E-17 2.1575249652982607E-18 20.84126256638096 0.0 0.0 0.0 0.0 0.0 
6.124535724898537E-17 2.1198886594754196E-18 22.518939702477695 0.0 0.0 0.0 0.0 0.0 
8.940260652752522E-17 2.3071025764757227E-18 19.71507306542705 0.0 3.3422500344496737 0.0 0.0 0.0 
4.325756680075198E-17 0.7067326336541222 15.962609964676723 0.0 0.0 0.0 0.0 0.0 
4.4222299361141784E-17 0.7281224666135038 15.616079600205444 0.0 0.0 0.0 0.0 0.0 
0.7094004738677695 0.024995539506912412 15.409474991609203 0.0 0.0 0.0 0.0 0.0 
6.073890995974331E-17 0.0 21.97984865677626 0.0 0.0 0.0 0.0 9.413043257430951 
6.33627639444641E-33 8.250429259383515E-17 23.05896726194581 0.0 0.0 10.809180201923802 0.0 1.5247596702968798 
8.430647855326497E-49 1.4156854733887888E-32 1.6447045302370165E-15 61.035073399994104 0.0 0.0 0.0 0.0 
0.737057953204904 0.0 0.0 44.53242094982898 0.0 0.0 0.0 0.0 
2.990368018171598E-32 4.1795911396002465E-16 0.0 51.049473362473016 0.9052529441439252 3.432424323042629 0.0 1.15733135257987 
0.6727298789853556 0.0 11.994231923574674 41.27659141357943 0.0 0.0 0.0 0.0 
2.3282142970272526E-16 1.51820901796583E-17 0.0 57.22397904897264 0.0 0.0 1.0845319796523434 0.0 
0.019781534055700073 0.9652345348986061 7.314075847731693 39.65229241507365 0.0 9.896835239014097 0.0 0.0 
8.170302404139311E-17 0.0 0.0 25.582468256812913 17.576568015264073 0.6651438666991127 0.0 0.0 
8.757589314006506E-49 1.0724401640569914E-32 1.0634100672188175E-15 43.92419937117946 15.227804473141138 8.08736636714098 0.0 1.511511256785803 
1.1210422597274664E-32 7.13129922279252E-17 11.636522313823955 23.888084697435353 18.088159621992776 5.367291902560153 0.0 0.0 
1.4261642089174663E-16 0.0 3.000662125194798E-18 41.04444705401213 0.21402921907587064 24.910441955788215 0.0 0.0 
3.6731575825669916E-50 5.609474434449184E-34 8.456207541520075E-17 2.472369909902296 51.111551694926405 0.0 0.0 0.0 
3.751043896103551E-33 6.1302192624008E-17 0.0 0.0 52.51848712187202 0.0 0.0 0.0 
2.427562249260998E-34 4.3386492784086095E-18 0.24571403548234014 0.5132368987957738 15.478462034408624 0.0 0.0 1.1071305437099899 
0.7119320019265166 0.028119561221146085 0.0 0.0 36.90105684865473 0.0 0.0 0.0 
3.84852667781458E-49 1.6748600832112217E-32 1.1199953353254831E-15 0.0 42.628936834979484 6.543335939437549 0.0 1.4221906436109677 
1.0566611641515502E-64 9.474028616617924E-49 1.2671862083221691E-31 3.312428378918127E-15 29.29258143096252 6.490957823119437 0.0 1.42715046739362 
0.03480858099007704 0.0035195856079078486 0.0 0.0 27.256562338545084 0.0 0.647154164420131 0.0 
1.550794942610296E-34 2.0233270226411842E-35 8.268980324888372E-18 0.4366737107110157 16.106611255446637 5.980666615852529 0.0 0.0 
0.8914477187403166 0.042579775757490376 0.0 0.0 27.839158688112658 0.0 0.0 9.71259023833879 
1.3585388653089153E-18 0.28198060560512506 0.0 0.0 1.0336472257804208 0.0 0.0 0.0 
3.3606133251070636E-36 5.822350781763572E-35 8.95581485436302E-18 0.4386375532653275 36.104083810538064 5.397215753479833 2.0324895113215025 8.927677348849866 
2.0199161207070976E-50 2.7338019518544076E-34 2.2099987199484612E-17 0.37007830350686904 11.000981671257003 9.59168321873614 0.0 0.0 
6.796804118532301E-35 1.4364997310791592E-17 0.0 0.36923490692928834 7.353559331318714 0.0 0.8358313295950506 0.0 
0.9075715516674551 0.035271991200014396 0.0 0.0 0.0 25.02141505424954 0.0 0.0 
0.9861797404406119 0.03891700418042663 1.886793359531478 0.0 5.254775150504036 5.770965944132433 0.0 0.0 
6.119871070002547E-17 0.0 23.73206411783409 0.0 0.0 22.5626020566863 0.0 0.0 
6.124667052782783E-17 1.0002862664913572 0.0 0.0 0.0 0.0 0.0 0.0 
6.12372152628947E-17 1.0023517216445654 0.0 0.0 0.0 0.0 0.0 0.0 
0.9997279547490362 0.03420734169127447 0.0 0.0 0.0 0.0 0.0 0.0 
0.67169144639917 0.7424910518575389 0.0 0.0 0.0 0.0 0.0 0.0 
0.4804990147893206 0.8896467472667094 0.0 0.0 0.0 0.0 0.0 0.0 
0.6842643571068051 0.7320816949322784 0.0 0.0 0.0 0.0 0.0 0.0 
6.125671614112904E-17 1.0002232890041525 0.0 0.0 0.0 0.0 0.0 0.0 
0.705002511840408 0.7112645455510761 0.0 0.0 0.0 0.0 0.0 0.0 
6.112682365846788E-17 1.0016833593029955 1.3972014908821737 0.0 0.0 0.0 0.0 0.0 
0.47345223102751566 0.8917608144420541 0.576033135576937 0.0 0.0 0.0 0.0 0.0 
0.9454651325105359 0.03693560929323019 0.0 0.0 0.0 0.0 0.0 23.43017907535749 
7.662713707225696E-17 7.951929920737678E-18 19.22315255265951 1.929291649048555 0.5992410675632581 0.0 1.7982683747477823 9.246416808279879 
0.9995761487106237 0.03460092430156558 0.0 0.0 0.0 0.0 0.0 0.0 
0.9995867461823148 0.03455949906943528 0.0 0.0 0.0 0.0 0.0 0.0 
0.9995940113760365 0.03448156560310573 0.0 0.0 0.0 0.0 0.0 0.0 
6.124163949770128E-17 1.0004724734034482 0.0 0.0 0.0 0.0 0.0 0.0 
