9.984087518843177 0.14812624188142215 9.200244974408172 9.497659805116633 9.489267942114969 
8.296663667289039 0.23858223621636016 10.407676613209818 9.936498871346593 9.927189449299892 
10.19452438364829 0.1551411438422411 9.9528380516729 8.639729177962264 10.040433911062959 
9.385853187471147 0.15740080070247192 9.791185350775613 9.880346249248483 9.211787228446502 
10.232526655628169 0.23715215521034116 9.058406738905534 8.653595243137872 10.07807693964514 
10.517168071916736 0.23538268422488845 8.494063952002351 9.621197528663991 10.517168071916737 
10.426480316651418 0.2997642509423865 8.907909000508477 9.196474529568581 9.347975637563614 
10.466817777140754 0.2639659346487904 9.869225721421431 10.341436227510712 8.217771913382741 
8.828216047769052 0.24199609936328575 9.101383344207962 9.550025040193672 10.093698262752213 
8.64140505148617 0.22457250295182032 9.839646088923931 10.324411222053332 9.466287938932275 
9.446786918409067 0.2888439476849668 9.13017578382422 8.722112217251556 10.157923682521943 
9.500266408179023 0.25153500168601517 10.14136353998868 8.78767130744869 9.536530972587826 
8.865088926913996 0.2659439903675288 9.232593898571047 10.43370197814011 9.17846218134878 
9.448096916714501 0.3409144196135165 10.067557788776915 8.363115666611213 9.239316710660626 
9.522611980860221 0.3483856471519165 8.870963173750965 9.210786167065008 9.327218010944142 
8.557530466307627 0.30093776309608333 9.305930170779904 9.453329649006218 10.491552100922691 
8.595964244313704 0.31353030706709034 10.664307592304276 9.787834670207854 9.422286245325306 
8.590360309718486 0.33226190430514824 9.766003563104663 8.587704983457039 10.06167451162656 
9.48557669489726 0.3173206399670527 9.914060028968377 10.392614383756746 8.25510650496191 
7.7597287731473115 0.34914371699100133 10.383486127523497 10.26159297234396 9.904115756370782 
2.0320918055498054 10.620744201973327 7.345270324467643 6.153709422516507 8.447847676838045 
9.261475899055696 1.6323363186228463 9.105766477677836 5.525902783339209 9.395161657117095 
10.010609751489955 1.2504921739974124 10.070060015511643 5.69657974904896 10.617327881215163 
7.836601773993471 0.8074794708832821 7.970016765362507 9.848848999451949 10.72219631993398 
8.233918123036904 0.7484515201893319 10.233306783370992 7.564926344181831 9.26258822489626 
7.487008842118235 0.6432688538776774 9.25085180474577 8.673776071979946 10.101579765934305 
9.48117243643412 0.6749684854295264 7.834893857808414 8.362971573046512 9.239157520457677 
7.848448229971063 0.5928066043411928 10.4173470323874 8.43535660333256 9.204088011009391 
8.635784507632252 0.5391192162033455 9.096399173878902 8.130042213477823 10.172804622914 
7.810824313316502 0.5096568615427425 10.395841778463772 8.545378156943345 9.915900988772973 
7.789807506713042 0.5092148450812095 8.520731904985007 10.24583439153154 9.888906148180029 
8.547151068511969 0.49108059947891836 9.868792177340351 9.456047538626814 8.239757129229574 
8.958335174543226 0.4486102889597147 9.938694940882986 7.9202191615588 10.193530094364098 
7.9691770768404355 0.4284391215582115 9.30672460774322 9.44822155984477 10.460805823342758 
8.14080664148413 0.4317865501907203 10.270569691875933 9.832772857494463 9.455660393694005 
8.849141255274022 0.4196001872742426 8.857823193775793 9.151128181421575 9.266805899741327 
8.24387108183574 0.4064069665379351 9.153537995253696 10.376508880399218 9.313991423791062 
8.578601452213965 0.37062899910487 9.322594086831158 9.46912557995103 9.278205321838778 
9.443990892938286 0.3704854402813613 9.842517475700236 8.15077114425013 9.561772449396004 
8.12613051912596 0.3659873548213847 10.27001728830851 9.829317164110295 10.3888902035181 
10.472701959126129 0.013774732335510844 10.19387929556025 10.626516511598398 10.340629784540427 
9.939736882640952 0.07955156278590805 9.863673501077498 10.349622381218337 9.489403648564261 
10.246697482487216 0.008921247020069259 10.000235072712462 10.401985501306466 10.401985501306466 
9.340570556439223 0.0644344210447885 9.995845103895144 10.088514131926232 10.374887758426336 
9.400548608097282 0.11834705620104259 9.834357245710303 10.314632277161525 9.461196782012378 
10.243070489913501 0.09322881481488414 9.050805881737334 10.397024705048114 10.090583929041346 
10.379560238578152 0.09306858232405488 9.111803361955566 10.467094963659484 10.158588944466995 
9.357785367804413 0.14453723451833222 9.050157197877999 10.396279535811319 10.089860722841635 
8.785102097051427 0.1357492057737079 10.359074013000798 10.06252721727784 9.880830666457705 
8.98629102380762 0.15350744230355712 10.034158014683529 10.090054594918255 10.308141388646314 
9.784721121818126 0.12434671736454503 9.785913409870117 9.874628499505373 9.206456373360018 
8.640406821402028 0.22377602459756363 9.838619136966004 10.450979310784177 9.465344573291976 
9.952763408131435 0.028888681583421363 10.339533306931957 9.871440558037705 9.862192088576425 
10.221880206260469 0.1585566943574133 9.039778568822609 10.374522101820448 9.166250697077336 
9.994800999523118 0.11124174778237858 9.207165300905194 9.5060193751418 10.38198866086504 
9.602300866705532 0.17982488883610478 10.204200864813602 8.752801386591399 10.46264507105986 
10.228887807783135 0.058910895718164255 10.039707404038776 9.557686903322926 10.211647280502858 
10.501218930543606 0.1632508478036341 8.729018594386428 9.990030059111248 10.498600972346587 
9.054733464037621 0.2070613665285752 8.995216446569717 9.884710207682522 10.434615054262531 
8.892888774010395 0.23548781140508748 9.025167349299705 9.917622811365042 10.469358647412452 
8.837528959408624 0.1685791212559097 10.041813583129196 9.572485097181948 10.11743694796505 
9.649413631569455 0.2076728676565784 10.208492972301219 8.864042059311524 10.349314125016171 
10.257572322340419 0.15160322480060265 10.014283014232658 8.692464991905487 10.410861072095352 
