0.30584751854588565 0.12950022751301746 0.529635168417684 0.5649278991887212 0.6636621372274756 0.09330122442611039 0.452542940295934 0.10523658747819659 
0.1851444996738416 0.025276691058052886 0.875605930989652 0.0013809639453453615 7.604377713989356E-4 0.45275336139902395 0.0020061038469860594 9.102591391834488E-4 
0.2426806575856032 0.038424402069608635 0.8292905962568726 0.053281489775015796 0.5208809471207394 0.11615665677250968 0.5638420196772093 0.05316725364168391 
0.21087972686550138 0.22251713787969127 0.7564481752899704 0.725255547871091 0.17133254737103673 0.1468634313226796 0.49885694687513615 0.2452352376244923 
0.06315520876019418 0.18372309163127082 0.5058757717563588 0.44735520226316206 0.5713343007753952 0.6852650228658049 0.5130620978431243 0.1806586223844542 
0.04562875651417986 0.1205796592297281 0.7986079217956643 0.31262950862585837 0.05896794783266541 0.05144003302482175 0.7389541645637983 0.14498730696392476 
0.05010318446969334 0.128892647311351 0.7469878724307667 0.013928246146186263 0.7113238849022747 0.0785878649837239 0.32557107040554295 0.02793668417440191 
0.02853840683136895 0.12020248026103048 0.6076301255885109 0.4262706151525393 0.7285773392502073 0.026624539692402967 0.10138006563109037 0.31000714529979934 
0.2062287220041008 0.12018794243248601 0.33054573385086244 0.33173882100533114 0.399450155155638 0.07974905216873926 0.891202226425032 0.11955038575424685 
0.1979686806681366 0.13248979217554677 0.16239125950614935 0.05491078753979779 0.9741833821752207 0.6797610009795323 0.3582093647367863 0.31917891486589955 
0.0012317359089007375 0.0017566931197003934 1.0017100936592627 0.0016569428778041662 0.0029074051668913684 0.0036785208522693326 0.0018156117981091725 8.076126072433953E-4 
0.002107981365014331 0.0012011913694475779 0.9208827308470777 0.0011208798142630816 0.001596983939308178 0.006924705810363104 0.4081940184245189 0.003393365744009342 
0.0033197179894808053 0.004350242145886828 0.802772363527419 0.05778812249026897 0.003055022525570654 0.5992968083045338 0.002584150025506722 0.002396370935064127 
0.004684955169018713 0.019422376394509607 0.9259053525519879 0.004004871459514772 0.4013529680232651 0.00656055475603035 0.004074988856205727 0.0050084892851528255 
0.00878240874047974 0.011470405062333853 0.7982706977230806 0.5124158990581794 0.3855794805821598 0.02926222400384068 0.01103473239853404 0.0035815288740336407 
0.04252258759878914 0.06262366897849335 0.9019344474196396 0.09328150181474884 0.34508656221051487 0.4206878812477865 0.1015138971031477 0.046396614879797765 
0.04452785583396032 0.046180639708513806 0.7317574227047577 0.47524873690374964 0.22852042285831514 0.7258120223907014 0.06718178788789558 0.0600523837807027 
0.011566979837313104 0.011619924799422499 0.7430354636129586 0.27225859088276577 0.32824222108491513 0.04384784393169831 0.6122862972268456 0.010643944810614621 
0.0021325691238458745 0.0013262075397752363 0.8503129026825254 0.5382118824792735 0.0019144098580008255 0.007464615981468723 0.0025686298122791604 0.0011332864147450504 
0.0029866958886685274 0.002322533876080826 0.544041149830472 0.0017569682452738282 0.0016193626142272134 0.8433563231389408 0.0014399704445728816 7.328339879186541E-4 
0.1367765207858107 0.034270692325966134 0.642760100612462 0.003328135669275485 0.005114150243603184 0.006563830073641509 0.7621410794110354 0.0015170524038988955 
0.02038119041172788 0.015096369872311631 0.5386979138703201 0.796553294052267 0.015868679610853295 0.3250918285327963 0.007533189068347233 0.005695555162913991 
0.0013634251665178587 0.0013690165318745269 0.001677037861838994 1.0021818625429544 9.875038277154483E-4 0.0032159328135134245 0.0023093767751682687 7.99665726901691E-4 
0.0686634085585251 0.041551665954996916 0.46811107310222533 0.4651337951273692 0.44183329376408914 0.0380185299072343 0.6536745009149415 0.032206762854049324 
0.013555682723219376 0.006428755613761632 0.026063131438775547 0.9285230189724333 0.4108526217389256 0.024554086495692802 0.01477113243406962 0.011277040575160427 
0.0015486057469563622 9.83082084869566E-4 0.0025305637752941006 0.9291067111815295 0.0011784172259487742 0.37871329148972893 0.004484294611062578 0.001439174804353817 
0.0012278072552362686 0.0016661770012156285 0.0014954648386200874 0.6545157477804117 7.524467179339834E-4 0.0012680547822772278 0.7589706707495799 9.296630733212807E-4 
0.0018483951120811452 0.0017605744425373338 0.0032705060925352805 0.5144885100650278 8.572727547851352E-4 0.8635498489995803 0.001598887586401546 9.197481754646344E-4 
0.001984820600086179 9.524367096742991E-4 0.5148173087016048 0.7601858293261791 0.0016641492754800359 0.0038223966057823675 0.4070038167781812 0.0024240457823732162 
0.002380951096046666 0.0026808936915369524 0.004916383356396664 0.7014775667596305 0.7187892086775662 0.009523322933089846 0.004650211355824714 0.0045536162028912315 
0.01695708291872151 0.013047555012763315 0.05122901646332777 0.6487405936115407 0.6541250656703955 0.021284230871036182 0.4076611672881326 0.006062438393841483 
0.031469786970836786 0.010186089802336356 0.037845608032434815 0.5196024179706922 0.5293955785321682 0.5880875632701094 0.449763476601322 0.015413914382404864 
0.01935087367213614 0.006001232397883638 0.00609313032632115 0.6964800859747561 0.007459451139133071 0.36761079043504385 0.6441639883331034 0.013572543483711272 
0.0018016161076040353 0.001695324282315716 0.0028062474929618237 0.396089764003582 0.0010574053182324827 0.6645985231830615 0.6399908510430503 4.5916335700318267E-4 
0.001327184846301094 0.00145864314700169 9.511882260545309E-4 5.427142754997499E-4 1.0044161093957384 0.0032244749770351344 0.0016415623940338592 8.005318747302493E-4 
0.0023539902418125624 0.002559981687921649 0.012842530230817101 0.3494254362646759 0.8751725864079 0.3443276136280115 0.007471780826260502 0.0013961242315866913 
0.002162052136083985 0.0034798077195324685 0.3736647026192474 0.03287136453440275 0.9313902567228133 0.0017973799388991982 0.012099467423725006 0.008367034401981733 
0.0014497081393422438 0.0030428296885648795 0.0014029997731127548 7.766236249514623E-4 0.7315041244925902 0.5829032671137377 0.36415121771804126 6.824867967919934E-4 
0.13955723077487278 0.07655498237542123 0.09296426374777217 0.08529285932915484 0.8714261144173805 0.7044154563114257 0.09156037360770332 0.34532541424751806 
0.04342216951497432 0.05696857254322383 0.05553379720748939 0.07782537961061131 0.8490478615450772 0.0740782168520652 0.6366325956759381 0.2790821182426668 
0.002899140747252993 0.003990994222743971 0.5016611575772025 0.49598498336773383 0.7204093678225313 0.010217807253993832 0.0033507668615788077 0.0017235652026474817 
0.004667793184179506 0.006930422258558548 0.7004966187432453 3.736761978314791E-4 0.7199049164364334 0.004215868514365233 0.003691408446721739 0.0028815828488229713 
0.002715098219544516 0.0026979091983073554 0.008597150146057221 0.2488922782850589 0.6243129809882727 0.7447668703321777 0.006097065815641291 0.0018367189277298968 
0.0020176427546494714 0.002730335751923369 0.2484277033878832 0.019945755015771775 0.6244855880990386 0.7441564191108416 0.007908573359013286 0.001867014696978858 
0.1459209748628818 0.020501485802111388 0.6876731517792252 0.0023898346351535348 0.6683997775927527 0.25976854844463926 0.005700366558649645 0.002761290652714817 
0.01614453893670006 0.05540965116838251 0.010807053985814014 0.0068016979942487 0.7087514708977494 0.24112129196734283 0.743609217475496 0.027478698806436008 
0.0015443404728971266 0.002352631631474237 4.5497060183722043E-4 7.074808060923036E-4 0.00118725737266545 1.0033865443337826 0.002265577972916644 7.018121308154309E-4 
0.017960325808538184 0.019303866601241497 0.33082757482762676 0.016846730616757778 0.3553965336217485 0.7383474702325238 0.569301633721609 0.02733825570286704 
0.0015009600574580582 0.002541144719139256 9.993609841483786E-4 0.0015577967502424454 0.0035640960952953403 0.9452116141853062 0.34295565364767905 0.0019130839363589124 
0.03079652932172071 0.013232948414192133 0.20578419088647776 0.0030699989997859368 0.21287339229219082 0.962438537239069 0.004060122645714853 0.00617256093417921 
0.023216227752535193 0.005123459538649374 0.34746272151356655 0.17455152191085674 0.027923701042177687 0.9396271169762185 0.022729554372924888 0.029810281492264685 
0.11805844847934745 0.027337391676671725 0.531507294741887 0.0027029083069130084 0.0010887465799368173 0.8441231202872945 0.010943566947223423 0.001292487688163299 
0.05353074936895448 0.01205356664681952 0.336189634348055 0.0056007343892941494 0.3526953117666587 0.8858947619238328 0.011538784364664127 0.0036361422987298848 
0.08179410109625004 0.03815095297135605 0.3443989081412881 0.016429339147974377 0.3564513813969902 0.8664811496101292 0.023223701315367513 0.1654233346619483 
0.0013764836542479316 1.294902554811197E-4 7.681968996727857E-4 0.0017157961656577854 0.5032587010573708 0.8680026770275509 0.0030396509166849294 2.364750254482484E-4 
0.0034476665116567385 0.003104096896216084 0.006748784497232005 0.0043003277991153785 9.040004364825647E-4 0.7909654966473716 0.6282909476156169 0.003063204056493969 
0.00242074614450918 0.0025828575808238704 0.006967618678626952 0.2848397244442149 0.2932053335635729 0.6782115290678836 0.6212854896916618 0.003715108579217093 
0.003197511857973356 0.0031854780778807655 0.45667086011261915 0.0030532959240927335 0.002700840379913975 0.7056568326440669 0.5503383427702369 7.553229346267751E-4 
0.0018845645805263232 0.0014178512390539055 0.0024065840579348056 0.002031672964932209 6.068956238481994E-4 0.003924550719969191 1.0028610906498263 0.0015368563983886247 
0.06330150176790827 0.05623892857890575 0.5080574044228616 0.03364215972398706 0.026760230726013436 0.27692377194056106 0.9262780327825296 0.1278851849078951 
6.588203172732195E-4 0.002916372581471828 0.529855195280326 5.958375240719376E-4 9.691402077010113E-4 0.010480866716345884 0.8514216942191959 0.0015829297350136804 
0.002739145881918085 0.0026571219485849043 0.00486683691271615 0.13206539132212322 0.33081389530390615 0.3952691019618541 0.8500667750786411 0.002201123405611568 
7.333036725890565E-4 0.003954589353128938 0.0011594889083204195 4.057672320128268E-4 0.5297758105009639 0.009161791027121086 0.8499126754752664 0.0014902623912189101 
0.004627603131786733 0.006135887937755981 0.004269586397832736 0.004704257398450084 0.6632295144424635 0.24126512800107955 0.7221387278605312 0.006533558130907921 
0.06316248618213195 0.0440928842352076 0.664528715787928 0.01624787874607186 0.45793117068887146 0.16891771171756867 0.6542250460053491 0.006804101406684866 
0.07223934776690497 0.08391174520658255 0.22608954573027348 0.10348861277054346 0.6736008074507559 0.7770122344493096 0.6775851693924283 0.06193219814632045 
0.04959194814277004 0.013675307047458401 0.6401190857323301 0.4082849122834626 0.5111445346148651 0.01100013291526869 0.4064570193938916 4.5994312991679394E-4 
0.01376951632106756 0.017639841348179346 0.5272231319049464 0.003174160042840777 0.5396187464604092 0.5954962625146281 0.37528750639513864 0.01726634122010435 
0.07843290188213528 0.04906913774912236 0.68264215127898 0.25548469360809295 0.4817787950457358 0.6679498223737805 0.027060969356818548 0.2559010078669516 
0.028078355352048258 0.04892552469385892 0.571148261416774 0.4093879484937705 0.30989247371800605 0.5820341781809757 0.40066628259373555 0.26125484434305707 
0.05301156399351596 0.10750483745439267 0.08012829175349576 0.8508766244271784 0.3136587046408343 0.4500359709098384 0.633701896080282 0.344942282216349 
0.03105674441779144 0.03139070458921609 0.03337688530017241 0.5493310106603773 0.022656309508273114 0.8414271410012686 0.023735080476511603 0.24420889745471852 
0.01604235151861117 0.06790970445539535 0.47338147706741307 0.6700057500434053 0.11201568675259954 0.05465218516363562 0.6129919011210332 0.2748560287600473 
0.09443244996739157 0.012558390978838398 0.4436313998225209 0.3322700109697279 0.03111451534410684 0.8226845062380307 0.4378259165157197 0.26997588041921855 
0.027465489366075426 0.08613792529379037 0.8277146745569179 0.5946879408270017 0.015192663940899525 0.024282656401834874 0.08230968815258227 0.26097831969613783 
0.0267554654059736 0.030593170466944868 0.6363562057042942 0.4991325330088585 0.11118836457608705 0.6521899415700855 0.05751971351587687 0.2737275181124289 
