419.07651747556736 0.7853949451121561 0.7853963243757588 0.7853977036417836 0.0 
339.386331995942 0.5427409510226994 0.5427416450216349 317.55541518648243 158.6777089109029 
216.78182799727145 6.115727628631898 191.99403213173764 271.8113134734067 0.0 
361.2345083510943 0.5196301320940486 353.0259099159962 0.7265668672357501 207.33346078277944 
212.55945095802693 0.398856653509515 207.73212450654157 243.089089447138 166.62180449797475 
306.255570308166 0.41295456375916917 495.41192838511853 0.7853488249652043 6.512951882430729 
290.6120859208542 151.64268135316698 530.7388618813371 0.7853488554881016 6.975629941251601 
220.9124110470223 212.46245951139258 0.5734932132692974 286.7913985324461 0.0 
259.9059269149058 259.90592691490576 324.16753085608894 0.7607016497014158 125.89094030890548 
239.42658559245487 242.9185657911217 0.6816975664886668 0.6816989280468391 195.15489844380605 
162.86800125391756 156.63787285675065 196.1812564970473 280.0021721262235 134.26498587285784 
185.2747706814125 1.9992648771305814 399.1558411347114 0.7204828913259492 190.96777040496715 
109.83520289909563 111.43746026845353 0.28713433124336885 336.9173622843255 212.54742011182577 
125.48243919298824 0.2835810834128413 0.28358180757415086 6.507932828601395 324.0231126881611 
99.66700117054398 224.83552190192597 373.0788017284499 11.293477906474688 0.10044196917796594 
90.78548674934613 209.3826714065076 346.2153897807692 157.7918630454452 149.6682988649828 
74.12133439311305 167.24213517451636 394.1036115617057 0.6932685325629792 231.31981033693665 
62.46268489984687 0.11110388938170136 0.11110406514012632 136.92931173394618 415.1105909988731 
0.7853957768693558 486.65702762486035 0.7853967996662786 0.7853978224645227 0.0 
33.57795623668572 100.07486777229504 228.0281190946569 245.9318207512281 201.16220641416132 
0.5578300442994665 355.2326922676582 0.5578307320795102 352.0799288947 0.0 
0.8310831369592558 485.9472567175056 6.709649240521885 0.7743720501637428 82.30325084297594 
0.5637698207815364 297.46582747929216 288.3267728493987 9.591660887397774 4.633739956278754 
4.265488470041408 340.3156913405507 101.06057249088371 332.189843003767 165.99084417133434 
0.33870123346354986 194.3017441853088 3.586452409815306 406.4922302054744 0.0 
6.5678590328517465 366.924672436217 0.6365333331635549 0.636534290666624 265.25249988835424 
0.5202288076941056 301.59357226902165 292.32562705999624 9.655094506420456 175.53081522901053 
0.31564686829788924 174.43505815293682 264.60625935544124 296.54743672189 0.09753045828063378 
0.3486387790184632 193.25222857172108 416.2945184137461 0.7743720104313297 77.7256252226134 
0.45409729478226546 264.9032458104936 150.1130848485344 17.232568272096643 341.93108770475703 
1.9802196536109193 195.97145025155777 422.2167704290524 0.7441947703166689 157.02604472469804 
1.8674713949993091 145.63003810436416 222.594585907615 251.40409649614034 164.2429916997517 
0.2866535944824842 149.14556373559165 0.2866541239277891 327.0472442746872 194.38132581034074 
0.2049863670058038 102.03194008592035 362.52930535651745 0.7566328959413573 104.83076344079775 
0.09659454947611162 53.279984031421314 325.9371442356411 272.1938139160399 67.16053913260743 
0.0013633865971112826 0.6863981446218438 345.56841276652494 3.804166264701948 192.13670728166943 
0.6085696084772816 0.01598116248015755 301.28612621485087 211.04336502141064 125.58378428982878 
4.3858709825558926E-4 0.7853978776590057 1406.4479435533037 0.785398122577656 0.0 
0.14912984972148757 70.02153180081247 293.80849189279303 211.57997757577255 0.0 
0.8297162630980914 46.66075722834663 484.31345027719226 0.7853977100380474 0.2601737937142315 
50.450231912677516 0.09000197960464157 437.3002028647107 4.790212987067302 4.719506436548402 
0.001244631341481557 0.7292716343734656 427.30555910772136 170.8388858949672 0.10340856506634985 
62.36383635705883 0.08916515071233236 542.0093648568284 0.7800546845384648 63.96748131906756 
41.103356573183994 41.0343624659655 504.3831856757916 0.7787907376413771 66.27523924066821 
0.08696190713654985 48.87398999263041 423.6522698417081 101.62700189853815 51.400870973022364 
0.6432884495442593 0.002907744401899205 344.3074658418012 241.16127269434617 0.0 
1.8794922784379324 0.9811864427892824 441.8933919684944 0.7747725736506003 73.43502403628793 
116.70386266389795 0.18177182484527554 490.5620460880696 0.7853978458412826 0.0 
0.6373378579103893 0.0166466247296675 340.03221212005246 238.1675303605724 55.82841649454154 
50.965890506857015 0.09639927510290788 398.6999197082566 0.7602561479253812 104.2218420088123 
1.6329632201228717 67.52797404120291 530.0760660765109 0.7602563447545431 138.55704973777918 
92.54111150150678 93.89148601162822 471.44849441107675 0.785397826457738 0.0 
60.41936059008792 0.13615256614244536 278.98600797591854 199.97466526548325 0.0 
0.06717928515983611 5.29737209737498 444.3285044814346 0.7458651541147965 146.58115356030473 
0.211673718042865 109.02307995098694 389.5525594452371 0.7853976699573478 0.0 
0.21072427862588916 140.75825761891826 500.7684634312618 0.7787357867325683 68.18702660619066 
0.006871520534700014 0.6955282937789572 458.86340454777434 174.56457778054576 165.615339625144 
1.2787302594075784E-4 2.9640798442562906E-4 0.78539807494189 1910.850288876319 0.0 
0.009673393749030647 6.4121839366200035 105.06040974344789 509.8646596138712 0.0 
38.6792291838007 0.08669206209071072 0.08669227983753895 348.27889979594335 0.001983225479175089 
0.0014250074236217404 0.7800256567365803 0.006556885594245669 426.98902922335424 50.062614172488516 
0.08613242971272382 61.129377467869496 0.08613251521346693 554.0462207002787 0.0031546882688041366 
0.0017428839127948343 0.9720375719069912 89.49166477816767 425.0070566098588 56.83780093531852 
0.006191735290944395 0.330472250502382 163.8140005628773 353.10279071059875 0.0 
96.9600447774407 93.24808058382662 0.15843886437186436 653.135676042015 0.0 
0.15939469252469876 100.05401425788008 1.8321111137733839 482.74142050324303 0.0 
133.39619717945578 0.19369442956737998 0.19369463375728665 524.1922805237688 0.0 
5.815741168258067E-4 0.34765667423770813 207.82446941725559 413.1588753742235 80.86443570468691 
0.0014898618388343539 0.7516975718172159 0.00643439725611429 379.27748392780785 114.78388018329659 
131.75808869869934 3.7022376646401858 111.45942355899064 385.1651429978406 0.0 
85.10475657642698 81.85068658619045 102.51949534404994 326.9328125043946 0.0 
0.005946517689872365 0.31359545544047995 139.4668802600133 300.54090007161375 110.39456314531587 
0.43082474082051786 6.097739836115912E-4 67.03391786209986 507.4126161270371 214.38962710610508 
25.545832841148297 25.502959280707454 313.1975297815263 350.5967223370428 61.5478604776061 
1.435314472231833 144.64617641597377 122.31534370570535 422.7753502370919 0.0 
249.52565838307225 0.34003968792991485 0.34004000366890036 519.5189165870603 0.0 
169.11158659395764 162.63948157909977 0.33626069848983825 495.24962225947803 0.0 
5.971926987245279E-20 4.8090045958828913E-17 4.0101194954649485E-19 3.8726774662329676E-14 632.4567140497549 
0.13605828107944745 2.4114912234889986E-4 76.76530084955358 0.13605870849112095 436.42854133765803 
4.339785862051197E-4 0.2452779253268038 4.339792654989171E-4 138.62769017271083 421.693367850824 
29.461186912718556 29.891012494315145 35.15685181595429 117.90178715706962 431.3848235096086 
3.8997925549750747E-4 0.20637721593193392 109.21512028459749 103.21908761373602 387.51660450063486 
0.22773217992154557 0.11889643684389989 140.02765883208025 0.256901791764306 404.5435190826205 
0.09179486849655456 55.48907464538806 49.71748583935341 69.71187935321903 463.6721589462112 
40.794067179436055 0.4553865281579924 39.55926128555401 124.60510203770318 377.73282823452786 
0.038516070130069795 24.026982267218436 173.12926438530803 0.2677035036029146 482.09347227344165 
33.44416947957309 0.057704781401698 164.98960559796407 0.2904637664987203 422.92280204254797 
0.11113544705489514 53.85695327378027 0.11113568367071217 118.02354043305594 357.8176567912115 
0.22081346146726563 3.669084590301695E-4 33.09724504190238 250.13391515222148 399.6930601932829 
0.26027324979850863 3.5546951764821284E-4 40.81006585849659 304.2485930106757 486.27934901598366 
0.11989154566582588 61.24931614764071 131.9166095048311 0.2677034571068979 401.1524456020417 
0.001184011368056175 0.5268292347485889 0.0011840143582361557 234.41535441029242 259.1823068165985 
0.6828665790820622 0.0011217035548863256 131.69710958682714 284.00275402239754 361.39768243957593 
52.45124948984376 1.6941112584486868 187.74163667635761 182.40201872917487 336.2684259009706 
0.0010780257672615623 0.5268297656646733 257.4615482193029 0.5268319715756253 284.66389940379776 
0.24841305521337984 144.12873350484247 81.67424095895822 9.377369498867266 424.40394185772607 
2.28728641979677 124.21455134698539 0.28069920165565515 19.000184921924184 324.0971477520215 
