0.2871660422932692 0.021114362690174995 0.012324975281284376 0.024225638126158296 0.18055592962598419 0.2073253169704957 0.36718527765201586 0.14979132295716602 0.3621685025093426 0.9413868120275343 
0.2453628822152919 0.020655819871930506 0.02049598526465126 0.029951434557877264 0.20411918446380448 0.22631196954664107 0.3433259307358063 0.15221770163598486 0.36640632908098714 0.9261857386446457 
0.24472540321501426 0.030531512013503185 0.036788591871556475 0.01887177567687763 0.1734416530537573 0.2088535673133315 0.3649326983263067 0.1634783573963013 0.3670090118068326 0.9371406667081437 
0.2308513552817734 0.01675541789612307 0.024305493174202455 0.035471611113046454 0.1720140103785911 0.21242175304426475 0.34499205724076903 0.1532911351994697 0.36044434462424335 0.9309851710031797 
0.246499944450861 0.021781621240432036 0.04460460035341263 0.043406616215470435 0.18080926050812796 0.24040773332816398 0.34631069531624137 0.14935605848257916 0.3785936506173139 0.9259522229747631 
0.22189653750028332 0.017369778211622056 0.015743255594900446 0.020469028898364033 0.17265045310447477 0.21056305666873598 0.3509626956041493 0.15130577914573676 0.36309754889019424 0.9337931917198998 
0.2314042277223506 0.028066828000520606 0.022524498279492496 0.019815620719265133 0.18268809440004963 0.2275920498547372 0.345483441394697 0.1446953679190843 0.3598296584815954 0.9342626333031676 
0.22328564846398385 0.010527460807014144 0.01757148722784143 0.03478149584851649 0.17020827731829347 0.2084284852643879 0.3535695931401301 0.14261496641472665 0.36301681914083367 0.9347171268138822 
0.24457524939537884 0.03670737415161224 0.019965400788184328 0.02170682911848312 0.19327579822480445 0.22873909506631493 0.35957117942265904 0.1884494732135392 0.34382570880318797 0.9374262538127507 
0.23540448546517878 0.02316822279734182 0.036288885662933965 0.02639484403269806 0.1976562639790189 0.21660328107823118 0.34870718406530116 0.14200191388099823 0.3617256495184581 0.9461434858621404 
0.20857677266962646 0.07348968929757303 0.029638066465963932 0.0234946237705144 0.16973636407547535 0.22648933563459278 0.35728560858467123 0.13986429973646264 0.374987680419725 0.9636458279081292 
0.21678551272111188 0.03746833731250633 0.027058712055217843 0.04059205717141254 0.17145750482422473 0.229914125519531 0.3483435011714087 0.16298718405137727 0.36451039510482225 0.9454591273320355 
0.22502063103309186 0.040571946969408884 0.025128377036575514 0.032937308026340144 0.1717411933872957 0.21850381284102202 0.3500778968833952 0.14601517533960312 0.36257991260100453 0.9285537697416121 
0.2192639151732023 0.03630864264452009 0.01685001123088543 0.028998068758426004 0.16986813629255096 0.21863500061041066 0.3598938399980054 0.14603667948784332 0.3626137345576254 0.9260117247330694 
0.22465002339615042 0.03213012933347445 0.021880591470725935 0.021456936504201857 0.17529657571979157 0.214079789909405 0.3414365981201008 0.14761706753683648 0.3644614190357187 0.9395832294678732 
0.21966302988360725 0.042724755352537294 0.03846958881753951 0.028206214524393168 0.17916295743686686 0.22796766238624147 0.3393350285009198 0.1664919869210053 0.3667015602900539 0.9366433119970874 
0.2180013491762126 0.033183721631577845 0.017467435438795833 0.023119437591703762 0.1723631940329385 0.22020583745411085 0.35843006434452573 0.14570890205558854 0.36062923452414175 0.9499381193249948 
0.21803672964255677 0.03469241484029496 0.03137239086907366 0.021546413686522457 0.1793341566944545 0.2178378945375618 0.3621860999023529 0.14514126138612665 0.366176334210593 0.9293561463356582 
0.21298932192620823 0.040601563377477355 0.02770217697452171 0.0365403662323426 0.17432907027339375 0.21086643540729416 0.35019392390857407 0.14888315949536043 0.3635340283279249 0.9745575460097763 
0.20620429367234183 0.045171433686510616 0.034153616570255854 0.042558351792598176 0.18304077371439023 0.2251702656672231 0.3861106644623516 0.14622810093065516 0.3598625652674512 0.9631122116335755 
0.2123867340739315 0.02466175324220682 0.08582980480804137 0.03755911934246742 0.16667918386215355 0.2254018495701609 0.3508842040528296 0.15109677935905064 0.36439566406325374 0.9393382822034603 
0.22207000468195795 0.022576412666123445 0.03252715343181942 0.033356181701377906 0.16830214116265277 0.20750735844861243 0.34745518554117427 0.14707987375045542 0.3610436693291768 0.934364913882047 
0.21976172108974168 0.01596284513004235 0.0647608556522226 0.06237983404411208 0.18166089251177445 0.22746823960402313 0.3442100750424137 0.1580195678375517 0.36665231895572753 0.9255483574767923 
0.2163306743687366 0.02906073635487215 0.05349931073963924 0.017826714793225642 0.18640060012453472 0.2148923059250111 0.36418599653285827 0.1527347671468005 0.3617380023121317 0.9608590541454409 
0.23572741729974747 0.019391833400258643 0.05099901458736631 0.021909988378657527 0.1855548905543865 0.21337028432549285 0.34946252346591505 0.14632203493305226 0.3577012839226025 0.9643757465701852 
0.2207601483354455 0.03483266252006139 0.059554896485997245 0.06224563505930403 0.17164182308378056 0.22847263566958076 0.3371088246106871 0.16949103345068378 0.38254857545589444 0.9313299186999027 
0.21505353329499294 0.027786717695130858 0.04397893128991549 0.01470436717717755 0.16535438963715757 0.20687377549244415 0.3621762697702492 0.1742725595396882 0.36754684991483594 0.9427926312160068 
0.21736626743902426 0.022436514896088534 0.05609914173917163 0.05684551686531905 0.19086407136690417 0.24107388822392314 0.3359252805443172 0.18417465015579912 0.3615795469019044 0.9336883493893301 
0.2224914478242963 0.03939991360963318 0.053427327404812985 0.03145982909747755 0.20078074424228665 0.23505126764054743 0.33439836693235164 0.17647405546191033 0.364782759954041 0.9400998413963841 
0.21386898964012657 0.034666617043413575 0.03818111247092265 0.03054853182476871 0.1699236639160113 0.22338288712726115 0.3530775356143916 0.16030221389850058 0.36175933103480884 0.9357604202855416 
0.21314042222969104 0.021224305718190964 0.03420715318522599 0.12145811118617295 0.1827232114435611 0.21282460911223997 0.3557847421736133 0.14727694199769176 0.36561055134655757 0.923989296212696 
0.22176376188133687 0.017845488601189136 0.026584788553163118 0.03666514590194886 0.18084932926226566 0.22496509810878385 0.3430512051906696 0.1442468416546631 0.3633979032767333 0.9394635923891321 
0.24378904553256264 0.07419442442887725 0.02395973927889846 0.10561073457197445 0.18244453457896845 0.2247454980224178 0.33889573199567025 0.16428524316400978 0.3760424045633087 0.9551685632477189 
0.22022013788207842 0.010881053159184716 0.01645224774693631 0.03774082480750762 0.1734997358976741 0.20945501196185423 0.3515257484601834 0.14272841204949538 0.3628186714304543 0.9360551685652502 
0.2256381247135373 0.028414100635977053 0.02880270624181798 0.03961247413841019 0.18019486064790158 0.20731506290040005 0.34898382665638894 0.14930643624081524 0.36162221046964904 0.9247616440450869 
0.22100540963368462 0.01914070686705516 0.02745395824652623 0.033782532802637835 0.17134588337702678 0.20861466894322322 0.3462998360283198 0.14526640067605115 0.3610952868728003 0.9370126288197065 
0.21810509717386806 0.025880500935875378 0.017692672516351066 0.03366375511796561 0.17243640280529818 0.2065516688652527 0.35997605155525914 0.15267218508613187 0.35898982625385634 0.927148694935975 
0.21278539743786168 0.03895109257174389 0.027268595727767367 0.04088429672444135 0.17965215176249327 0.2222846962585525 0.34666608406837013 0.15071979740665137 0.3633069617276249 0.9373624633128005 
0.22003401768147066 0.03362115323275254 0.02241422249839415 0.0420021517258841 0.168061395977087 0.2261599074799855 0.3642227720690519 0.1615398764023988 0.36538931489108545 0.9390446959588394 
0.2226223336451994 0.020872339758400853 0.029703403349080157 0.03485658455885771 0.16894684556944004 0.21065809160237653 0.3490410325403643 0.15508313294903375 0.3628008735589062 0.9284109674179799 
0.2285463539026322 0.024705697195895868 0.020870749900915735 0.016821245665532503 0.22256473062374107 0.21478575803137126 0.3420455451116183 0.14774958870121968 0.36750636960534 0.9350065165032813 
0.21646140027939273 0.02294213059669984 0.027626462409743542 0.027351935548973333 0.18369603957984396 0.21562405392611136 0.3539503148726998 0.16361755776005316 0.3505405826756311 0.9346481741978376 
0.21751316047340682 0.02435097637940341 0.013155596165885186 0.02870464235293675 0.196439975751947 0.20971834158344949 0.353741340497777 0.14198054759348813 0.358800551096298 0.9457199791569678 
0.2232370045655332 0.020628345183158786 0.03060381733329439 0.02270862466798239 0.18706267841447577 0.21003190350860967 0.339885759982308 0.15732912063686016 0.3609737865487657 0.9337241878299505 
0.2219740584637664 0.022307039389039912 0.024139081158568956 0.025923016319740595 0.1841368809001675 0.2133186753370666 0.34844265642840055 0.14969957621464708 0.3627940977642052 0.9297008247219386 
0.2153906570249244 0.0230776841429697 0.022329715970846202 0.02077850653217132 0.18353969877238074 0.21044236109911718 0.35119101398165087 0.1432601119737063 0.36295171507383567 0.942297583200623 
0.21684832524131545 0.025793261600247794 0.021076858419643258 0.01891589475127862 0.1830799958890106 0.219693640093199 0.3442416849853101 0.14590687253426018 0.36280154906270895 0.9464521276931679 
0.21811822695323152 0.03218539808282671 0.017470458568947245 0.020576242171015453 0.1840580394041169 0.21955260521010742 0.34836528995246535 0.15494359664764842 0.36313857397500515 0.9349672133163722 
0.22145206650757898 0.025231169848612123 0.02309064952429677 0.016596319354793748 0.1804389796107376 0.2107948591496273 0.35151413196707565 0.1485501160241603 0.3600456755488966 0.9315301913674872 
0.2240219401687472 0.03538354691865968 0.028210730343025993 0.024780905516837728 0.1784418790871786 0.29161868576028716 0.3482683803095645 0.14703005735969776 0.36814090997909266 0.9309712498721123 
0.2249549781257242 0.03059538485069809 0.037632607626611296 0.03325101191852023 0.1661285040158705 0.23559677257965278 0.36137175705276736 0.1675267127418878 0.37039027405448766 0.9455457628991547 
0.23801788255559253 0.013788800138271232 0.022557985539327724 0.022479622381697543 0.16905732686105804 0.26967222763295007 0.3562484824846573 0.1403153911933088 0.3904762500286573 0.9249380651529646 
0.21547367237484102 0.025296902322656654 0.027963491190485426 0.02421905770350277 0.18351858130004395 0.2513422563454994 0.3441523792500735 0.15383766846553226 0.36855782549497296 0.9397877441070369 
0.22944683269138785 0.02228090133314988 0.032828553447804484 0.06152616588860499 0.17006713774285484 0.2811565859581782 0.3361096335629843 0.1799221899996319 0.4059157538901767 0.9246075174488977 
0.22526332559142895 0.026258397734228472 0.01836267347611329 0.026586497218528533 0.1655605680674057 0.24848810802182414 0.34614465338057016 0.1529156757189471 0.37133139174032176 0.937912752576189 
0.22608927963076772 0.017631617758775385 0.02212911450514867 0.034316612153351314 0.18282094199937982 0.22748795712881342 0.3411512599442416 0.1438897455016071 0.36292878439815734 0.9381736166690261 
0.21278023982181654 0.02020846854658913 0.02282845854133041 0.019149124539523797 0.17484246809894255 0.2294769274074489 0.3526493766889729 0.1611542819728035 0.3609169101546094 0.9551974929485791 
0.24140411028354938 0.0355470137392175 0.0512684426802997 0.04388063103985656 0.16639145268252717 0.24226173401767742 0.35298316812877845 0.15094733548739883 0.38023162846753794 0.9229828927544768 
0.21628128002280314 0.03138323289329144 0.020568043345609254 0.01929408925343492 0.17475193805165462 0.22586457304245192 0.34805014108750637 0.14517286154494866 0.3619558723998116 0.9420302410833706 
0.2244483156447948 0.01788643467180061 0.03336410478354091 0.04218558818134302 0.1723702651638686 0.2103061669170453 0.36723721586477487 0.18162786158242425 0.34246952212391646 0.9357745287031983 
0.22725115660916745 0.023052945907591025 0.020151327103480388 0.025789694312494792 0.1717795756661893 0.2107379100137897 0.36743033108080086 0.19134201232632236 0.3753066735918516 0.9250964337862563 
0.21874250018684585 0.027338749980325268 0.02727476807443887 0.024114187929745345 0.17680109311003958 0.21574287388592764 0.3547583909702653 0.14189579084617387 0.36245307146080497 0.9400033640343121 
0.21730079012512613 0.017102187259982977 0.02253423439672511 0.018719520185359988 0.175143018820416 0.2089401841723216 0.3516681536439975 0.14434116292403854 0.36021102121799176 0.9437361413916614 
0.20891207843651904 0.03574692018040232 0.020250206636487786 0.01634566956640485 0.1750657551783397 0.2210213977417136 0.3698153682938482 0.22093729232415488 0.3627676002299089 0.9334113166391714 
0.20272069038021642 0.033909892720864664 0.03257680222601811 0.03372769606381722 0.16524011587175616 0.22164073604176548 0.36005764176202715 0.16626096172147406 0.375626464309359 0.9482491221133562 
0.2202613183208923 0.023622836759533222 0.02497392146980322 0.021023371228935703 0.179196568480008 0.20832324074093897 0.3493825980081863 0.15044248175419328 0.3592166773957357 0.9266924296238416 
0.21606200194453898 0.021550535737096446 0.026223817152548408 0.029367597415079733 0.18180700205091316 0.2180088973306208 0.35448686634279525 0.16293547010063783 0.3506510738226587 0.9362987987825774 
0.21688911502806235 0.030253689161001407 0.029313408581205888 0.015666475529007802 0.17445733425563564 0.21877279279200842 0.3658412256407678 0.22981132891239348 0.3595317782295314 0.9345842546674648 
0.20896211677067933 0.02095259705874613 0.032543618958338474 0.037559452039490904 0.17384289739229908 0.2196018454392391 0.34153635812519617 0.1855726678756766 0.3689795978472979 0.9599095651940208 
0.23919702216066324 0.039480819564275293 0.019790468185174635 0.02046141456294864 0.19056963279444672 0.22891008941123278 0.36198199808059417 0.1864517554542862 0.34282873398515823 0.9335438973359313 
0.22214174569244655 0.02062572160037419 0.019757770601664275 0.027489534243591053 0.17465213100133428 0.21717057465394674 0.34430560932839527 0.15975239528098598 0.36319274921233796 0.9551926093328321 
0.2198321020240994 0.023823344316186896 0.023285201849293502 0.02697534625426564 0.17737532822674842 0.20812943355377683 0.34822075118739443 0.15577110822037205 0.3619842025484532 0.9244255814466493 
0.22414192281875153 0.031530724778914034 0.032819082773927186 0.02778935853012547 0.18172000577754388 0.20872644813312607 0.3466667709792542 0.15879412473405546 0.35874665342842244 0.933476004508244 
0.2234367648546454 0.022837764149650525 0.026036036850829777 0.03614572373779883 0.16708376929013094 0.21821147660242662 0.3390015812630269 0.1526002840236367 0.45639338368973514 0.9268908156687199 
0.21438727778187078 0.030624996880414892 0.00975687759304578 0.04365956810673584 0.16629075922578276 0.22835218319856365 0.36104480573190895 0.17134109701870087 0.39212386798708543 0.9323417126322926 
0.23781361158947878 0.028134102565822418 0.0565287053990759 0.044032402063957275 0.1771619763355358 0.23897066420258725 0.33856477213878244 0.17928217745388791 0.4012783773514696 0.9507246842342033 
0.2175242912888353 0.02714613417801741 0.03388963841620067 0.034416291305557595 0.16390700111985482 0.21300618291570952 0.37581169428890726 0.15402737687568532 0.386478597007096 0.9257803959352664 
0.2191012175554194 0.02249570151935689 0.030850538869219957 0.026521719508218952 0.16416571131928226 0.20796054918290788 0.3586495190017165 0.1614603638605148 0.37457796388897935 0.9457219598573973 
0.22331249888932614 0.029898919504244968 0.018662077327590468 0.018638706361795092 0.17188018345133924 0.21157215217695488 0.35618222453453197 0.17840817045719332 0.3756017313092557 0.9260197050960537 
0.21987990950601952 0.017388380089638184 0.017454535474437514 0.020511138164006085 0.17297211674345198 0.20911103123470448 0.3556613486203911 0.1516248296868367 0.36236473723049706 0.9334268518795171 
0.2177419661087751 0.012090714982281855 0.029101249215444637 0.02725954669590434 0.1752940289577077 0.2156923705991239 0.34500051868246884 0.1458944054013878 0.3646772851688414 0.9297830712122945 
0.22644399027698386 0.033999059905885406 0.015607921360963947 0.021113459076712412 0.17768966247592008 0.22624751151455144 0.3447618096321673 0.14699284140082863 0.3702166597850896 0.940441175018769 
0.2047913561344516 0.03640074749951003 0.022657864155377468 0.012191520133427251 0.1685421002829043 0.21348286740741404 0.3623005403255437 0.1507685701539604 0.3838155322848409 0.9406383962579707 
0.22767533463460332 0.02301930827066942 0.03195606074020832 0.017754832366366154 0.17865575829675634 0.2238334013150889 0.34867588046820736 0.14175038422824893 0.3662933764973401 1.0127360028132295 
0.21809108405274125 0.025949588271143454 0.02495547969163077 0.02696405458757669 0.17402177363082785 0.2192998995749111 0.34939993615248344 0.14819619170269474 0.3606001098943351 0.9385845889433042 
0.22255678812554 0.021107965962938964 0.022000158827354455 0.024543666638844518 0.172835016314124 0.21463296259525727 0.3500921593526635 0.14262589320068225 0.36505955265345563 0.9754303344812751 
0.22409174841603863 0.030654818443337235 0.0218853365704301 0.020496417992741003 0.17638312827849303 0.22506876326161385 0.34862589449445197 0.14346817699911749 0.3627231771687025 0.9597589977645414 
0.21008707201118643 0.034219102959205536 0.03137256819249249 0.03255386182506526 0.17623117575942318 0.21928910547284894 0.3549477287802529 0.15057687058291075 0.3601780630291206 0.9647763669888243 
0.20930332259465537 0.037205990271455214 0.03171605808301982 0.04480692505358253 0.1834454651964882 0.22784823421919398 0.3512322873353454 0.15602143125503473 0.3645556921545533 0.9547821047261551 
0.22700158836784598 0.030216697186703338 0.029354697510121132 0.023431526751153488 0.18153053101354658 0.20545706329784863 0.3477806797886913 0.15507636393470772 0.35805014994548495 0.9441846047576848 
0.2147755293590739 0.02355726687754081 0.027266249646125583 0.02106222362531087 0.1787137859574404 0.21102685898509552 0.34928294276644345 0.13901471463786189 0.3634882094111708 0.9379218954200922 
0.22395839977248724 0.029368273243488233 0.0321368236878176 0.03275092771152293 0.18322216126312332 0.22648961522371788 0.34016326280351233 0.1502738578674609 0.3621793381208375 0.9426156550277901 
0.22926883141066193 0.02679873829634681 0.03210607049084414 0.035999781961109235 0.18059808118289086 0.2055248618853081 0.3471946431760432 0.14748564283961868 0.36258966792749786 0.9242512137968268 
