0.22998338188960757 0.34823407202841483 0.22581932546944783 0.0 0.8250577419466287 
0.1004949180363476 0.35674764530796577 0.13398899756267812 0.0 0.8914160387497291 
0.0 1.0987643890679224 0.0 0.0 0.0 
0.0 0.0 0.4521241909351139 0.0 0.5733942608806128 
0.0 0.0 0.42328945527128786 0.0 0.6125276506766462 
0.0 0.0 0.627969443514662 0.0 0.5052168936347429 
0.0 0.0 0.5196024864857858 0.0 0.5384359258572424 
0.0 0.0 0.5018638753485555 0.0 0.541837341836133 
0.0 0.0 0.7190344834639322 0.0 0.33373052565452693 
0.0 0.0 0.6298283702900602 0.0 0.4891968202390775 
0.0 0.0 0.8512701414514565 0.0 0.2630016493234065 
0.0 0.0 0.8511056057205827 0.0 0.26732612466586475 
0.0 0.0 0.7223061178891583 0.0 0.3261272361640122 
0.0 0.0 1.013540856449929 0.0 0.0 
0.0 0.0 0.9877642924261895 0.0 0.25493121577825867 
0.0 0.0 0.948314604378895 0.0 0.25642433237035556 
0.0 0.0 0.890792936260913 0.0 0.2579469998059447 
0.0 0.0 0.0 1.9587190185581282 0.0 
0.0 0.0 0.7005701661461393 0.6000375280949272 0.3447437542108318 
0.0 0.0 0.1391391364455603 0.2782849543314536 0.9029587278587483 
0.22233737617530797 0.34100377485661826 0.22248902488937147 0.3378706780938655 0.8258188491544245 
0.2960265765339673 0.3031314107910767 0.21393148924417044 0.21991830024889863 0.7941618731708479 
0.5483919515138637 0.6362302975281587 0.20240283753838387 0.21999424641152707 0.8209967878870424 
0.07482506807341563 0.07269735285317751 0.03503207717616626 0.07593399012634015 0.9772973717677026 
0.40296911267977104 0.30608735346572913 0.1735223612089081 0.09101239305530935 0.8376196896604391 
0.4417972361314487 0.4415184040156212 0.15817248311556217 0.0 0.8582437760338828 
1.2205135313515387 0.0 0.0 0.0 0.0 
0.0 0.0 0.7191483502304993 0.0 0.3330087463267994 
0.0 0.0 0.49700326582120563 0.0 0.572559414738043 
0.0 0.0 0.256709771906614 0.006504473730975963 0.7660588506589348 
0.0 0.0 0.0 0.0 1.0102487813483565 
0.0 0.0 0.005626340828746159 0.0 0.9990954247365631 
0.0 0.0 0.016237128218699166 0.0 0.9967513606218777 
0.0 0.0 0.04208952354970959 0.0 0.9701429010175101 
0.0 0.0 0.04547157196698008 0.0 0.9642772491003131 
0.0 0.0 0.05584064020515653 0.0 0.9514659429960369 
5.952366502294526E-4 5.070857779080118E-4 0.06373999541090188 0.0 0.9491817883996347 
0.0 0.0 0.06678820599107063 0.0 0.9423176986369289 
0.0 0.0 0.06978612603093005 0.0 0.9395662015498348 
0.0 0.0 0.09214990218707092 0.0 0.9212386646276808 
0.0 0.0 0.09404720157491891 0.0 0.916187933513805 
0.0 0.0 0.1392793682852934 0.0 0.8982005192718451 
0.0 0.0 0.14028882385972719 0.0 0.8755569246134381 
0.0 0.0 0.15958243627051183 0.0 0.860209402334037 
0.0 0.0 0.17078199587343243 0.0 0.8556088554059884 
0.0 0.0 0.1841205757744917 0.0 0.8434582135654306 
0.0 0.0 0.18513047745265443 0.0 0.8295751373424183 
0.0 0.0 0.24871344940330886 0.0 0.7677067295126012 
0.0 0.0 0.29417393253689994 0.0 0.741254876158151 
0.0 0.0 0.3552511164870299 0.0 0.6853233958853606 
