21.514700492570743 10.12668290505246 4.097315424350424 5.236031767493585 2.252765104040428 4.437263203083008 2.735855069350342 5.50114221161699 
21.218917717373238 10.02382184941456 4.069134197170546 5.084632162138718 2.246470081478748 4.418277349692137 2.768644437269198 5.503093416169713 
21.261424583777096 10.057744235876374 4.0882910782153195 5.181435566454185 2.2134374586857453 4.511027936454988 2.707899158888129 5.554625511896926 
21.22248693618197 10.134888739073073 4.150215346221993 5.184943163456234 2.147027400632306 4.329386035319972 2.8015289357405373 5.4877504291204415 
21.183048892073298 10.14726375565853 4.194824531528703 5.0537996678167785 2.180706092043898 4.302823230718127 2.783218920645405 5.565400860618329 
21.176666428761475 10.12072606566102 4.182367590689535 5.0754775238416325 2.2001777158375244 4.454000427926326 2.6844544586360346 5.567025602116598 
21.1617351113873 10.060658749007962 4.205838842883033 5.1162459763224275 2.2177676561983652 4.4197685856388595 2.762373903548771 5.488914891899228 
21.129518574857027 10.028839275702948 4.09253454093841 5.078522263102175 2.2228876457944344 4.460292331161712 2.6958734684165453 5.563172228769158 
21.171434952748314 10.059877203906447 4.1804849926864796 5.214735725684701 2.2334041971192287 4.462501366097855 2.8004567600524877 5.373027277202999 
21.15907561937439 10.185182340360813 4.113994734835411 5.0661834926868785 2.150174941615903 4.4884294921473415 2.8037693715790337 5.364005523788853 
20.999817401494983 10.494165580482752 4.0957820372319835 5.18767059763098 2.372321441042045 4.31624474468889 2.6686841748819345 5.719693836372446 
21.062202646751533 10.183861070659605 4.054914727391584 5.049161291158618 2.235599177105256 4.352589797309902 2.77860057951836 5.513167318195954 
20.999201743362203 10.26594131974048 4.067631813004734 5.160017936117539 2.4282099349210924 4.507663318222814 2.808801457657782 5.411186108908657 
21.0309377922361 10.23935733674905 4.087782229299333 5.101264430591547 2.3372258520095768 4.396770229960315 2.6945005792150445 5.610908424196255 
21.04332069501163 10.19183090482627 4.136228953261821 5.119393678687685 2.30670161070268 4.29674901122103 2.7685062137462255 5.590128896854566 
20.991833199875906 10.19075453953274 4.219600648120811 5.0844433478693265 2.2133589273510674 4.467306102067671 2.791796219066944 5.47895059083979 
21.12947788073415 10.204913894667644 4.022453563322074 5.071120806775927 2.340806202279022 4.420862784115028 2.8211153288176845 5.604693286278005 
21.076296866939273 10.03344826115211 4.330361911401963 5.032182113774373 2.267630936601928 4.466868011780532 2.721308885392734 5.552601962242891 
21.149971450680148 10.03675822305116 4.228602587359729 5.126902782858228 2.2327368177837212 4.415605632237601 2.76551652338019 5.487297609627063 
20.975876101604022 10.173680141722489 4.311616719337578 5.072076092854954 2.3049070830773246 4.4278764682986855 2.777349887608187 5.497953112690449 
20.985637995051402 10.170598851332334 4.319471035806637 5.073789849204312 2.3123150798588625 4.441289761728074 2.8199436600504484 5.401221687000584 
21.04100791875156 10.002902305694711 4.243232979978449 5.011677841545967 2.212327319984683 4.302882622969544 2.7471471796897435 5.654806362081122 
21.2163233429693 10.047933820973752 4.263381933374446 5.039347362264672 2.226335598434235 4.420121475550408 2.7730975678293133 5.498365673732472 
21.066600637367383 10.086770798431765 4.216422151667279 5.070937189715766 2.1795939049816004 4.370346543064707 2.7334181141220855 5.570165428878127 
20.999231399694775 10.023233145775327 4.205163172108214 5.0757334698067575 2.2194215153840533 4.437054531188207 2.764921382710013 5.478546064223566 
20.969020970326447 10.014441803099835 4.19418687120663 5.0645537666061395 2.220762868480471 4.335598972861615 2.842402023281552 5.473624767910359 
21.11177908124273 10.092489829651447 4.211136587427464 5.114990614997484 2.1371607260684864 4.322548358902577 2.7819246195904794 5.568074564326672 
21.178124433449472 10.182864263683872 4.252058813706074 5.064096545283456 2.2499720530380594 4.37762104024948 2.687620827232157 5.609922972117177 
21.00295896620952 10.067774609794034 4.034491600883244 5.383123371683008 2.2008007272796375 4.36119003314386 2.810010108931615 5.522267702634708 
21.126675846655537 10.055834852724846 4.08346494129633 5.276757330910957 2.279966494242651 4.311860808538779 2.80206347011439 5.545120767480809 
21.148588331082564 10.027535346126673 4.112138682253682 5.3097475405618475 2.1699012441170087 4.481479857275082 2.8807273826681428 5.399706880139157 
21.008046905910742 10.078369821515231 4.149408092050868 5.277702315988114 2.3248210000225886 4.345314969897297 2.816649786209405 5.503360246323101 
21.053388399426833 10.086158405167685 4.100588348238593 5.250064231220033 2.308476451988744 4.51712712344196 2.7714625198621303 5.397927375713968 
21.001708795900456 10.226659420184925 4.140761355984252 5.269706715773728 2.3641220743604237 4.312830795544418 2.8230656734529918 5.503219664275189 
21.030969374744934 10.150916538226173 4.083526949153167 5.253790378093066 2.366358362078883 4.535034397119016 2.70939090255498 5.615443764270307 
20.99852749492307 10.075641109686986 4.112476005003106 5.174700326257297 2.5364124027500052 4.499939775098612 2.7148094906607074 5.5580760813594985 
21.0924567610404 10.127132567589186 4.314144260264671 5.119132362864521 2.5571949476538833 4.468483490051479 2.771499239227264 5.46030570522158 
21.070295811731434 10.051506092236979 4.253446289250716 5.062056278051723 2.4320571201041186 4.30254732887706 2.8662700774709657 5.431956299926673 
21.053382729667483 10.152949665070647 4.056009709978347 5.044171826306599 2.39764302101498 4.47482987932772 2.7551322088762804 5.521300591894359 
20.98267620996831 10.095411182429574 4.076955924378196 5.108708455248019 2.3337458724003777 4.336649112137255 2.800947789228236 5.558033771082453 
21.026928732322823 10.006588536475691 4.199418747179664 5.112505544896859 2.361346119754224 4.435716403578697 2.8256610470598944 5.490218903634365 
21.01292646473836 10.022032204655092 4.051173103316119 5.076402022078482 2.277515573975289 4.402426337941883 2.758119887128694 5.499688205272834 
21.009422374896257 10.077508787932373 4.1099228625461866 5.148997854721757 2.322572279387712 4.405892560090502 2.7410684376841727 5.512625690691664 
21.016110739940434 10.16797345294239 4.085022119237407 5.199525043381516 2.33135758312271 4.3493020679439995 2.7890244992847593 5.599684089751879 
21.08846116515201 10.172681793587994 4.057283619075107 5.2490153080278334 2.3163895517829416 4.755627336688988 2.7754323307612223 5.400785376427564 
21.082493798245945 10.15413899708132 4.206348867909661 5.186298652624226 2.2803880564587535 4.4933366225232785 2.749808008367354 5.499427814491347 
21.061621568544798 10.045998201737675 4.103782343905953 5.101383172604059 2.2326980754166836 4.534691289895049 2.807831150188747 5.432993110109546 
21.080194557700274 10.084256067683405 4.2306523723663085 5.058428127526183 2.2398040610123306 4.564839165861901 2.7575475855542 5.389924821717051 
21.018541909561495 10.02585516269518 4.056275429675102 5.090791043359183 2.2348271508297257 4.431760910680179 2.733323256770148 5.510026459997846 
21.048491228005005 10.106392478460117 4.119182879925834 5.0750951303560905 2.198723675689537 4.446732455666374 2.7413948862950686 5.5382701364903895 
21.09924950367328 10.092576792291158 4.2060923502120735 5.071606607300805 2.2286034944792315 4.4558527417428495 2.693306085273045 5.548958910602028 
21.025253859461653 10.030511124782826 4.133507497976334 5.1588156649836545 2.26188442738171 4.428630444281973 2.7549452773296275 5.509721335957526 
20.999263779146023 10.148891395912331 4.202863553601351 5.101244073287202 2.262705596764711 4.436900634788906 2.768839043918076 5.499458304065452 
21.138997030189273 10.015136660223119 4.152368655975774 5.158244362964966 2.3159304861701826 4.435227251551199 2.759101351468417 5.54965843988283 
21.131465293980295 10.132983849826317 4.208331925734229 5.094669987803457 2.149373678629373 4.400468101689164 2.7952543877941225 5.434987013219752 
20.98004341851204 10.02856868844589 4.034972556811878 5.063682188224903 2.1301905244765456 4.336717396498754 2.8960659845360697 5.38452993169666 
21.01583345083562 10.034190369412872 4.089841946308918 5.117708832204275 2.1723735935080675 4.413463091466688 2.7738964279241682 5.456897826111833 
21.03047703185197 10.07766105363303 4.066573956168559 5.0405474144084055 2.2019740794957148 4.303649224556096 2.8555471342271206 5.363259679220404 
21.05330631323863 10.071683728429656 4.152224499536606 5.021566143843574 2.1552737915136673 4.326313134200668 2.8616232516495517 5.3670927466970095 
21.083008838367494 10.061679698187254 4.040505139455483 5.1539067129898495 2.168900992182495 4.32253774373232 2.8734311513452666 5.390963267944804 
20.979611797810964 10.00819214748221 4.0447280539340715 5.025742583553617 2.165502892243987 4.2987761025902795 2.80396917186475 5.5191771174636495 
21.126043774479918 10.014369778494988 4.137002224042115 5.052119641125881 2.2454443976638054 4.318017089861397 2.845173936472387 5.4552223236237705 
21.01206939029339 10.092739696130476 4.03305642639297 5.17147617579914 2.1580797150651105 4.306949122199989 2.796906148819679 5.518724813873511 
21.248231315748946 10.011773336345975 4.084671130419695 5.2002335130887225 2.204552658562195 4.36696507774752 2.8720550787948818 5.431689466175781 
20.957214086962242 10.03295477750489 4.028069008933596 5.0516157305799085 2.1317000374367803 4.283410556552477 2.739060718496628 5.599852056676222 
21.04606541352578 9.998119412340506 4.10101087834148 5.127638601668182 2.325040507373011 4.298438667588013 2.7994441809501955 5.536537708153084 
21.014259813307877 10.070688129488067 4.075071887848775 5.047145074429958 2.203042656256743 4.444365076015567 2.7975201558305582 5.372726572025547 
21.00555991618637 10.002395682403934 4.049268530698191 5.0325540366121215 2.135135798166742 4.244676382629546 2.655458322358853 5.739610542449292 
21.138685381903944 10.093839214310634 4.1539454636559645 5.112978115319196 2.234311491013833 4.40942747941168 2.682831501594518 5.600267714382526 
20.969675247228984 9.988735839079247 4.035751919272532 5.044433587857254 2.1552938974171387 4.350595763148404 2.5994262051854227 5.700924581876169 
21.074093373138496 10.000898841179875 4.11264262441603 5.102934843383386 2.1576954125235877 4.356798665998148 2.596223149130082 5.729711918653027 
21.078627388059257 9.985740786220315 4.080572309961402 5.0703219353592655 2.1740856004924636 4.283405648188759 2.7119515333687287 5.660313704243048 
21.01733155512053 10.070431315190458 4.057718934014817 5.130118137410713 2.1197408774047517 4.312384056178084 2.7321702396515413 5.632702518951969 
21.191470246018394 10.128248959353074 4.151433594410816 5.056498961278173 2.180993862530029 4.384499004798403 2.5981330638008444 5.710190220398885 
21.042641103157404 10.067729689867148 4.1287598113429675 5.0426278361594346 2.171511900958772 4.275693856130674 2.754056944432275 5.605108969624619 
20.987742943270167 9.991207106115349 4.0868309469097115 5.041963684856833 2.1998498154947685 4.444579157754419 2.6886045115624038 5.567597053294306 
20.985246839741244 9.98824048593911 4.142699445383844 5.042023846717234 2.264818137321436 4.441236013135109 2.747447904639454 5.575387397338553 
21.2605001757815 10.067451680250416 4.1016891527626935 5.1548086243294176 2.123554275184825 4.302935681475776 2.7358608655818033 5.60180184549061 
