471.6254026807978 0.7853956223199072 0.78539671135219 0.7853978003859827 0.0 
289.6561031301432 98.17000285770749 0.5876118068952702 268.2491171451683 40.10575214629276 
220.86025894923256 0.7358572132082132 9.599582513621705 384.70089957832096 0.0 
453.42318487081195 23.425578215069365 30.29628881368012 78.44625674921835 202.07626993156293 
157.91017726317557 53.48091206476639 474.59230588100513 0.781589400269266 49.718467301752995 
329.1148050214593 0.5636268991777476 0.5636277256913066 0.5636285522060777 319.3869737293369 
215.21654606309878 214.4055560943058 0.5876112442525969 266.4511473016326 39.836889684586176 
178.92436291492467 0.37168694760389887 213.59396938716137 207.80068464435013 148.74889873420807 
122.03018119412118 0.16625608319914237 0.16625623749985258 561.8560946295588 41.818542673204334 
209.59949277937153 135.49647675800057 0.4485892694542308 189.85643926507322 304.3169561284484 
185.3611461591206 0.3028287269166318 221.30023387520149 215.25214975411967 318.50678117552314 
116.63667753942464 118.97481529810257 462.2829547278133 0.7853972768242294 0.5826883793461599 
135.1695834705905 46.47469948983682 433.0666851702997 0.7089694032228109 217.3888945357697 
182.21647418523716 321.75422107955507 2.4696585896562793 0.8302159672421886 26.895229224979094 
55.63901436151529 0.10245734986370446 422.86206748191137 0.7853977195180829 0.0 
0.7853954657509497 457.7343440651232 0.7853966218840794 0.785397778018936 0.0 
0.430658144879916 266.0264795393427 328.23293565481856 238.47506292669198 0.0 
0.6265844588485545 376.3933265087195 0.6265853270583962 212.45865071218572 189.15165281449117 
5.117630799106661 204.1213679102902 2.8800399447782383 371.4183424338607 0.0 
0.588283144720475 307.8885782555517 1.285712539599025 0.5882893478210335 272.3355662716262 
0.367786265339791 210.03247800876105 0.8436481258930874 353.1569685531032 179.82034925818687 
119.55658312010723 193.1148280039254 272.7364811134106 1.6200689703753932 170.07760133781287 
0.35771288216920205 166.85346955498105 205.84054973032593 5.2212768424814895 252.92575550587497 
141.63736286395658 250.21273123249594 0.44860327699124547 218.69676701528368 350.56335805802564 
98.3732376140085 97.7454948621965 394.6394090004513 0.7220579368551769 179.0083561191241 
0.11472661974992822 73.67195159766891 224.89174535456846 397.9678984619514 202.62962066047456 
28.075188836056636 45.356606580202396 405.6984415606504 1.759827165826961 196.08048076553888 
52.52201621813807 0.07876225354441342 0.19779712624230264 476.86550658456275 210.09851764789923 
0.605501271678031 0.05845143222454227 331.1960092849271 210.32587781258266 170.06115987285438 
0.005070294946004682 0.7853817047810291 1870.7041426155345 0.7853981403242382 0.0 
0.0692042927843192 51.92466967898435 586.6159094190604 21.24007968119745 0.0 
0.06944005980898307 35.84874402891472 402.53707821852004 14.809372072973447 29.359872321990164 
21.822352473349174 63.14356755164131 508.76910015344544 0.78539785673996 0.0010845201216326222 
0.6569009166144485 1.1033245495570807 598.2654867000034 11.28699619811563 121.86964043788997 
30.08530783819507 30.08823263490502 410.3734176148266 232.87884752613266 0.5636896439341982 
0.06822723034809791 36.041365637206376 404.8792223378536 7.909959521459149 82.73881908413226 
42.24287076077874 0.0880019325848773 320.5496136041072 193.90530615979836 0.0 
67.83085071388278 0.0997468103392914 516.7589707463211 0.7664243740752633 116.68727607591403 
46.15815004978815 30.41985728792747 431.7363639628262 145.44563575079678 80.80150109288574 
0.08905399265477199 57.974938542770374 441.4858883448401 251.31335468231376 0.0 
0.17008447192378512 109.37710649482518 493.08437817676884 0.785397846867833 0.0 
0.0215511564361945 0.8730092125914295 328.15410061695434 283.91815140932584 41.96071706553614 
0.0016935014773253188 0.7803723322753001 282.33034956491457 300.5777000241949 0.0 
22.61347730797355 39.4057556026942 354.7480556238638 272.6018072432178 79.17675437292588 
0.616204669429552 0.001049524414812229 361.79124565199 275.7604276438164 75.51923330370755 
0.720599158355084 0.0013361874113563803 388.616174128247 2.3477599744204625 168.45180449380692 
0.09314420373959884 70.31022746774565 536.1535479737166 0.7163563380778589 243.06246471694908 
0.2413607484955231 128.66596794400797 392.514400815412 0.7734998234249912 72.72811701745836 
0.266283688040222 169.80658554985735 471.17594462016154 0.7853972893240021 0.5938939745238377 
2.124815316280217E-6 3.2916754650219723E-4 0.785398071422122 1873.9311943182531 0.0 
0.1348763671446993 65.99168847429178 81.41354376210086 367.34648674345806 41.736413563961 
6.627988045718403 0.012451829787366373 50.36127169049481 414.96292701365064 0.0 
22.942902373835487 22.49205977822179 0.5912721704084977 469.6432359666413 0.0 
2.116692298772437 32.55862350389982 0.2642951574414977 529.4746885817028 0.16494249452311072 
0.04846870732535744 27.55115806948057 0.04846878232759807 445.2189795438032 18.298905260221737 
31.01973951612124 0.05261954740340747 39.95614339363745 459.00167560929265 33.5869346240966 
0.13390979039005843 0.38718340519006983 128.20611208916887 386.55265380533496 0.12662954023290357 
52.259487349796515 0.08548493751820374 4.239552574173812 475.9937470338937 34.830110152115004 
51.670622881984976 17.508619154129473 0.10912125135140989 428.9906259953996 0.0 
3.5206613865755045E-4 0.21115726031953236 126.64509779584407 450.81783989314886 51.16150432224378 
0.0862252720227454 46.228578965098635 0.08622542200926911 418.51124852720005 4.585490138385809 
0.29250866393754144 5.880960767930151E-4 0.7149224489636491 384.20202886278014 70.64538603606321 
0.8745664267787074 34.305560155418725 154.31654342941542 304.78087970855427 0.0 
0.15691587637804746 0.254215293405698 107.5263521865059 384.42805549987844 90.47301506121319 
50.158714191727015 0.08388750043757266 0.08388761775665926 454.7831778685054 105.79237187613164 
0.13562125166103614 72.56259694107176 89.52426012037137 404.1087476125778 0.0 
0.5011959569088837 60.22389315439475 271.4320681003109 392.1725819255923 0.0 
0.2000153490929145 112.57218001625952 0.2000156648095417 427.451328878093 3.0026620896188336 
2.759875950141253E-20 2.0609737789791238E-17 1.5390607414358662E-14 3.244819731932636E-14 586.5067914705972 
0.22022764626815394 124.17850951069936 153.20945889735424 266.724501900041 293.40784542252555 
6.517612435638291E-5 0.03969185322463503 15.86509611159535 251.36201895589946 406.6192379107904 
0.0011416258176972897 0.6002303268920055 217.35852616586823 6.012624562994979 351.0503120955567 
106.19573674623261 2.298677079824755 92.60620761112892 0.8438342747664556 412.77998347679613 
4.7142629854139874E-4 0.2526761150465351 157.91706029028998 318.2850389761736 338.66896012139864 
0.49412781261662353 0.025599727304612577 289.0590123853178 163.16799567546354 316.77967819096995 
44.04244907150797 2.2803918751680916 335.5270189497738 0.5681773609001319 322.9647865940986 
0.024377985406845087 4.598489815842855E-5 7.3739085092095324 311.78334879812235 275.85430131585576 
58.72662172138988 0.11989878325637289 0.11989903314347591 269.74800276049825 267.90567507295526 
81.98131370253924 132.44763228376829 188.57116975534802 1.0421469232218357 394.87603649052414 
0.8105361163363389 0.0011808991216630952 349.8332545617995 302.6552351946742 276.8004015387526 
0.6748871338017881 0.0010476789819347178 434.7449934954034 0.6748887601940948 258.7745063600195 
0.7307372465061842 118.5529036331808 383.82959042175315 0.5882894955060963 355.32959324393147 
56.518124554159755 0.08788101157447924 430.3396270614732 0.6748887593060715 258.3516665778721 
27.393554975965177 44.25659912248067 395.9615666205383 0.6788794490570861 237.77610550746212 
0.1427345978067614 5.472514243146232 23.949928851442163 396.7012495688233 173.94151679910982 
0.40009128086533535 6.465868789830873E-4 247.566486832149 370.85772032430623 193.27753264830915 
