5.545732913061491 0.07776547361637312 0.06396621681048088 0.2801719031907967 0.07815621896257675 0.15378404011355706 0.055366750044799684 0.024175305136894157 0.03254899003156701 0.07302662095972924 
0.8620342935382138 1.5109589043870366 0.06881199207799785 0.39648126553527313 2.4189476996497192 0.13866532362864634 2.9571259733139716 0.5474120137339401 0.1156365621019917 0.1523115072183147 
0.8838049941725034 0.2839638182078001 0.11219982397175148 0.3762836789351675 0.06516483542486531 0.8449077247546498 1.7479731891793067 0.49292983932884926 0.12003914952247853 0.1254310115741311 
0.8132447710996613 0.4963171871246034 0.327428257716085 0.35044161154029774 0.7496327453656114 0.35794833719309627 0.14317321433138522 0.502935159239625 0.49697109994489125 0.02550576511517014 
1.0973528697346755 0.07955978926082696 0.05079891782398752 4.208742184188058 0.4318825058804348 0.10693370079143137 0.27428175673153765 0.019970796059625436 0.13841403693083357 0.0741405439622583 
0.7573479720133104 2.22292073496006 0.037461656652927985 0.2502817558584619 0.08161783720545603 0.06740682639947246 0.06762296739899723 0.9229652210783799 0.05814412562043687 0.08650658924227236 
2.0288724023469022 0.0617820971604516 3.0655180564097075 2.723772393061487 1.933317006662586 0.9423827632509137 3.2278412424906024 0.6702013772313512 0.3862760466494167 0.14209377067303297 
0.9547534179593796 0.5196453520796874 0.042594815113188675 0.6233691305016014 1.9294759673065154 0.4649924133481638 1.2598100840050137 0.24823363401092927 0.3108753109820061 0.0706725131698358 
0.8961858170414365 1.7359544173645869 0.10170216270796995 3.4641499082173826 0.36367434488642447 0.15976557957240362 2.756841620567056 0.5330982869892119 0.07767247944617715 0.02526398480313252 
0.7741437615466755 0.05494695541966705 0.034115750003121025 0.7600240171920183 0.3045405185541816 0.06975055514691084 0.19260408440980867 0.012976808814153898 0.7546385295174617 0.33780389497574376 
0.4047031582725309 72.12620834249589 0.27482119629784857 0.5037190046206778 0.4881330199441214 0.40938359928479384 0.36095089428102733 0.018751675347998185 0.3983636653921283 0.23805995346641262 
0.2659223310015191 5.928040061926551 0.482565791324867 2.438712312575905 4.132957970930448 0.5741124107742677 1.69237586576362 0.3314174822918452 0.9410752920873475 0.0458820165337575 
0.9150376286295017 16.816361142943627 0.2771957516607556 11.123822582322092 0.034828787557760754 0.8156383645043134 2.984159737455941 0.0886116069802026 0.23163732549356725 0.5067774084737301 
0.34058356968477865 5.103437601501452 0.03985601426480735 0.24664438889043125 0.19606877149386673 0.06804693296844395 0.32489469673131754 0.9265308810369988 0.16942606209982297 0.17015692571834487 
0.6334406649998222 5.459144251147056 0.04017764860358444 0.3433063767959348 1.4126610996897822 0.10401491515652946 0.2206146174012099 0.4584794436025675 0.27911824818876935 0.3751752836799987 
0.27381403998130477 6.50994681532003 0.05058400168694172 1.393011442675749 4.844496072572499 0.6113188651734611 0.21251100645212823 0.7888913759928631 0.6560191980622089 0.3055683670278396 
0.36867638335721054 4.870061640167792 0.05422872240896079 0.2297375816744022 2.786200553082 0.007891453440577614 2.066111112377925 0.930677946085576 0.07081918347117407 0.0028305917368632583 
1.1018133516438566 13.773012558729777 3.611415293010886 4.731105107578025 7.163388544132361 0.04450365050462688 0.1445768226455705 0.08151716234557123 0.21992782098488062 0.5074346371961104 
0.7224421358255534 6.061763411344319 0.2590423334356664 0.9177911320871814 0.38017954364739315 0.3233306182031616 0.26580046809613467 0.09206222857560156 0.861346347601735 0.0013596042981540732 
1.0074209712446665 1.1858085207891944 14.86767303122382 0.4512824879177541 1.9507905420265104 0.03756407736402287 0.09472932657534287 0.08133192448338529 0.21629215252957382 0.09377078715931901 
0.8155871953393296 6.439618297905517 0.7939007953604156 3.107439362940798 2.5936726783279016 0.562555187320447 2.3405800281012485 0.5371394608177197 0.14238242228923356 0.33203618770638904 
0.4169074632012821 2.226544936278916 1.2821974642749618 0.33976159501467224 0.10551229361432078 0.22274690771694447 0.3186167518895224 0.9795292054450967 0.09910945498813788 0.07014481771946153 
0.1828309652138666 1.6415037996235544 0.6272606213590777 3.6981546462549786 0.5637379363492356 0.34907689933810765 1.981763551876728 1.0636944157978134 0.005885845033302115 0.18908629318846806 
0.49989503730245705 1.8455367704536143 0.5967654129674935 3.8292493862314387 1.3743635595377226 0.062059307671699517 0.24488514882910714 0.00837720247653158 0.874081104439065 0.4846095529142887 
0.43678672487145387 0.431337088013143 0.4134413476229493 0.22086828222188254 2.384688552852972 0.11220942431626707 1.9716745006563485 0.9326742955963243 0.06974201751401737 0.10214584095967097 
0.41419547694571546 0.8282112810917952 0.2823116349079322 0.7894632372178165 0.21712284853987565 0.052115517734629614 0.0030449627163326837 0.8762474977174751 0.1440992980464178 0.33915181170963654 
0.7773823939212835 5.498759522784161 1.0956501354807322 12.24461629848572 1.7351467377383933 0.5693824510718205 2.3575697881633557 0.08363202863501772 0.7287976074563035 0.21402205770898064 
0.3841731987260166 0.3018280159449519 0.2614254449433151 1.8015652385545338 0.18140539397528183 0.2677666659653152 0.0491056531568913 0.8523985396311317 0.45541501509549814 0.12659133511553486 
0.7299338957015579 0.9966315315333275 0.2497100825726401 38.95684148179318 1.3695137256479157 0.21654211358272843 0.8394066044858687 0.4692139331008002 0.02836709038292313 0.44407224440971654 
0.8358629195425233 4.855929426869968 0.37671292133942 8.084860107208392 0.32770138690810396 0.37304529685585397 0.2048270215580886 0.5053376245468377 0.07399059923416748 0.015299891282643115 
0.11472454714034042 1.3009844280645282 0.25064628056840405 4.895031807409687 0.05497537677993086 0.035727222455252935 0.46675305546980006 0.6122625784906721 0.6945742103917869 0.4597688799289611 
0.3728521688556468 0.9294193312679399 0.31609227283970914 3.838789002792339 1.5479478164937843 0.2441257350548424 0.884729306126239 0.7772061889189207 0.3884888852754142 0.5420075323853397 
0.6471011274977161 0.31220676855214646 0.055693573011750465 3.0711698307142528 0.417983893753331 0.8126327360013235 0.7379833115921528 0.3861786532424068 0.5648419970438295 0.5778530550978669 
0.38544049009086134 0.015104511880050011 0.17351197348719585 1.943870548974074 0.18104547499814885 0.19306810742895944 0.056692171884897016 0.8546038275444943 0.45625148488948664 0.13485174305887193 
0.8600808876403656 0.2746474559002557 0.04204310675952098 3.4737460817798036 4.111513083065089 0.11758143868213715 0.5344507549064567 0.12151310216441241 0.13046555442703336 0.366593539277236 
0.42182663560698774 1.0699335429284034 0.1590165264442182 1.4347164788674682 2.4483090498136737 0.07936437135829595 0.6413069448188268 1.009250511127714 0.1050293783050873 0.05305877934266705 
0.6492851805371812 5.41242390548891 0.040157083354884555 1.8468019133819438 3.762492543110327 0.10029251710691753 1.8322497966453493 0.4547131554587984 0.579719330378972 0.14193865107168827 
0.3864038658767887 1.0530211934668128 0.05189107621773718 0.7782456703480456 0.0020766310635534926 0.10907663888508404 0.15536707772465774 0.8421513213128052 0.25307112774031093 0.3959502476408576 
0.8504927619553724 0.38711777145577403 0.03393027549774543 0.8075091845433706 35.560125501581524 0.44205762074499916 0.34174000153487116 0.118749555176958 0.1478599931820321 0.0997730831761759 
0.47659405054642573 4.296128553734705 0.05264504778303762 0.7066480461521303 2.991631800965084 0.016121563332183366 2.2821964593093247 0.929105271883343 0.1381881320512949 0.002828000643241302 
0.3488420869417617 3.9059785847096395 0.023591855285867207 0.6283453315819327 7.296349718043852 0.7878991514903582 3.6453042718393256 0.8103393079934957 0.21676972687067902 0.515849369962786 
0.4366110033415499 0.04379356507629309 0.006497261820320068 0.3953645462658631 4.922192600422716 0.07493010551483097 0.031626854213616315 0.7661858406120845 0.2554703280240354 0.43214941796050904 
0.28986666885360524 0.9273533659459783 0.011240244652883622 0.36513155157833316 7.018333653978109 0.3331976165087482 1.337187182426511 0.24445185583685997 0.17937816776860174 0.9733482462218845 
0.2624611237248965 4.161205439731784 0.006986668689243161 0.12269861093101993 4.913804694872701 0.7113252284374364 0.016935159702226706 0.6945052719164033 0.5728216780480211 0.40453805013734195 
0.6346270483024968 0.24450671370860977 0.01894792452372271 0.25442283932438425 5.443783084007024 0.6356284135849228 0.3833354185791557 0.4397293107663557 0.7183291527162309 0.09450111661801677 
0.7429372182345829 0.09749251827495498 0.06855365448075097 0.6789634542516162 2.0522049614469493 0.43562976697318995 0.3616169696839625 0.056023497126817395 0.7430826094046762 0.33685769100098356 
0.33409285546132184 1.084308652563512 0.009709815174213949 0.3975148334281431 2.149927257095363 0.5386620036744539 0.0099030449470132 0.8168423454602229 0.27269432327273135 0.5670394254247204 
0.38961702724367586 0.14791613535164233 0.04171020610643393 0.09481027028778372 0.025021601763088642 0.09189120188778707 0.015493261591581497 0.8457510110421035 0.18813103953795965 0.39325124082906066 
0.7334360775110259 0.7023750550263725 0.026157246302970772 0.9712518510871253 1.7021129890395823 21.390609825949266 0.07475899870235395 0.2547897785638169 0.09373508427070194 0.159061932282085 
0.3623588761229096 5.79539787208757 0.039651968265654376 1.7803198735890535 1.4943466553718363 0.8740612589527026 0.6212939358042964 0.3052902820085138 0.8817446083169723 0.18930766645540845 
0.8293911830355792 6.338982747079866 0.09551258045613882 0.061572060778382384 0.6247039118422664 3.6611555465315084 0.3019259246691253 0.07579269513048027 0.6417865909229317 0.1575163923853026 
0.8545323858674763 0.51524005575294 0.07678816295844831 0.004288375864346901 4.439936737925209 3.289908445991736 0.23324561752369868 0.0740271047872129 1.2233497569860834 0.06270191112733636 
0.7253364555566499 0.33195809173985197 0.08178151387185692 0.02153579838734358 0.44323120041067077 2.341506137739824 0.05941911681438446 0.803722833281096 0.1838224338983132 0.3891781708276844 
0.025274350293592353 0.6116476294492533 0.06167681830782966 0.9229241188600334 0.4146228037230373 2.9415392574837576 2.5428564596231666 4.67656525414375 0.4955940114393521 0.04669389839762501 
0.9408558586614396 0.028357983669496586 0.09595234798568404 0.07593399709656742 8.325361024284703 2.101120358121046 0.10674242657101243 0.17428830314411628 0.029357739078671313 0.09913860844460841 
1.0638489919386143 0.02338062117614783 0.05194689535987478 0.17899330185481208 2.3833363083317347 1.682736229726616 0.055226529556324726 0.08301198612468685 0.03283780448516579 0.07327728929284935 
0.4879620908290171 3.707712048308304 0.9434961181305933 28.17779977638939 2.058863552595788 5.178851582629456 12.26796207227891 0.3314717390296306 0.6360568761330683 0.1450845568608675 
0.281809329356764 4.323090137411429 0.1661097215877395 0.28868248917838807 4.982231671643671 1.0394912151107378 0.20318611281106436 0.8281233061396428 0.5684533376534089 0.37095897633505354 
0.9008463047242916 1.2716970546160002 0.235234116823453 1.1684546612832376 0.1689949938254497 0.27511660919588216 19.60513677040909 0.6913012791882636 0.12385401750515382 0.048812527912379285 
0.22241436976147347 1.7828413793135331 0.7276532280655824 10.258825648366065 2.2589072587736743 1.5869915901865832 12.29862348658168 0.5841666934763803 0.7931422839369606 0.3438178132531767 
0.391835499755483 9.229073249807167 0.5501716164556019 7.400535869277641 2.5279487370962643 1.0835594608223944 9.655660872192843 0.41447938829511716 0.8604678920203002 0.26319599277398575 
0.36943022124570896 3.3402977161627643 0.2093168173824732 0.13519358521512934 0.27827775911378666 0.26005460033723715 3.6813279980578666 0.8090675309131767 0.5171327967829377 0.013393387914500812 
0.3103329751307189 0.02657640004042857 0.0727491735165658 0.18939721164025347 2.038532470440983 0.023362466381647004 4.188180303074464 0.8059345140494377 0.0628242145809476 0.5404866259801852 
0.38235612472031544 3.358698717787168 0.05405011615645351 0.21551500391418202 2.7506463103261556 0.2981689496051835 4.16118835673762 0.9295195801724618 0.08691330093348788 0.013962910969022729 
0.035076722558875534 0.3890257111853548 0.05414903153663975 1.5438066756279158 0.3098691523170822 0.37264422314831647 2.620135075109796 0.7827622350677185 0.7070439076937293 0.1502655865415308 
0.45270975352301357 1.5202034338920176 0.04118970572639386 1.5868301880376554 2.2509626300438974 0.0675108706291633 3.6300108893441276 0.4102869281396131 0.831339936408887 0.35950921209698405 
0.5975173306016758 4.425164840962268 0.5737181490134541 2.6001257661018657 3.55532657673884 0.0915192903347581 4.534420875930605 0.3584842875931272 0.6906801346414987 0.37798060993831323 
4.833554998169254E-7 1.7230446673369495E-5 4.845922365825074E-6 2.3079180274197633E-5 6.1315927533753425E-6 4.6986255180280205E-6 1.65311846455718E-5 12.491315350456347 0.0025505976713492595 0.0017344557766503152 
0.36324421287271097 3.463052422486487 0.18398861367011765 0.5077961003355981 0.8281907247785972 0.3243735847366661 1.3773363041982878 0.9874676576229826 0.20452490525425285 0.053028718187601555 
0.5243698040931202 0.9142163184445908 0.09572965298819289 3.30800368618375 0.13980183538773147 0.3104412039155069 1.0116207718330943 3.827036042364317 0.5446749253779253 0.06576940665325479 
0.0015021631912338948 0.019483087933758844 0.00886712746945821 0.08933928485741931 0.01996466395735843 0.01552360743037367 0.13133738947413076 0.9918516577267787 0.02991020416357089 0.2768228047316935 
0.02313289132161967 1.2318227875060648 0.0836463174826312 1.0138982274225463 0.23991735523846816 0.3831614775872802 1.4104777675881288 1.002041714224535 0.049281620966481636 0.09000628228487108 
0.0359443867313887 0.273746493023923 0.09417553287054393 2.1650285839226426 0.33365130756085754 0.19741535768359472 0.5224185046812156 1.019271132957456 0.009352219729318358 0.10306524130639298 
6.717648858147995E-4 0.0052371909615644965 0.0016541487310373114 0.030118768661504862 0.0014868612019503344 0.0047289680649669685 0.022475821767352796 1.0044426622321354 0.23256622113764855 0.14899683773718655 
0.4242435445574004 0.04768052716606212 0.038929230173004155 0.012878902453290372 0.06598804565343996 0.007024007321922532 0.015313912218178108 0.9379985179368323 0.07472352085336938 0.07746482995912986 
0.38266272685260916 3.8798333027923047 0.13035662345412624 0.03244420891640896 0.031271002966692885 0.09573813100846475 0.16874064716096446 0.9289142681550974 0.06264070282857298 0.006036520459572645 
0.33040211505076517 0.34917484880357186 0.01844891853418884 0.4121503031831108 0.07005936937884456 0.09859322133325152 0.289422330586019 0.9317168605849357 0.6711311478634615 0.07811210274319011 
2.1192674096145042E-18 8.750961975631479E-17 5.792549999623011E-18 1.5898556367587262E-16 7.465419540647497E-18 7.580611837737242E-18 3.183914126152761E-17 6.528590890875268E-17 10.613794333453326 5.223264681905006E-5 
0.0031725967103130043 0.1653364891050848 0.012766180527586761 0.21209202617158843 0.2117337648603216 0.052758035548477265 0.1029214287404732 0.4836830085974529 0.9661026429904072 0.10141176417052084 
0.2042520996050117 0.30825818846640674 0.005280831665550612 0.04303681184938089 0.14684260558029985 0.14997945581619282 0.2960511467506215 0.3630923123765576 0.9944664976027052 0.012657948782345663 
0.03635504689323363 0.45796242046985347 0.12172414485744534 1.5452771676924448 0.32612224319319033 0.40383084027037514 2.0280842725033223 0.7897242143327963 0.7100866871796168 0.0908035301509736 
0.24767710669621237 3.186280762349492 0.059933338991748054 1.659847789226472 0.12257001610682067 0.03832650986325373 0.48682397908687064 0.7102623484358936 0.6636561570877337 0.3425307277758213 
0.5468816790608251 0.5407114526301833 0.020109649223840027 0.9909150758367014 0.1729545178555353 0.1186804594241399 0.9274396554462161 0.3209662551681679 0.8850624048234543 0.33759423902367397 
0.47212475686118754 3.5866129088238097 0.04376620943243025 0.4590077020823597 2.250868231137432 0.06916390282735653 2.3045425748939716 0.31564811633889917 0.8706485107376283 0.1403820514515899 
0.8850548981831339 0.283454833723607 0.054405268043341073 7.505593086489772 0.4392073209030008 0.8703101481464224 0.23004852854977662 0.008610127011746196 1.4146666920913087 0.5365836151992173 
0.36874357577554645 0.20398102059741274 0.08598623208130812 0.20759852668614526 4.112605035376605 0.06897964388353835 0.008428138322459255 0.6474019374382252 0.7261777662030751 0.043188182334915795 
0.7005875273169591 0.05070103322924968 0.03158403829934673 2.6082005450875227 0.256547499562048 0.0664216155076425 0.1889707427248096 0.5369833829997525 0.756686184427878 0.07389321371788803 
3.0318355846617377E-33 2.5738794937855034E-32 2.4677704803799926E-33 5.442902018941889E-32 7.452340988315316E-33 3.4272691113273203E-32 3.696225319884722E-32 1.8008530352778582E-33 2.2697567703052623E-16 5.672522589136267 
0.03541918688845318 0.3551353381070776 0.19713656574832553 2.8368906395459397 0.10308734019094748 0.27124749450511887 1.1239882938914083 0.552971597851312 0.5151668378415132 0.6956521691073491 
0.14039347697824858 0.3833490941831539 0.003789421497698991 0.16830973148506093 3.3319564169485996 0.2541816901135933 0.004777526679924241 0.44032613586190306 0.12820247476885754 0.9637193330756607 
0.39368781910024897 0.00905632729766626 0.0177276261994353 0.09210465877664904 1.4717775735762917 0.19264633751652668 0.03806872958807631 0.029811213564011143 0.24936106969557495 0.9272935682864675 
0.39759988518449074 0.3347393438837203 0.21965762901203262 3.7073396114894432 0.044396998846708155 0.5175314707958476 0.11624580447786352 0.20427461706051195 0.14985733975694132 0.9338973980770838 
0.33516740809061374 1.3395492501632298 0.04266202296439092 0.14928760665456725 0.4820998989579834 0.51272063436532 0.6869375577912459 0.7253931151496482 0.07177081501721286 0.6798543367047992 
0.24524676226415132 0.09796204286725325 0.005960525783396232 0.08523402815506305 0.014255706008263376 0.32921936302181415 0.07141882466342864 0.02523689359817053 0.8636654055456704 0.5930348972380793 
0.5284558168552734 0.04477542447863222 0.10192544791022547 0.016099203055932355 0.39414337840762886 0.3124720531291491 0.0171194625241106 0.3051106513038217 0.5318285324075748 0.6553280840950668 
0.0075359346412933225 0.08828543334076626 0.04256392723133405 0.3672824581693152 0.057822151870766565 0.059329469887549335 0.34459173821551514 0.9347716982270208 0.20301920907908436 0.5354278191465116 
0.6909392565740161 0.13715029879667437 0.473035813868071 0.26880839497930226 0.1877183492291409 0.0968041214382528 0.01883818685259891 0.8568945537103148 0.10819277236619651 0.7497703721906933 
