1.7708066861660632 1.7318700258413409 1.546471689461481 0.27144654024794507 1.7735316472389433 
1.773400349133944 1.3430594886215095 1.7298300645991647 0.47391114504721404 1.773400349133944 
1.7730429875552827 1.7730429875552827 1.7730429875552827 0.0 1.7730429875552827 
1.770160148245897 1.3451613824212634 1.1225466371003192 1.0820820731605887 1.7733109318434068 
1.7054527521400373 1.6029463689754428 1.77352178338244 0.42524368095960935 1.5869225480722302 
1.7276685955433937 1.195746210124106 1.4739223027019885 0.9227814151915595 1.7733728411870158 
1.5957024020906914 1.7731257190384355 1.34108578140217 0.6094665602924005 1.7731224133300445 
1.5956711544663291 1.452545781921184 1.5350173964167981 0.7355877007219084 1.7729406778420733 
1.7114909789346973 0.9938077774803291 1.7701387119813434 0.8445644512515469 1.7733294633308296 
1.7735437918689847 0.8173747251325348 1.6747907302503844 1.05492212835505 1.7735437918689847 
1.581963180713244 1.7688496576450785 1.3829944366897549 0.7870378814533233 1.5727949772774776 
1.5614145577587468 1.3880241556202964 1.7718289125333309 0.598916072387626 1.7733887507121964 
1.6144754648172972 1.3751949674088457 1.7498655714876485 0.7680304544934907 1.5867229449021534 
1.6077160858379296 1.7678495838941608 0.8901473451423784 1.0549230600989137 1.773545358324461 
1.7721418723439828 0.8512803733894018 1.3891091474372852 1.303895122299331 1.7721409739059304 
1.5012886270662322 1.764066776707791 1.2123799762991065 0.8428979314624783 1.773538621299269 
1.5083270946038254 1.766918881059179 1.7733306146654242 0.27141863607744543 1.773327232255823 
1.475682176167715 1.619561063707891 1.7538705451036645 0.47050889046433814 1.7732031506693184 
1.5214176681896225 1.764059382668596 1.7734878426500948 0.5200003338597561 1.5149861432323102 
1.4684027098098487 1.6121762208551456 1.7000565999092225 0.713731188404115 1.6005216705099223 
0.897949623266485 1.7731668597899628 1.6327167737161512 1.0156673225972896 1.7731668597899628 
0.5513727305443173 1.7320443106061292 1.7734405495290329 1.263464057907619 1.7734405495290329 
0.7826156090421179 1.7397508815081986 1.7733145062688287 1.024262521987341 1.7733145062688287 
1.1080784908931238 1.771705972784218 1.771697111471069 0.6636363432042428 1.771705972784218 
1.1902140290462646 1.6371327716906086 1.7724160208169444 0.7255874763191155 1.7643137853948447 
1.2123728610462372 1.7321323165589246 1.7720783096821868 0.6043144131652095 1.773632633484186 
1.2392034668615761 1.648395852444962 1.7723866082066215 0.6571738971067046 1.7723866082066215 
1.3155760013763353 1.7574462711045908 1.773062079097729 0.4731018857145317 1.773062079097729 
1.2045964938693339 1.7734239813429349 1.6783301377651316 0.6639213310514045 1.7734239813429349 
1.2068889496299504 1.7734003702514332 1.6786937155908346 0.6612214649821473 1.7733969805513672 
1.2935162967669347 1.736743956337463 1.686654149267816 0.6093982307250355 1.7645187109150733 
1.3817282104353454 1.7597004946050652 1.7730581314968887 0.6610826099825515 1.5166630794677043 
1.4253968484069868 1.3868007873214319 1.773350912957509 0.7375259424617627 1.7703291606823452 
1.4730557847005732 1.230571847545812 1.7708951399922825 0.8456398097708261 1.773385275151589 
1.437089956848978 1.7615167854081388 1.714912558983499 0.6649482009407831 1.5134609468047215 
1.3133899660577222 1.7696098389996864 1.5802652142431728 0.6530649308838997 1.7721087854991822 
1.4900696859488165 1.6235901484399322 1.7052034356851613 0.7892167274701073 1.48638224190136 
1.4534967942303474 1.4243733660097366 1.5981712371206422 0.8467472783717297 1.7705937786347674 
1.3974177691376377 1.574402630792957 1.5564122990711788 0.7915630014885544 1.773265233496776 
1.403548035515949 1.7458980182197312 1.7072085451833565 0.46437518614165274 1.7736765950202298 
0.5725748040398606 1.506190730233175 1.6056680245010577 1.6360428723074911 1.7734921421930736 
0.3115939888724739 1.7177561341383698 1.7708543629499538 1.523257294462583 1.7708176828794646 
0.8923667323116485 1.7073918283434704 1.4135123445636042 1.3041354912268097 1.772464404848534 
0.9934050182103946 1.2548247268749764 1.7664454752448797 1.3051312265257187 1.7732688156186565 
1.3119438576104065 1.773124601845126 0.6501126809435521 1.5841959708426019 1.7731212961388179 
1.1500000041083698 1.3589181105416506 1.505695761579672 1.3051112841650523 1.7732417201315815 
1.2552112676113802 0.8311927700964752 1.772305860957749 1.4622915125283689 1.773380073574758 
0.8831028027051836 1.7075088244175023 1.6745923541451904 1.0547971746283986 1.7733337186320917 
1.2856230443531418 1.7564773862925926 1.0124680984083945 1.264783967308566 1.7731174987875649 
1.5350888765540267 1.773542841530504 0.5454437231682195 1.4665530833387617 1.773542841530504 
1.5667761436328713 1.3976172980663795 0.8942860731568423 1.4622799983207881 1.7733661098294229 
1.035782884348179 1.7732282007879476 1.4949710585986173 1.015702458629099 1.7732282007879476 
1.231384847764125 1.1712792485295698 1.7732532915296342 1.1438424867655737 1.7732532915296342 
1.4636634323512085 1.2128506903522351 1.3573149056486162 1.2850681185580155 1.7729657156366918 
1.3901379638470557 1.076682520878493 1.7705253668945828 1.0827178986810608 1.77334876817704 
1.4734871312244486 1.7731101299806953 1.0435042138926425 1.0292289148442995 1.7731101299806953 
0.9761961068407817 1.714258016916325 1.7365061855319548 0.8926059259237007 1.7731887450709207 
1.238132894169545 1.7337083114523832 1.556423195501489 0.7915685432149254 1.773277648112781 
1.2241404540927308 1.7604158923636317 1.74934523221539 0.7870535602758605 1.5728263094076296 
1.2483339128001396 1.4978626349661626 1.7388884007247478 0.8344624300674024 1.7731780517699904 
