0.1661077866052878 2.567430569655471E-5 7.238038872259267E-5 0.0 35.428104704312666 
0.1661077866052878 0.0 3.262747547694289E-7 0.0 35.4318115265093 
0.1661077866052878 2.567430569655471E-5 0.0 0.0 35.43699440767021 
0.18201466928398702 0.0010414845925126315 0.0 0.0 35.4335661047925 
0.04754801401633202 0.0 3.262747547694289E-7 0.0 35.44450589716521 
0.05929640944534853 0.0 8.36501974784909E-4 0.0 35.43441245205317 
0.007322690439966806 0.0 0.0 0.0 35.45757123196668 
0.00698528409119703 2.567430569655471E-5 3.262747547694289E-7 0.0 35.459533429526715 
0.0 0.08857103566315416 4.2053756033055834E-7 0.0 35.40934937039063 
0.0 0.001510045959037143 4.2053756033055834E-7 0.0 35.41714067219181 
0.0 0.08840220187401471 4.2053756033055834E-7 0.058662325387714986 35.41505788331869 
3.735287425996603E-4 0.19796951419930764 0.07208819314615766 0.19346397826953776 35.40597618658221 
0.0 0.0 0.1772381054165919 0.0 35.442716692764336 
0.0 0.0 0.0029085958836994052 0.0 35.45618146395142 
0.02465421342775187 1.9305113450229783E-4 0.036009599640077994 0.0 35.4521345655228 
0.02465421342775187 0.0 0.07217797235350787 0.028170545400314495 35.45217555098427 
0.0 0.0 0.0707644968936414 0.05625940354181225 35.44889134912293 
0.11966847274845094 0.07931047505158162 0.1497747295618197 0.0 35.399467799043954 
0.0 1.979156209301891E-4 0.0 0.13649701160081662 35.443047170472255 
0.20554640693531212 0.0800619702706804 0.1497747295618197 0.13431306507549934 35.39565694326266 
0.02465421342775187 0.0 0.027872295834569627 0.15934549100951045 35.41695027423005 
0.059875120730207954 0.0 8.36501974784909E-4 0.15944686696384736 35.425118872973414 
0.029917448306878924 1.979156209301891E-4 0.05995242403566792 0.11149963182273837 35.43314689215164 
0.22977610308685215 0.037641700459957406 0.07182429995281225 0.1972058921417137 35.41550273681487 
0.20484394672003958 0.0 0.036009599640077994 0.13649701160081662 35.42306325233898 
0.04840059032026289 0.019978649253921787 0.0 0.040517963134860224 35.439872088480115 
0.18351548441534504 0.03763463407329937 0.13143581895765166 0.15805414391772743 35.41520911765024 
0.1052465191455596 0.04418223156305601 0.0 0.05491942640970393 35.43374174020508 
0.0 0.0 0.0 4.3353810277579896E-4 35.4559773640722 
0.10610852609977073 0.01801364957563223 0.0 0.03114322972737682 35.43474663539807 
0.0 0.0 0.0 0.0 35.46142911071469 
0.0 1.979156209301891E-4 0.0 0.0 35.451213760232925 
0.0 2.0513800781429836E-4 0.0 0.0 35.440342134855435 
0.2371414950039359 0.03797137547839213 0.06570455155072352 0.054143884237745965 35.40920716625357 
