8.242687867857194 3.399290826494581 4.052954425573541 4.31350827917931 5.867310097367441 
1.404292394356545 5.873473382841307 6.750754640270774 7.337947829996608 5.364209636093386 
3.6032064924021525 3.054704055319492 4.66066425567998 7.313993974147493 7.501534795211927 
3.5367650908180948 2.936210426402355 8.31775784144518 8.056887356132252 4.247826071634978 
2.787042099515053 5.955387712537617 7.538479999500036 3.5042161753201007 5.934572232475201 
2.481850017167757 6.3984774959352935 4.736191500260655 7.665912113191501 4.331450125675676 
2.494890162947422 3.452820231667218 6.511516541674628 5.996779443238926 7.648754885937734 
2.957711796376204 6.6945042810371955 2.5177514175068714 7.741596687502346 8.66375806552199 
2.6202075241860454 8.056802862511313 6.219530070044151 3.043314517284757 7.586702378628299 
2.429662720131566 4.0758909703604145 5.378454934531147 8.46914454207369 5.943260036511825 
1.872006710613164 4.652642676470987 7.14411621753464 6.226399519627513 5.941947502339094 
2.089315954773387 4.4764971991049824 8.548957084320328 4.9602948787478915 7.518211169069892 
1.73937214448622 5.224975672858921 5.564330491829514 6.1616759713467 7.367562546175247 
1.6416656584612965 5.518438678127631 5.423238006343606 8.539661877039675 5.992745891512008 
1.7707550866109 3.6311389117493635 7.7848605945673555 7.218570725485741 7.3976466482976635 
1.6240909038786788 5.115475971603102 7.07960380230317 7.249504378876095 5.326259463780086 
1.6482094492188923 4.163791551115003 6.312880720616616 8.13163323002654 7.455020488720876 
1.4940056009616849 5.795729905818113 6.646274524308489 5.203485661381137 7.642816117297813 
1.6540827207137947 6.215731113231524 4.279686829933983 7.704226782456601 8.047994519550022 
1.4379568957514344 5.3063449574196255 7.822014926401242 6.2185038684851515 5.893110018329382 
0.43471982273458426 8.49997838377145 7.82836703230097 6.151680125843806 7.388371280252656 
0.8024636348428007 8.491308998530787 7.851042380061688 5.123684747477933 7.380835656744265 
0.6167261990328279 7.497211301178797 7.827327851388249 5.798398618428011 7.421685646624184 
0.23184262346500886 7.450077978333576 8.521938639102103 7.279325391776664 7.424317000463554 
1.2150325287273243 8.467628415618798 4.216022605519325 8.467628415618798 7.455486171678649 
1.0354485792945272 7.576190794015406 6.639945856938684 5.198530835968196 7.635538530313097 
1.6071595139766748 8.09429950201749 4.902085079917238 5.151747662461664 7.634730035175097 
1.3639179266543975 6.543932365109129 5.766594881393403 6.235886546757526 6.6355901493610325 
0.9954347176578733 5.929077581200284 7.7561155603339715 6.122899747433392 6.51652078050917 
1.0810360252223044 5.966555313238406 6.390508449097412 6.057238430427202 7.472064410625316 
0.9702864283258903 5.996201312137105 8.481472113645939 7.507342975271359 5.584584079887275 
0.889511900123875 5.661975659779335 6.435428425904683 7.252242781486322 7.643674572359503 
0.9967406648205748 5.727286647770208 6.960381502199942 6.268126504931511 7.6734563226331804 
2.458228714023566 8.525601575133281 3.488672683733734 5.433496284638604 7.64178762022419 
1.3925442005964959 6.13612740291083 6.547763680504142 5.198955684575179 7.636162542752483 
1.793244297544984 6.706100450391318 5.968854003477914 5.050109661565217 6.679195208376108 
1.23331196382604 5.7764307691507115 7.825357770486395 7.256130670640985 5.3311278447587025 
1.2559949254363367 8.438662028080907 8.44867627891283 7.005942979033941 4.257747246655573 
1.9046620185870393 8.225439483003532 8.352375901699538 5.399759119353958 4.058496314165054 
0.9245747301396174 5.13553509707836 7.826041309632419 7.250662962289096 7.436704641171228 
1.2502070978644846 4.449421033243413 8.514321718112221 7.305502325961945 7.49282540953869 
1.1465800473629129 4.230422080663875 8.462694343586374 8.038974329826866 8.462694343586374 
1.154056618139769 5.229512215088148 7.8761130938845065 7.787244418556675 5.9949829447033185 
0.9557273006723542 5.1083727989718115 7.023032583526742 7.562841155219207 7.476008794003814 
1.518426641628091 4.433963797339699 8.46580407159044 7.58899222091075 5.940086271509763 
1.4452946253195196 5.906864212869323 7.935359303631591 6.361558650130902 5.382294250042661 
1.574793826871935 6.136526470898213 8.479541415476463 7.4204465242403455 4.371380431429292 
1.2463356936023278 4.931091294184285 7.80388537125473 6.113214315378716 7.709970850209874 
1.1181155019470088 5.250436623421857 7.0527327917821205 6.15807832814193 8.467552571380015 
1.435378353755436 4.096166784978028 7.833455772841258 7.185567993415131 7.378377713592055 
1.2603517810145228 5.258752972070946 7.102295351541405 7.534464879689376 5.9651171597243575 
1.2635372297467233 5.829138135690161 7.0192373345543535 5.293279388207523 8.50442072651527 
1.1496038394511583 4.7837488140556195 6.951193352459774 7.184161193106557 7.621989994836447 
1.3050817945238686 4.985498030309309 6.403687700090257 8.120735394130358 6.7422854994970205 
1.0916861186639943 5.007292709485964 6.435224842949318 8.072433978403552 7.666312980432485 
1.0927402787499163 5.208225563804307 6.102734988367484 8.130273563621053 8.565473579113188 
1.3432850633418987 5.019060749565071 5.691310897139086 8.139273691830576 8.163513888227099 
1.2519497434956484 5.7006913898651295 5.244837052766178 7.616641444768472 8.54374775786833 
1.3087855036360903 5.7344919041927795 5.280997946172815 7.640521315465188 7.523424698854759 
0.3694853425910959 7.414506414390419 6.382702881512194 8.460645888916394 7.621959458213424 
0.24968183131069033 7.399016524946186 6.933509265409288 8.460645888916272 7.621959458213314 
0.3676538847110653 6.597969847701935 7.767985008450182 8.431859720915332 7.216265258529083 
0.715413929147817 8.52135440801704 5.290428687526698 8.52135440801704 7.40695179851887 
0.4250041044331335 8.411887270707503 6.010883826622126 7.971730187679834 7.406407809393272 
0.5637556167053477 5.820953355587794 7.195405141688296 8.124275687170702 7.955607573799063 
0.7364087956458576 6.720450124602586 5.6981245648356555 8.149018073613592 8.173287290502254 
0.6022470411314589 5.6092281754732625 8.498193454848883 8.143655499822875 7.539297947550215 
0.7820819914289369 8.474200114271886 7.833660966139607 8.373711599178012 4.9780596681512055 
0.7109622595011454 5.571026171597637 6.9466076980201965 8.118209883813723 8.534327018905971 
0.9333631378293843 5.653178653331397 6.989064589952026 8.126857482086852 6.524980119476868 
0.25356478670792426 6.486520128250095 8.499329010996622 8.073892475177264 8.382838023636529 
0.8499553732715186 8.586457915059299 6.761186750774772 7.993821027941805 5.394130449893049 
1.0323885898411234 4.817102166768971 6.946246080567464 8.47618804494158 7.635960952268669 
0.5422516319307124 5.583088323665923 8.491587834787017 8.18331663236084 8.55659551486085 
0.8668289649391262 6.327492348752469 7.0909824079765515 7.522463551702249 5.955615578834589 
0.7240455415172888 5.1535297229361 8.510487341962465 8.152852935529621 8.575622347983627 
0.5382907109034346 8.451809566246448 7.7928339050072895 7.233698692743274 5.826688378953697 
0.8453036280746344 5.166073165034929 7.7593839509922695 8.424882903682738 7.210294266900062 
0.719950913938085 8.298896876728456 5.238493592190749 7.607429363585401 8.533414371621399 
0.634163742214579 8.587996858060999 6.419123765418012 6.18256316535315 8.577650007063491 
0.7445033284724774 5.866614812478649 6.9512058006997774 7.361173489764102 8.653121905339148 
0.806637231339417 5.94961233117591 7.8541707057951475 6.151658284298977 8.554792089966513 
0.6211175442737608 5.623703447322346 8.51013273339976 7.328325124776242 8.574646598183227 
0.9601075613148946 5.7169166953783455 6.956857473432179 6.260759199369044 8.504990747031053 
0.8055208540955697 5.060428885776637 7.779014551641349 7.649370078202445 8.496542053994682 
0.8061261414883286 5.057544479319708 7.777280292382305 7.64766472197822 8.494647828623439 
0.9526475379633301 5.951779963894343 8.628423152043734 5.837042695929543 8.690845870587934 
0.7314530681261824 6.663998478802404 7.82042933805755 5.781748075047498 7.777399743334711 
0.9176687344573742 4.813686035716412 8.510012212475042 7.712087030722537 8.574944046467964 
1.012183007091644 5.236756673148131 8.42406079320392 6.20036181640273 8.523013584718246 
