32.59080056693117 0.001651487767710925 0.0079404129307335 2.879617912605912E-4 0.004834173298265478 0.003703857639558765 0.0022197880780566196 0.003167856400869912 0.007655653519641892 0.18940051157580098 
0.05227676344989467 0.003249566654976344 0.017858236943723835 0.017034723173380815 0.03328362227501248 0.009146801589124792 0.004166438903924156 0.03327305151769048 0.014446831404184412 0.189250395017852 
0.15682935551808122 0.04968474250444907 0.02942182855917868 3.3523456133057513E-4 0.007654787020989688 0.022115486267574376 0.018867536211542135 0.0025794125438451943 0.03524334605851574 0.19840272513091375 
0.053757802061068845 0.0027090233790113883 0.01388041408693266 0.015393209173126176 0.003231232998651093 0.01062500356646922 0.00429199369147522 0.02427497852530678 0.01968996298192751 0.1897205558087011 
0.0447704440478314 0.004779566998594641 0.0017945337803689865 0.011937279272558093 0.005330276139144724 0.010788722100144277 0.036442500300858355 0.0010305743058128354 0.017115176479920422 0.18965216981853783 
0.1554188150419078 0.04856840776246733 0.02471391660071616 4.100370324840918E-4 0.006611111319911907 0.009828092968796477 0.043219683792806926 0.0027868269656141733 0.13037072904172775 0.19840272513091375 
0.7820720254386708 0.0011520034599991397 0.289022742375223 0.7351055754183231 0.005877722396604497 0.00363421887770543 0.32980845395995156 0.05051914129987394 0.038870177967395184 0.1899047234072149 
0.21352617057069706 0.0023183026984111635 0.13872672223360213 0.045687728050371926 0.008992936297752817 0.011958028426636234 0.028707083054327877 0.006643402699567924 0.013120756543667938 0.23331011317865463 
0.10701545339573346 0.010324081456454078 0.01070792045539774 0.007481635877832386 0.0037417972052946787 0.01570903074723804 0.05191578167512771 0.14446298231424726 0.010359808494399844 0.18961663966830924 
0.25483711275168974 0.0020593195222631294 0.00922553339519932 0.0148231675016991 0.2069287990794432 0.015714771980308986 0.006396881332941245 0.04233019356073915 0.044051773268402095 0.1894483373583874 
0.0013181799872241128 39.43280794016874 0.0037315655386945886 0.0022636866806888564 8.865640274114873E-4 0.006292340902544207 0.002730377970830088 0.004470106624111295 0.0037854938252739815 0.19008319204991894 
0.026586910691709147 0.033255984413395286 0.004219328457110866 0.008693294248638812 0.0041827481250770225 0.005281796510653417 0.010852287202286877 0.0028776879741091188 0.006164407098379167 0.18953244273379838 
0.004410593666481405 0.04472297975267903 0.013681558435753808 0.005951418481889625 0.0053911886189208676 0.009140319460014253 0.039994283302052305 0.0010837530319945748 0.012361851243440351 0.19706914434476192 
5.760246052234151E-4 0.033150154873969426 0.002012660596349614 0.005792874035211776 0.0024897854860729263 0.006744500048361612 0.031663731484795586 0.0010405459448935023 0.03568644387249918 0.18944150267564064 
0.006104835391158353 0.1302135701118489 0.15008075566000384 0.012348897505922454 0.0057311163820753346 0.008344138950765244 0.028500027386959295 0.007172202234491518 0.1704941572699846 0.19697638462521908 
0.24078037971439373 0.32772519502367653 0.002392356684452859 0.10900314527078722 0.0024043321567194333 0.003773210910282732 0.5207489396898602 0.017115563497093245 0.002268888625652209 0.18948509814327724 
0.008125397846296721 0.1283884763037705 0.1483770442312198 0.01539806115182413 0.007540044541675268 0.012220341266485664 0.005842040118417692 0.00686377277508362 0.011681625012680818 0.19606569228073353 
0.0963972716487882 0.4169692340067118 0.007868202532730352 0.5745397445601504 0.001662029195599571 0.11316287511448503 0.02482839457094882 0.013770250872230348 0.04054341752617315 0.26233769924148 
0.0087057382554176 0.12842383837731197 0.14838627433958085 0.007589970713427894 0.00760356990166573 0.012073127884276195 0.28580071818068226 0.006661265067937108 0.011681625012680818 0.1960656544712461 
0.0022402167101880422 0.04502163527696117 0.007959493811603463 0.004598979427168418 0.033548351751707874 0.03650496353109267 0.003913369249359352 0.06756472762132759 0.011995980247402822 0.19046990399894376 
0.009230093107002426 0.007421372506260362 60.37640408278915 0.001993102719032123 0.002514942668605264 0.0053815267602482075 0.007973463242723211 0.0029894674408427083 0.0052762269767336984 0.18939826764807416 
0.012569818704871689 0.013603513067852098 0.03561771630013664 0.0019078866876615502 0.0042491108097078845 0.012985824638281733 0.0066033137592080215 0.007114724383193863 0.008017261708301856 0.18942704807575517 
0.0015956433182559352 0.0026110374078146857 0.2945901389546296 0.010456577640094406 0.0017751240773607522 0.0020361163374432293 0.33168281571828984 0.05170569469103455 0.03846234757906738 0.18934464151311764 
0.0018610897454516906 0.004980591103695168 1.1630869225727147 0.7638198629215093 0.6938063481933209 0.005782483721262142 0.021711485669540263 0.0282671177029178 0.01582577117960869 0.1894178134610045 
8.760756687676723E-4 0.0040356308084902315 0.13888841719060718 8.175976320710624E-4 0.07366205702882948 0.006746156458024807 0.033318849217552106 9.34249059426206E-4 0.03570297460011021 0.19222284082290222 
0.02137468949098202 0.003547567563028638 0.02574845755823914 0.008524024002629839 0.001294216502976227 0.009762652679592532 0.01736226138168005 0.004877907103637419 0.01338501441697047 0.18948112034285078 
0.005378332622052626 0.01290343489433017 0.024380909012745533 0.0027031561036034895 0.01825012390993396 0.014362175136400371 0.007025644416358468 0.003209387995757073 0.007806079429371055 0.18940361599522704 
0.043756179410388396 0.01962196991277413 0.04204888560193358 2.615350100271281E-4 0.009296485524074732 0.0023542555158125762 0.008657761633182727 0.0028051730856884912 0.017325127015626645 0.18947658551632368 
0.007630884053618296 0.01780714866066425 0.034791733069987354 0.0035528217741852587 0.02609950730042437 6.352208300379116E-4 0.007529637145559109 0.0032125588966348444 0.011688366048750513 0.1954153133907142 
0.006919289383835405 0.0031177052105292526 0.01600075385631523 0.006667540876329608 0.007521715709087755 0.01007154356455063 0.01738416681380788 0.004877233220072802 0.013281671179140532 0.1894668346400685 
0.004733250337134866 0.005745745078442311 0.007191740151857752 38.43759774715084 0.004502733203809675 0.005284119677867377 0.007087570290298811 0.0038076247164867587 0.013108325241614063 0.18908343016988716 
0.003350967769869386 0.20478610400306427 0.003886513593636453 0.5202974744798383 0.06919138816556687 0.001209690320694477 0.17255266268134892 0.00692191842821595 0.0068592418296473485 0.1896845696310553 
0.003178274063117059 7.258403491030515E-4 0.010998625214775766 0.09892394900123085 4.83223743150939E-4 0.0028497826878282353 0.08260653215818706 0.04475690304123824 0.02428003702588462 0.19005337761205568 
0.009317695682998128 0.005119843032755447 0.007787908409853259 0.1329595433743833 0.001801136529969964 0.011211962193623814 0.012089877003402971 0.13322225161605433 0.02084462955357953 0.18973175234216283 
0.08630847375340522 0.00254888099415247 0.0027339413361538696 0.49321823821262684 0.00234390370951168 0.006953384538137077 0.1675174014519993 0.4115044669770125 0.2981582030363728 0.1900730062720643 
0.0061235922701219775 0.010397206203864917 0.012533004865281841 0.024670274882227314 0.009227814856132775 0.011245633591770065 0.006311742243268515 0.00521078810416467 0.005824415523401876 0.18933119404784485 
0.006819471643912588 0.00724724978981719 8.952111484196218E-4 0.05387432299792352 0.0330599671527662 0.010966620789540468 0.018247111856080047 0.014145389733124755 0.014387616143249241 0.189250395017852 
0.00942772405654542 0.005171196630468354 0.11766529102483662 0.1332544053175753 0.0019541417225788582 0.011344407905167993 0.006963356971126835 0.1330698660382178 0.03084559087519463 0.18982265996437997 
0.2812585818266212 0.05877499932146449 0.16365327996150056 0.3648856341242058 0.012706272284329485 0.012867523991054548 0.006857517280950142 0.0010748123775667555 0.11940693495187624 0.18937962223340987 
0.003612070994366243 0.014219100349930243 0.020257991762286442 6.9494353511779385 0.0018931446429340218 0.011751728950544478 0.009399652758816945 0.0020458518732693024 0.020845441588521207 2.3348196553644422 
0.0022961558703375735 0.0034218170735067035 0.0026607708018475786 0.0023448264751982344 29.627308432370274 0.004684419693028597 0.00831325856581802 3.7470923163975206E-4 0.005103379457704055 0.18928518969760305 
0.0033279975692619874 0.001780338809340669 0.007192499636334681 0.0034758920690926066 0.10211781577738586 0.004246615349552506 0.038205035164653 0.06503134745532532 0.013299434374979399 0.18937135881157893 
0.0035060874964577245 0.00204568508376572 0.14580176639283984 9.558783976922347E-4 0.1707912222240158 0.004532498279400053 0.01844762961865186 9.556958868912373E-4 0.03001225229940864 0.18943662449877416 
0.0025607351791864866 0.0016763475463596794 0.0090224025178833 0.008957601832625756 0.11175486494151415 0.015268792220705159 0.006276665801405829 0.04434765357652033 0.044051773268402095 0.20159509842786 
0.004188166287128513 0.0029229490640564158 0.01523656668415199 0.002154397706596646 0.09732998187121478 0.059791148476178245 0.06528380530628286 0.014934646278028818 0.023925001742281186 0.19035583301833897 
0.0613503587434003 0.0331611421881027 0.15186303855329816 0.04860862460195017 0.17965652020037445 0.012879248661573335 0.0068880404260425465 0.007438765421582948 0.005791769761256345 0.19715025078772452 
0.03322344535477864 0.12158692793554185 0.0010663308727961289 0.008558755221501988 0.18399982958214048 0.002493716787695571 0.1254332352007382 0.014417128286339504 0.018903543625281252 0.19013866385320274 
0.02003134044256486 0.00242075287724798 0.014371748669078033 0.08192960162163115 0.10440645031906752 0.009281634497536466 0.017375584465296138 0.004340869681592806 0.022047679125984126 0.18915634630191971 
0.11714795671578239 0.0019538689816663434 0.14565228126346189 0.009546707274436943 0.15467010358096592 0.004094028179768573 0.007353564322064339 0.004146825871680801 0.03001225229940864 0.18943393752020063 
0.001934708920142264 0.040524996551805234 0.002990434488978383 0.001536740590731575 0.17900979549925403 0.017249047488866735 0.005946047980169839 2.119524044356776E-4 0.1163289502464809 0.23414501057557058 
0.0036398629040757242 0.007733889260088861 0.006661183238277314 0.003927525701320662 0.0038975722543262642 49.65040485675005 0.008072157725938077 0.0014271735601409572 0.008331838966280345 0.18934743186692357 
0.00497462359077598 0.04667260866777174 0.009085273770167837 0.006414117782578157 0.0023250717725183554 0.0801991677745435 0.008059232351404547 0.0025252378777829076 0.013449064037387631 0.19046990399894376 
0.05084923325596159 0.0033869339068424947 0.030611531698171872 0.02798846145226742 0.004382807794696603 0.08818127294949292 0.007369098510306425 0.003054566124689512 0.009704659405826255 0.18968276850491475 
0.005974325638494191 9.759202263746092E-4 0.0028928945597573477 0.0015472008286066432 5.139778295573632E-4 0.10034832262455501 0.10177522644350093 0.056087666712786914 0.005937139636605037 0.18939133322136684 
0.002871967819933331 0.004513561200066764 0.0674031145629046 0.018223850390984744 0.004935890393325272 0.10791785726324396 0.038173801644924066 0.0014413300758666903 0.015557835490172582 0.18886687666111676 
0.0020226228770539307 5.432875636952292E-4 0.0028951060416642187 0.008240362966212752 0.06903157392261308 0.10055239063062422 0.10260778557230307 0.056224051754376905 0.00541796272613878 0.18983918281776085 
0.0019110993812954035 0.0038525942466574345 0.003270161913777224 0.014004768463814472 0.008920518941795783 0.02879690443018651 0.031307111175897635 0.0015695137333456022 0.036047960536623944 0.1889542839564734 
0.0051034261927544065 0.002163937817452764 0.0814918250181992 0.11653729252823498 0.001709453146113031 0.08030309646501937 0.00800576086040765 0.0024948057119614803 0.011722201300055192 0.18986273340094287 
0.013786068993907896 0.003695169343408776 0.00996895028380863 0.02118814093722353 0.002934623029645752 0.027093113571757498 0.009382679316291671 9.418482466597639E-4 0.019904473784115837 0.1901867703845064 
0.003577072692825224 0.0011247546757923586 0.0016524214966609986 0.008747381408274232 7.847912712419441E-4 0.10005014329928241 0.12879197167883422 0.0376248744331646 0.005760719045754884 0.2342032697396061 
0.001253999149625772 0.00325011056902053 0.002821462134900213 0.002884559751379124 0.002436928661990275 0.004459253499050912 53.40916403395915 0.001320620893874481 0.002967814773943995 0.18902174787001003 
0.0027193139164829938 0.0035525625572848836 0.002143284071599116 0.021331256678212618 0.030848684659199963 0.010945602174654285 0.03971590348109316 5.085687366425969E-4 0.00799086336092977 0.19842396208127486 
0.09815048406036317 0.0011359845382161787 0.0031405986327076646 0.1136073901552369 0.0033358808643535205 0.0032772792781249876 0.25814357923145753 0.001979375312603873 0.007250989960082586 0.19064577530717558 
0.002260607963849328 0.002190595450121483 0.010432141136075289 0.010853360640395405 0.06919138816556687 8.734531836270475E-4 0.17331228753204633 0.00692191842821595 0.007643825687585719 0.18968706521630566 
0.0016578604084073125 0.00795885599204731 0.004775706247518766 0.02248986044178496 0.01316235179964924 0.009316662181279089 0.027800479899485402 0.00210615440356328 0.007614127652107602 0.18947165946452282 
0.005160891494135073 0.002083219504434959 0.015236021026760964 0.09977601152637394 0.09785072999862017 0.016309087965917835 0.06527859390401795 0.014933436498482167 0.02393307906673046 0.19035583301833897 
0.004703773176178931 0.0014880070163708961 0.002684772661561385 5.538619666182367E-4 0.16999869928620237 0.014910863890018318 0.02000670109340043 0.0011172721983488238 0.006114364870133462 0.26416028790154117 
0.06645446321779545 0.030308327463935233 0.14584506404676642 0.036224195565809456 0.17129850885747824 0.03484109947923346 0.008700606738175125 0.007440663355999212 0.0056860897608076175 0.22630314576532107 
0.0012719328614212533 0.001192007461752653 0.007389981527861165 0.11459417205177751 6.888373131567003E-4 0.0034754641725990207 0.1886690219038141 0.001984097029846189 0.36509254800934926 0.35609985187730203 
0.2842020768780239 0.003350572055210452 0.00922744495925758 1.4605740923641686 0.0034272928940691427 0.03081775295848023 0.008385443585484584 0.0010314988351864825 0.019708007928899516 0.8023360853747138 
0.010954768017556607 0.002861179722568092 0.012859194130257596 0.007759242887522509 0.00186289972063348 0.008725114828671514 0.004168609575083399 53.85197586501786 0.005937162055291712 0.1894032224678183 
0.0014379986912403564 0.003001220617506799 0.2854466005922889 0.0018122509407923163 9.209965892784E-4 0.002172947599798231 0.3478430177697878 0.8454345212130194 0.3768722867991966 0.18934464151311764 
0.00927556850457899 0.015138140112755478 0.009583713706048356 0.022473486373939356 0.0019082836623501905 0.03355536507593786 0.0090434366768051 0.08462238565341454 0.019221334622945386 0.19553847657821857 
9.462653744977029E-4 0.008283251017075126 0.0026560310295149886 0.006693710877552629 0.09479404259464856 0.0025247371535876036 0.18849996752642792 0.31103332474612105 0.006245747465442334 0.18983073776084497 
0.005793844354154792 0.006261790752635607 0.018806735995152132 0.0011275015086938795 0.004902334943055515 0.0079929322554041 0.012787429072036935 0.03039717520123289 0.008474930634030682 0.19454797736662782 
0.0010580728857970748 0.008041138368159789 0.004955346624865747 0.010537386484627544 0.002080169350288965 0.007717664202090529 0.04382301530033537 0.017010403333710185 0.006234998736493454 0.18940212587969504 
0.006454851669968203 0.003196925021423029 0.015492450657067343 0.0066017354099042105 0.00767277890312858 0.009582934999616212 0.016744881952964863 0.006518397157058133 0.013283577075471863 0.1894668346400685 
0.017385334081939936 0.005297596331744667 0.01649114334841817 0.006094212220299542 0.006266841300713398 0.010033312229656172 0.016822452325715102 0.00666110199068579 0.011677601073710464 0.19606569228073353 
0.0052343017701614565 0.009322114596207994 0.005549827510385048 0.014515526304689164 0.0018371583750887875 0.006964166945675158 0.03321545708845327 0.00619960938360108 0.01723887818076193 0.1932095095848359 
0.0012595898306983024 0.0015240965486163923 0.0018870869032501718 8.618873873775335E-4 8.534831447401408E-4 0.0013884028441215309 0.00169261577105631 1.6899057894970612E-4 47.26409758765109 0.1889461241492379 
0.006214946467958904 0.042304899864474 0.0032141819047898723 0.11459417205177751 0.0010661954606905858 0.0025790380983727362 0.19238118183456174 0.0019877186723469393 0.3671745612997522 0.18977539399189805 
0.014278896730703018 0.004145665035619689 0.03575201762329323 0.0064899737856776345 0.1038233664893411 0.005613342861644653 0.020246535731914705 0.026421827738192835 0.1787736025315531 0.18965349019052904 
0.0032105310826425065 0.004340731123728245 0.012952994800279932 0.020632300659634693 0.011908127724675642 0.015920820457237316 0.02012718209346612 0.008182968941120947 0.34351256205075165 0.2696831596430712 
0.2736692312138813 0.08137779141089108 0.16616607503813138 0.36427128116582896 0.012706272284329485 0.012848539671731463 0.006857517280950142 0.0010719841517466615 0.5824968441030544 0.18931951225461546 
0.0028023123587632903 0.004107361849434619 0.0035829836183386937 0.014087619979010872 0.01471765033691872 0.005924458163967226 0.03131311782933513 0.0016406862625003849 0.035736059953156644 0.1889496324660452 
0.030605615692533998 0.004510726588058597 0.0020044628997699 0.003877875196716317 0.0063165802693712835 0.007823960339291426 0.028786427298479272 0.0040372414849609685 0.03640833344654043 0.18914720627661988 
0.004384297778551992 0.0024203543337272477 0.01205932515820868 0.01740104763807009 0.01284133075018951 7.37595191447403E-4 0.014279801267377564 0.01039517202912478 0.020830558442800556 0.1926819875657486 
0.002969158634926062 0.003563149079570228 0.0012811792621281433 0.0017838215949197 0.0021216958056379507 0.0023390693779416546 0.00312402894621082 0.0010399327108085695 0.0032831963128223092 11.226035053184505 
0.0303384756193061 0.0026591261424722306 0.010602095230058894 0.007474168251807853 0.010043317578074903 0.014663430233814834 0.031110857026293254 0.010653511471399871 0.019904473784115837 0.21221378007302227 
0.0016722951742311639 0.0414167683746417 0.0032958013098283367 0.015410051685618422 0.021846840885807 0.009954426165393084 0.027443258908082656 2.389083079419177E-4 0.14601638070899714 0.308312196224656 
0.0028016487029276296 0.005738747841682386 0.021051398558078468 0.01735557264760149 0.4941661958888767 0.008677055478646379 0.016124973307152585 0.006516550979345711 0.016601146687693212 0.7569242994390706 
0.002555051815725001 0.00776273867433473 0.004300025917972471 0.019619789530252812 0.011719011297059422 0.0201968010169008 0.008717754248104384 0.012914674053632948 0.006020245666714557 0.21287465721406507 
0.0025321495188774866 0.7100124993651238 0.002286856339531845 0.02123932491217843 0.030533590097113313 0.011111457070602357 0.03799403565494422 5.075723946984837E-4 0.007927886690206066 0.6478407038615355 
0.0876065530842973 0.006392430520701685 0.007867730079991139 0.01709329779581397 0.0016626882688661145 0.11316287744280766 0.0248070313773695 0.001735885707837523 0.040572835704782456 0.26233996967667006 
3.597766516823993 0.001819481419982518 0.003502063208185022 0.004605018548697447 0.0010491410663477025 0.0036167945333008458 0.1598839834370201 0.0016873448084523473 0.020551681743548853 2.3348449916572735 
0.008898684274228453 0.0025679411816015396 0.09327166199400425 0.011495876061458347 0.009955328002572872 0.012246369654168386 0.025333450504909313 8.794050872734313E-4 0.019652732667754847 0.22190718067882664 
0.010424259117694453 0.0042553481154138295 0.009108090958700436 0.02105273493344365 0.0026072165572061565 0.10970557247096162 0.03434344829286577 0.002039780483835161 0.006310071738080661 0.23400093418234952 
