12.405839923236146 0.09356952982718252 0.07614832746961242 0.12944286321916523 0.04014614169324074 0.10453970953397393 1.0366377363106127 0.17682566841243139 0.15065633957608138 0.12567229053404497 
1.283703818298827 0.3729559428245723 0.9499853182692852 0.16347537785831348 0.04090344236912527 1.3715582446425754 0.5853746482429236 0.6335948423141514 0.6798854123170213 0.7301913189740645 
6.444818616156085 0.12098856295962153 0.08042129848434205 1.1149964244319492 1.3042485706797735 3.1537889820895075 1.0236291416318082 0.3452532828162682 0.10650984683169946 0.2565820515554918 
1.298927471847365 0.10846872703998227 0.06788764105110173 0.09025774221204619 0.09671407440640142 0.1847105703540205 0.8508176583116696 0.2778303911206299 0.1254367132272312 0.6677742291102893 
1.2677283595120195 0.11279369940142676 0.09758816052694899 0.5585535826332094 0.09692817109095414 0.6449972932780007 1.0472069245673694 0.3157843628608668 0.5091911097825711 0.043196965804660786 
1.2748503915730813 0.10997669793385287 0.061325760381358334 1.0351589795920235 0.05954609479085054 0.11242229501863245 0.9123506688404273 0.28202243170700514 0.1302940814903703 0.5720608473223472 
2.302993390272818 3.3151429038916347 1.0477044343963902 1.0637252964402983 0.8420113461692804 0.07745034072690944 1.0102765536711846 0.37086866197016394 0.09928222486925817 0.1149657153625882 
0.9561546999953162 1.0607767255063276 0.07610021879867802 0.2052158451056437 0.07795154354073801 0.09796243598541561 0.8989368352136617 0.49956094429138626 0.4511376049330237 0.08728765143330613 
1.2978308781804926 0.12247638225878915 0.6897558994675642 0.20454806776979934 0.062485926765424235 0.10785728120730068 1.0392830293550228 0.26681710348080306 0.12097571328646418 0.05361655195156028 
0.8208998144045129 1.4230488517536366 0.6696208267840942 1.0385984072173404 0.06267697950017884 0.10257252657181726 0.7795888697580101 0.5328224745204129 0.0895543948267393 0.6148067528648005 
0.13029528954639402 11.063224597386645 0.08866943027256981 0.12798567680357406 0.042601881763302936 0.10930636196405683 0.9353937793900395 0.5525083039612734 0.11210321912941601 0.20767176806093973 
0.34697334222714704 2.311385190692668 0.7209928810288398 0.32341039056082166 0.8751493417606845 0.7327071535722073 0.5789826109604991 0.5341386963808221 0.5429687555312336 0.6031590723774685 
0.15396367719451623 1.4219624080666564 0.6658612153971383 1.0349746658411616 0.06375045173777387 0.11303702289958012 0.9089516648966943 0.6377326655477875 0.07125667618850101 0.05365639765165533 
0.08754162771584009 1.1354333836051131 0.7308348846862786 0.1288412071639562 0.04375206161928619 0.06428019132756456 0.8132922565903061 0.43632833145844674 0.08252842648746325 0.6826561468011089 
0.6865991856925431 1.1379183965158939 0.7805849670939462 1.0622033817851395 0.04379970769586682 0.06695984194627072 0.6132764053424 0.33411157975955563 0.07802612309060096 0.893678722603867 
0.0884663649969853 0.5865152578530102 0.059271826189560874 0.06792852827321405 0.039090423237963245 0.43911896866579414 0.8714700920899072 0.22357927723341373 0.07363770023558386 0.5999332704240511 
0.0697987922717963 0.6173330522535746 0.6695138271898753 0.5550428222009028 0.49958003840410636 0.08094265119594468 1.059477992290685 0.2593618369180041 0.3505916491990479 0.10780381283714002 
0.7028897675192195 0.22475931884353514 0.7808919668299195 1.0440335105593241 0.04370875022108147 0.06071240014918142 0.389994743488256 0.9853082672075227 0.07729493812198276 0.9982610660265283 
0.08577434046685842 0.1798518665986846 0.0963405014718092 0.859469641890117 0.08595692769588102 0.6516374969070384 1.0576628946733808 0.31434346041105715 0.3692906537162145 0.2432145188289721 
0.07790332216768282 0.1032874116641825 0.057890918052541526 0.9842951613138688 0.06357108000787082 0.09807218393776876 0.8442582104186688 0.813544291192619 0.129151177824951 0.6182301306573724 
0.09093496737900786 0.12141517635775387 5.130331235120913 0.14340642120148847 0.08110583449169588 0.14856165036083718 1.018554277808779 0.3465754788313942 0.1281456702553398 0.1411042073622757 
0.9795692679594985 1.0811995468445 1.0571581061947053 0.46942793149089 0.05204833823961508 0.16020810616200798 0.8966408405645602 0.49990496397977663 0.4150854850928959 0.07974591406652565 
0.6658084167174589 0.11520830434273463 1.3591587158608598 0.22781085827333064 0.042285406851390754 0.5245644359184761 0.4407143499547779 0.13966836792523551 0.08046146285616623 1.0322212956277719 
0.6914476184867705 0.11457731549747857 1.3490600917226554 0.10073324916110458 0.04114582182800984 1.4761100901541795 0.8810857220737115 0.25499556286714614 0.12132681474909454 0.6537650780031651 
1.306687565989842 0.37364343131778965 1.062803408217069 0.3446624118157574 0.0960946048228825 0.09410993780284257 0.28526976137608784 0.8972226706416395 0.5896373846753649 0.11572670291111715 
0.045149203663119614 0.10604481474403223 2.1945497135450474 2.5902496281626233 0.052631699459576214 0.5851476759355658 0.6525081559596559 1.6491894669074054 0.45634522353289153 0.14481454210892747 
0.03880208193036542 0.37652757489759153 1.0579480991564076 0.3382279949471951 0.0956913513416243 1.6489415865155308 0.6762135662048507 0.7148454558837606 0.5910597204714205 0.09947811666102725 
0.6661634418558467 0.09339267011777454 1.335932281495804 1.683340869227622 0.04787778329548891 0.5180241393669799 0.8806619731450985 0.13663434456234919 0.08015139308489344 1.0092973025685918 
0.7732444541611153 1.5579365637779519 1.2022658749369464 0.21679067458086765 0.05677585973054055 1.646723437957445 0.06502742646621384 0.2661034031994575 0.24470922698695524 1.0174902368210024 
0.030136310322054213 0.10654617984681183 0.7261063290311716 0.23771336863031642 0.06952440123567759 0.07358887556867402 0.14673966641762787 0.8627938702313218 0.733098310440495 0.08023312110524125 
0.05605969725822292 0.10673783602092288 0.0883531427437039 8.155164642905618 0.08819359826868356 0.3193771245646656 1.0132469920352463 0.2954507901640136 0.14639880989420706 0.06390947360974777 
0.047033870938533055 0.11459825115040832 0.07797116282274019 1.5083251243953262 0.050858409350849385 0.1354477065293767 1.0945179966462857 0.3916551223289636 0.7623241413090925 0.08098947733416104 
1.2764499190260485 0.10762921542092879 0.06691869114627562 1.1689123371752792 0.06961457682497546 0.11397112029577232 0.8745376701767399 0.2719355750621105 0.10970040200994817 0.5791071626951247 
0.06559988486240681 0.09396452722656551 0.06299833114031025 0.9941350457008549 0.05855264959702347 0.09301353865178694 0.8415292987806304 0.21730264464344873 0.1253418770343654 0.6176516475133739 
0.048307467996491556 1.101991078065092 0.07928705580630106 1.5128809789177629 1.1180808572139376 0.1572617871328592 0.22532950968973153 0.7887538815849997 0.7544072113491611 0.5574398816708258 
0.06800289258549551 0.5787137448093894 0.06741217139247738 1.1434637341927567 0.878941353554253 0.0895355781816698 0.9275988506887032 0.4849326168470803 0.3496562276199012 0.12160964287280249 
0.09463227518032928 1.0903118616677563 0.6898410123671325 1.2692205329702893 0.07213718822554588 0.10533394342668484 0.8873364831657559 0.23497999945827458 0.068531003723532 0.6361869703792236 
0.958759766901954 1.0581816549586176 0.07436427587974624 1.1273912567476265 0.039658469245231844 0.09712690659984155 0.9058527650881278 0.5004302331463414 0.3843440429399593 0.0868334203571049 
0.1300042766368784 0.359220285236733 0.6657351785972556 1.0376526048104056 0.0623495272943313 0.11590183559667869 0.9105414880578562 0.6338612183778574 0.06790838099921746 0.0693353495974656 
1.1531477004130677 0.2367397494797657 0.7358299741454933 1.7335485349126885 0.8687148884556251 0.08438026907552562 0.959336358757307 0.5614041718354408 1.13640475219722 0.5552626424370911 
0.08951126793257719 0.15659836395566826 0.08752571734681804 0.12230849934637973 8.995591558868146 0.1041009072393746 1.0151879220149467 0.3403285194187852 0.07006437235374324 0.12195290624383155 
0.08916840953077969 0.3841993305178477 0.0678716581662052 0.1566059808078122 0.8279195241672297 0.08665304404334886 0.670419368132282 0.7092763609999175 0.5676056071117125 0.06711944348964587 
0.05970552065673625 0.11840574699173312 0.07086210772543713 0.23273601055918708 0.9185883195018066 0.0936780376262715 1.0320361364694397 0.24574145958156057 0.1787733596713097 0.06444913016917221 
0.05932810904986208 0.2569076706780654 0.6892633248447363 0.18687905120806386 0.9144532416885299 0.46168791496764006 0.5338238121692369 0.671871923760311 0.1349435529363886 0.683770490989159 
1.7230228196101576 0.10351034400943016 0.05962411395785084 0.11111056863925393 0.827768578217872 0.05804650832953142 0.1286504654192773 0.9051811051142225 0.5645428347178638 0.08049870306839167 
1.2927275076904414 0.1130300700564993 0.06156529319225134 0.10550033344424721 0.7514331519702323 0.07694417708586132 0.830568161138596 0.25935053987689494 0.3233281879400226 0.6291941514747827 
2.305929259785749 0.11185333848183153 0.13772802324575065 0.11556831583849 0.8457157307382615 0.07843718548260384 1.0337464112156516 0.3653753940360421 0.14046036404710605 0.12177396885322739 
1.745535904694119 1.2514203468147524 0.6653982529464711 0.8756702965291366 0.9188362312019922 0.11922806881475931 0.9231982679207578 0.48821608556679047 0.4588696156050206 0.11887611569816708 
0.04350190360874082 1.1020226366130892 0.09653971809110011 0.8432611176976047 1.1219166065119872 0.15390528006020163 0.17023295517667075 0.740551800972166 0.765864207964668 0.5861873044992058 
0.03590541749049351 0.1071774140102883 0.07979976189311433 0.2313353283145945 0.7731378969905718 0.10431394128058719 0.260834643267598 0.26570424523191477 0.48998550319732814 0.9996114791960827 
0.0678490850959379 0.12257947700354582 0.09149602219329228 0.28858961973874514 0.06935155974784316 10.500316547038668 1.0412161013539467 0.20530522544160562 0.06853112937508743 0.06308068885800615 
0.16766592373956082 0.11776057710166059 0.687010729326708 0.20298457694699024 0.05723891907287201 1.8853086075107792 0.23594821669903815 0.2565331082213216 0.28134372916808015 1.001136392108247 
1.2886120812435258 1.0156301985507952 0.6868203713150973 0.7727287476042469 0.04317335303920175 1.6904773991461906 0.8873894691598082 0.23193137061256452 0.07087827068228753 0.6365293831778575 
0.1626591788569611 3.155674843844029 0.08820162059981738 0.3105742754644067 0.05684159207507609 2.184785766670233 0.09122145651854977 0.6818256098516915 0.5685702360102419 0.6703847395682869 
1.2784079079443165 0.1142330645330986 0.06616751208371081 0.13716024314078432 0.09577856219277642 1.1972312317220744 0.9113328303393916 0.5198888016491093 0.3801488111952975 0.09757978854623627 
1.2914108568501232 0.3695148692473337 0.9471714732356677 0.11506910826027315 0.03547252546568507 1.3812678018102587 1.0625585265527362 0.3295587566242745 0.06270602589836803 0.055306469700835685 
0.08325518252377852 1.0287485803256438 0.08417648962052053 0.6315969401815593 0.03987134273349297 1.1482643318345318 0.8871789744048801 0.23370911858001853 0.07099391430798072 0.6465163186883122 
0.05649671691548837 0.11880240854969386 0.11850364668257744 0.1064436647611863 0.04242324559522018 0.8624087860257831 1.071234891557825 0.2174632141069036 0.07514287319135049 0.10339411630262284 
1.147345038663444 0.10672647139319627 0.07059911061850843 1.027427942396627 0.8598387123156855 1.7563167340852712 0.9391891379760354 0.5489101978095128 1.3114014921206636 0.5503859812309544 
0.05892602749544455 0.3878906630501328 0.11648183906372558 0.11684896035312528 0.03979071154714093 0.8585435398936598 0.9446452536815598 0.4852409088036098 0.3934474631458905 0.13474428922169454 
0.08279556828131736 0.1681158391024778 0.06619404702238366 0.12267997739082188 0.0671338899843207 0.09606903092709305 7.508886398698209 0.21593978818494836 0.07646318682512657 0.11100096758131708 
0.05998717840117787 0.12311297350794033 0.0784248555939127 0.3871288575936913 0.09355232993354248 0.09421740195890034 1.0380441096852357 0.24574068934468074 0.17840189471930112 0.06691471491677535 
0.059566120806803735 0.1156903964383019 0.40226103879447445 0.09379072664103631 0.04057419935256967 0.15844349640442898 1.0379910810881694 0.2848631199268572 0.09416714448451466 0.067718570249303 
0.0636735470578926 0.1286148794495093 0.12157196115930369 0.1594860031601544 0.0428322629093214 0.13715372409894783 1.0776656212530562 0.21454124949184628 0.10383079585596003 0.44174981246687844 
0.08782504748793707 0.10085613099539954 0.11871298727642175 0.4102000780650984 0.05085235983145453 0.8394749246606134 1.0663618520370104 0.3138254774912024 0.07469823216618605 0.07007149222537155 
0.8997742074892874 0.1362380149941261 0.11836654223470632 0.1469322961819812 0.08746629796705872 0.8623670302251893 1.0831876240846585 0.21173734018604629 0.1718615815314926 0.13963740181589918 
0.8987987468696773 0.1095005239850305 0.07700248847796744 0.11717628827474452 0.09235393163296514 0.1193150262447708 1.1302358906092544 0.2499392195563339 0.09497292819279929 0.06955723894485427 
0.8637166541885987 0.11004356384157807 0.07794758338334275 0.11786234731548996 0.08783325697531234 0.11654545848011577 0.9687672293694037 0.4948477483959618 0.40330652076944445 0.054575167579743296 
0.06055230838046452 0.1250824599089985 0.08617436514347203 0.6122790112979775 0.05036839564371583 0.3942778729431003 1.0827667768028784 0.3639210493716736 0.4106186085566033 0.08222709829002486 
0.047056290475973594 1.1528765003029862 0.07732532030502952 0.09964007875305915 0.08718753191541766 0.08911405784694817 1.0171391051792917 0.3181647667683886 0.12299165801062567 0.1220290021497855 
0.05300681842878045 0.12548893622298413 0.09667008520514637 0.14083471862946223 0.04204914068179343 0.06323226111199558 0.4923162605271738 4.872513365040629 0.28777977188489257 0.14963878211487533 
0.043782634719620545 0.1377286573771178 0.09124301537466963 0.1017357085907259 0.07485924743263125 0.10825816093609808 0.1690495797128948 0.8085520443948125 0.7066849326196816 0.1472778304411385 
0.08297603751523992 0.17994052065731658 0.0676185233807312 0.2011956436774644 0.027408072712115948 0.16319303993389003 0.7700315923464514 0.7620159246094423 0.07048327614667999 0.11376424003924956 
0.030552807719803596 0.113102260724586 0.7261773563475499 0.2476557164656505 0.06963274210920363 0.0640208628967896 0.16310280968268775 0.8611546972784263 0.7340918409611236 0.09755018754276265 
0.08908093768793088 0.179877252843675 0.06910153113659726 0.11418595024584069 0.028049796494301966 0.1669464746258012 0.7336271788456072 0.7256691831766923 0.0675014333457506 0.6282812015380709 
0.8583052240091994 0.09163897532240699 0.06829750889465239 0.5495323309043375 0.04018148601447044 0.11244216111964005 0.8076986506388517 0.772524716831979 0.36714691598153654 0.06082973494625521 
1.2638997062947124 0.10420932479946622 0.0604235280704507 0.10154278683320683 0.061591039463124116 0.05601885543820433 0.1284474287854516 0.905294195699472 0.5708595328171874 0.0808443885905583 
0.7029084451944377 0.2059872969029623 0.7806981342356093 0.11438349698471306 0.043554784353861384 0.06162185629388459 0.3770213397609165 0.9857223901586879 0.07386749055998908 1.0186069457352076 
0.08647036923179584 0.07973896634430817 0.6637737571883946 1.1664395335338635 0.08459391877224996 0.08942366494961321 1.0444731123165465 1.1053815611973088 0.4041559521053226 0.7028406333068616 
0.9983298933309952 1.126548652622502 0.09526010894081469 0.09222595357564682 0.056930257771924814 0.11785770080465428 0.18350163203387743 0.8170868433625202 0.7681465176235251 0.3311297617767818 
0.12013419784309627 0.12076702191955457 0.07105715629066656 0.12537271790681875 0.11027495647428301 0.06174219438282343 0.5542438414314426 0.5759626773082055 5.737579984485896 0.16219272105725488 
1.2426323203724012 0.12134884517701879 0.7421043917169077 0.25036315912562773 0.46746177446910936 0.7347365514553867 0.41341872558080645 0.795884851364295 0.7425201540752099 0.09721854881126554 
0.06023822838924664 0.10920440894600723 0.07907083065040313 0.1114803833769179 0.08367155989530167 0.13024158909199934 0.4570417804997464 0.527919475369824 0.5778954807379537 0.6831044078733346 
0.1173929532175441 0.41842126055271117 0.5202336768618451 0.19486546234967633 0.03696176968658942 0.1390486426246185 0.8559143622410714 0.26483161829748214 0.879328096805893 0.6725840478446004 
1.3037156401909178 1.1332636395415585 0.08705724031535243 0.1261041200922871 0.05449480490006004 0.6031954517465532 0.1257454553267599 0.6900921695165002 0.7973968980212838 0.6558141456948644 
0.02239305452967842 0.8872773286261564 0.7207722682805213 0.21740437186236375 0.0498425640982041 0.06397470448681518 0.689623016827731 0.6294566383039595 0.6359600847985448 0.09379907223804299 
1.2740729663139916 0.11218263891084378 0.07657618406667392 0.10422202544522588 0.09218560597456645 0.24821845523872557 0.8511598024181143 0.2726221729603122 0.660363423691874 0.6097922833818457 
0.8660569009405349 0.11024969841661485 0.0798154723426381 0.10839654380614977 0.03136501361638256 0.10427421743653406 0.9770837066537671 0.4979926254316224 2.8361788966992716 5.443947939098021 
0.03604322431126035 0.587464731738599 0.06025895092956987 0.24099864615332275 0.08174454331081268 0.06893646781808127 0.6102536926482024 0.6682362965408616 0.7374083176529934 0.09032214707363993 
0.05577759347440589 0.10966637180647626 0.7241477112442053 0.7856413501828031 0.06962236678709961 0.062352377529982246 0.17212125856343385 0.7522566688006124 0.6424597057344208 0.5715547825940757 
0.0806688730295754 0.11812535498338769 0.07042627125649074 0.10227477808325638 0.09788545336532055 0.07415857881127443 0.19216638081805523 0.21398690550076135 0.07310905800766436 5.98636096844738 
0.07415267219779019 0.12921396392036807 0.7192725940383599 0.29748890301963615 0.03504543669736696 0.08329565923727325 0.41803646925387644 0.13302823765010785 0.07299413377682273 1.0387912538617532 
1.240124826398499 0.09026753805729995 0.12058518543981953 0.14127848599781243 0.0939830170465737 0.662652568915291 0.655361175913609 0.6243403315223727 0.6905591918704447 1.481434867592797 
0.05151972077050134 0.09581218299091121 0.09519452860106989 1.1714033088769202 0.06804478731046891 0.12278032578483805 0.6089228526237227 0.7053706401086187 0.5859122378723769 1.4540650628227185 
0.05854298504394938 1.0709396440699372 0.39349562262402266 0.15699237502088179 0.17501216526857424 0.07314045332151659 0.8122532893640815 0.19726524016781216 0.12341582895550517 0.8883077545941676 
1.8458292225675006 0.12856633879816495 0.7129237391347718 0.2274511352845442 0.034494698705453894 0.08324858968807092 0.4174049456518525 0.13203466248242665 0.06764727311866003 1.0175492550452887 
0.05131732181821388 0.19900871779637716 0.06656196394875415 0.22581486113620558 0.11768935205979528 0.07963950844795264 0.7887337792909239 0.4407619365548859 0.17410243582074753 0.6164226994118518 
2.4500018401438384 0.12046690522557103 0.057763394944609844 0.09107513284500443 0.10596750569415121 0.06145861001901464 0.27177073155871145 0.28848557491131965 0.258551137987734 0.980122708981952 
0.061421287077526684 1.4973725568759573 0.09804774694407244 1.0166248507287285 0.0632600671187462 0.06399051914805036 0.7997666809956627 0.20869700441010572 0.05632674352444018 1.0286343555165625 
0.1315366871661355 0.23648094785672596 0.7829197506433586 1.0311129497966818 0.07896135238035641 0.05573993856699339 0.3865926117889289 0.9849398439975574 0.0857850907739446 0.9944191639863299 
