0.9755399384343255 0.054749706479106285 0.03257341882393248 0.3033281958186625 0.025147049102304794 0.841995350612294 0.7625262261803157 0.06963631623553995 0.019895340769508666 0.10331859764500229 
0.2590934058693085 0.0025956310190360906 0.27009183291490557 0.007410250243953318 0.8087590525787939 0.86466262126541 0.06488602735945313 0.3020999055930022 0.681788567103156 1.6177561019557576 
0.19071289707673916 0.01820644054630576 0.2230849289863282 0.2746919276102873 0.04496549956946231 1.0299326288934658 0.14738848197099863 0.031139129398937416 0.12584845752115756 0.030575074568083057 
0.07060910292013688 5.068984234000233E-4 0.0145645893859262 0.014529833702183323 0.007933879029980204 0.2014023688106927 1.1711135035515745 0.5553400880534825 0.024960408425730465 0.11962482829333275 
0.24299022773884366 0.034663454950238905 0.01839229159509353 2.137457671285598 1.2639336027424608 0.9229420302051903 0.04028896568210889 0.6233454027220289 0.13266976276036754 0.2046023505631435 
0.05139449774595906 0.01346815974544904 0.018812961627343857 0.0508456079801474 0.009320873975247217 0.4331627766060429 1.1118191603136127 0.02693321776294921 3.816493996554864E-4 0.020371276094149078 
0.0702546716506196 0.006289547407894793 0.0025718037951969965 0.07574310424930006 0.050803715532577697 1.1649251207843505 0.7977052798809288 0.13082235223563402 0.03491833065082889 0.09006719194029614 
0.08500912876773342 6.773450156271231E-4 0.005812910545296892 0.013849341841002163 0.010081170077620036 0.2542813387296858 1.3558482936080076 0.0556917861190494 0.02024743191821227 0.19804055973725704 
0.09853002613087172 0.3159630928582296 0.16105767172783209 0.04793482500416878 0.09820212816777042 0.28878630819313217 0.8763923248480346 0.7883881722718656 0.18609339543151987 0.21554734874974493 
0.06768378712977442 0.045010454558543876 0.031809859142338234 0.05267182427846499 0.304044227534938 0.17827734972261108 0.9137582364803503 0.5608877686613676 0.086539385722902 0.07568490611117096 
0.038827723000702856 0.06168563789260828 0.024433819018208916 0.6369194366936689 0.031207171794450195 0.4381310177798826 1.345212116967931 0.04830822713580435 0.28819710421565675 0.009743227370227382 
0.01478312050030758 0.03296060623512468 0.0032394079103950806 0.08112038263878228 0.021400998261521073 1.0104168557190405 0.2781956147028663 0.05511713006976401 0.0681442500778071 0.006612394239292528 
0.0656494413384703 0.07666981424110818 0.04163135214782997 0.06952067230737935 0.05438732477420503 0.5945600740545539 0.018037946487879854 0.4510397729475881 0.6479342883264444 0.6917317647548686 
0.30617153127724356 0.09974567268217475 0.018638394966627815 1.8568633961614918 0.2581968779296759 1.0552145269027404 0.09297447921827368 0.10383725932884384 0.4722210131227355 0.06242307693972556 
0.017353749994829942 0.027950555124494784 0.014293881435569075 0.01036924520242654 0.011486782055660177 0.3487987701874061 1.0757234516043273 0.12896967401138867 0.0014051234193104944 0.05212633011570801 
0.016426786728095465 0.031390690972695826 0.021175831506046662 0.005667469126950182 0.1167652400640524 0.9819174074225723 0.29903955997245396 0.26597064189324426 0.15015345629773993 0.2838345950193681 
0.026583982106738426 0.03454265384981667 0.09417470957848581 0.12406433391854771 0.4303548835080403 0.40034532284924007 1.1131132632135672 0.008466119618749463 0.020034098958222096 0.10011652325794976 
0.023414412429042995 0.029698028338387517 0.09057099212980804 0.12841846303367616 0.04482454897545935 0.9542317141029074 0.17027157914673094 0.48221082583351865 0.02009128011051749 0.09761885059624464 
0.15501376960755917 4.894538835941011E-4 1.9248388236517946 0.050072946673097724 0.03362078033673887 0.7808728695120405 0.8024919589403873 0.5186876697098208 0.10944935326694155 0.10063309183342199 
0.09059568176301716 0.014564732385687057 0.5077206811371539 0.17274814684589926 0.10286186790713724 0.9255237422132128 0.13345178877122849 0.5072559954035485 0.2011994179507391 0.02160063666318765 
0.08687163460209561 4.182574629004624E-4 0.010418212289426647 2.2194382016205546E-5 0.005825140546165114 1.0316749894729245 0.0016698683716882888 0.008636943640089228 0.5929082775531695 0.16115455437452172 
0.0020891419265826935 0.00561122161297383 0.004736344695512126 0.057234226905272585 0.002354133513204892 0.7936955912245645 0.7996448160016743 0.07018163241924652 0.14649653320292577 0.15162950704642622 
0.029095454684275872 7.742802181961564E-6 0.003027227736373674 0.005941861265857523 0.02586328283836021 0.4461652940152219 1.0042338196954042 0.18570500138430665 0.07791683163530731 0.09409300007720928 
4.279411520958018E-4 6.558751843547802E-4 0.0028809812755420505 2.3756031823761348E-4 0.0032845971337279356 0.33723771926893453 1.0360505851743094 0.00152823967159121 0.1760612036345087 0.09845869959903054 
0.020823549335471942 1.3181772150568633E-4 0.002512189464529376 0.005246541476734995 0.054908099709570446 1.0080367275944089 0.6214713200800565 0.5306121647670334 0.01941031095445833 0.343792590884179 
0.011587646885308733 0.0015307950112508572 0.0022327363310916584 4.6555084714311516E-4 0.002786861984050389 0.9112011158000847 0.2876408619784073 0.40324275796223275 0.2622278722119951 0.0794790558624104 
0.0047896806549208686 0.0033224691562033005 0.006389117981920989 0.02111872495746135 0.004533408734964275 0.6825571880974477 0.9003969777136845 0.05669961070305346 0.5468439165047783 0.18633773954174712 
0.22704864027140456 9.508858321298238E-4 0.010732299679486919 12.859149951593032 0.21978505802232465 1.0530990725304425 0.08499847374568639 0.1391559131528098 0.00957170532217431 0.004389735238741329 
0.027210214036004106 0.031103708609223273 0.04532029946467267 0.1906355753317597 0.3749253911044067 0.2879832528222873 0.8207118361115642 0.7046275929362137 0.4145610787255673 0.25396926302338063 
0.10838076251815924 4.886522489587243E-4 0.0014356078589386951 5.234086108489362 0.16794504991893117 1.0397795671887975 0.07200150838265325 0.06550077836905616 1.415973942493095 0.004548672600983318 
0.09982969714360493 0.051741489245738584 0.26166123053026763 1.8310083085184088 0.06570860503299071 1.0032564283302927 0.3332932328961353 0.1794662079509029 0.036743170407377485 0.31208112941349064 
0.028613563804959437 0.007045396869301218 0.02909503431312562 0.15903106571227305 0.013138452573499482 0.3858346881387519 1.100126362832719 0.11696769819523041 0.018834315451846117 0.003965393063886016 
0.0372655076735661 0.023760739361122624 0.011696464130672239 0.1726446655543644 0.013932353520018132 0.3777828783062337 0.9736407339696015 0.5297401823003681 0.06507639016207338 0.04265765106083244 
0.05721258633740204 0.017575999614420572 0.0035484791595248363 0.3111225491985635 0.020142586060394364 0.901716298866276 0.00826135311641193 0.6729640467605738 0.3369677761182165 0.06355372253006009 
0.028756439422277413 0.0028768356677230838 0.13087038170993565 0.24251098511884533 0.11166646234833626 0.8890542171061245 0.19910248972445851 0.5184796182344895 0.1761847414320533 0.040365747319182244 
0.04581300226582593 0.02695640188376726 0.21711587871561458 0.17228468815172523 0.4206917597812434 0.8847010868656553 0.008919473419275329 0.5399874632305955 0.012421218184922025 0.17707105495831246 
0.11326237049026382 0.04629269333265378 0.021834472979336057 0.021926868327859075 4.666641080124321 1.0227220133389279 0.0718278927824981 0.14147898269006715 0.12179577729313905 0.2053143654848929 
0.029172663153821145 0.020956882636989 0.1471977794952551 0.13293704214454222 0.2935815095351799 0.7296483941346709 0.6772659157360379 0.5346804892344782 0.014264541230506862 0.17509853075502274 
0.012490943284858187 0.002192068080891321 1.1048689154023904E-4 0.0057648985535037525 0.34538927705064687 0.4936294516300224 0.8495153954605821 0.6460489361716507 0.32235724637435154 0.022349883216588783 
0.01752907859562022 0.0018017783367084057 0.051275695838024674 0.0416490882085061 0.12644232773870243 0.12506338244000628 1.0304122656681238 0.562970484816937 0.0185880626328749 0.056564168856126376 
0.01871489360468451 0.009148699173909824 0.016543412158931514 0.007339610707477783 0.08554787581420202 0.7386169206225608 0.6543523842745593 0.5172311955679475 0.011863220031854612 0.01975679507842946 
0.04260144802977725 0.007266360047521778 0.024784394249434242 0.04751149854539437 0.16949163096620387 0.8779397554149829 0.6002036597306584 0.06243163763091853 0.15492826414874847 0.0916332617458331 
0.014599609884190259 0.002221021822940332 0.010144838652289335 0.013946259596011272 0.05057769802194731 0.053085804795486344 1.1635057078453586 0.20269458321265443 0.08749985647872432 2.353834333966519E-4 
0.01620462654823032 0.005650770234736795 0.0077994000438000675 0.01833611536029914 0.10676804360030266 0.40377600126735125 1.0104023288266515 0.09350338468334662 0.3897431702875913 0.03738848623260214 
0.014400403961294998 0.028586207543273578 0.018600636771708548 0.005772052699943906 0.1033372429908403 0.8829826480486678 0.4469153788524721 0.2551665460416611 0.4841429371969362 0.4091925816055005 
0.012467317098799955 2.825388561556342E-4 0.018507045285725946 0.012491221501496248 0.06117889381404418 0.08165862667118419 0.9264840656629396 0.6242928754104606 0.15944171169501778 0.2593993149972727 
0.0010562995337044408 0.003210960433350266 0.001112227244258607 5.194412208186269E-4 0.0041245397834126 12.027899701051354 0.08351360169587244 0.0014026583325411073 8.099526045613556E-4 0.009976195745038226 
0.010258952751557934 0.0019121306294354321 0.010088046628624793 0.025311567479342 0.008588426606187097 1.0246352034188333 0.005059955231639709 0.01872885696854051 0.07915247301031801 0.08374029888193811 
6.899646739488211E-4 4.68356102326912E-4 0.005113376021178879 0.001710254756659165 0.0019267026869563904 0.8869730137737801 0.673667105797514 0.014858033120649337 0.012419468481376558 0.007688746113866952 
0.005903135550740687 0.0017282300123710628 1.2757298827504842E-4 0.0018125451736838967 0.005327287628945519 1.0484411685261008 0.04507204548726282 6.444731161248243E-4 0.04550811004153826 0.2512167497805447 
0.002229345475345806 0.0022370990189487824 0.011387330513808152 0.052291956202345516 0.0029713865243833504 1.0017947243270164 0.3900173813024342 0.09214550290366597 0.11693853923531045 0.21168205578530574 
7.130625204304551E-4 0.00194118122338358 0.0022930523212068045 0.0013844825311012767 0.002688397624289565 0.8782519054193383 0.6653184852222194 0.015517868848740114 0.12541158942458194 0.03063293763460055 
0.0010693800694022138 3.2073809624332304E-4 0.002235214949020812 9.904097207192111E-4 4.8703048520369586E-4 0.8593688172266707 0.6405787784397668 0.3001826683071027 0.00455441431521449 0.0195700339645599 
0.0015198295124323722 8.143537328974959E-4 0.00472952802025531 0.02165587365344022 0.0015828103588973017 0.8180149638881714 0.7519767660818623 0.06930995492082694 0.03972647362783651 0.15081896383261895 
0.01540622327011879 5.869231161147924E-4 0.07477919595337842 0.04135947950074784 0.025754979771428484 0.8762718679546544 0.6708549240737 0.04601267594177629 0.06348178713708347 0.10109019534062973 
7.173501696114098E-4 9.613070863817004E-4 0.0032482090177497133 9.353987994578007E-4 0.0012261379289111689 0.8805548661723643 0.1392260220662619 0.5219553388282533 0.08522768650591539 0.08211719268967663 
9.001214253970098E-5 4.0344892426116163E-4 3.661531835595492E-4 5.645576800427613E-4 9.878972271804363E-4 0.03284037863038947 18.19327256887545 0.0033837710696030363 0.01609250676364133 0.012118091521477277 
0.009779486631296776 0.009256685914548982 0.0372298187297459 0.024236826596829956 0.01386106979026908 0.4105999814400921 1.2070964452175408 0.04155798776757321 0.014457026602661906 0.021401082660664723 
4.646379780544217E-6 1.4164551146942031E-6 4.6290479297015844E-6 2.9715089650641202E-5 1.0712801107475435E-6 0.0017918052227957886 1.1718490710436336 0.00580228054413082 0.09568710480801756 0.03681460343816945 
1.3273730637793635E-4 1.2831371614196038E-5 2.2461886277691065E-4 1.0827513677212523E-4 1.1472754299923366E-4 0.003539601436074789 1.1463033070846542 0.0036050603493262396 0.006542061535197914 0.22117979929771314 
0.0015975985455588249 1.6323853921085645E-4 0.0017628076412181544 0.009678322096564048 0.0011981444234638319 0.3595714184880015 1.099158193256814 0.006308690947814063 0.09652359786020813 0.010696292159040175 
0.0013087117972002923 0.001215299876096588 0.004759183670846462 0.0039479838820249 0.005764266597401737 0.4031640351862011 1.07130203109055 0.12784786230660045 0.002824759315369763 0.09652220338611658 
5.030647786875721E-4 9.725200354410548E-5 0.001284107718392304 2.3547731600705445E-4 0.004671846672413029 0.36081813030846105 1.0850187428195295 0.03839498142888204 0.025755731101209624 0.013512380694774487 
7.16360845109121E-5 1.0089433378808158E-4 2.477019367593496E-4 2.1417175157755833E-4 1.2887618508895948E-4 0.0853746097146154 1.1902193567729051 0.06083480764125379 0.07989536317321731 0.21958163677734968 
1.4291859666042077E-4 3.455098947203529E-4 9.193624862840952E-5 7.309015748225064E-5 0.0025480462286745008 0.07767363559308522 1.2264287768769213 0.38919386044481674 0.007561485441161064 0.13859346713302376 
5.522440558567866E-5 6.899321253600378E-5 1.388425544312432E-4 1.86340738108496E-4 1.0493818441357907E-4 0.001127367288695391 1.1463400826353647 0.233881018148228 0.17700641168885958 1.6454321925125836E-4 
0.00247554270449552 0.001220475933933287 0.0043505365954409105 3.91736734763003E-4 0.009570845370045497 0.518724473780791 0.4626857927702542 8.644548473094227 0.009884601991754116 0.1496849409696911 
4.692208492567776E-6 7.838105691130728E-6 2.3947270175097658E-8 2.497443757927136E-6 7.804665209848827E-6 0.00227043450486832 0.8995759671160326 0.6542984571751973 0.0014429084493935032 0.0499175185365708 
0.0013623465415529173 8.316139116997893E-4 0.0034821271086647575 7.742299171852744E-4 0.0011857533228291537 0.8753456269594557 0.19320645354452026 0.8781986695232209 0.1582817419178418 0.08367522932335217 
0.0016304825129072492 0.0012229822172308473 3.8355141994107127E-4 9.098365666378157E-4 0.0029394862376778816 0.5195371881219425 1.0679894187420982 0.6468927720678334 0.0032335865899414708 0.004847388960367098 
0.0016011971176360573 0.0013669372475970138 6.377369029978197E-4 4.825523350877477E-4 0.005979215000632647 0.4788066909550748 0.43727993009339805 0.8470573691046103 0.362398495940765 0.011662990184863614 
0.00877102425849036 0.016334050820509476 0.022814189754388276 0.008081792797009735 0.007264783545233079 0.072476053717714 0.9171911149161749 0.531443359138509 0.03521297819843482 0.2079779517998411 
1.3146689521289023E-4 2.0312139601408275E-5 1.9760832629588047E-4 4.77768333147413E-5 1.641057766249831E-4 0.10688462480442476 1.0232182441059339 0.5000902838222513 0.06955440811459009 0.1790398608839668 
0.0036023759647342305 1.8324315592112918E-4 0.005553962407617587 0.00525734572033046 0.0017498294466621704 0.8215904892026011 0.33629982575348194 0.5753313052524277 0.004231912442553567 0.039657331511773024 
6.474004400092356E-5 7.767321340902033E-6 1.1508336700704356E-5 1.932406425961156E-5 1.1043468521190234E-5 0.003214943908595264 0.8988675785543091 0.6532665708817689 0.14245989899293537 0.01916480916089754 
3.3678323226656997E-4 8.768783951764949E-4 3.4277961045532147E-4 0.021177978457906376 1.1842000905658225E-4 0.7113935713964552 0.7203415477320235 0.6440332787603705 0.023663096706121458 0.29154794926803507 
2.834188856742189E-4 5.970193986212262E-6 1.2609135741988372E-4 1.6362501938084505E-4 0.0016014339953468696 0.030263219295393242 0.016582351049856742 0.00756382247127277 3.7883445787824095 0.00930271034124649 
7.645101097130219E-5 1.1306788122505162E-4 3.276626969968323E-4 1.9300545799165767E-4 8.164499325085836E-5 0.07502848172634931 0.863630456210477 0.5947993579578938 0.5330612786033814 0.01737895453481427 
2.8455219270387964E-4 5.629513447525179E-4 0.0029950121121268417 9.285588423547174E-5 3.7782930027060357E-4 0.11124587988619686 1.0597982957826686 1.133845020209383E-5 0.5869500417637505 0.5682957568733932 
0.010348556517330418 0.0019040889533996773 2.8712596885053767E-4 0.0035191837073197674 0.008542067307620114 1.02691507394126 0.04517537673850559 7.096426617353455E-4 0.39730914420961955 0.08406843188152266 
2.8372785501024485E-6 1.717130879803756E-6 5.3662237971428845E-6 7.559622821973711E-5 5.4972567693417965E-6 0.0034591023178911604 1.1794934709750706 0.03979829001575483 0.27980196744059826 0.08147338090142352 
4.730420561935282E-5 7.805595879296883E-6 1.1952004724763507E-4 1.465243413074494E-4 2.9075340661295795E-5 0.003491011295586102 0.9487977855655243 0.5542877080708153 0.37698466014969295 0.5078836676685647 
0.0102239662412034 7.223836011116043E-4 0.0013975161102657975 0.0012955664469879848 0.0012130875696153528 0.7401459457780961 1.0944439933446464 0.15212527910066445 0.21353578316819452 0.06458118429271549 
0.006075061552737813 4.69828411371929E-4 9.643059735642203E-4 0.0011367287482581105 7.750134275058182E-4 0.25262515689629195 1.1223133174753215 0.2862713537930914 0.12366281625220421 0.15380920582436766 
8.93406181437834E-4 0.001240846970192754 4.0558395026898703E-4 0.020109928135896297 6.264813056101043E-4 0.625492720392405 1.0792603524101356 0.015880070741702636 0.047778539253283674 0.24252468330709148 
4.5903051032215875E-4 0.0013104759033433714 4.2975054004933333E-4 0.019411611299467616 6.393062491066432E-4 0.6351963214343498 0.9943505260362769 0.023495901020331156 0.004385819133701733 0.045767111403057004 
1.5069907231006066E-18 1.3898117654059646E-17 4.680005093628485E-18 1.3205516388888203E-18 2.440734370781896E-17 5.869988764908042E-17 3.499489307285396E-18 7.653022123723734E-18 1.8927703352276433E-16 5.483166113440246 
0.025955653994629353 0.008613661426964748 0.048181625184733075 0.030747724704228836 0.15939317929708535 0.13574324922977016 0.8651059165760636 0.5639786193939075 0.08759543793062347 0.41553507589217087 
0.0010008997880425643 3.7345864407355405E-4 6.172453817316708E-4 8.914216135340185E-4 0.002859031964096647 0.9995544637892667 0.01360718227122907 0.08394671563068436 0.01330638413597059 1.1150059859568646 
0.008275580372538205 0.0057539721799420565 0.028732594488218792 0.025385834904261887 0.20375200092940657 0.13722473667248336 0.6355885348694319 0.12455995796242417 0.6241928652652806 1.832383521697309 
0.07491772524483033 0.01880713657206996 0.05170347184468768 0.32159823146108346 0.0010696611420506288 0.681297728646433 0.7188760288651275 0.5499723661440806 0.01433548049707849 0.6017814685611932 
6.089923161873709E-5 8.252376177125108E-6 2.1984795278082156E-4 1.4934428866443286E-4 2.938142882759639E-5 0.003573749788077923 0.9620125286068668 0.562899273356012 0.03855987107950568 0.40358662957711566 
0.0037116071773086136 0.04219620983879968 2.1039597313979574E-4 0.008131467624647016 0.003717707936314198 0.7585311964794226 2.276410289485975 5.888368452459023E-4 0.10391350361901709 0.7295357063288286 
3.122220353538259E-4 0.001362227220267812 0.0028465664077743755 9.778775530508268E-5 1.7780862057472732E-4 0.12040874383806428 1.0456228339467766 1.2241132696884637E-5 0.4069901456091605 0.5449745658443458 
0.02686739563070838 0.003508681899529611 0.0026264982390416833 0.002501092608742112 0.00987164683311114 0.8789161320142352 0.07461409985038464 0.539454878001099 0.04620177285345181 0.42347470860506414 
