1706.6389311278367 0.019804254007463683 4.563443437362366 0.053442621712837715 4.981502869833323 
20.460153085730692 0.08346911918663306 6.216653096768252 0.17505701214096037 4.876382665062548 
55.9681276130681 0.02356747169571308 4.730523811721001 0.24409494666360357 4.780116329347351 
55.96162414645633 0.023359652477519966 4.759305475366166 0.3974423819025045 4.7801168510621626 
52.91237618926007 0.3012128043725588 4.6776877542394475 0.3025225583320674 4.7530331430760855 
35.26980464379052 0.43339723574143035 5.35277987482834 0.2233236005047758 4.810527549994731 
18.563166297045182 0.2471867138016393 4.643096048666477 0.24980258671583916 4.771128908745535 
51.57888633367128 0.7386086657496171 11.704054325589077 0.6702097667456209 4.74719531788786 
13.994620367943888 0.3795820371562268 4.598332543124581 0.17963159853938576 4.866197863408051 
4.002370802391039 0.16978496839924817 8.230769793841844 0.20087549014462716 4.816107700524599 
3.2091869864714755 0.1999568276670296 6.5924173121077345 0.11519587657726814 4.9188744955568025 
3.149008755731837 0.22616572572368424 4.718919620835149 0.04411311149808083 4.985440030400645 
3.1181596516303483 0.20163525634351623 4.979371636120711 0.06115648854894559 4.960777589018238 
3.5854730289990893 0.40997747381064253 4.616626408811405 0.1729898113615627 4.884216023530302 
3.2205573536919356 0.2759911950032932 4.747106923689475 0.24479322264208733 4.788517005672651 
3.3873571100798805 0.2948349021075785 4.685352698577458 0.19870122288611217 4.825488905375682 
3.1526438051908663 0.6969728740959537 11.64179462292799 0.2287574818189206 4.803391835205793 
3.068031462884705 3.8663558120167796 4.699091880338969 3.450628232129942 4.790702139690886 
3.4950129679841884 10.41059219248728 4.638173423080872 0.0464624646847777 4.974314393416014 
3.764735235548156 2.211224745636548 13.058174046569885 0.03479936593016142 4.985523582264657 
3.130196950405239 0.8020452942583366 4.605712943788395 0.041649741105555124 4.994360184843177 
3.1319644175316546 3.071628521609372 15.783473336411745 0.24980393216490862 4.7715604948087265 
3.132491958551177 1.8810957483001076 4.692125360034792 0.17901021820131213 4.848539712352488 
123.6064416316306 10.361705329364526 4.726293254426937 0.053241633077394074 4.973916715606892 
14.814245754851838 0.8534613003101336 4.663771672455271 0.0704074216810669 4.950796429151893 
3.2614380160969954 0.5968496715098868 4.6058929810338505 0.11137647693214937 4.991337316010468 
124.66068772765902 5.40985487578345 4.720669453631887 0.06428005450870108 4.9527578037857 
64.81314911901927 2.6687057827115854 4.7599426955234145 0.2293268995476101 4.792832457717507 
3.2261129450641235 0.3394326453991162 4.99868640522443 0.05557428410220619 4.971420896917961 
9.38953143333796 0.8688889354966172 4.692753688081524 0.19196199731066693 4.830153694372374 
3.4515843385930993 2.249276880307338 45.052615950981966 0.18624980534278046 4.825452688234163 
13.845043467463686 0.5905718996939427 9.654267410516196 0.037531018314137556 4.996712002770022 
3.0560801119750316 0.7635409350337509 4.6899039190202005 0.18653443603416486 4.8410512808379105 
3.152411235368992 0.33991321710974565 5.001090505179746 0.07522387415486936 4.948650813227829 
3.13524472965554 6.406713147259387 4.586589576291369 1.8968855068408121 4.88841453837745 
3.257373243514688 0.0861555618312718 1203.4465032204198 0.03544358398586659 5.023928148827254 
3.4653349060725676 0.062146908928869066 45.01422852696982 0.19485534936638774 4.825836722248718 
3.2818832096940245 0.08427136939719015 19.305925518132348 0.049666756952279206 4.9766751257907496 
67.46806570077304 0.0833513761763449 70.12404782404965 0.26798302069751534 4.734472891624449 
6.4222364993600225 0.015687895903026557 20.11256567260832 0.14495343233822056 4.916808404630531 
3.0469268154712443 0.48634298629252265 50.23865620938891 0.3770685906381806 4.984543016160548 
3.397163806149219 0.1488551435269826 16.18028486169926 0.05404523658310373 4.968983010351211 
3.214177336616022 0.02083545936011983 19.571760173562463 0.25419394749982166 4.866454816166938 
16.227278943536422 0.03184091525177304 12.645255268121163 0.03644168982650281 4.985448657388295 
60.72053002589178 0.8737382126494383 67.68470937700666 0.22851071149278213 4.78986220622566 
3.2254633741164023 0.1370875574462264 11.696678162995319 0.045502360532291924 4.989897145864671 
24.632769607099473 0.02990799383511448 12.055911703478493 0.04361621652588413 4.983160536584289 
3.669330880432474 0.027465959911604016 7.786800898330595 0.13174398872185794 4.903196274354136 
3.2696806392262108 0.02969253004176593 6.230242339919874 0.039036956279528835 5.020303992612426 
3.668800360734787 0.03361505740472081 6.78308213134795 0.09452576173238858 4.931900215956101 
14.754441261502551 0.0629275180060388 7.504769205191637 0.032717833630241486 4.99492201886207 
3.130388550421799 0.08652819335374011 8.512774256142741 0.05082558265634031 7.950806527456732 
3.392214105719013 0.3248653689068058 11.591593074652943 0.04483272859215074 4.982733475473097 
3.1526432524128882 0.021280163851739524 4.8619619414784285 13.975321763344953 4.722497236039066 
19.259838191956185 0.027694672408103794 8.172835370598998 0.19889427863237744 4.819253970277481 
3.1354401235007296 0.08298441012589196 4.571631695281641 1.8716608282653022 4.9122685392562495 
3.1034574989703305 0.03635438646853528 4.6854408581153555 0.7942309489307556 4.9546846022110955 
3.1693197440505276 0.11958623415714549 4.690783340052104 1.0059599724045143 4.733304895864611 
3.387474625538375 0.022601583684915556 4.745009871761913 0.39625928410174305 4.785185861155746 
55.93305749802701 0.02961613197536266 4.627968994960047 2.9220598637849267 4.746791742993809 
3.2667987501489866 0.04379272705666805 4.6764907758773155 0.3551295541237439 4.750745158958736 
1.864192506768159 1.1200219897543147 7.437480457074513 6.516045619075709 3.410534425068227 
3.1529237060228095 0.05015609490630959 4.901719511279011 0.2990940073038032 4.798913805750763 
3.155628981334175 0.028397003558559623 4.6739243836660815 0.25759967510169257 4.866491728774962 
1.7615096406763198 0.5369059595028315 6.417525194717247 2.0947636362811832 5.127036347951843 
3.1420406947246518 0.08672491379035208 4.681741051680299 0.3370078207207117 4.7652484349656365 
3.235194185625557 0.024135704512368693 7.348689539099817 0.19921204525610767 4.8588111700047545 
3.4652992390460318 0.06375033858254295 7.210194318817031 0.19518319972753015 4.831762356447159 
3.1174320890775835 0.2072554721240271 4.786742451317597 0.44321917294644453 4.849316207484688 
3.257571501785077 0.08222426658389263 4.6161091032570285 0.18096535502143024 4.876384823264213 
3.0547251148450925 0.46484664163791084 10.927557740052315 0.7161142744715825 4.966106525607253 
3.1740474282081967 0.18455986556194195 4.718697416043022 0.24825148173138578 4.761433871524443 
3.10733832838391 0.284975080130491 4.764628730560387 0.3390589787830738 4.7558745315807265 
3.224536956634465 0.02151107117306942 4.567420886220364 0.043804263115308016 88.47343695738674 
4.270012673270074 0.06352731863814692 5.964452121271315 0.06850790337475202 4.94930969852096 
3.090575502042704 0.5249846507463345 11.07401794426815 0.4719782522820479 60.18650932139075 
3.3044484780510155 0.01899992715934702 4.671883439309679 0.0353593139516259 5.024875287849871 
3.2211043766442877 0.08982442842260248 7.516794870298623 0.026625084890736644 7.974952744148854 
3.2102819798340696 0.0419895933113081 4.621732322902723 0.02709220280287129 5.027970580811457 
7.325494719389248 0.02195277701069194 4.579101698627133 0.040756191319401495 4.998666442360867 
3.313039691545538 0.023437425142064653 4.640963984288263 0.0766346019134273 4.950321825218821 
3.6145834549436393 0.06186584645171384 5.907358626382544 0.032543008647824175 4.996902629361076 
3.147863002073494 0.16006589231850923 4.678298947067046 0.0992633586316062 7.883420331767605 
8.157953115504352 0.04080589375122975 4.652879359811165 0.0488217564149091 4.97734325662578 
1.753067796651918 0.5453589184786863 10.29029536543418 1.8650872524190358 44.4069095961346 
3.257393926878419 0.08553362814762003 4.708579547985934 0.026683880172575787 5.0241814974578185 
3.174072786751448 0.020057578937442765 4.5721681307210496 0.11806646155993875 4.979765511381151 
8.19681604428906 0.08308319433223516 4.656915447613347 0.054285553236123676 4.977120719638138 
3.172414398159469 0.05676130282582151 4.6452038699417395 0.078785000210715 4.963379628047797 
13.848514738879157 0.0756262449873806 4.650428821344793 0.036244952116110604 4.996180165975114 
2.3533078434665606 4.683289686383099 7.624477393768802 1.2099369393616255 69.51512776806625 
3.097764605464497 0.08658635125028293 4.746997790124886 0.08512485504500139 4.927351002300784 
3.1181899611325647 0.020685194562954073 4.651917685410264 0.1759216273263215 4.875795893649507 
