0.2803842547835607 0.24762117636478945 0.17790622706950732 0.059017413847700664 0.13289945827594546 0.5777325557031714 1.4361542082282206 3.2919398593632248 
0.17023544491807502 0.2910063028383549 0.30931972519939377 0.12524619865247627 0.3132593667905792 0.9724299492441245 1.938448889669311 7.139016141682007 
0.19297408251937126 0.19207629765678735 0.2969815323051406 0.0790244243242286 0.13322241133293697 0.3871239651580171 1.2154709802739228 5.167662522188661 
0.24613349579341257 0.25209513787613985 0.15201831370013127 0.10691946143728046 0.29579615821691163 0.6019510486482776 1.3348434987973319 5.972248740672098 
0.24168481524584842 0.23795904091440365 0.24540536077059485 0.18733281144515435 0.3326410908383746 1.2675016866082762 1.7746867509435236 5.276131087579581 
0.18129516839354004 0.19320794115105164 0.2889778229118241 0.10330783509444169 0.2088086674855589 0.9503397055070106 1.9604385677411995 7.677918944908354 
0.14324322862107292 0.1419858172745589 0.33354623657931715 0.08616451518971559 0.21326645638899505 0.6581507704567665 1.5563422144051513 2.3623522692058123 
0.14483871963208209 0.12940910154322388 0.34258877143291017 0.14687762034485907 0.149102402440471 0.5908127627010554 0.6795009928921144 4.057975238479299 
0.17170739777048205 0.3052557861234494 0.29501755358396803 0.11593756704681071 0.15303634881158704 0.33949288242445436 0.7841718338818295 5.182113526294214 
0.171804123801951 0.31819619585360115 0.27715647121620246 0.08435892349904245 0.21796042558562126 0.7660563431571265 0.799778210310985 2.2556732064070335 
0.1929015287973924 0.40903172624752454 0.14749494848037578 0.0994403087999789 0.3294739694078164 0.4987978479560196 2.022918162941191 8.291233807334768 
0.13908324935987385 0.13358264193732433 0.32144149411448886 0.08452925061166425 0.18949843113031772 0.43996874363708594 1.800223968794993 5.898844357404523 
0.11122316032572652 0.5799045420586806 0.17776581883650083 0.09610684195683519 0.16017940441079392 0.523687338168291 1.1206342311413244 2.48465918703717 
0.08813179622426938 0.46568978463642313 0.27960274832682824 0.12874676953962602 0.18836711833614156 0.5711486472199425 1.5978277733272777 2.0212947556606453 
0.07219314019423381 0.4004344121431668 0.31560478059736613 0.056908873371144746 0.1498248800366417 0.4877063932984648 1.481617593644138 4.586367569719535 
0.15896241569920022 0.442992827906965 0.22680037747286305 0.06348246368166331 0.16068423338597568 0.576992196231844 1.3175975832640947 4.845604568831691 
0.12285489029802432 0.3902649254527141 0.29235445556190515 0.07275931416302281 0.16692842959816231 0.347232604307811 1.2539354043874853 5.297938111254879 
0.08397454429304159 0.4352435270049809 0.2749650061030211 0.08067272686675185 0.32743865164162383 1.0283526391003093 2.3565915867114993 3.999133207020843 
0.11143735157245802 0.3930914990259178 0.28514451820621994 0.05952177906778559 0.23406923872097468 0.5330458578319516 2.350127266931419 6.832433461557513 
0.14176895035926537 0.41253261339747516 0.25292593555490744 0.140477114442813 0.3289293690750544 0.3727317170413797 1.9275718985757055 4.46773895399287 
0.06994456442637174 0.35816321843318527 0.3158021681098248 0.11864602799537216 0.33021870410668197 0.8649810099217696 2.0123410310830043 4.385181792068421 
0.13508930406998254 0.401456212848327 0.2547804373067027 0.15514575118093069 0.26129711114815635 0.845762526635125 2.378098560938021 5.931123935236698 
0.07574975389179396 0.2923801916653072 0.33753475620456097 0.0548122164801892 0.19256806765574339 0.5764857387816904 1.311536010655686 4.201189118513746 
0.0497831897114605 0.27434803416126696 0.32868783091299025 0.08424326126486877 0.18297787495594767 0.3960033195164704 1.7478596232727484 3.7273381782049904 
0.157158462091846 0.1147588265672254 0.6616909238951467 0.04763280008838021 0.12043857482646293 0.3355525518051024 0.8038643508028873 2.0332325338783988 
0.10777461326976162 0.2553359550514243 0.34009755098068134 0.16951754810082967 0.35055204110814947 0.7589472227808455 1.535243425304699 3.9068736124257435 
0.04676314400608695 0.2432926857065772 0.38261156742146046 0.10779219288633582 0.1505824973066012 0.4217867627516806 1.1811957545402156 2.4252107880788234 
0.11221110461552875 0.09786493489637225 0.37138107810004517 0.07442358682114197 0.25803369683261207 0.5671859504634185 1.135741629726602 3.62100699854281 
0.07291395970516827 0.20496898242489148 0.37172838539683073 0.10025810387822646 0.28701935262264927 0.5809708716830327 1.523623126433408 3.2355262587313445 
0.10140015668279131 0.17746409777881325 0.37848897163712386 0.03926738481084991 0.19867090808653656 0.6320517008677359 0.9029088988837243 3.01500617800854 
0.10901518476798353 0.4466920866946357 0.5631828826415273 0.04961159022234686 0.11307290915447105 0.35938247337819473 0.5558743410546954 1.846415007956877 
0.12297422239687882 0.10918133865071568 0.3707374058986672 0.05598321048561911 0.2240030017788093 0.8132004916335464 0.9082806151589062 4.724472235524309 
0.046910755691380354 0.27424336681271394 0.3434895083098438 0.07721162013665875 0.15130591978856642 0.5128815413594445 1.791136048993812 4.13398489919512 
0.1185521889156979 0.1071978882272155 0.37175559446841855 0.1196319090965453 0.1823807472621827 0.8264253347302722 1.2238154322038988 3.59115124489141 
0.043719109526872864 0.23477633272815288 0.3542997975994514 0.09456035846688841 0.25388045322462155 0.9075534120676918 1.533579319412173 5.174006719519288 
0.07208292838816524 0.29453480019797373 0.33580233192425285 0.07109951910263389 0.3282024311096557 0.5201956429855836 1.7733716886893383 3.214760520334252 
0.08070861743662762 0.1790223602529336 0.3809904903915625 0.22829028456705563 0.22002434749661207 0.48110339159590787 1.479051023119524 3.6991611575420817 
0.09156666517227785 0.1055011361994266 0.3874823610729964 0.22476023367349798 0.2508634233430246 0.945814498856075 1.7189879998080102 7.838029932877567 
0.12803231079941116 0.5243994788692672 0.17686495839347774 0.38674177761824224 0.530556778656474 1.3600314110947225 6.332751104504358 7.941123221851079 
0.038695446130391435 0.24438053974503202 0.35366918560446364 0.17021730718039238 0.20503596942129815 0.5511814066244181 2.0918627917747714 3.432438067612472 
0.03691390133486029 0.23441373620756556 0.43768539174655274 0.3198159348933944 0.9457002606547896 1.8789488212174563 3.6662143954270237 9.014651075270027 
0.22963552500801537 0.2162502841405728 0.24637063363446063 0.26148835866824677 0.34281696469109607 1.3417035900630636 1.587969750613805 8.039301769486777 
0.09240070266202248 0.09939786889143512 0.34368187066892103 0.18201875570466916 0.30605321951295283 0.705374828641599 2.2598161825014396 2.1197705132270395 
0.040530680486611015 0.2400389516325969 0.3886973029197818 0.21783167248896454 0.5087707582886545 0.681280892276225 3.163230717568834 8.803787082209173 
0.07240822848538736 0.21724704513927107 0.4210083643199475 0.19014865047436133 0.350819541462057 0.8826567854894923 1.122965140082186 7.5428026943674675 
0.20543562347902936 0.2356378472763055 0.15111886391431784 0.25747943066793255 0.44956983005100226 0.8691914487874426 2.3341359444345384 9.462360073029979 
0.09086058244193267 0.16834945837291157 0.32502514118610343 0.09206270302695338 0.7930649728409673 0.5209039699893673 2.378608733554254 4.127600243043695 
0.08469995116504536 0.1787366117517159 0.37158156170720236 0.22432805911129183 0.6523333377567699 0.9739377030985301 4.1478224230790195 8.360961557483611 
0.06990836736718511 0.11445968058423764 0.39783449683665967 0.1939538064871173 1.321687665024189 1.2508751590361933 6.490953368254946 13.065826043632512 
0.03979737471472467 0.2299632262076889 0.41784673767352704 0.1916398675072732 0.8526650167895279 1.7260871216593716 2.809161445402079 10.259862784151876 
0.1761691623771024 0.301910741845967 0.2652466489200593 0.06782657889154214 0.5433822335037889 0.5791557507677568 1.4757944753325496 3.411968596203234 
0.2405749324349153 0.24229544656423926 0.15546152054033152 0.27695970102378226 0.7833268448761312 1.1842937036298409 4.700980733427478 7.260222420463432 
0.18577128528570827 0.43404597790842797 0.15512325591526543 0.2430849317749026 0.7273752202235542 1.1108194093562709 4.24888227856812 9.199402042454178 
0.0969834949640037 0.09783950768265133 0.36791573606107775 0.15704073236294425 0.41415201482427044 0.9486678224079844 1.86123438276104 5.014153535138763 
0.09841588802667878 0.10202470573050956 0.3571699594867936 0.09370142269346973 0.4309599110408735 0.46978443934411696 1.7323327914405837 3.5460683645347046 
0.09208629909258635 0.40585716063902316 0.27376192829189255 0.16348201447899907 0.5777355033492775 1.3784541478722079 4.343611374494109 7.2553632499619995 
0.06314363488476418 0.2133822531919003 0.367481498156434 0.07309606172524391 0.40599424298874187 0.5815750900350591 3.308142998189348 6.691502495770798 
0.04719639446178393 0.22940522181019907 0.3691942337823333 0.07099569302965951 0.2561891572647233 2.6876406033005553 2.1046856927123874 5.30251938154574 
0.11551668301268946 0.3439282780001926 0.3032847437651954 0.15172694820769803 0.34595665172462514 1.357445147506858 2.2615787815062602 7.010541960182549 
0.08296042103749865 0.1815904284272192 0.35406224132172803 0.16282559479828038 0.3083726379882289 1.9697532918193865 2.2919232536294665 3.738930321943014 
0.14108660697402872 0.46493403658911014 0.18028106631160395 0.19010220395525618 0.388435203721696 1.9178848297085946 3.3405603640823434 9.71118717967974 
0.2152017590712556 0.22135140621981145 0.22647897645901374 0.1460034062208169 0.33112462474303195 1.4413841949886368 2.1462788312650583 7.7563760137673174 
0.044298905796909614 0.23861476611203003 0.36032288427680914 0.10217136806833448 0.2794594824234325 0.9915568202962568 1.3808200001856896 4.5769980693875265 
0.2031021705007353 0.1904182101795174 0.29184565203145696 0.0778351794098859 0.34808655742087447 1.2594869021658388 1.081335238014427 2.6451757881001887 
0.10123892500928953 0.10291238251128956 0.34007323354188185 0.1565897321804343 0.23054112658199538 1.1585269429976977 3.0961588506888034 6.756162574697681 
0.0839269326517355 0.4703663588045539 0.2677183437269533 0.17812014219162606 0.23767501463499252 1.4953087869631578 2.049255199693287 3.7631776727447703 
0.14551034441339722 0.13792191209107482 0.3334904395423003 0.09054193279038104 0.24312308614523867 1.0108899768984037 2.125683735603921 2.9873820106513946 
0.07481614871786998 0.17281871640803192 0.3749209561891997 0.07910707631011303 0.2572442222632586 0.7437168595320275 5.664953238578064 5.755207350726426 
0.13801300737748717 0.5260536309953667 0.15828576475756226 0.12375034950050616 0.15410072700940114 1.2970259550440544 5.64752034180747 10.401699386623495 
0.06212893903841436 0.20307758016982214 0.3704394607214982 0.07750590653979893 0.27960098491146607 0.8591782097623294 3.056643645822457 6.378386614441638 
0.08969770027935961 0.6048158035119546 0.16851636875519652 0.27007940239639694 0.4071560691800387 0.5912479434414593 4.539583180440274 9.638659900778451 
0.11884807941265643 0.4076199276797621 0.2540688395181589 0.08815158510284517 0.4509685144603507 0.5072099109518187 3.6547794654171932 7.6931783825403315 
0.04913327232008912 0.27673760058311203 0.3294416196132792 0.12223803318795066 0.22353240947996847 0.5901047290019004 2.144997995599096 4.17479686222483 
0.1831700663631048 0.19101783763958743 0.24726232655754637 0.16819913734219175 0.4291769621766088 0.6591014976738987 3.6800443100679754 7.559840434146192 
0.08782819289783764 0.4358034811799441 0.266426671413499 0.07700016335755938 0.30943772048343693 0.9050942547860923 2.583262499004112 4.297670910614775 
0.09056658747391444 0.21605493032065307 0.34972656510591565 0.12836819996907695 0.29944665561991185 0.5780187826581888 2.0584194799356355 4.047353116357296 
0.15584276827437782 0.14960473843603947 0.3291772092086638 0.1370241422462205 0.33049275851616905 0.5157906171621238 2.2780074670516677 5.632324078401029 
0.19773281730213227 0.38668567117182867 0.14071949486472407 0.1488479836332276 0.30450437992415386 0.6442810610616599 2.7979609733641455 3.963461191672816 
0.07865512139568599 0.5690848806295754 0.1568078695557501 0.3439615749620293 1.328568771553465 2.261476236582628 2.2990765069854278 25.85085997583022 
0.04211300773151832 0.24248798694951143 0.37326992407957665 0.0904327378002636 0.31546712665671656 1.131913051793823 2.8775284297763615 10.194458641702706 
0.08351710368768538 0.15641259998417592 0.38042201239362616 0.074066261235195 0.13458107145698525 0.4740601975595246 1.964209326735736 7.128821823581028 
0.048465387976706444 0.22765730666579273 0.36261785163386595 0.13164252373698523 0.500854166927954 1.580430152269829 0.9164471113871622 9.251423755004314 
0.06632719572103218 0.3877739590827048 0.32659355602344015 0.11390122946040843 0.41021901041976255 0.5814518050141739 1.6345505054076432 9.579557950495985 
0.2096713743209756 0.2292993464048305 0.20810104274677987 0.15167972235888513 0.2795822462457461 0.863720566445721 1.7462599556302616 9.54573155106525 
0.1530637498383635 0.4392143782397186 0.1490078478661776 0.1654421748330161 0.385011260934871 0.6091289841809279 2.6789576931132486 10.34867211629494 
0.06691396300246152 0.20217975030812502 0.38889743638301194 0.09014333995103363 0.3524058529494093 0.6210524579725925 2.0645552730341725 7.314966356276838 
0.12717992005569762 0.13343255992133282 0.3393957377607057 0.1422668532969779 0.24626572967960786 0.8370071899053113 1.4618980864082667 7.291142862234963 
0.14376289232606287 0.3286623059236066 0.3018087507005819 0.2887886507912991 0.46671170677959295 1.5841772543124453 5.335387016440998 12.505072544464022 
0.09297994941451805 0.5507238016336731 0.1943413363597113 0.10833946672604425 0.3387102003412161 0.6053516881921877 2.0584820487657307 9.368391719671711 
0.133871573572012 0.3300073533779178 0.28732958219021437 0.16603882784143675 0.4691747231316803 0.8286541082250823 2.1587197704042516 8.355465994693027 
