1353.0411767712433 0.00776439741363791 11.811194029349995 0.013558963753081636 0.7825174500654744 
3436.809771330105 0.06963490825017764 98.86848768367807 0.028496930477049456 0.7546313327995183 
1752.1997464581432 0.09316997800209824 1.8871438706355301 0.2792433579358883 0.8069767768966133 
65.7220287058237 0.0032794154335876514 3.1512771827340917 0.00749793128817851 1.0237578625857664 
18.939711353344574 6.256288436180538E-4 1.8396246416183535 9.79227820826908E-6 1.2104932364522214 
40.99417929555566 0.004055023331438366 1.8065750153882436 0.006161516051932313 1.1354748307046123 
141.7692214776418 0.01829523362764903 0.2812715704525369 0.04156458165973885 1.2345424350642387 
13.262917124126568 5.01497496187572E-4 0.035065195898240205 0.0014315961924562756 1.305707551978671 
15.792904875469333 0.0027404775375599343 2.766573318398444 6.248505526573162E-5 1.0402382379475348 
17.907357875369257 0.004951208579259365 0.16389005231779352 0.00732876707249183 1.2905082783422719 
7.263000835640954 2.875346663123004E-4 4.537738239429542 7.614233975416648E-4 1.0298915719143558 
4.139101402325372 1.786605105206382E-4 2.658166297266162 2.4502319613389724E-4 1.0828327218172968 
3.324154447007583 8.303912005587933E-4 1.077568958716465 0.002264680274847355 1.1867125002260221 
3.5778259657414617 0.0015017085908013077 0.08432605557311436 2.5500700995156374E-4 1.2993172273866798 
2.2486891650148744 1.5827855936349425E-4 1.2887819369844888 2.1432350711459095E-5 1.197642265763637 
3.1208206612451432 0.0012637017539336717 4.757928683434333 5.0075988996082726E-5 1.1189366029908951 
1.7968117054059272 7.228382707312807E-5 2.9711303126532904 0.004556478525584917 1.0550780562896909 
1.801669541537005 2.736619292917987E-4 0.5584330080962995 0.0033180058709399787 1.2340117547525988 
1.4220189126370404 5.310708141203077E-5 0.5146764111169655 1.8704686123625372E-5 1.2612112524416255 
7.787418692515386 0.011249002083799533 0.25404272990400834 0.01657492579058093 1.2660503961942793 
0.5911261630226984 0.0021990509525824818 0.5806433813344515 1.627635154996979E-5 1.2591303980664752 
1.3767309140287096 9.308651922484627E-4 0.9488093916681294 7.300976276152046E-7 1.2407923203879352 
0.24506016513695716 6.703845052952648E-4 1.4912597044719171 0.0019927364906373365 1.2042644926305324 
0.8445493681169781 5.571852585321001E-4 3.1985796159513287 5.233114038934687E-5 1.0731984986204774 
0.26090305815333975 5.190289613718958E-4 0.6557145199088371 2.420823273277812E-5 1.27296767551665 
0.20834359891147677 3.8252030220013695E-4 0.6511528519935451 8.762616886765334E-4 1.2607663092463322 
0.3698283409838214 3.266614567350098E-4 0.0845683349826865 0.0032926023039280936 1.2992464510733972 
0.27019284472534305 2.832094649496426E-4 1.3465235011234171 0.0025025014213740024 1.1764593479902925 
1.0654615359086526 3.019821381631921E-4 2.613607585932834 2.5463613587557374E-4 1.0826426160632585 
0.4728175460157647 1.5830117230699039E-4 1.4941631608835453 1.3843181611364287E-4 1.1843137197781428 
1.1070364461149564 1.6659488686317374E-4 0.24675296904720237 0.0016001898008638886 1.2729102733778859 
4.305480024525306E-4 1.3929072523721157E-4 1.1452093055987222 0.0016852744557950378 1.2190481179720785 
0.13538287223612058 1.4329875471095403E-4 0.6607964543775036 0.0025994330430552264 1.2577906403781787 
0.1513273895851478 1.0494431657528045E-4 0.68054397905881 1.2454897953154693E-4 1.2354532373467608 
0.06390480620371679 9.791743385481825E-5 0.16908738426240272 0.0046569710723371295 1.2938807408863258 
0.7440869439633447 9.300050162535868E-5 0.16965192078598304 3.1090006164696263E-6 1.3019104933609813 
0.03541327991120758 8.603960929878186E-5 16.158143676606674 0.004333363610192651 1.1717953082793846 
0.05447352826495897 2.3894328144975878E-5 3.2951078494300563 2.600957559345453E-4 1.088493843030638 
0.2976201862046673 3.633543495093787E-5 1.7316032025270198 2.168853017109875E-5 1.1869370500886136 
0.12542297706200012 2.8177757005744824E-5 1.365615418668804 6.936080645829936E-7 1.2288676377268088 
0.0010607319274381448 8.006564461909535E-6 1.143366593227318 0.0016649775400815142 1.219049123826055 
0.12799003558994212 4.5144859387591384E-5 1.095489232874069 1.205767586705792E-10 1.2452575994695796 
5.449645423769277E-4 3.963371648614056E-5 0.8402570853039403 4.233828706718188E-5 1.2278287705567559 
0.019968719686709487 2.3363717130884325E-5 0.8286588736000556 8.848166264360923E-4 1.2607371483146215 
0.41029903300847925 1.4115793851992981E-5 0.5867496949376277 4.822541292041253E-6 1.2604195294421037 
0.048806277934423256 6.45288918335416E-5 0.42674047688507766 0.0011212518854535852 1.2632950492102302 
0.006816143774593991 8.347487903533417E-5 0.39186197614306884 7.058974561887705E-5 1.2786046572593217 
0.008154318273984967 2.680040953194527E-5 0.44916803911743614 1.5426670767682498E-5 1.2907393983478261 
0.009994354775789896 6.865499212503395E-7 0.26279655531052404 0.0032514375208845003 1.2902347810735932 
0.26030291729988503 4.634291367879763E-5 0.2415043975897725 7.469094641563044E-6 1.2879342179598134 
0.28958410689758207 1.8246183897056804E-5 0.222264458854149 4.887959889603075E-4 1.2936114752849084 
0.004592632493480435 2.8290642436855204E-6 0.18351933175352428 0.003902555814467372 1.295043520436566 
0.001783875733785107 2.0241671151874834E-6 0.11501019004450708 0.002693150359105407 1.2994029658354367 
0.016025254720835054 1.1242207513684745E-6 0.06393502270107682 8.075374550535338E-4 1.3034690699014329 
0.006131440083563984 4.377801845079184E-7 0.16087850614908614 0.0015839170266328361 1.297836535408222 
0.011199864219557808 8.412211665638538E-5 0.024182024043104877 2.945526984513573E-4 1.3072234407280616 
0.09612760604026975 1.9619334711622367E-5 0.0024412087741895873 1.2548877938914544 0.4295668004432233 
0.6746870894383864 2.597480445102728E-4 1.2566809216264232 0.040102145972139625 1.166222205967742 
27.114830877800337 0.0021384166470416613 0.15679117832828904 0.060416518181351485 1.2618984645420221 
0.27864105512446263 1.4337550186076863E-5 2.699865820274976 0.026527938207802554 1.153190676445361 
535.4749038329511 0.034021959166156863 0.4585127318344594 0.581782449377639 0.8300061847214708 
10.062809747317923 0.02174019495954478 0.4271350301716159 0.35041011325327676 1.0223190249363825 
0.32285793538532276 1.8842086728829237E-5 1.701590666290819 0.017248201797094267 1.1832549021372347 
6.121765043845555 5.375454510545725E-4 2.9515321172140365 0.013861719894854449 1.0329740838600492 
463.4475131628621 0.06383202971132637 1.3684747936860682 0.36472887344069876 0.9259908874012449 
0.05780302722875838 7.197554678870072E-4 0.9853065391173602 0.00939487497021606 1.2036393181381817 
0.19215368582658723 1.0933394209271805E-5 1.6065026840757526 0.008229971002075719 1.1914414619402434 
0.04898570996480171 0.0013430110794838998 0.9525910324291178 0.009379535069893684 1.203903378155755 
0.04942177035049283 2.6362047526617793E-5 3.129379815570475 0.007980180064837755 1.116660662426991 
10.465661826796413 9.510542945508005E-4 0.22842328088566102 0.0060665585227786785 1.2870808230078248 
0.1395899078158175 2.2055023886058677E-4 0.20113431563352455 0.006095419144364547 1.288565306081297 
8.422994290253119 0.008965518015561566 0.4200063109735489 0.035039772778548244 1.260659132972845 
2.4496031701471445E-20 2.6438533892599684E-23 8.122342699065663E-16 1.550787267386707E-11 3.716622904129615 
0.24412187676469202 1.9774082704871554E-5 0.19498227842610416 2.1265658039066191E-4 1.293911388431403 
0.07301892399544414 9.482204352890736E-6 0.0371327296800234 2.821844100737791E-7 1.3073167956110854 
0.003962462085736652 2.4402364971409653E-5 0.016684777115621344 5.187999047201725E-7 1.309125048183755 
0.036847395227490025 7.662211308914683E-7 0.04230819565200467 2.0338580295794673E-4 1.3046991110498554 
0.0016202287921488184 1.0276776031629183E-5 0.07044136181432575 1.3381819981918386E-4 1.3021089736083882 
0.004734037087006653 2.482363289487409E-5 0.04818816584475141 6.274289249673245E-5 1.3063385856262284 
0.07832909484283904 1.2519643988869633E-5 0.058137366164560174 2.7320091499802757E-4 1.304173200853673 
0.34091033443099356 3.496210744298122E-5 0.04022170099343314 1.4275873489025142E-6 1.3058953511180396 
3.3409272152195625E-4 4.815005564584169E-6 0.08753610314805212 5.7562601400981255E-6 1.300182063630202 
0.00980651267788357 3.6720139822261314E-5 0.08035195613197339 1.9713876105365558E-7 1.304152178784086 
0.0115541662777951 2.1530050697534727E-6 0.08719666508156897 2.4983145660701327E-4 1.2995031158944537 
0.027338919041008623 3.928749956732432E-5 0.04911655418992132 5.5800159579043747E-5 1.3061523827243895 
0.007492358339466284 4.52578180986693E-5 0.0701778564706894 1.5240342228243288E-4 1.303133033721425 
0.017593107041941492 5.711747230638597E-5 0.015428816906108303 2.774615990273389E-5 1.307948312538553 
0.03144859611801117 6.254128050001914E-5 0.06984502771294863 1.137992642325679E-6 1.304811348260537 
0.22075834803766142 3.146092057084457E-5 0.18644476668880972 3.8331043700286536E-5 1.2920109220352305 
0.003952407217518042 4.9396220615915885E-6 0.017874697338792694 6.177860478523884E-4 1.3073435646352163 
0.0034235166230280126 9.723654491584753E-6 0.05500861129669808 6.673741549034051E-4 1.3050702837954864 
0.020445491791257306 5.264296645896836E-5 0.1953043862187616 1.0297026588378095E-5 1.2968986201585433 
