488.7214261969686 0.04114869164185037 4.903856657789139 0.07947836918625478 23.866976773656937 
236.39011205057307 0.5474345972646314 12.140310189040903 0.5382570200507178 3.0144811598469943 
80.41145586656944 0.032629863924290854 6.8041684303540375 0.08279226807098912 17.452778994689734 
236.33826674606183 2.896091476917124 43.57002340331206 0.5312237428378512 3.089772225205352 
80.50581594706617 0.040943366547537996 7.571358740206556 0.07931820913550774 23.866978020943396 
215.6606073545876 3.726460787587607 11.817521409198106 0.5425795031296539 2.592433318060989 
45.31352663910939 0.3997355381054293 6.805354294825208 0.07814030391094468 17.460362223425015 
309.0794769919297 0.01719016446554533 8.95321368129674 0.6304300949212417 132.9276816038734 
236.05820392473737 5.318051552557848 12.893955316418781 0.5371907500015265 3.0268621738436674 
309.07946252606814 0.017190001840760367 8.90465009205666 2.442371586418997 132.95315433093646 
413.1566945107793 9.851231563058619 4.4668991062616215 0.11212020909963555 24.582048849537497 
25.212578435563334 0.030512745173954366 5.240335836087235 0.08650719552143293 16.828947127554716 
40.2890609857948 0.014688720604663292 10.41521119870479 0.3522189674950378 32.35653168115898 
1.4239239534648251 13.636883793458978 15.056132358255221 0.5380216255173472 2.701652383501523 
1.2567247610699523 2.381486937829257 4.793718198072497 0.5646489191349578 2.7021284560693397 
12.24501077520277 2.196602103002268 6.01410310566907 0.3892022176890802 19.868172947288485 
86.50310692146371 5.378519809625629 76.9977489143896 0.5479484229700438 2.5676832472828512 
1.2482210449077051 1.3364404949316642 4.957645720365844 0.5567877512603691 2.6989283546286034 
2.894272124011093 1.7462245402356071 11.990447685656404 0.5376915262249605 11.674874848632845 
10.609086196111543 1.7642003963390689 6.319416253524738 0.15788213747053584 20.29642894873907 
18.968045169770303 1.3362097254364982 6.4846640052874385 0.5376995645903077 5.4520778510907935 
74.9714443932984 4.2745285127294705 4.752052430544707 0.8064805451261822 27.663106663556242 
34.09447391902168 5.057982176706461 4.518344060036432 0.8883659094107315 60.95238834305189 
1.2513101183614128 3.1286992411508914 7.84706898019213 0.5443409803146113 47.69331224108485 
20.45705737561417 2.7651903131747244 4.763920698721725 1.3232915888165857 27.65706152530029 
13.95556729501081 1.0354317888548483 5.562523684390898 0.1291259559316631 17.67887114305424 
1.3328192078345997 0.7675133793641048 4.838014537127851 0.5448587833800678 2.7025994867478182 
24.676066760588284 2.590030814181162 401.6288896733042 0.5333018521576093 2.571522492483476 
1.2161937729646675 5.045643983217462 474.58112721738894 0.5435204104316489 78.13221042261284 
1.1983130110195443 0.5131554788973957 2024.79030171514 0.5491746696180019 2.6677873875454146 
212.52664111528742 0.5213279151913074 1763.7237354541564 0.5492915298569804 2.9034435005298365 
1.1529613925701432 0.8209641107955433 2004.1240329316802 5.545329495334005 13.551733492488065 
1.19942672585508 0.5152552271303025 2022.2821958636948 5.264666235262635 98.88160785624878 
25.752048796812293 0.010960896987879196 462.4500299265164 2.437301490710231 29.981996389914965 
10.09508943413551 0.1761658135629409 127.03567092776468 0.04442711513867033 19.028568058405455 
1.2569522356513605 0.5126393893754023 429.29078898241323 0.5367197404277574 77.9676737808877 
1.2617770597587836 0.5082856795145027 44.113572321205865 0.5363385978417892 3.0951814193342844 
14.136551835949303 0.01922635613396134 48.02438708322507 0.4575507513565594 23.696935509414516 
19.669273109549277 0.02434150977281653 29.169949530133476 0.06350186950275365 19.056976494281024 
13.98146723339754 0.0176207895203187 12.792321505797283 0.762310295240124 20.74095280363528 
16.53682878229728 0.34559844484972513 16.21984262680557 1.4726483217863409 16.61673313090765 
17.72671130732625 0.5046795206203988 8.604741522912159 0.8476651318821624 2.550510084234295 
1.2567214008215868 0.5143816131297239 8.315462983449846 0.5520996303941628 20.009718079391583 
1.094853932606802 0.5309708151335975 16.24650121775494 11.30263651775115 2.699111957491156 
6.0852685391171795 0.5055971140698291 6.135186085974445 2.012808991401907 2.715728013620496 
16.458164249662016 0.19804975445796258 4.727678635962642 2.7113490016014556 16.837155186563834 
1.2495746378489534 0.5159120638282222 5.970835513274169 8.19413552256099 96.48007472691918 
6.150257952239496 0.505610371658733 6.204124452944382 0.8307094104862722 2.7320261203909855 
1.2228209108093493 0.518440241365756 5.5942446282428495 0.7213568496198516 2.6956969584214345 
10.875400778691919 0.0165690221789506 9.20974029917497 2.453112526818409 44.12278374133235 
1.2689685385575387 0.5083325755641734 5.12731314787242 0.5544659961758116 2.555618853749373 
6.7297873847627026 0.5059228154729555 4.940212552588127 0.5512041017926278 2.545609733577213 
10.884891670679155 0.2646032817031894 5.7632337668769384 1.0442721086920235 29.62819584300178 
31.622201957942195 0.5480924794757701 4.5972569233132425 1.410398619882419 41.488458907541556 
10.871761426664643 0.016081682712200524 9.262935036753216 2.450521131813284 95.3134904462408 
11.0448631649371 0.17523122604810384 6.040293056228023 0.39905977422930694 20.381983627949264 
1.2528935779637382 1.5506473165973822 8.386210070995515 0.5297138117526544 47.21985680156734 
1.2532194861531305 2.090592493695547 7.949296267082436 0.538493977825096 47.709773190471275 
15.156348969070955 1.0323564466546034 4.780548750843313 0.1516221112906712 40.20022897881407 
16.442267255868426 0.5992167975271622 5.691598155657861 0.09285855816116312 19.770356262994444 
19.985033492970505 0.3952321607205386 7.34429087769683 0.06682339811838882 17.448646656965167 
16.49934258430694 0.031295004022096215 4.854313721921455 0.08829240749186557 16.829754229286845 
16.442330545411473 0.7439725724746566 6.140318976002084 0.0874666297925761 20.090646672944768 
15.838599739720387 0.019112962977716558 9.825002930541864 0.060908258180359116 272.6339427228393 
16.44224287700506 0.17764494380553703 30.507230183123678 0.07962709287612067 19.61063913352957 
10.932528105164865 0.22299772137153553 7.567046560798953 0.12171080920149598 76.2345110326379 
10.857409624891453 0.1816908596675858 5.514534336518811 0.22996700251906985 47.88360030282861 
13.94108966317766 0.016143450427911016 9.95819549143509 2.0667759711542044 274.85084109603645 
6.511774319899396 0.013710552548717284 31.37275447335557 0.061468710269692084 25.071708591427928 
10.93310002072182 0.4082022539464181 9.718757581435323 0.06210494875502486 51.67322310821591 
11.158737034656417 0.023858558880715544 6.166946283027999 0.06497781474897402 24.293120887512956 
10.855064831327452 0.5687206454636675 4.704819750787092 0.1819134894340881 47.91652246892499 
11.764498830619466 0.014779771070867732 33.78085676112285 0.06088872737229763 25.071730550374113 
27.41354102707569 0.028576067759771794 5.967847037319929 0.09290998857738997 44.24253407194205 
10.942255883968224 0.41126434381229054 9.765485311985968 0.08112691019401237 29.583798848118118 
1.270390210645017 0.5257150274048001 6.723887281771641 0.5516104128640666 44.157958814381004 
10.857337687650931 0.16432734998798054 7.880068022883052 0.3984527236054081 29.39860044611004 
10.869980063528725 0.22340087522622873 8.791772026897185 0.14737551362277443 19.808392534539944 
1.224914005833057 0.5082896129147572 46.4088925250912 0.5371642265070992 39.73010424468704 
12.827607318635287 0.33990347440590335 28.88966324376759 0.05312747740880957 22.088406431918536 
13.190920436996459 0.0153680765347753 12.64541508450469 0.3754897712280024 23.729437521651054 
