90.89126868230916 0.0 7.244926457359012E-9 2.7316809100786553E-5 5.550980280045307E-4 0.0016347895721515106 6.920187414389073E-4 4.722743944957594E-4 0.0013062645793481115 5.787080667679132E-4 
0.5425865245982969 0.03929312715997865 0.31473159219078706 0.03665532919464498 0.06918140947406572 0.06741148204092927 0.016929261034149053 0.06129258736526337 3.4595577977810505E-4 0.010696039240839198 
1.1508875989851293 0.06124705146581335 0.02715766984963783 0.019729073233894126 0.023080075932533077 0.04308170002860693 0.017912669063438108 0.09151659105372771 0.014806745399997559 0.034810644680231095 
2.477286034075257 0.3033809778825572 0.12996809289635425 6.324087743200513E-9 6.810874581246178E-5 0.03497685040702281 0.17141918525008512 0.17473157008303988 0.004470953745833398 0.08540396395845198 
0.5407767090275448 0.06399285161328666 0.0015348750143961102 0.02478608136090597 0.05223223095052013 0.01787464764734428 0.021980705093131426 0.01688413174731537 0.0581001067304273 0.019738746459550274 
0.8330104777011997 0.08961326261218577 0.38432464717951853 0.0 0.05533722986717941 0.04233305574933509 0.04279008135492826 3.318300955753781E-4 0.15666209591407074 0.02651378618336693 
1.0029067629371802 0.05667012654250138 0.001015179774706706 0.07727749129259759 0.011323494817479277 0.04230299202185491 0.0291018208498047 0.0021129010535256786 0.017194379683101113 0.021126543872333092 
0.3151511047008828 0.025716028147196448 0.13609483725666863 0.03496048187861277 0.03709051573224953 0.014035986923202895 0.007109108303005914 0.019043761095653464 0.0482542284988556 0.017911078692002792 
1.761180523431362 4.5262984868894455E-4 0.6464267459080155 0.05277483498728037 0.6201387301053115 3.9337203367243747E-5 0.16182051325725935 5.97630035049517E-4 0.01768640595051843 0.008530553102705334 
0.46618454750341237 0.024828890246117417 0.20318230420095873 0.08705260297798932 0.012806958381356554 0.006432912485157874 0.02129317084384519 0.06150834437927624 0.0215247556091605 0.025723205471180004 
0.06252086347432707 32.12478116225722 0.0 0.010747840567720855 4.1125354240980597E-4 0.012708293143140198 0.0010130458505573756 6.721996823043771E-4 0.0050885495877863165 0.017169101187316963 
0.0012169975839302748 0.19765644065247223 0.07746196571656962 0.03028618022031937 0.03702027270190792 0.04406128928923999 0.024121612762039432 0.0174372096872556 0.014068522751440896 0.02754317753420874 
4.5568042121644075 1.6174794190781445 1.1204416021243884E-9 0.0426593832418177 0.009887567198529153 0.07525410339916307 3.1392939633101375E-4 2.4937998463414764E-4 0.0014447246310319583 0.0243935270441223 
0.0029704706751250533 1.023603568636882 0.2656586650801378 0.22693358226818544 2.1129887675442918E-4 0.0 0.07723182589827741 0.05056557544820882 0.10671505524570597 0.10397699325687972 
0.6604234363965107 0.23832390558018102 0.0026018950729634143 0.03484190448799742 0.014474321028660472 0.004035572553487073 0.046013725135079946 0.01413293915537667 0.0464855496056146 0.022534360156089398 
8.612802714530438E-5 0.33327359140725293 0.40003331218431004 5.101611234542376E-4 0.13748375141880653 0.06342043860041637 0.08951979107316219 5.288841445953312E-7 0.0010207453941710185 0.023951351060606228 
0.6257236342432532 0.2914118654388278 0.06064444389205307 0.12732462586116966 8.698287097142195E-5 0.12166415384074097 0.03602454502300345 1.6477734194594322E-4 0.0011392935458980826 0.016151431795728175 
4.6238514230591954E-4 0.12571992888241615 0.05036553895720491 0.021976241343260004 0.01942945451363618 0.006785290802886088 0.04049440960508025 0.03668091568096134 0.053497151189175925 0.017342947406624506 
0.3105287698231228 0.16177169454441614 0.012867570733200941 0.05170068913127627 0.04092263436359213 0.020210408044777542 0.017859001455178238 0.001993640591216643 0.12679283725530058 0.013869622725888603 
0.5148052010399864 0.2105728865685284 0.17386355423133595 0.02177723474004222 0.0556602060770626 0.0551600017015273 0.01071028241414968 0.11759467098479057 1.603037535006942E-4 0.02212424044398126 
0.12950988157737267 0.020636601772959638 38.34160297607046 0.00884930743426265 2.3191113649126803E-4 0.008086301001602968 2.4842053088519297E-6 7.180872765426946E-4 0.0017344112931409847 0.020803775683800138 
0.029658140838853396 0.0014090678024599582 0.33680986788834527 0.03786780992162117 0.0507714962632687 0.03957546080575823 0.010045752363661512 0.028719766185596542 0.003983831642991367 0.01890223801958295 
0.049036254508609385 0.018088590150366426 1.2725304090817882 0.254948606114447 2.1608198849920943E-4 0.25577414607914933 0.11580876800436087 4.669644583008983E-4 0.0021677735394369253 4.475212040375511E-4 
1.6331450469031101 0.04128546665277151 0.7158177185114396 0.0696812553878137 0.06833957014694336 0.009835898403048314 0.03298091238733522 0.12491650518890537 2.4112586559941543E-4 0.006177599375464158 
8.239577431738915E-5 0.02052535410757582 0.28175608760653914 0.0044364047133268365 0.04102152218652017 0.09702890000832615 0.0069697296229231575 0.01787852732680537 0.04281604076281542 0.020669992989156533 
0.46912442235695356 0.05757239226444946 0.243491843542028 0.013168045007738969 0.033285866279048254 0.03207194398228223 0.020644360283105203 0.01450444787192925 0.03327067484024783 0.022473443406939568 
9.863698803693655 0.0 2.6873612154800584 7.306157370180561E-6 0.1611930482115007 0.001217196194321046 2.8500623800298356E-4 2.128558089736058E-4 0.0013064014014249803 0.03361581633022095 
0.3934305884380943 0.05211374810574593 0.6402049615171401 0.0014502603069830398 0.19884450616655536 0.013898956855906072 0.1324490442305739 4.0367808575917643E-7 9.572108149333739E-4 0.02885121097523331 
0.09782829561773734 0.010964790811819829 0.30104440924291753 0.0 0.012754273849166735 0.010655457057906076 0.015901003580066922 0.052931700645013166 0.10947104528941129 0.01914397125187951 
0.014263175030500478 0.007445584930677649 0.37929843389437123 0.03589167946051862 0.05944484992395203 0.004090576105673513 0.006993992852497114 0.11547015261213714 0.0041057986677519465 0.020294885830166726 
0.0019344823611632137 9.044959071721317E-6 7.729991935633477E-5 7.649941516552413 0.0013622741088923265 0.0011001908203594698 9.703737147060228E-4 5.1219796868615E-4 2.901338549521648E-4 0.005516968962328971 
0.2680406056700209 0.013626515262628034 0.10854940080915741 0.0508347005206341 0.006299543267998641 0.05769795178656474 0.024335746719528005 0.029394562177126687 0.01740994092862841 0.019999028646281065 
0.003259578942918031 0.001839108950814284 0.0013994364995297682 0.5090743899433116 0.3749722578604884 3.338553536373164E-5 0.06973250637228404 4.508337280465079E-4 0.008428243285218882 0.041386905979336565 
4.453256210019393E-4 0.0029466485271508105 0.056792551864052174 0.14340884394164888 0.02346853795348968 0.0067465363768562815 0.009574063633821597 0.06292367755092862 8.959912269803044E-4 0.022006236344705877 
0.015830875079118095 6.535977133810671E-4 0.023281252923976727 0.07239250288525108 0.012760065905870215 0.04422712003571214 0.020241188957941587 0.017854766923855587 0.02924094573963593 0.020508437710696794 
0.7221152929597016 0.26186825707638894 0.06557942929534745 0.2508470061818125 1.7879563037823045E-4 0.22663202033587618 0.11692749085913781 3.9208809944119873E-4 0.001958696314018475 4.685558779562491E-4 
1.1765618880875041E-6 3.206024022853821E-4 0.0024724235731645766 0.07964433995175434 0.019653234060530954 0.006975583786948224 0.038322210180415595 0.04463104115827748 0.04899844884478484 0.017371369455342255 
0.5360342475841896 4.055542117831787E-9 0.5972982218571345 0.20192708633089584 0.049599992702395006 0.009160947225426984 0.12025322058117743 4.255765255304593E-4 0.004519027079322476 0.05951849785583134 
0.002421160431635049 2.519343161859013E-4 0.0010940054670968247 0.16959816272767977 0.10878995657262494 2.3651055879858125E-5 0.04826174330129867 3.1213417669140683E-4 0.17700922637575733 0.03317137504788232 
0.005206536301274956 1.8193235730734788E-6 0.004090670220466815 0.26635220898159795 0.3926529534427119 6.264357034594509E-5 0.2030189949499012 8.421035348547729E-4 0.019125440924533117 0.012386406112350257 
8.664527068209307E-5 3.9427307996989193E-8 1.2938649994348268E-5 0.003602420784028227 11.948645951765121 7.855121237138849E-5 3.1053019730725306E-6 7.089176962806911E-4 1.8516808702567585E-4 0.008341867500092717 
0.21192346259283593 0.023410980968107994 0.09556809600343787 0.02709945924468823 0.027868517853397654 0.011704343215905971 0.031102425291809108 0.01984053227097073 0.0482766088883314 0.01614305240532272 
0.21201726039005156 0.08096016842403005 0.0792286983652318 0.004074870786034783 0.12367852660231092 0.07397111355172674 4.8191909501902724E-4 0.024416971142484263 0.030698802086429274 0.021071045624305437 
2.9610427328969244E-5 0.011668323411391745 0.0024277348152180337 0.049636392146015645 0.07252315404405618 0.07056364542002037 0.011079859200670759 0.004251140388701832 0.015210176968661058 0.01877577191050547 
0.2983090352317081 0.11747079055921075 0.10754897186745616 0.007831790578167498 0.04695507283711661 0.024762690356572418 0.01873907184498184 0.0688968257857371 0.04032971045718722 0.02416130139975507 
0.3692319626590262 0.17523101990667755 0.010447241272585627 0.06838913006687608 0.04974206375603309 0.030776114762582487 0.0607307603276802 4.81668378246454E-4 0.13809256052682997 0.011171776486606017 
0.04259630002973177 0.0033792836577177473 0.01770178521092291 0.007496928566416589 0.02418727110932712 0.048132094115450164 0.014148124618518889 0.044005028323609204 0.04942442132298727 0.016572186264358295 
0.0889152483134225 0.01610625599198025 0.30014219988027624 0.0 0.016301098643339045 0.012402114857028263 0.030419859540340932 0.07206908215724936 0.1108901103209847 0.022842522105105754 
0.04766854911902766 0.00393954333603067 0.17907333197636133 0.04171874725550325 0.012803969667948476 0.0754663226587183 0.007514950604733472 0.017302295014502294 0.04601661471397812 0.017277873321873933 
0.10289345489365778 0.042818249380986884 0.26371032659626803 0.05380041764479006 3.534376253500065E-5 0.008717108127971137 0.013702625592238631 0.04093768002601589 0.1139191209792648 0.020709703246122826 
6.156140201223352E-5 3.2546038925282532E-6 9.06947195805598E-5 2.9321228335120284E-5 7.936841260745313E-5 10.942017868808227 1.4391715883543905E-6 3.6315240584159026E-4 1.4019531719192005E-4 2.4948259986609012E-5 
0.4306175187000791 0.23010862545636682 0.01572024634541396 0.05272979601866997 1.311946439876401E-4 0.26117793222691654 0.03694331226943655 0.003904179237790878 0.05750053850523238 0.020175808593387298 
0.2096662312630246 0.10684466437940776 0.07900440524063583 0.034963651671291104 1.6547460757300445E-4 0.19089233442752898 0.04070549343611827 0.042212276947212565 0.05557941680590501 0.02576499984795053 
0.03770817813190729 0.00367687516364445 0.6593550159038732 0.10165048889989335 0.0986694819877942 0.2924728175638559 0.034899842588951895 4.377056719922247E-4 0.0020271921666016254 5.332051663408726E-4 
0.051571260369847285 0.0056335802432244736 0.10772911411496038 0.02892935762915826 0.02802230708804227 0.10131638060605481 4.2335126617389985E-4 0.05310262830211938 0.01363902511875559 0.01744170049107287 
0.7993550688088507 0.05328909292726149 0.5075183361613332 0.06654270100425895 0.12334395246172701 0.2329807413151535 0.04275584993934534 6.333329746526219E-4 5.793298330754244E-4 3.924047147165736E-4 
0.058078644169768226 0.00566548000652986 0.02756667639919157 0.015740120944932573 0.04356989021314851 0.09609218172941122 0.007089658587529564 0.016143474381571776 0.04450817823793289 0.029217874204520627 
2.0292369433331305E-4 0.05073695450210148 0.17632597956627993 0.036158708060463014 0.011607021250045466 0.08183549096396767 0.007594644265077362 0.0168739938639762 0.044090442053535 0.020472196060468337 
1.134217698396092 1.9766055099661091E-4 0.001393149627753856 0.03642353077014502 1.4946597028736393E-4 0.17570903949849886 0.021147131526869315 0.05602170122920433 0.04468919450213949 0.028181103740713177 
0.5693127234649353 0.03828969021304067 0.34836685466111683 0.0518347157535237 0.09450552764855374 0.17184246717928936 0.033050175973459044 0.09115062529706172 5.603298548283855E-4 3.2345352692436457E-4 
0.011092824177672291 1.984184104759078E-4 4.794342318474897E-4 0.0010837115467015896 9.415902578972618E-4 0.0019136219950370034 6.89571217143215 0.0012706990372534602 4.0700375245691244E-4 0.002220313435640761 
0.558458786816102 0.04841877719173097 5.201629828583264E-4 0.03375611332536371 0.08093940371481693 0.022354845578045263 0.055442754047326515 0.03379962003798739 0.01191324016930803 0.029570191569164173 
0.015560496625038084 7.812549602790695E-4 0.09475640410376797 0.008862767611874016 0.019138449003225505 0.003929749816468141 0.13833506735574547 0.049327125940636506 0.05247256854301942 0.07008552776984367 
0.00940428053779849 5.374420076773133E-4 0.005168979283926298 0.02135967172825827 0.0254104512062532 0.0018993497772677383 0.09555493229421326 0.015231292364094021 0.12979911758629242 0.017943838324158523 
8.261448856605936E-5 0.032472983449847004 7.170017202561612E-5 0.06774216912079346 0.00914596076578139 0.0455270518370583 0.06355230296646681 0.008034169028509387 0.01826595886491186 0.018472060224110385 
5.339977351087175E-5 0.17547075079449817 0.20574871404348913 2.918207163536088E-4 0.05998108074333342 0.11076306350655189 0.07894088889604824 3.287009625981225E-7 0.015052358045992755 0.019689542338000656 
1.0558944265312808E-4 0.039533172997394346 0.022213806495292313 0.0074078618049784415 0.02442430784655279 0.056803402812726445 0.04566177846232188 0.013730017840184619 0.05614168191411123 0.016450381976632407 
0.002014794263439334 1.1148344702822279E-4 0.011806518697601305 0.05272610866241582 0.00583871823708949 0.0017893301298426087 0.10770152159234718 0.12674964302592392 0.0010679215457647833 0.0212119455551155 
0.057364408959280626 0.002857086876881854 0.08327177224893416 0.007226415614971687 0.10070487354165046 0.041257974752816666 0.055421640230318016 3.222436890010028E-7 0.056699684296041455 0.03329485723924833 
1.7341250023241643 0.015334042175099549 0.0012906769762031597 0.08973737103457366 0.02887453487959686 0.024326308017703517 0.12387142611850728 0.04879244823653105 0.0017574805838314622 0.09044793753477405 
0.01563206985535415 0.0011603481660798964 0.0 0.0029819687420250818 0.0013520173374349086 0.0016781783639421106 0.0010153950537399147 7.568247064335605 2.9979104462430934E-4 4.429927666514582E-4 
0.10280676355876543 0.009617103172002803 0.05016233712313253 0.015691436713881422 0.015953351867093422 0.030433136831138945 0.013312358528323798 0.07903213293635092 0.026635867575895804 0.016282131186187297 
0.2968754347698009 0.03252764256764582 0.1035665232473906 4.8704484861022637E-4 0.039179760081128986 0.00896520851601369 0.08780927902340098 0.1883193828911559 0.002103818931524043 0.025716520842488027 
0.18464257499588052 0.007940422390222546 0.15844338463436353 0.08307420089245757 0.039181778624982365 0.06644917433036765 0.050779641868007236 0.18272172240638354 0.03155105402941003 0.0056756347671917135 
0.13362522609097346 0.06854955926797983 0.004977001558841489 0.0083216621256149 0.018919196969199036 0.008240460930892759 0.007800703064074789 0.12782461547404325 0.11719829603050745 0.018906946849694437 
1.2740119940636008 0.0018427085440635535 0.0812490667753358 0.05093950487808564 0.0325182439505327 0.03572373259259131 0.01494414314904875 0.17816763360977086 2.1040787135117504E-4 0.03358183166309357 
0.09008924313299073 0.008007819560910826 0.05996868265862975 0.04300744226763866 0.05206644897778249 0.08352580500203582 0.06729124420245343 0.13382047312928189 0.0692269986101812 0.004385279748795341 
0.4129553461797708 0.020568453734478197 0.3323312895810565 0.008275236115546543 0.022319474630625228 0.04544426949398964 0.024089068754054734 0.09530930919582338 0.016086436238356015 0.03028024815307417 
0.35429186086328723 0.021119465669330297 0.11600131531493017 0.029949274221153892 0.036674888668189416 0.03817487258334604 0.022355342894382124 0.06945504855038134 9.135445697328393E-4 0.021307128103337666 
0.3149549542386127 0.11961197567919037 0.11370955373297734 0.011403945686347583 0.03248574406673277 0.028622155602104227 0.017634392591372627 0.06587055449686376 0.02754450050813567 0.0236516904539595 
3.566641823443609E-5 1.73768033067856E-4 5.757859890090237E-6 6.546557035528386E-5 1.277129090877477E-4 1.2771141769232007E-4 4.6170562510111346E-5 1.3503553646136162E-4 11.457898262488827 1.5798640540139083E-4 
0.3803847173955359 0.014673295405636251 0.15047831109879173 0.014800297510525235 0.05490028833426775 0.02717288495246467 0.008935279870585339 0.027032461359255182 0.20815767625617135 0.06463327548404482 
0.10083727626043515 0.04732884192111942 0.13623043259373638 0.041070417505185516 0.02967037721121261 0.060248955630210925 0.040424497100545284 2.7353937164780384E-4 0.18389868983509686 0.03144006508961994 
0.311409448374115 0.14635983875062178 0.013771144469007993 0.05216104678358468 0.041041960239524944 0.02153735358137299 0.017136766855111944 0.0024893513453318737 0.1488600548712351 0.01655237464537289 
0.014524896892075076 0.0016404112155356204 0.23530776925582694 0.02416843611382307 0.030263652430993118 0.030606180917908055 0.007928822159787746 0.004642766063777313 0.10888412497785027 0.021079219938721652 
0.45039591020257524 0.05063493500332629 0.224914899665735 0.0 0.021124326750867683 0.01856398400230722 0.023868179932622934 0.0166916601793874 0.10460625618430006 0.018354301442827476 
0.10985405677027263 0.04769934464488378 0.25731554805509893 0.09600871555960962 4.000235464029432E-5 0.011247910807317466 0.013343601501020557 0.03274516360667049 0.1674262105653496 0.020407774310303568 
0.07684942635477791 0.03900044677474629 0.007377753666067783 0.01076580969458436 0.013625007091239458 0.05973996983373854 0.01831285414316254 0.012391179105772858 0.08208422690573743 0.01718504823284391 
0.005219413512434116 4.568043181715328E-4 0.006307659621442874 0.0407736742575323 0.024444330391152656 0.036330778397873374 0.018519482780796525 0.020136687099862535 0.08299372175693928 0.018683261543764845 
0.10530875375421508 0.010046447805030074 0.043764298638512764 0.020594801032416777 0.02071170058538223 0.008229455936813939 0.022614280886474575 0.015514254685935128 0.10595668377407841 0.016784652090995784 
6.84270525284089E-73 1.029755626905561E-76 2.5464277101844737E-73 1.5146803877159576E-66 2.1587597588777304E-69 3.951902617257551E-65 9.586300641103298E-66 3.022892839282688E-66 2.060053696851734E-67 7.38180526329086 
0.13228244522666532 0.0963838575356002 0.14095640617768015 0.05898624726433517 0.05025840810668649 0.004516810754857676 0.019850846354958596 0.01520226670360595 0.03324813774699415 0.022653887438015392 
0.37389149100851293 0.032377657716964284 0.0013025447566433603 0.041389029106923 0.025693586108118144 0.07724040356980648 0.1169794339287635 0.17674420894313536 0.0037760108545425823 0.1296093618134345 
2.291106111517015 7.55267218925023E-8 0.020671806373309218 0.29507165988194245 2.0627392712801944E-4 0.052201769112996094 0.04925887716151134 4.11568424139702E-4 0.3060552942445524 0.21080067912559436 
1.0505288609866192E-4 0.027613715656794446 0.1837240561558403 0.021979108591082687 0.03117724429809743 0.009915603876967194 0.04985080230216922 0.04586456150150246 0.05616787143128995 0.04637053524357135 
0.3107282948511612 0.01671697591435336 3.3175756679227876E-4 0.02298859259413474 0.06117339398501431 0.03583153176351452 0.022416870779805947 0.001568468657510207 0.06961203751508922 0.02756057408578682 
0.02349541693386503 9.723660173354821E-4 0.02492795148780363 0.04647610486738122 0.011171888274720857 0.03742007276691491 0.017037382887203033 0.014529675575882937 0.05485371740642017 0.022376866999838117 
0.2822696489643214 0.01409766274766552 0.14027235061385607 0.05144828626186705 0.06236590245729703 0.06465721152012761 0.013714798867665893 2.2544251330473486E-4 0.00435464138259546 0.02533311043243381 
1.750193305165764E-4 8.952724843663631E-4 0.020075999123024258 0.04982251860331189 0.037995685742915085 0.024796482352432123 0.00791998478049989 0.05023997541816602 0.015718315187615562 0.022801090186658386 
0.006241004933986305 9.519728104383174E-4 0.12598797270652842 0.017260886260841213 0.016141000929116037 0.060021243508917396 0.03773084765506864 0.04936940919968285 0.012105227455491613 0.02227959767521187 
