2.966108633998629 0.012229934292726539 0.6832358439942222 0.10042599728963869 0.010060463833669417 0.01559842723701523 0.017667075578001543 1.199106999898942 0.006089563265807973 0.004799708332686233 
0.2809890410526919 0.8681244976572432 6.049231163834846 5.124999667051661 0.09236619143789833 0.6526830516142768 1.1070612961474924 6.872153661351148 0.06372160703728598 0.5505078184158517 
0.5608572177529729 1.499425035164405 3.6337708101133455 1.7247465936860542 0.07836480215646953 0.289735958871975 0.10229929319918991 0.9512507037080217 0.042471373875115875 0.02282245375480498 
2.1621101523586934 0.8007391316460168 0.029037151076799224 1.4368745858997194 0.06504544992218529 0.13802914691959844 0.06120329103106166 4.124711150767139 0.43988608965672726 1.2218242513838489 
0.4762156991812076 0.02377937305793237 0.04429385217528467 1.0737653940489027 0.3604911255245559 0.0819580441136661 0.012472948466700107 0.9333782764927698 0.13078074641900694 0.00658026971374666 
0.5585553076588312 0.002200346222810188 1.093896191754493 3.5890492724992633 0.1927472915135533 0.044360355933041905 0.00381217119818347 1.0909605946707344 0.33028843971907734 0.017922308169569946 
0.5791473383078996 0.7224216245999245 0.0786913125703661 4.0331367506555456 0.12346759061972609 0.035015918391141564 0.0806918019209593 3.6752497545655003 1.0030370155913517 0.2461740195769941 
0.5248057927734772 0.4168002682142751 0.7646345497774362 3.7916330533402047 0.013211535509613483 0.30477634908202217 0.14078749823807274 1.4908849764829921 0.02532175303916268 0.3235142056279549 
0.5588179703211965 0.4951590941252428 0.119722578660285 2.5853302261614104 0.31034023816499395 0.08974207102126262 0.11620519830824037 5.325559275437825 0.004640045436689698 0.41068581857799885 
0.41488546192059095 1.5359353784977634 0.032651498763700444 3.844160405412475 0.49955522620987747 0.49485706770191956 0.07102263512667892 1.456802291660618 0.24182780429103892 0.21337333612623868 
0.6953068381405875 26.249179297514672 2.3324395066386057 1.6870051830909971 0.0866399676469499 0.22657487551668293 0.09469801122716645 0.7880136551191118 0.2668863894509816 0.2141348169382666 
0.5080167560074195 3.5096695891293614 0.4791125465302023 4.9440260210009495 0.3131344412700613 0.1401661358379146 0.62618624914059 0.8909808705525616 1.0748436715135343 0.2679599872332696 
0.28575595203592086 11.503396592809965 11.736692430076047 11.31521456459882 0.09408443729954027 0.15654707989195946 1.7728547565887232 0.5956912467211303 2.559788365757795 0.8195274476817046 
0.5534338338902696 4.589616529633488 0.0915493042068019 1.652609007595948 0.0806038236343397 0.17878902788091544 0.14109787790251233 5.191994008504435 0.555231835755034 0.1905164317414815 
0.2716361769441491 3.5147920470523735 0.06728581801832341 0.9627962738119636 0.5056398218572398 0.13615278424304883 0.07323089420404263 1.2234325459851823 0.8320182693697272 0.16658284621306627 
0.48496843932338274 2.45711342625708 0.09610230136520974 3.895384124825695 0.35375868840209784 0.13617929142486845 0.031220577684140344 1.2217332033112012 0.10679522041369326 0.04861125616862458 
0.5976547572883456 1.935396887992289 0.09333538340394859 0.9712466524498129 0.06116307504522712 0.04373963646541215 0.010454048095821579 0.9717291679525594 0.04686578500229111 0.007187222867274082 
0.37018287389247667 2.706990748629189 0.43981389766964807 0.21689748380852641 0.275691764036574 0.43113282476106435 0.0465419070004994 2.763517004691774 0.08375724955071491 0.054209362872720254 
0.302402008974981 3.4486992147155475 0.13472822287899622 0.2124035957427235 0.036003662364791536 1.0937879360967433 0.011537169871992837 1.369554362035445 0.6879504277277292 0.4965589614907984 
0.581999969221222 2.453181708769492 0.3165769031835297 0.12944347083963803 0.017101249960388972 0.15980383808545132 0.9522934118327492 1.19283208062744 1.319228989636474 0.4048218893779208 
0.9304579310515155 2.2840453518693598 44.61639459566562 0.3435267758871922 0.0301831641229508 0.03277091975020497 0.007624534529042542 0.35108676687953533 0.2090016388571363 0.29379007017216113 
0.5204528129142906 3.6649228588602107 13.542059186241481 1.606606592833315 0.09952358554859232 0.11886279408679652 0.17481805313986665 5.190811215691985 0.5391555862675439 0.19400402902964475 
0.5560752657497882 0.7315220655618946 6.671502135792973 0.07065420069970448 0.010479981978370204 0.08641815108403271 0.10972440810956564 0.9258850019617829 0.021328500085497935 0.0021688850512672064 
0.11779522297898233 3.904986626924417 18.975126768559043 13.873997552043459 0.01808906345449838 0.019797989002691783 1.861497648851605 0.22117217544115886 0.9063847224384172 0.8229171986808296 
0.47014654957356855 0.7950440860242569 8.994341813174422 1.3987634813155405 0.31802195173904996 0.04064298635373124 0.3358089968337123 0.9813026560621784 1.0343446251081903 0.3361952633031468 
0.5423709351755617 2.9233222056333235 8.891334262698585 0.20239656093151046 0.04050627141267334 0.07114718398164072 0.17979654613354876 0.94309056956849 2.0838467047914784 0.15152874738402256 
0.25350284399733924 0.9435910280017905 5.435754736072851 2.824531105265588 0.5711782969958377 0.0431120292193329 0.19701595050774343 1.0049444381746329 0.1840895859509353 0.08735278505387828 
0.39719376292688013 0.7501647246820778 9.048195295898385 7.138629517721565 0.6363102045843063 0.015187721166993998 1.2844913241080178 0.9819700315614084 0.3646992116207887 0.6069085065757717 
0.3128090891323905 0.0983325705578698 3.969456950546098 0.3397564772149432 0.020106007187018618 0.7196712506242604 0.08113277577160095 1.4572216705173493 0.4641257219503529 0.004514330870611653 
0.3902092662704505 0.37323180899718256 4.84242260973023 3.0266329792132827 0.008486275153313903 0.5059092977167365 6.668315419203947E-5 1.1471745962605422 0.11048125040826237 0.03243010572140726 
0.5352702185371903 0.6940070753228866 1.11231512872173 36.89467836255075 0.08851515518990898 0.058458536611178266 0.03866556682813485 1.039093409554562 0.1694091186265041 0.003981752965185179 
0.3354120393900852 0.34494436526088074 0.38075218732323574 4.851291597333051 0.42016355004179573 0.28409562050608783 0.005498481833360562 1.9421764171125657 1.3612711138767102 0.08430530530694139 
0.3975521387743165 0.5800160434613808 4.740379257057302 8.133742186678525 0.31044019661131417 0.3279745948024078 0.10226717296403715 1.0480421664020787 0.36303245289978725 0.2863317457082496 
0.24682549225307857 0.6666989466371493 0.016847897224696786 6.016613622605504 0.5685617875954685 0.0655514686657666 0.03644007793346459 0.976864077434202 0.02713128689096337 0.1021424975323399 
0.4980596835349275 0.08945213986298355 0.0536575017129471 6.05079555288072 0.2944579828460074 0.0024760988607775676 0.01970502588386304 1.151241817056467 0.06440418075862536 0.02092101478148704 
0.35996218062591434 14.42198566985044 13.418408819919362 20.32987116067881 0.2112427782248257 0.151000885807822 2.824912213668653 0.756529217642649 1.8899757818635212 0.8434604683558165 
0.47238657182998384 3.0991198814442057E-4 0.03256702400907466 4.724665892195028 0.0075643446946921915 0.4268785228878139 0.08185227116615085 1.3837089886566096 0.1278167326746322 0.004180669585924482 
0.5844681106557743 3.816022116663866 0.2999458950111513 6.379330689454951 0.007745597992912075 0.06423961144269102 0.2680988280083463 5.179741398440795 0.1232665793277686 0.01115376881278917 
0.5045581548339992 5.806395680129443 0.5832682358647526 6.52589194706604 0.24686187948011673 0.09143270039436634 0.2474480104156051 1.616767972914623 0.6213068817008739 0.2151860441313519 
0.65336291872025 0.505190247430821 0.8035242152039778 5.051853455212615 0.012327291839236353 0.12068622076010684 0.3908160213342793 1.4927399848803315 0.022834435685464498 0.2216578832010091 
0.00372964782573936 0.004916426129663391 0.007497722666675507 0.00169238689812857 2.2624255705687086 0.004765795724491806 0.022079691545262542 0.06202191140874856 0.005001833060134406 4.98240158661597E-4 
0.2048522751203854 0.38292312047658883 3.119222557287419 0.13926381539809923 0.6056335027237353 0.08084991934636786 0.08579350971464242 1.0767594575863764 0.010927075031300136 0.01486786190688944 
0.11080823831172386 0.10866405775661703 0.11868351410771061 0.03834676912869992 0.4744202047629337 0.38153425277246766 0.037093112127030294 1.608260803880689 0.027081529904824448 0.023779260933006457 
0.08976612199884172 0.14249948044072686 0.2054011211175595 0.6670233120134811 0.5949107906919595 0.08697588557804922 0.1510589548134719 1.3739828161507175 0.05051712693961015 0.030798513752127058 
0.10764378290247022 0.009127661583909406 0.03419304058655417 1.3884739904294963 0.76134151023097 0.051447300863956 0.24137118990028697 5.255755644864782 1.2472887895100355 0.10977435524396323 
0.23804078360701927 0.3245777789105812 3.4686166346007026 0.15406848535661669 0.5506566584150737 0.11235190155935462 0.03098486051456208 0.9868834840240983 0.013130955812360599 0.30375300074786077 
0.41742400329795537 0.713808568843511 0.09455122975985962 3.9569934211234226 0.6483844433970563 0.32131146802381033 0.9483925112050766 1.4206658114773467 0.7090622807069357 0.00463840091655435 
0.6685314959506704 2.821461172680365 0.01686482324071547 2.9196701241137855 0.799312261888015 0.3398280527308048 0.3914587927664113 0.34452406203056324 0.2825283363690479 0.12955303854151265 
0.5069914605966408 0.014655100402272223 0.10038695181350786 3.0050393308575996 0.5200673626914346 0.008323055810934888 0.01017435412356848 1.1672385934474936 0.050162584197770116 0.017610727014244962 
0.13799366069816174 0.26972488510584836 2.167736974916775 1.8172352290656033 0.4760439657207204 0.5274605495177696 0.031157333729653017 1.0136074760130798 0.07223383601553232 0.07813832373601871 
0.29554938352501825 0.4221217451532211 0.1574969012117554 0.152476314702364 0.0244638652480936 3.5701264643069166 0.12552490165164298 0.8943524592977202 0.001388851223572746 3.305456543924565E-4 
0.30209770117376744 1.0151260364161745 1.4422259688037051 0.5550996110482725 0.12297520475023445 0.5940414115918367 0.23303692040672616 4.398864198578227 0.03321057569911342 0.19791831795166406 
0.022269276299694208 0.06933419501148116 0.1631503883149274 0.30813266067383127 0.3078779849865673 0.6440243164914776 0.010436744167283433 0.9073926366993977 0.0058199452161020486 0.051315606287595676 
0.27859378267297796 0.23662945890696954 0.06015733594855536 2.843357424970558 0.01112373346035281 0.6232049692806354 0.032842355135548736 1.2702452202740697 0.10976867004652568 0.060512030373594025 
0.19812976612194927 0.704801393870336 3.961604165678587 2.745723284212971 0.27635768827683577 0.6400527980541961 0.08257019560316377 4.466043815182796 0.1106031722528023 0.011962394115940241 
0.33748726755751945 1.5486402873166933 0.3772533262351471 0.08176890009662574 0.015840254252933842 0.6629156274620722 0.018512534035783 4.486265395622399 1.0390907140972352 0.04691987166876648 
0.31880773062316536 0.32035139675281077 0.40805027239736785 0.10868247024099886 0.28471565581440134 0.4519651600684941 0.005694060940207841 1.6078946778225283 0.07675426798992611 0.03941811097071274 
0.4460511626160938 0.67317681063767 0.8056715339915093 0.1479517507236192 0.006844690300726246 0.4503269811809476 0.08879725050881396 1.0367967882997149 0.010119133268624339 0.0030972926597284543 
0.3604604868023445 0.15222523299294177 0.050053811045490296 0.059330272778503404 0.027390293938075058 0.528146608152235 0.13423355974745665 1.1283876133151118 1.1526127998683917 0.34652755732430496 
0.16034376202595343 0.02648761622078547 7.867031222124195E-4 0.6535957659896527 0.4367832210155917 0.5143332659653338 0.17097428933219838 0.9266460592486818 1.1930511641154042 0.3890860518817022 
0.28160196857971226 11.27700719168379 10.82376180365844 31.023641778666203 0.4073250391650401 0.039607797670831994 20.437144141464245 1.4790263685831178 1.5097582293867797 0.35474152736623843 
0.29342805687336243 13.384287946064628 12.077313617898266 13.090452837672897 0.04537216159760184 1.8228654786902179 6.056406347671318 1.2132026664569353 1.7557932062885386 0.7606105209825407 
0.653432367001024 2.741951930924889 10.83527067624712 0.6788976805205831 0.05963117816618151 0.3698167334903526 2.644793673039221 0.9067511176684544 1.705643865236371 0.10802027136921735 
0.4913767447262593 0.35184305026831675 6.197189480954362 3.261581567700134 0.13598327233634255 0.09274549652237678 1.7988351072127247 4.7665969983934975 0.213460728341886 0.03743356481969226 
0.34533589247538804 16.52686660515787 14.82441748107707 14.797330891676161 0.2017066467945432 0.14848989749051172 3.992746392587333 0.7249952413829766 1.8579794145807902 0.9240824359915789 
0.7052416989078611 7.005970800579861 5.415426868467165 3.1159989305140994 0.020505942906817277 0.08755785929468447 1.6347776211710068 3.2684789571090596 0.1789945370105569 0.04835153330594279 
0.10645156456236551 2.9296098306184577 8.670801230982075 14.426138384857614 0.23572743006611074 0.255872046530005 2.329668024820713 0.18696231111580433 0.706528982245208 0.8299361862454504 
0.7192511283912935 2.6830010525775654 0.2930195814968216 0.16413726085143768 0.02057412456913412 0.31150088477681676 1.3037950993973322 1.2996789724846394 1.3225603337860758 0.36927603985579743 
0.404998505571311 0.008130270702854684 0.4002542264701183 3.502730712576322 0.008660690888718917 0.5027180713155488 1.446830773421507 1.2413965510182707 0.013453441658692012 0.0031068431773214216 
0.5922902376741879 0.0956084911918525 0.10007934585464547 0.31761370422534363 0.06858471656746663 0.12961620443084448 0.12860544827382706 41.52354034635803 0.1354469760330266 0.05137947674250155 
0.35401749830663065 3.696924482603637 0.015996507561561454 3.5854311614215937 0.5108764331031774 0.21611241027214229 0.4116685852440398 7.820998567747573 0.5639297771081009 0.17298570223885054 
0.19577161324460784 0.4151663455184239 3.6483869525606525 3.138990635043104 0.27627944596328075 0.652723352892286 1.3508044974012858 7.390515293194442 0.10234996111792356 0.0037628091834624017 
0.41210171230514403 0.5623436569262089 0.037961022044924575 2.1547201146262087 0.3599726283402675 0.04508019148663512 1.699912286515094 5.542586625936288 0.6036960705183185 0.03522090107898066 
0.5649820696751635 0.9172701351289502 0.14915244528885174 1.7903265811347202 0.037252396732683116 0.02956674329084886 0.12434326300474263 5.244292004353676 1.1446598220382538 0.01837716102201955 
0.5938048903284526 0.6316556869933768 0.06120878346157002 0.019798379733139245 0.10810267723227554 0.042411542096017926 0.007657324078465224 4.404121700518888 0.12893359806196455 0.029310096588316088 
0.5058852438457304 0.5054501584813453 0.4043131835778588 3.233770159879617 0.3022194090749896 0.0847223229787457 0.05187701013228908 5.359428203708614 0.016940674227114583 0.3365344573387263 
0.2565713942061803 0.114789394502499 0.1923852543563156 0.2894310864378852 0.12279004629068233 0.5696015910231513 0.006428753612241675 4.66270681476125 0.07356480539950427 0.01064336145728388 
0.5568101603220553 0.5258256189784668 0.38231995971385263 4.275475796420121 0.04208891683173312 0.09431427672000436 1.172295214150664 4.651323067888948 0.2289630442263017 0.04888737085500537 
0.09346905564790647 1.8892431783336128E-5 0.08492255596429957 0.5146563572123153 0.5800436257745827 0.08097441009330707 0.07342241056252036 4.358450832402374 0.0921323629259466 0.004374111444906843 
1.4143264143190774E-17 3.308554099250797E-16 1.1658764601638898E-15 1.9876411194983763E-15 2.5599825735820517E-17 7.804783688168573E-17 2.0301725476127252E-16 2.5362524249628838E-17 8.908647267957395 6.977831248691773E-4 
0.3858931440691002 0.9873737306110959 0.30737500977321414 3.759397452423609 0.464640906857143 0.31475891295812564 1.1138758972225813 0.953522543539954 1.7190183046433705 0.3072962634731719 
0.1496975160236908 3.04989498768814 5.3518055229706 15.168954273293016 0.14446692672682657 0.4866579075474721 2.088201063890007 0.2917634372824084 7.32591035834234 0.3466685113138248 
0.5724441260349473 5.691241262716502 0.0034655868051831165 0.20448210572470263 0.042537072999805865 0.028358643233411692 0.1496285398007959 1.0371669028111645 2.9857630230507897 0.16105644971076263 
0.13674309205414645 3.4206042074212593 3.870039333311518 14.686950946145146 0.015061057051636873 0.42918142832512624 1.164327227765332 0.22781003466598185 6.956966382794762 1.2982984070087937 
0.046701154895534384 0.04066202976323727 7.78603223649322E-4 0.24749756585743987 0.5658491660700575 0.005166644784028993 0.09415236490991996 1.1301313293415036 2.1909184931938204 0.3569782020468535 
0.34705348868032143 0.09263741076581139 1.9529012888338295 2.2334877502035275 0.490576371625027 0.03904853127059209 0.0036336239363811535 1.1692825272768708 1.4350741502113575 0.014694155029035996 
0.4273472904213823 2.0681116378761164 0.2612107126632742 3.1963461786884855 0.3826396986218975 0.030503531305589124 0.17124270810467546 1.0993613966027362 1.2140550569204178 0.06321394120591996 
0.4232520560703836 1.214117303552037 0.27619449832738674 2.6786773779400685 0.08567815657798325 0.4108386233880886 0.0990015356048583 1.0937942138135341 1.5453335614226276 0.0630514731438887 
0.7024000018920364 0.6428358723867998 0.08597100259727915 2.5111224848473572 0.059222999618330635 0.16338160466523058 0.1142761470383016 1.2861556867959187 1.224217062614769 0.10108007146938237 
1.447625758489133E-17 6.790527274127339E-18 1.8183747873971746E-17 5.5475673474943654E-18 5.65393902653432E-17 1.3047597353655437E-16 1.6342306140698547E-17 2.629709261146307E-19 2.7452890676706352E-17 1.5053361415960915 
0.16160235450258267 8.956893003818346 4.657672503449734 9.910088547516317 0.21636120867257413 0.6098642850159421 3.079520665406309 0.2672095562613391 3.9108557792535463 1.3490285693893425 
0.20062493572036313 1.543186459258932 0.25785313804115484 2.9789490410404738 0.5103971013504585 0.4173788728999685 0.2138637040121638 0.9000050941385335 0.2338572438671301 0.8502038324038769 
0.5208083215315947 4.2084895491213965 1.0211987340673205 3.006195032192705 0.010121245474495038 0.30653848046472176 0.45603726905696224 1.4223504360169907 0.14486788770394207 0.7172963735263264 
0.13233030318351569 4.280249052110295 7.115091056239224 19.370665530972765 0.2659729706205518 0.22001134159616353 4.291619669979414 1.0380758129194954 0.1998483670552054 1.4726127727798426 
0.12866331480842377 0.9498373205512293 0.009242237508107395 0.0456312373536768 0.5403589221018906 0.19743696866990923 0.09134301862470216 1.566466958651729 0.027846879168742535 0.43892855198274144 
0.5599385698309803 0.8671555485851657 10.89520995475514 3.7560435799577343 0.225799258742981 0.10139477697140449 0.10060877772345596 1.2219161806883625 0.04445160636411063 0.6629088369341104 
0.5323411457091304 0.15967627107134655 0.3213668734204983 3.064895214102402 0.02380990038163313 0.12244499945566553 0.06832193854525549 3.8589620893282293 0.4161231305793237 0.5880390408782875 
0.38373867463030104 0.23537556236242102 0.055727141482872763 0.06581732510182771 0.0395978810506437 0.5307667758333167 0.03413374035670194 1.5527178748324573 0.059162891282813296 0.3466348733184784 
0.5934257358344053 4.535895546026731 0.012996356133503426 0.5562430754229245 0.07619341429137816 0.17489651874675818 0.0791533083271356 5.7290724163231594 0.7529647242293923 0.5367255164827113 
