48.574719728817165 0.004793018443130413 0.008976467532496155 7.127951501709715E-4 0.005788691582970214 0.014138929175361149 0.0036865092058628087 0.002358959098120272 0.0031473553040579395 0.23346765999336005 
0.16068883979332724 0.038084373922866045 0.007217612057365023 9.38755583759373E-4 0.007188902716330094 7.465569461339232E-4 0.03767396129303978 0.0070260803244430355 0.007400949002311712 0.23644907219892092 
0.07513772862141313 0.007620430781984336 0.00920289804054555 0.015469940745584507 0.027241439162707815 0.003113680626402147 0.003745888035994947 0.007460611468117407 0.005915772766896644 0.23395455202395926 
0.1456667319590754 0.007678961373750275 0.01051969437924193 0.010239131450172396 0.00831246897164323 0.024762573608091306 0.003133723896597769 0.01834992523983088 0.0021802790870924325 0.34688428217830025 
0.14382124993904924 0.0044209051625672385 0.006567116717664715 0.006283867000691424 0.005554240087491803 0.014054808988062745 0.0020058894500498887 0.08120152752806922 0.002177998625854739 0.23280251758990542 
0.0405544806311555 0.0022726287247975705 0.01360017734638691 0.02054581590775714 0.008500806898226075 0.002096602460413677 0.0056998316266681105 0.007273796137258902 0.012355116466619657 0.23430322072427615 
0.0491172363666109 0.017424630235792084 0.0036842077747380616 0.013727009532708875 0.015727344291923375 7.465569461339232E-4 0.0373930949375949 0.0070260803244430355 0.011785948143044692 0.23677750268961764 
0.016851153654196968 0.0019627412731488166 0.009380794422639076 0.009581207711472063 0.010381401335942462 0.014415696213548997 0.0079055796640647 0.009887786968388544 0.0027774337860582733 0.23248147835401753 
0.571783905527069 0.0012350846368727913 0.2834292363666703 0.016711097891049537 0.8445485723718756 0.01431617701329095 0.006984125220128949 0.008421523789239011 0.2784337318338018 0.2349014271014244 
0.026586420331905204 0.0019242094381520763 0.009557898313484147 0.005946718744504164 0.011662048759425038 0.0033841542564385808 0.004535100144141566 0.0209768603098491 0.018743574310733535 0.23256567468605382 
0.001957405180637213 20.009922963746323 0.006240444497931075 0.008391273268859582 0.004973203012005523 0.01882172875360467 0.004181600463213945 0.0036463965229561425 0.004179657294850328 0.23539606983085384 
0.019135019239808464 0.04643934125001435 0.0036336883489913505 0.008203009889820844 0.009558222283761178 0.03859549715714193 0.003351576295095725 0.008342941269968216 0.01963274609559712 0.23534474901682406 
0.009041102005049508 0.013754849253916068 0.014314790347230565 0.0268780363532615 0.0119865972649181 0.0020040200392118443 0.004127845816124344 0.008816399759697485 0.0022028559599019375 0.23417423166699453 
0.02036157314963933 0.04897120214916148 0.08266000789620112 0.0021345557120874027 0.007093984961862851 0.018240855314756207 0.038309903830491286 0.00862073002938289 0.002530206213018852 0.3262709446169502 
0.013571063286516319 0.02403919026495429 0.013262604445040044 0.005102476022147675 0.007379052401077425 5.340783812190417E-4 0.037624325955554046 0.007864421493991995 0.007519220993069417 0.23252436266697413 
0.0018277135057288838 0.04612830891734371 0.0021906414279144245 0.020298208876849886 0.07917514454347055 0.019349886696530105 0.007695537491341711 0.014984200934421123 0.024303339200957383 0.30843053384089036 
0.006610526478997312 0.08194914238366727 0.011962659318205015 0.007710284667410762 0.004529486228151812 0.14298853953152962 0.004325253981168698 0.11458199235126278 0.0014625436394493786 0.2376096890845106 
0.019642050721015488 0.2171904988026283 0.01611363537978102 0.026062465550987263 0.009302312687575408 0.00180472033710013 0.006525104192199395 0.00987663499194615 0.2781430822260759 0.31796672095216466 
0.0074796417693543706 0.01161507457921184 0.01143690389053231 0.010827652060081051 0.030207156116521788 0.0021228640871158175 0.0037660385147154063 0.0076205786718031646 0.006627028985872765 0.2343237277799044 
0.01027706708520049 0.020412303367555003 0.01948031507086067 0.005964218772935346 0.01996430135326305 0.0033490207673062557 0.004343069531947831 0.007849232061327212 0.026847037296255174 0.23258206828054542 
0.007441923511598828 0.0039006989626064496 59.9128800743666 0.007159760114039495 0.01266893272632186 0.01950116171447538 0.004372287251097209 0.0037994529815741553 0.0032269259177813672 0.23438193790513323 
0.009694866706129169 0.002869497295660375 0.404461549157206 0.016063649675934294 0.22895713645698504 0.017363118880161295 0.006898443891853211 0.010750658990250574 7.097741413124948E-4 0.32274209436526385 
0.0027107227579140263 0.0016209877603698913 0.08148301485058732 0.019082967879897675 0.0074408618370899494 0.014556151118971856 0.030950094253974707 0.004977789409014276 0.0020822596259507577 0.2328718851067948 
0.004056137651737281 0.004354047680074292 0.09335072962797461 0.014556284654240302 0.015691434936173355 0.016300804351864092 0.004371298858193668 0.007844324799866778 0.026968032145813406 0.23305106111925147 
0.002976252688533825 0.5619736435903585 1.6245486784728222 0.017311441943392906 0.008855185657626443 0.017989761850170777 0.007655988980381948 0.00577364139203276 0.04550379471823214 0.24980635619332237 
0.026203791430223194 0.003327441366891762 0.051980831808768606 0.013956925049979418 0.014677858638807516 0.002884597693417985 0.004532007050975829 0.027332046374947815 0.006942237576958576 0.236129222428735 
1.943341114888718 0.001992639749864301 1.7071523548809406 0.011717229434786196 0.48586915405324144 0.0357860376748486 0.011280209352601388 0.0029804185498184723 0.021712070836041444 0.734346402087917 
0.002401597014358655 0.03243414739104107 0.07673517687766374 0.01784449359333808 0.003729434801511014 0.014428155092692794 0.026894558392740513 0.013881825628114441 0.0023755979885526097 0.2345531510186366 
0.008445957161780565 0.002649544445388235 0.023827155953923082 0.005336479108885259 0.011361791903260872 0.014911877811607474 0.0038664392345998666 0.006859116151797638 0.0066604554121153185 0.23245872731616496 
0.0089320975981401 0.00256221493673561 0.2760569213380404 0.28672770236069933 0.010419474902368905 0.015795221313324146 0.006498914721374888 0.010000671211661148 0.002149341254330946 0.25170976671818807 
0.0035225867274335074 8.769972451349035E-4 0.004765875526558249 47.997607822721214 0.004644583400404214 0.014644693174416409 0.0066507845636403825 0.005096424021462838 0.005936250695988269 0.23381288193984545 
0.016164872165214512 0.0032304199341013943 0.0055712460469672645 0.2177800528926084 0.013256661231122385 0.042892644882607 0.005386394032935619 0.008878765388742802 0.04425217008378814 0.24480474698528254 
0.02532217245651013 0.050533279567993465 0.0059927474443877225 0.28340326232400115 0.009497459163982518 0.010623076245147776 0.0059749180107829545 0.006719738162501161 0.046697261278836125 0.3431991858102591 
0.01368977006119785 0.7195615215904265 0.013031030852167972 1.9093184019613547 0.01502518024397072 0.018555088975876034 9.981978438850984E-4 0.010448212400494913 0.040428651659269454 0.24366101616790867 
0.0036520665233393526 0.011507139646553472 0.00713813855319324 0.1880016407876732 0.02034066872411896 0.0014862026594426717 0.006065005439626254 0.07513688715026026 0.010758940294894968 0.31216642854204935 
0.014151769212602774 0.002946860213509184 0.007914779129164962 0.2152544522481686 0.16427009199458636 0.0141333532884776 0.07198408154703148 0.01625654955447247 0.003528400200567435 0.23271437263416297 
0.001388193150820895 0.0010864206966857137 0.0022232485260496077 0.281693239287444 8.240896723360109E-4 0.0034010827667024963 0.1610213425511772 0.00670550986590268 0.006736972714217795 0.3919951946524955 
0.0010899980838931064 0.0798543516245562 0.002925618288236907 0.28514337598366474 8.351597037213335E-4 0.0035694229441917626 0.16114277990370682 0.006933096213352192 0.006703624458587517 0.39456644682978503 
0.028344069349969546 0.00249722339348876 0.014266524867101706 0.02716429102108491 0.0110803786229771 6.983401166840006E-4 0.004317021810818428 0.008819153780657184 0.0012108584018824498 0.23488030156141465 
0.020230349488490812 0.001109968775261826 0.0030784165508821915 0.20659476791592613 0.004497614558180213 0.005810929191251808 0.002931975614527458 0.0017094144535455646 0.11810374333653524 0.2517040514365454 
0.011425039988977476 0.0030949241783311075 0.015301157023293219 0.003133214747503052 43.401436550151715 5.508281931252176E-4 0.004436045433258478 0.003983799270044485 0.0010733517028877198 0.23513532476778937 
0.016215574940857503 0.002678055377934617 0.006983080982411677 0.0072802113062043995 0.3680702551587363 0.015928153124380263 0.0037814009908251466 0.007592834914785474 0.1481876700213431 0.24537922040469756 
0.004973251338813228 0.2510670760540164 0.03779414975477466 0.00517279200635274 0.8676834677535148 0.0013407322894735628 0.005567046479841272 0.010376524363891144 0.006591751464247282 0.8991054550711471 
0.0011095578734218717 0.239114963239808 0.003709427394503315 0.002531607104989048 0.8524120612957219 0.7942869971768771 0.004811287328029382 0.002140830773883554 0.0468669233349853 0.7325231849423519 
0.007886412940871123 0.0010032374668161915 0.010623878069455493 0.0229818246025915 0.034879344610768824 0.02773205766202625 0.004034048906016305 0.006778507745586019 0.006872418950573925 0.23352879752209288 
0.006213840727668173 7.695782981532871E-4 0.011182559903941533 0.01270135104124844 0.059010499608536916 0.010566359436154525 0.0313682983495063 0.010055861778016869 0.01871635884647279 0.23635768283825495 
0.004115718318004304 0.0023832341422098764 0.006769956067454536 0.006434786843735768 0.16325779004800173 0.007195803974698038 0.017881934342423588 0.1166252278310702 0.0022923096996155406 0.2503173318799382 
0.0188789102731269 0.0025169169470336647 0.8440410777054222 0.07227570349026072 0.6241323208222711 0.002564622432387367 0.6127310634142424 0.5346598411535227 0.010697974556194737 0.23224570581254655 
0.012642584230342521 0.004338962677792361 0.024103669536171844 0.006787356302003681 0.014652095799891582 0.0029958667863975792 0.004016932307276973 0.006859733424428075 0.006652965828278437 0.23613071240241604 
0.009892522891316506 0.00492576662456021 0.005908455337721165 0.020596019120785885 0.05170370844935307 0.016005606416216983 0.08075177222936208 0.007576228031347287 0.0024250317016739466 0.23351991940491876 
0.0011439198239495667 3.616477084858517E-4 9.361895070999981E-4 9.034347678327269E-4 0.0016839760112089736 44.42263520479263 0.004095652608846437 9.314649856179452E-4 0.0016679285024732856 0.23292675430694526 
0.002708128185708058 0.004811162544767952 0.03120614614955044 0.011030918685525224 0.010390542865795589 0.1520774728408 0.003919758981012076 0.013383645986024699 0.00884166037624964 0.3449202116251784 
0.016330049805026316 0.0014003550658499351 0.005606539901880261 0.00627892170323939 0.01750602969980355 0.04358190338826072 0.00485028284776713 0.00887631017364031 0.014209105772972387 0.24480474698528254 
0.013005148946629864 0.0018955457272085844 0.00763364568508534 0.017498655160505937 0.007622172200995956 0.052868448493964826 0.0065849723779870155 0.022369632744315082 0.004755299208964926 0.25629966290164535 
0.005054786483776917 0.0013462693229212247 0.01284763043767824 0.014862290903569435 0.010150854070174692 0.01538850711404742 0.005993898474435655 0.009122171215729948 0.005653506769253472 0.23843825942419836 
0.009149791902956955 0.0025815419610901898 0.006724766254555296 0.014993600196048564 0.010926077828038332 0.016502271791255636 0.006522757533981795 0.01008955417302705 0.001888930012098009 0.25151436861908805 
0.004587141927415635 0.009440762471455191 0.008052798098234587 0.007502955815444312 0.008822318529249713 0.018385322735084215 0.01801913448725441 0.008304097628828286 0.011694622857118489 0.23236370223002423 
0.004987912040323982 0.0014085798706761658 0.010959537031533212 0.0129918766283127 0.016385673718760596 0.1387048694353294 0.12509361404659422 0.006815813610876871 0.03534015448835089 0.2338378199316358 
0.010794196226436785 0.0010571385892099725 0.02102686239880174 0.021614846543415084 0.009094958496403585 0.02023544783127397 0.0010584280219964994 0.009802854004560418 0.018709135814136874 0.23614210523253293 
0.013815481155800231 0.004053143887890222 0.0076315352105699435 0.002695380402093277 0.010576843913965968 0.01355048511363478 0.019753528769111628 0.01008955417302705 0.0018897396568752969 0.23844510320510132 
0.0025860586684133997 0.0010775405537132507 0.0017182316766332993 0.0029156319572124063 0.0019905574326356925 0.0028199873694397326 29.148984309229952 0.004053923583345306 0.0018706687442631273 0.23278774880736675 
0.00886851682642573 0.0025092232999177604 0.006622001670398102 0.010384546233579687 0.008327423190618004 0.02256555883996075 0.14534880398816769 0.015773108492693262 0.010319979623220456 0.3121281945528198 
0.008368462708241084 0.016093847640903908 0.0028564206684606286 0.0177893783580414 0.014084612377051326 0.002857446541653916 0.03563271887283205 0.008866257035189843 0.00893659036522747 0.23815851770303226 
0.010462070170980187 0.001807799339341515 0.01660028165186462 0.004748197921835246 0.006199386595450242 0.0016784342988153192 0.025929049014264148 0.01787630531634602 0.008915136727434216 0.23310534896421 
0.007007912048585768 0.0013944713521203032 0.009783570355885491 0.013532287134996998 0.009511810493761328 0.003608325103497607 0.03115938275261683 0.014118933670216204 0.0038639156604075324 0.26890836963637343 
0.0230358044446655 0.002961672708153253 0.8474342158284704 0.005236824356602288 0.48268895171187937 0.002420631992902875 0.5920066601355171 0.5347401766337874 0.009939384092679535 0.23224570581254655 
0.016366756375815486 0.0014515157422139498 0.00653109261727567 0.004669364085384944 0.007467387293924331 0.00934836655005376 0.03447769443499628 0.015566867782078875 0.018667684067781427 0.27381593298881735 
0.029485266220980293 0.0038060449978036992 0.0050391054765715594 0.021560221438512443 0.014171269710043066 0.0016755256006224432 0.030069494659782592 0.006803471338264269 0.010943749409701744 0.31117098121532877 
0.005814291528606395 0.010522511073072071 0.04239468271410148 0.009384505410407473 0.004763368153136212 0.011909625208851611 0.018488740498372694 0.03258159399131913 0.005517948378920294 0.2327252969387677 
0.03333123325768775 0.0014956177484610395 0.0050893458432212865 0.009953785052633229 0.006180052389550053 0.010615779302076226 0.03703048690339722 0.07930242479440239 0.007159222725834365 0.2835640487490141 
0.006233251302066776 0.0023121007042338076 0.012858217043162742 0.0020623169377902563 0.004692406117382488 0.005812889286139712 0.003405744661789303 26.196232039262384 0.0020874867127157045 0.23277630109762393 
0.05643075907343645 0.007151841727376471 0.003508407143931828 0.007837575521500911 0.006741995908291218 0.005105494398443384 0.03383351270270129 0.10895044252254985 0.0018135457981957204 0.23821423242698722 
0.0231821586706166 0.00294633304735381 0.8475438288748737 0.006549128966289777 0.010300612092774643 0.0024180281703642705 0.0059239355232956386 0.6101052207336218 0.010899015991238782 0.23259581753016756 
0.05726882883900601 0.0014869715073153452 0.005172251473084204 0.010116877994732125 0.006291607297758829 0.010754837115636722 0.039404765255005136 0.07959723648046202 0.07186502807085508 0.30706910884963834 
0.008589337334163727 8.388958301557662E-4 0.014772762661048445 0.014769956147348835 0.011371108394791132 0.017176001911707615 0.005260189343510163 0.04240436054891031 0.028095611924707768 0.23394089429907083 
0.0020408586509891914 0.001460036709483632 0.004605199627074931 0.0011651893318142287 0.008127778524770143 0.0024408784757938328 0.003064948756522596 0.21387292799514387 0.02367719096519214 0.8122386467300116 
0.0203380501300239 0.19476710331774297 0.004918054267597938 0.042569172300694076 0.0029298584077137547 0.04408080132469125 0.0026233179700881288 0.3148426611438014 0.41038265228123433 0.2500349950730585 
0.012546870403593287 0.003654913179374941 0.006031305791407469 0.018463766322593236 0.012711598348136885 0.004529147034891429 0.005822760105872936 0.008912628022224608 0.0064643616540092305 0.23894497227306652 
0.020339269583868495 0.0017051447855021187 0.007675389636337569 0.005131551059776467 0.010514683445179727 0.012761844374212693 0.004813017717397593 0.01790476638538961 0.018743574310733535 0.27381723120814516 
0.004716876582145539 0.0015059419169174085 0.009857016621537628 0.009468518136182713 0.01453304844059895 0.011639451539449966 0.017722444031625102 0.006958195149390525 0.03438412110102829 0.233044209968446 
0.005713515432424973 8.352827473035675E-4 0.0063319066402615296 0.0032217694119495914 0.0064414576929264136 0.006102686381433469 0.0022554531786490766 0.0016940675731267531 18.842239756514278 0.233166662206838 
0.025321277080913498 0.050771149217849997 0.005991280621001702 0.014490806013442912 0.009452108182916936 0.01719700692319757 0.006319605791366643 0.007471990552849582 0.1621891086460607 0.30781068424979807 
0.0027295203971733767 0.0030551355970776643 0.0025306785382756287 0.007270181373194103 0.004509910856651898 0.01083797466807831 0.0028608757338916355 0.003501644635854035 0.2804087213677594 0.30781068424979807 
0.00833926343211288 0.0014037839974313617 0.008512337277553024 0.06981362836219693 0.003508662364738264 0.006547476394747632 0.001975388578540763 0.0029371136274267016 0.12393549897404668 0.24098141099011183 
0.0249114607992137 0.001988996688190109 0.027796853419784124 0.02110147482475441 0.008206080642056838 0.009269693184004203 0.030902826386749373 0.004930159224500294 0.1522281859750687 0.30891934757809103 
0.009403745048513622 0.0012233414059949926 0.28260935283846217 0.016789846641603472 0.006328489351996726 0.013202146113595777 0.006983098293851754 0.008418944075260792 0.2820178784640206 0.23490026073536993 
0.008260254825452437 0.0011754383401210752 0.07711124376691789 0.015855640622815425 0.036895653470546776 4.897803201880786E-4 0.0038728387061684657 0.007027779050697853 0.09184439813289583 0.2360663641212035 
0.016608406530635902 0.004712407972288514 0.012496841469979515 0.014439931496745884 0.22688855249561724 0.003420894453228284 0.009943006931195398 0.007172742052212803 0.2921970131766487 0.2329026927727153 
0.005689548719933489 0.008199412674535727 0.006979791999552541 0.008350920877956134 0.08004560453795236 0.015928153440008613 0.0037809175797869476 0.007591722520859767 0.14846111713768653 0.3112879037020577 
0.011334361261544617 0.04626144168005628 0.2879939564543612 0.021573678409342625 0.007570407812272932 0.016770378904675202 0.0010308636497658474 0.008418765572420033 0.2820178784640206 0.23806835138230203 
0.0023690666558613543 6.549496380248551E-4 0.0036187730446123837 0.002743747214944614 0.0028138623356713972 0.004037309147020974 0.0036615341438890714 5.358794168113775E-4 0.001172376994589168 42.9076643152614 
0.00218555803069804 0.13764222209725763 0.07300102271701836 0.2943498393780072 0.14053669826158782 0.007623357967783912 0.05248870393322076 0.006984950237356666 0.21508930449321237 0.49907347293163096 
0.01071852148948709 0.0035074192727832794 0.007255747038711461 0.02982379607766951 0.02071896774487021 0.0014919096696029734 0.00513748496946141 0.006745670334658348 0.010758940294894968 0.31216642854204935 
0.0057165958957887215 0.0018001927934152872 0.012676447679588644 0.012156117004054019 0.015514878056028133 0.014676512317445921 0.005161556472455315 0.006745670334658348 0.03437048078036185 0.31095587859228535 
0.0164458257685178 0.2190488885249059 0.020533188113265797 0.02545460517973933 0.008446849262782448 0.0022581546510998004 0.006593559438443178 0.00983813529364941 0.2825262199070265 0.7038526715921509 
0.029286055421874457 0.003663423518719164 0.004810906595194334 0.02062608850776748 0.014350548930029457 0.038840387429734 0.028938216644295422 0.009253343041175494 0.05869731257083789 0.31048931402696833 
0.002862455940409261 0.0010592910938278632 0.4583610383404147 0.2846588149245389 0.0018526590525540854 7.747143935256189E-4 0.16116281692114004 0.013077222836608404 0.21230539233500006 0.5021053810836522 
0.1262048461984669 0.013210980130280646 0.01253658956808875 0.00203373409129659 0.03081983127560843 0.013451217311501793 0.010195533060946716 0.008195697310853981 0.15473960863932756 0.30887665123793495 
0.009281452719702661 0.15256025630051767 0.2807757235565924 0.5129903984650656 0.006422862967227867 0.013097240346554193 0.006983098293851754 0.008541899965653122 0.2820178784640206 0.23490026073536993 
0.007929573925424899 0.06062631269055441 0.003018997017373889 0.006399452981070282 0.0034916044048592903 0.004745222571627358 0.0018655466025821077 0.002941694801578812 0.12357289825968612 0.2518662630755603 
