6.1866682588367805 1.9245932471448293 4.673582272958228 2.469565358162494 4.277861024596573 
1.8989420390588878 3.3180015554840363 4.82725573576216 3.2008067304068457 5.436221684543061 
3.5762427499043024 4.171304693172299 5.728036145712018 2.3424965246159366 2.6686566162855287 
3.7134952354858344 4.651923071837468 5.535820597765676 0.9793801594449042 4.894849747859422 
3.2312925089242635 3.0877723740877663 3.6695990341289453 3.406080968336271 4.111088150417656 
3.461110254051466 1.694108487923618 4.680011664819877 3.9304878574578237 4.479442306720576 
3.039120724387736 3.6031460308668426 2.461212446761582 2.8492880177058417 5.621375508848936 
2.830124451735894 4.414921968456474 5.624519002042408 1.4651792063571187 5.462404908829463 
2.6565335424203522 2.4854714800036404 5.686926478309947 3.3241651334575923 4.693107662524842 
2.563019814854729 3.8431284021067342 3.6441470495397947 3.385739007701419 4.083403442754627 
2.710796215883443 5.530688555816214 4.881361230645516 1.6684102029451273 4.552781853942251 
2.476416406469475 2.4223168374670747 4.620955036658079 4.145426585186611 4.223014340407733 
2.3438328681577634 3.988611379153561 4.368565938544178 3.622897094821343 2.6464868729758684 
2.133585914433293 4.0320511386389875 4.443805937241629 2.730543919852248 4.898425863804296 
2.5456493850034745 4.246599194743734 2.306676805868857 3.8663319324475482 5.954980593422397 
2.011407298145026 4.248034847387379 3.475339757714949 3.1967401763727343 5.932248887400651 
2.443714448354159 4.196207527026131 3.6946660827596984 5.0151045565501775 2.784529550984541 
1.9599964207961447 2.8283593719211155 4.289391328875951 4.159183509544882 5.477303287947117 
2.6382582103488588 2.4678160925449726 3.1337640537840477 6.272511756854592 4.927462070767661 
2.019189304780476 5.4292819705271365 3.7021399798774914 3.21371157844474 4.089478836143424 
0.6851476991586727 5.513114359080697 4.97005306436165 3.949552852806937 5.464695064518825 
1.4003910378942854 5.187134644794931 4.524571016471177 3.2963517502842024 4.457189089755091 
0.7283611990781174 4.805459223823398 5.198283052312906 3.574194814456734 5.738268950373268 
1.7885209215234839 5.2532232430747134 4.520576850035535 2.458550310638471 5.630619331077091 
1.1747480089509024 5.294450764627514 5.713686547042656 4.113697642827742 3.5404843125683945 
1.6063753966171759 5.132331611236737 5.676367162534191 2.3357689133955 5.4507612307305315 
0.8515878403492639 5.15161527627057 5.663666096989621 3.962769429860879 4.4898434355135235 
1.6048374383270785 5.048363187045089 3.9898479524208454 2.9578882219676226 5.524782882270751 
1.6814697910301353 5.20262472717023 4.066531944220601 3.4792471299773653 4.107203020167643 
1.3565313894146918 5.2537714703070355 3.2953428438776933 3.932192263165011 6.252213623873367 
1.3207162099654663 5.039175932602933 4.287204344737609 3.988932103416938 4.061994108636517 
0.7127280754543319 5.053257224308892 4.660458994544243 4.872412018668124 4.492607466594394 
1.2448771569669828 4.602530559756731 5.056900845118642 3.2234880662629943 5.4617468968619205 
0.9323503391852977 4.631463561600672 4.760515106108692 3.852452451599045 5.53264241407605 
1.309040458048322 5.243801168773499 3.2809522117602916 4.810670634764573 4.6686383861449166 
1.9908701244005178 5.306611278692516 4.72645858872252 3.6510075970131353 2.8468451203245326 
2.1623898836743383 5.529098136933316 2.3640745295538763 3.6629684862356133 5.949777058351528 
1.064800099117283 4.664462114178178 6.169953384034551 3.198865373067732 5.414379801789553 
1.6494120867208062 5.145037173215018 5.233794245072547 4.373133896729972 2.668587000620458 
1.4006043843201466 4.456572291191261 4.485918759557358 3.1844010215989806 5.917106907967924 
1.564936400592204 3.744556471919577 6.234215969673353 3.2769786560412104 4.914387317598379 
1.669037705453909 3.799617865090904 6.233261783104399 3.0735684364145466 4.913007950151485 
1.7494485091164906 3.2192733966117135 6.178653636330948 3.203316774947746 5.440484721868241 
1.5982522197019864 3.7628964281921795 5.637941745759799 3.2774949304843335 4.915161559008529 
1.6705031557297145 3.7984620708980947 5.641628286975314 3.3212801493961748 4.5288407771264145 
1.7468135790564399 4.120427885516834 5.648273419810705 3.2053457319038072 4.07883321610551 
1.759813592596332 3.815315597385319 5.593096251080565 2.6330459750248325 6.019175373331776 
1.6294471072174064 3.749348235186654 5.401116356643279 2.996467636716932 6.0129740931440665 
1.5143538397749619 4.000373046842728 5.044774236771314 3.233348441343484 5.085740124716995 
1.5799942842891992 3.7289945784687135 5.052038603080975 3.196438167752479 5.542275841921323 
1.5670947879409884 4.078112059164717 4.869712594050493 2.986438219729203 5.968056564154271 
1.568722586170282 4.078152524703432 4.869252651479195 2.9821511979634843 5.966792216685404 
1.6428662125735503 3.933084024743535 4.874909249783122 2.9857303272844296 5.966705428591121 
1.5850305839978396 4.4951770264882605 4.33671218487485 2.99220059059069 6.002785395095508 
1.6551909258426363 3.755276444176091 6.2201825855004875 3.3231402916327717 4.502060021214776 
0.7653472768588128 3.6415746227110954 4.849906100590696 6.212559137991624 5.536549297214868 
1.454435274987276 3.625134214385103 3.7103397149830277 6.2133926594361135 4.483012027256788 
0.7909507187119996 4.847973446385214 3.6008736196864684 6.219898482274553 5.532734909785487 
0.22643250053320207 4.704271378976096 6.21849983574832 6.21849983574832 5.531490783296253 
1.1950440341709154 5.2220009311287106 3.20828225670033 6.286576470260977 4.557957129595701 
1.787810007393867 2.799129362307803 3.604429242746452 6.228950879658285 5.577562093755858 
1.4532342733288257 4.494947383820072 4.984271111394131 6.230050011421053 2.848776826204905 
2.239534348419518 2.051194481834555 4.716294556543883 6.2554127997327384 4.535362530621125 
0.8754460484174146 4.270219450972518 4.3028194694622925 4.660150714026622 5.92618194061232 
1.6639677703307159 2.9140044138325805 4.7422808321111525 4.903408772631194 4.521384797227016 
1.5672202514995133 3.702645327056073 4.195574749304496 4.812820568540397 4.065278666684536 
1.4176034173757401 3.6092679024586936 4.262273237412143 4.132888608898417 5.442675062133901 
1.2114757274717878 3.9121753108193404 6.1474909267992786 3.9461638819198996 4.478518312777515 
0.8203075748647093 4.259837514692353 6.277562724121853 4.009168987938961 6.010523283942997 
1.2030400850924068 4.349068989355189 4.177759750498268 3.8456896840913943 5.998264360333612 
1.7074045733387209 3.7793589087353694 5.696196678749994 4.101105417234595 3.529646720444775 
1.7839494916244236 3.812223663470872 4.280418978368114 3.981458089195828 4.054383199012859 
1.9263158705348056 4.450912130078233 4.313441472050455 4.135057508213186 2.662059053082487 
1.7630480819605039 2.466750677986931 5.149310493668667 3.7822174896923415 5.700359638292517 
1.5384612737275714 4.010371730621083 5.601888453177733 3.2978849318422423 4.496939458814782 
1.2221943087339802 3.5263242600165254 5.316729839236549 3.887811400828797 6.241045507960648 
1.4798065081997422 3.6890627749137805 5.602751685988168 3.1936574346378355 6.247145180357875 
1.1859339494587313 3.5249678310679458 5.902290216394089 3.882301194519566 6.280812819121357 
1.1749043922563913 3.518687500775017 5.900836854848175 3.9121575507383946 6.280128018366642 
1.1616810144811394 3.8841915929554958 4.7424857661106925 3.8796684141478908 6.106000514068936 
1.449502571883669 3.6319723911607924 6.1422605617757915 3.1768713174108063 6.2160257720948415 
1.446124450967323 3.6239649252762356 6.152008522424204 3.169977581404498 6.202537142433835 
1.1734632498449147 3.5142864705580465 6.272239654324325 3.877001942831791 6.272239654324325 
1.09648036247528 3.4593911028063493 5.503046127604308 4.090498244082883 6.018607953065397 
1.473910966152429 4.041539296249748 5.386206737998176 2.9885004370005213 5.97949599578753 
1.7140469012444417 4.132367626567173 4.310504635252735 2.974095208065191 6.096152476144631 
1.453167639629411 3.6533352774752994 5.892472788105582 3.213131907784583 6.245568338017135 
