0.15268762937076374 0.0 0.0 0.0 35.162905719110505 
0.15137289172389146 0.0 0.0 0.0 35.16391670424916 
0.07623219339032516 0.0 0.0 0.0 35.16853945331623 
0.0 0.24929922303461183 0.0 0.0 35.15969600181381 
0.002385188168986474 0.24533082007444662 0.0 0.0 35.16727669748013 
0.07833725977980777 0.22260132200390714 0.0 0.0 35.15902283068057 
0.07623219339032516 0.24929922303461183 0.0 0.0 35.15645903137317 
0.11308478119326892 0.13048052593809345 0.0 0.0 35.16481123134684 
0.09846154945501695 0.00848684368327568 0.0 0.0 35.16707053088379 
0.15268762937076374 0.2317844386438388 0.0 0.0 35.156327745085115 
0.0 0.0 0.0 0.0 35.17152357364546 
0.1509770059593265 0.24929922303461183 0.0 0.0 35.15596694402756 
0.15268762937076374 0.24929922303461183 0.0 0.0 35.14922371083443 
