0.17447905742855932 0.03232838512148735 0.03240237691040289 0.323103455585486 0.06708362129900419 0.06860696514481796 0.2199608264116183 0.2140599158367581 0.5266403446744264 0.8498340965310018 
0.1610792616982996 0.0942291013449329 0.012360286012963417 0.37490508284724444 0.08755538965980669 0.06535576895781056 0.27823140028341914 0.21573917579953872 0.5663400771718532 0.8285339912479167 
0.07621650757112687 0.02294656189101883 0.035805597344704496 0.3229893848581157 0.04664568166095526 0.0438628748624342 0.2489112989399619 0.21762474959929284 0.5268736792483264 0.8306284570918986 
0.0625829111589339 0.04134293708113657 0.04110448142077885 0.33957153788644534 0.050609090350789004 0.056862370566973144 0.22029509001179343 0.21883059495091522 0.5281142997504734 0.8639205022866424 
0.0632656754670732 0.023327022304109428 0.03961915020133226 0.32961705827440774 0.07624207260751822 0.055233470158220443 0.22714010847366364 0.2221061123719596 0.5252110556439405 0.8315627486740788 
0.05895658160106305 0.0545364182514341 0.02993837664960252 0.3042490607091924 0.04636866649898955 0.07407253793578648 0.23237952005716406 0.23295456602704054 0.5128238843039056 0.8320668287618144 
0.048959075703380255 0.03825995155210336 0.04651774711556569 0.3499276904571971 0.05331689770857335 0.03193598029841097 0.22500702290746444 0.21757921813427816 0.5214240411896593 0.8501626852270424 
0.05086666941238728 0.03304712867669764 0.03705344934413286 0.3360201206085097 0.0542285058062346 0.05997586816829845 0.222944214194361 0.23171283005174673 0.516936025637775 0.8615021267415259 
0.05884121003357593 0.024441518378263756 0.01803437942211216 0.3357054237070827 0.0714770778649017 0.07327947352360045 0.23255568386769665 0.23354421841225878 0.5124592465360163 0.8477607549801865 
0.03409269797426776 0.09395771153504857 0.03588489196336539 0.3273591783764941 0.05706751058021578 0.0671678106486173 0.2538802380849742 0.209370339270883 0.5265597203538034 0.8525063480306022 
0.03182896654242799 0.0440845163894432 0.046443204053862035 0.3205423149635697 0.054632312173385045 0.05360743745559528 0.22819429434246896 0.23321341007268984 0.5163351283806358 0.8463832431443126 
0.027986930284699674 0.06805265733943552 0.0433576880283857 0.32109075449212837 0.07591151434940858 0.03550789920719388 0.21549329809953588 0.24083299907412475 0.5208248337867529 0.8602534302349952 
0.021227021137430947 0.05276008861177606 0.025214628810210735 0.33262085748563425 0.04435070077220637 0.03845172254295915 0.23678739128365714 0.22521149284044656 0.5227817653459547 0.8297256902578982 
0.014545788443175185 0.050163535354933626 0.0188437356688094 0.31485738109853145 0.03860736248021786 0.07317439318734373 0.2340356173258747 0.2197546544598981 0.5257210093424866 0.863312109863572 
0.0341058763516707 0.05251249746540547 0.04837713997934821 0.33261185116306113 0.07145686078429088 0.035553817023551405 0.2167369468767657 0.2281528864984238 0.515477895213163 0.8597471836404961 
0.023645379893538848 0.05182452674661379 0.026217906000009547 0.3185293423670628 0.07153240698663313 0.05432653629473275 0.22154861332345588 0.24065497624740673 0.5242955589437819 0.8720055905671471 
0.030104968455018557 0.04838300755444201 0.02811804517086633 0.32597763335665825 0.032043511964404026 0.06732520143419002 0.24879844006103322 0.20825904872972745 0.521474418023346 0.837067172034668 
0.0409576824236001 0.013760294761739893 0.06145131813816931 0.3225660714022299 0.04070486207965589 0.05738283311221946 0.2534851505863255 0.2090857269981448 0.5207384839735454 0.8392952692964156 
0.0600874677227696 0.020178594689008497 0.06440953441617955 0.32684979421026417 0.03698487823219264 0.054063369341573186 0.26011821173018485 0.20743843444786478 0.5219079986785027 0.8350377520413885 
0.028140882971138682 0.024566300510244568 0.045153962143873384 0.32816379950040847 0.06670041482822225 0.054976892422630104 0.2227561990297215 0.2175967043691025 0.5228872479509892 0.8438010396270491 
0.009209974656703573 0.03005666302669626 0.03794498687468159 0.3117988606905622 0.028875074435000887 0.056565727760197464 0.2403818749582008 0.21229288724315123 0.5204643741565315 0.8291024989109893 
0.04159713094765442 0.02699574618115235 0.0425317786388476 0.32080571752019027 0.05347346617888846 0.05562742643661053 0.22129357171719033 0.23967050663235973 0.5267763848175803 0.8650920728528709 
0.035882187662358005 0.03277869948071056 0.03772024336787177 0.3124519788818856 0.03934191359462 0.05910512597026329 0.2311676956390794 0.23003485892235884 0.5200148529126185 0.8415380725522988 
0.03995446200184018 0.025224811838718594 0.034226887969320774 0.3257612909258758 0.05556133509592579 0.05412938256755783 0.22753720321177523 0.23310803624252252 0.5236128493749804 0.8569709490835615 
0.02108874243194057 0.035274570359428735 0.03318138333534338 0.3340640592384368 0.03821091218615849 0.04642025656857641 0.24322402825022932 0.20377750513250564 0.5283239366033652 0.8623439498649709 
0.025151936346728188 0.023665497536579504 0.025439762583965336 0.4577519806117607 0.05642817180104539 0.055495808954343966 0.2230329071785358 0.20618643393925307 0.5229000020839424 0.8865578627717222 
0.012981160091391131 0.02476911847563526 0.017980205979855817 0.3992379379084963 0.07538901595819464 0.05708919526539431 0.2175099640853228 0.20427542391610914 0.5240588793454012 0.8708701113160695 
0.0522836716771401 0.01602352167192897 0.010290710736360524 0.44106375896609157 0.06015373428352719 0.09876658978594252 0.2660262723446539 0.22967765230003556 0.5588582838983764 0.8757349914619769 
0.020326246647788284 0.04256513898648948 0.028695924398375337 0.3836024757459054 0.06755195050797058 0.0574106233976534 0.252858372350981 0.22923538351793868 0.515162200146528 0.8446425623977825 
0.01508416395042696 0.019207210521872232 0.026367049434510494 0.34690069927881884 0.06716962736992765 0.03983884941630552 0.22410304173652304 0.20801618356631438 0.5267492131843686 0.8640424219015449 
0.030989984157200865 0.03244324487793156 0.038042933145940434 0.3449320619487925 0.06136355307670997 0.05634877494688474 0.21855023805040288 0.22831593866371355 0.5240225154407783 0.8436283789097136 
0.039063507886863046 0.012887738291769053 0.03168427072685778 0.360649812192611 0.043090556398555 0.09158724191600306 0.2468143714626989 0.24253154880160901 0.528183238731666 0.8569876043064457 
0.03966601491750872 0.051409963515802314 0.02926504942567274 0.3459402440221293 0.07516964659791986 0.031402400870905595 0.2027161744377804 0.23175582583298418 0.5305638743715959 0.835969004248426 
0.018921337344744722 0.02052293075291256 0.02644919259844773 0.3464653657323548 0.040256855272990395 0.04828695248009038 0.23988522498099676 0.20984643578940976 0.5225724031503683 0.8349491842144506 
0.009392953894425874 0.0157089685374255 0.017127163541586263 0.3336465861561365 0.0335187020669228 0.05701106416199948 0.23792773224620303 0.2299256963136189 0.522453340406353 0.8400027182469945 
0.04401318307827616 0.026240954504674854 0.027533635382496403 0.32569967071887707 0.20045714445646515 0.04645880554535596 0.22714455814675308 0.21560035520271456 0.5327444045548441 0.8327261728835044 
0.05236428615180858 0.025204711250558523 0.03558304445499463 0.3277262894929005 0.06375236992782171 0.06641948473657253 0.22218806734925747 0.22318954376351882 0.5201319555139167 0.8518067860050945 
0.035121519608737196 0.03487466758424859 0.0332790329443026 0.3273608379117506 0.0827973091324703 0.041323429354124204 0.2174951608111819 0.2326922968736043 0.5193750916934115 0.8620634546356906 
0.01447034821335031 0.03456413159023061 0.020326891353675207 0.3297218118692899 0.06910133756697877 0.029511871361711763 0.2271531811162459 0.22466103957528366 0.5247656812893695 0.8501080477528795 
0.029593559283992023 0.02212687646090489 0.01511721859351405 0.3354164159870413 0.06611908904140454 0.05949995800658833 0.22618491211240505 0.23402771401418665 0.5108595560816658 0.8336693961858643 
0.03181063768783791 0.02648078969008421 0.018530574282954976 0.32372949923763916 0.06748822116371891 0.05711989196053591 0.24309170952695136 0.22831860925320535 0.5125423786917565 0.8267841520910307 
0.02623317457179323 0.032928861418456495 0.036170418432491025 0.34130350041789714 0.07247568586036286 0.055365707282356125 0.2472504598922018 0.20846738180177787 0.5375300082204579 0.8735808942804675 
0.015520268368177114 0.02330087367324669 0.024825316304828482 0.3381006075330682 0.0730101400286696 0.05439491132988863 0.2588605347683863 0.23963550504520068 0.541980596580322 0.8375202960362986 
0.03531370270117379 0.026097062348496198 0.030943311400515226 0.3200026053378006 0.06190687487652101 0.0301912623547219 0.2381317329272186 0.22009136119705786 0.5280410213849641 0.8391646484987492 
0.01364750565797583 0.022253171796612875 0.01568977864486254 0.33056435402257184 0.060312615149863025 0.040028713707261146 0.25331947520611964 0.21123564368120568 0.5262911827028747 0.8672880018217385 
0.014813826109779767 0.03734912057555482 0.023566153394825283 0.32890712990759596 0.03683196511798995 0.16237204190793092 0.22773977094242057 0.21144456592868968 0.5347382741056311 0.8356572948736347 
0.027513326555608987 0.05507469104191861 0.03665107414133079 0.3151325405573517 0.044718904964446686 0.07757494246432364 0.22013616708422648 0.22976648018398424 0.5186842344349966 0.845928734092687 
0.011186519981876608 0.019947192681090138 0.02235153179623172 0.35952640389942897 0.035859277303411964 0.08317247944956586 0.2034866560564026 0.2089523391356571 0.5290785582682992 0.848332615416453 
0.02052559744252676 0.04332970465718388 0.021572358920442902 0.31043718363258443 0.028851289088224777 0.08738470512621786 0.22625194176614166 0.2228165903101267 0.5269261360338767 0.8527753615361783 
0.021708869784616364 0.023534079331228926 0.02544330413023804 0.3195556223059028 0.04997441367253887 0.07240980566018192 0.21270139458623974 0.20701136935370754 0.5265832600295788 0.8463720921321605 
0.018913405669521058 0.028416767741805293 0.014444746209907178 0.32949199087187814 0.04376556851868649 0.0673245310871815 0.22204228935982134 0.2188798079742821 0.5221934504829256 0.8587267154233329 
0.03407287538598177 0.012391516961927324 0.010749503769451357 0.31201144850633417 0.036034606741293565 0.0725557928574169 0.2178109100644048 0.23066377931425797 0.5284816772615231 0.8533535262118698 
0.008850147448987496 0.03777372274100921 0.012707816530525277 0.31347129051159 0.037349746349756706 0.06464018570194174 0.22358855193132204 0.22021829674727533 0.5280553636129623 0.8586377000275718 
0.014799907746061805 0.04299107553825627 0.04743471297569439 0.34892003570266517 0.04215538955787018 0.08274067799540827 0.20801190116618157 0.2289093193974628 0.5311897784756815 0.874437904733986 
0.05589602853216447 0.017675179550421583 0.03464477283429942 0.3234922947936122 0.04476395544004873 0.0797935071099747 0.22742435890298432 0.21548715821394887 0.5242680040662494 0.8438231728326222 
0.020538327705978292 0.029820550743835827 0.01930937734695804 0.3262241948984495 0.028704797712685068 0.06270345689303235 0.3554553440432627 0.21579693551973217 0.5303664339405335 0.847417182445228 
0.03003337214760708 0.018200830475249622 0.031496118762456664 0.3173042184345363 0.03124701974483959 0.07665097601485159 0.29702759886382574 0.2182860418441107 0.5248934645063049 0.8579518775727049 
0.023167989814848237 0.03663009138328176 0.018495307618889976 0.33410647432171425 0.06536277341233569 0.038728991338090504 0.2733959162240608 0.21109156998052014 0.5333106662158511 0.8346006920831506 
0.0231145261988635 0.022595772714752008 0.015621322578380479 0.3219330904356869 0.04398745552778605 0.04619355708676475 0.2449142345764901 0.21059137106811499 0.5236390289375482 0.8376808900035569 
0.012101451255900031 0.038927674906699065 0.01881247432694253 0.32792294236797587 0.04807490439476488 0.022081435901223637 0.2424936535216835 0.22357182256481523 0.5258968051319783 0.8602279859466847 
0.016385170199310586 0.016021331120787588 0.020768668105929644 0.3308543064185699 0.045051391378372094 0.07143268351988202 0.25343350989613744 0.20380801142419758 0.5262147604480544 0.8762378141252118 
0.02369555432073441 0.02887670636158629 0.026156035708963056 0.31857173845027936 0.04844198971342461 0.04431948327442369 0.23928898636946894 0.2164653076943141 0.5210311935480524 0.8580164405911138 
0.0419992649377219 0.01697554275171653 0.02215401989826831 0.33145632286451726 0.035994813645494256 0.05191891941975306 0.2395978053064597 0.21420492773860644 0.5277825858132372 0.8659718050119787 
0.045614611301621824 0.03767270405457559 0.03659172678182669 0.31856847753776507 0.057119689916574005 0.05286228786887112 0.23845797244814199 0.24177915667285158 0.5254202621118894 0.8495823658608075 
0.026426897775808818 0.032668469269534636 0.021481245397334675 0.33565154343626763 0.05775129546155956 0.06622204481314813 0.23256867191182853 0.23550498592930805 0.5115492830117546 0.838979575663603 
0.02438132686652198 0.029343473425103038 0.02207868956301231 0.3437309985194364 0.09019033405115365 0.058427336076454436 0.20934060308954872 0.28068330517174406 0.49267102163657817 0.8353130936668002 
0.03809691421599112 0.02210392456117491 0.028545819934098736 0.3276101010020933 0.055519345379710955 0.05405624098330774 0.22618290283640793 0.2390999443719769 0.526020859444629 0.8575663225210974 
0.03294222108759515 0.0365299293378812 0.027804938178342488 0.3300745830832289 0.0543424035769564 0.07752007994628433 0.21305027940454366 0.26874831530617554 0.5193575628127304 0.8311363425539684 
0.02301948962781414 0.035248242059375746 0.012593888880303883 0.3149958564330302 0.048010685776751764 0.13188961184256565 0.21621942254453314 0.3003676191693568 0.5076483996026425 0.8401409871599319 
0.018825962926896818 0.025764594322818864 0.03401618554164134 0.32021072217790697 0.051260513321798 0.06009940690066997 0.23630543369622442 0.2553654781703228 0.5147704575403869 0.8381252336742121 
0.02452908127729536 0.021570416134232044 0.021336417690854682 0.3863787690249647 0.08001293082265352 0.09715586211303018 0.26051480014400424 0.29914974344023826 0.5180723281523301 0.8409926269857554 
0.06733796197606137 0.033979271995014416 0.05229873738832941 0.35046491641091876 0.09495359320696867 0.04600153166197221 0.23522171873752248 0.26991632201838844 0.4910266355842996 0.8309525849666893 
0.022866327362496677 0.018217630235377678 0.04804752470634187 0.34216510718391036 0.057084598555374684 0.05384667168156913 0.22889987084678567 0.24449681860768624 0.522395602127336 0.8580952480393296 
0.019193499127615653 0.032338162371049146 0.020435462369365196 0.3154205387440261 0.04941997926717387 0.05790559990377796 0.2527200415439618 0.25073187147668907 0.5143173038080794 0.8464870770829117 
0.026614235954274503 0.01806465339368453 0.00770726235434787 0.3223267515049089 0.03956627734641108 0.0674288464186352 0.21520085659737687 0.23152507324827565 0.5233343418808235 0.8398178231500735 
0.05640066321790392 0.03780073446959645 0.06117032485739929 0.34989580738025566 0.06580556065827464 0.0703603918045843 0.2077950645981562 0.20896763514809538 0.6488980320642159 0.8528009687352107 
0.038265798872533494 0.0422449705760647 0.02469765811749556 0.32394104508824384 0.05028245898967202 0.052918675092110595 0.2200276837908994 0.21789457766558976 0.5276812526226996 0.8351876442377402 
0.03068969253641389 0.049066636157791214 0.026001492632468877 0.32847677925915747 0.06286050535827334 0.02982423185860595 0.22001605509360977 0.2126790700343058 0.530646037737626 0.8396541944460849 
0.031140016843942964 0.019366495081401057 0.02759445040590447 0.34508985912604223 0.04335881382102225 0.062089238535050016 0.21799583799776368 0.20526496095969357 0.5297356212215422 0.8427624252016733 
0.009303669136397616 0.02343518270301593 0.023988597094004548 0.3212515361600231 0.026767542598457126 0.05528504302204656 0.2321632637195752 0.21414060799015303 0.5246143148532992 0.8435129534314488 
0.0364984515159983 0.029879805372099576 0.02880912158134523 0.3305454670687241 0.05716418587056532 0.030394129525695347 0.23835891369779183 0.2312256343685726 0.5323840373820472 0.836739404132775 
0.02275260222553948 0.020053895137920753 0.053022325786816545 0.32640299121722294 0.04482815553827014 0.041280172194063346 0.23853812773525462 0.2133322124357768 0.5331245738116809 0.8550416647503604 
0.013404465189576102 0.04407233839486939 0.016701539059911837 0.32222310094677525 0.053905990321715724 0.021856901336701335 0.24102544348091198 0.2252095840499654 0.5278495728077391 0.8635464788926692 
0.045771930848309654 0.01690471923417937 0.05832105125020266 0.33740905210511113 0.07576619703579693 0.029037214524135168 0.22875765083274102 0.22575475995718491 0.5404276361052828 0.8547525285574094 
0.018507021071064035 0.027796153235293407 0.0207722720248099 0.32946098147771735 0.04821919061678317 0.05885099826282786 0.22761716310444846 0.21198116766661565 0.5244493459306182 0.833482404015053 
0.03797853951216796 0.023278740565034046 0.026644635417368473 0.34502774031222827 0.05602166268565424 0.029874415383604358 0.23672247927911444 0.2101763379898102 0.5280270321135853 0.8951211010068542 
0.06177855705148351 0.10051237155559545 0.032422174275284404 0.3190310028244201 0.061052288221186024 0.05417810530850888 0.235469657847087 0.24136871385009187 0.548106675411847 0.9270465999883339 
0.0320184571156354 0.030857050357603884 0.055116074566003634 0.3249704712422986 0.047834498060226535 0.07129530006772887 0.22042185344791804 0.21758823733686025 0.5286039112817028 0.8972549674927214 
0.03110162638625732 0.01687233183614478 0.021488389763726155 0.33410303731888685 0.031755921055922155 0.05272375024022977 0.24007971709448683 0.20997080395247056 0.527274694045403 0.8788764019521998 
0.018781455304679635 0.027373013086527734 0.0168137787891628 0.3653416517558475 0.02971470344445708 0.0833131772523554 0.20419049071855003 0.20488659702858605 0.5241121301894079 0.878160608625533 
0.013255513575235925 0.02504368232342011 0.008432821945175552 0.3260429891986691 0.030351596784547564 0.07339517609697552 0.2217878479537131 0.20675115019462767 0.5220252793784362 0.8677359527594692 
0.03173177001411261 0.020686476331964757 0.016853482822658306 0.32730714934720534 0.047052852861178905 0.05669112348562362 0.21946506319622638 0.21680367949764343 0.5280236181756527 0.8650918078980036 
0.013132408596488478 0.0409476368891213 0.018814246782192123 0.3298310992339653 0.048246181580978265 0.02008515724509256 0.24102558259976176 0.21881318694989152 0.5271676443917603 0.8692630571884823 
0.012853701025618204 0.021786680661185956 0.026420660525273035 0.3368182491068559 0.056295754302688 0.05224229974974495 0.22583916933182022 0.2108648615034962 0.5263270197886252 0.869502388297182 
0.021030500462621265 0.03443546700675153 0.043822840798754134 0.3463209187233274 0.031213430696567068 0.08451210563689611 0.2200296915168249 0.22131525387444592 0.5321392162581754 0.876378429070655 
