0.0014635823272080017 0.0 0.0 0.0 34.19076428776682 
0.001424470364984387 3.381934732260561E-10 0.0 0.0 34.19752871657835 
0.0 1.218184329587757E-5 0.0 0.0 34.195801549269326 
0.0 6.588805515406193E-6 0.0 0.0 34.19656113948391 
0.0 7.384965527990062E-9 0.0 0.0 34.196730634822 
0.0 2.4460000247472635E-8 0.15859080950973237 0.0 34.18841528508841 
0.09597414312328212 2.4816198873622852E-8 0.1644052988503404 0.0 34.18700676939574 
0.11588768282411621 1.8131629531126237E-10 0.1644052988503404 0.0 34.18988098931552 
0.1943210737615999 0.0 0.15859080950973237 0.0 34.17838968771326 
0.19194828624656424 2.4816198873622852E-8 0.15859080950973237 0.0 34.175878102222015 
0.0 0.0 0.0 0.0 34.20150982576348 
