0.40943622382309847 0.2860722853032553 0.01372500973629491 0.041757658055885896 0.09429525733488643 0.28804975807881916 0.516192626663554 2.21537060581295 
0.16648954615761466 0.11976826023937479 0.016196487172049776 0.055412654188509686 0.11088162832831915 0.2742319361804282 0.7511246786014744 1.8279800720119033 
0.39804725103057764 0.28178037651273813 0.013348819487474115 0.07448383980342298 0.2191272705405699 0.6182677092327425 1.572552105555132 2.5493780183411228 
0.16795510975122974 0.12155854933033299 0.022465482027050974 0.037261499128681326 0.169686871517833 0.3961962211692865 0.8099321668180216 2.242208708692872 
0.3193096214008769 0.5380089861914371 0.01142039239350072 0.04003801109123127 0.12850411140953058 0.33197031580016834 0.5146176378339532 2.301280756630607 
0.17024473105309954 0.12079064475209154 0.022864728158948792 0.0682688732756544 0.20941439106397589 0.24601048612634954 1.0582669221907102 4.001890032547134 
0.16240075694436823 0.12236107710181758 0.017424405704926586 0.07459034089897491 0.12267763124264297 0.41703657363592894 0.6640018960468006 4.548975782724366 
0.137756104047133 0.20802678385683276 0.01461512129049071 0.05309817413893278 0.09604778593691823 0.2288702887336444 0.7172223575825969 2.213839503174287 
0.13410340081217692 0.20829929123481308 0.01748956768849566 0.05081576217560277 0.16561603281022838 0.3075926030074051 1.1793198880024571 2.403188294185579 
0.16559527964210333 0.12197646333901863 0.02164525858066407 0.09443716387451186 0.1394624346601111 0.5533134634979906 1.3433542444551052 2.85766674207216 
0.16338223427900192 0.12692983825685736 0.01614843308862765 0.06566674363396753 0.16858720839687458 0.43090430604150703 1.2888852673443083 1.9005057963211252 
0.1600562461495077 0.15722241109369844 0.024240804517077778 0.06259403403005974 0.13998120126056277 0.350080848188135 0.8303669783577456 2.377544201103621 
0.16211356647735334 0.6974402743276013 0.01317939178939728 0.06727946520350962 0.10049072777623708 0.3033001958519922 0.761569702197179 2.5307275814481787 
0.1223028926157056 0.2406376173107602 0.02453367074851943 0.04963060697820769 0.21343127242342524 0.4917717073127718 0.9421610104988825 3.108960701169995 
0.06961300306489861 0.2902494041912544 0.021209026155360265 0.046862117601012804 0.09598951809637782 0.25190086551378715 0.7407499098481001 2.3307511232456943 
0.10749182415844823 0.2843347338747113 0.028930612542277724 0.04164616697537037 0.10854011899289424 0.3099359178696453 0.8837084965453115 2.520119157879238 
0.07072164734335147 0.2922011157986421 0.02639580882628511 0.06312071178265352 0.13609394946170766 0.37700049599674906 0.9386427408321701 2.162053481751523 
0.08335033379242933 0.2735407071615148 0.015352091721253213 0.04065525309656193 0.16357180300963967 0.4682676725507728 1.6286929183617245 2.560058381516508 
0.1165357615873879 0.24137503020304635 0.016868827600616955 0.056219110244885975 0.11720548199100175 0.20746717226224812 0.7855327611513725 3.3830740479559895 
0.10867354511007986 0.25142860297287095 0.024706215236025956 0.046675337828780236 0.1672282186412234 0.302605090757341 1.220862095651084 3.604345202003833 
0.06666638224948802 0.2799404723991691 0.03439597740217303 0.08232642957869417 0.2608104704733373 0.3525775868257844 0.9909468219858727 3.6825959333823617 
0.0668470448459672 0.2842964985345322 0.024444191602840327 0.058143004154598686 0.16829767964988335 0.45044207687702975 1.9468125664979539 3.865941515413632 
0.11310945990748947 0.2367974553684868 0.019130886549967464 0.0776822763092647 0.1364372853435699 0.501714718389914 0.8749508236381695 3.315054733478999 
0.11629480628947406 0.24332920665742008 0.014288352986508284 0.06347200019505367 0.1196341234670701 0.3327700388550199 1.1996544235740947 1.6222140550438295 
0.13443601199803906 0.2294107263613236 0.06430384477917393 0.05805410543872712 0.18026349537613037 0.39429900754063885 0.5404922834161897 4.04244748157128 
0.13216946409146002 0.20937503723343834 0.031141239397376078 0.053114150008210625 0.16427151825172712 0.3288844122569644 1.1809388411206951 2.7050025422767723 
0.11132047201550158 0.250256249745031 0.03587624748766368 0.05410393386844669 0.10378229760459219 0.25892861758133806 1.3732335773503654 2.954603664978259 
0.16248717700641716 0.12119771585513218 0.032408761538950524 0.053336527263684444 0.15193129319630747 0.32094365785953044 1.1237502911005723 2.873354763694045 
0.1596534786825581 0.12079288159139058 0.04866150854178769 0.13665796450895157 0.28257692926999906 0.5004734601381751 1.0233770828746382 3.5475975869481964 
0.1258790307257444 0.23655795671663749 0.02783303844371758 0.03637789846594745 0.10973350764853981 0.23527615353466216 0.8468580041674263 2.1068463968357443 
0.07371832855541985 0.29103287645569953 0.03772904292123723 0.0434243454379262 0.22492283332427834 0.5206120809777959 1.5103881927342864 3.0223090613636674 
0.11183559957110382 0.24498283001155752 0.033525051799359024 0.08966093593500021 0.11210294268185901 0.26577916374359195 1.3891763551933358 2.62283310742612 
0.11091129821329886 0.24431844941141734 0.04636463583796009 0.05652293929323286 0.09231596476159316 0.6465827077372674 1.601239598948351 2.7376884872671723 
0.13705122215018575 0.19533269666684702 0.024054540118504136 0.1847951982861497 0.16710864012809826 0.29778922783945155 1.206431345734014 2.2204040133540444 
0.14094969918564773 0.20005082308399583 0.023566199995107624 0.10579282979887177 0.16881332265290136 0.4299105203816703 1.8130089231296709 3.821354236259171 
0.16580445779245173 0.12306457217695616 0.03331712151597669 0.1883533964394088 0.22657563122702531 0.37511793377219876 3.7495561145427545 2.7340297375691653 
0.11094247205678755 0.24543833460393355 0.014545448000989445 0.08713611492669018 0.12168863964305508 0.3003345453850937 0.7294308565872569 2.55652580683511 
0.12805687747995909 0.20375945317469277 0.03689513771601561 0.21003031253695822 0.28002340345114307 1.6404479893166943 1.3111995387366224 3.31529119666912 
0.12814672359775245 0.22236110441378518 0.016861815163439483 0.09798755611500208 0.1743956750442949 0.4798520256909257 0.8554318923962808 3.12907169590799 
0.12452625173872683 0.2145011111293438 0.042889802442357856 0.13938507320869825 0.28455419897265616 0.7649277814854486 1.263684969035754 4.654314536077196 
0.16151188484903867 0.12112528584398057 0.017185588100272854 0.11782609813435137 0.22401460683006505 0.6680203894958143 1.7958916998434966 4.3396321816698675 
0.16782952481622382 0.11982195564964504 0.020048911185083663 0.09612032456001764 0.223114649407412 0.2728512937068424 0.7480266317368811 3.115362781155086 
0.06897005223817672 0.2917464405189033 0.025097367193356816 0.12053456073923682 0.10300346673893045 0.5043835076564906 1.1441630026123768 2.928392742279222 
0.06352403331062059 0.29961466425422983 0.025732187808881292 0.07796346211386457 0.47469519773078356 0.44121062499348684 1.2240020854959812 2.9824008457557016 
0.14073999054748038 0.198800369709333 0.03766617674535092 0.11058768161219411 0.34057969050732595 0.6597518596305998 2.017924938733304 4.849978675302606 
0.11926138755497598 0.22161477878453217 0.0364567228200635 0.08322521209156056 0.41252089109275886 0.3472772967508204 2.144451569791907 3.7196831359918177 
0.08370125669892935 0.2758075922174431 0.038475952040050845 0.1143412806820638 0.4580690375926635 0.8579619625158674 1.2810436116401867 2.4766142454305116 
0.11229636076001397 0.23973554964098823 0.03530246333135402 0.06883037554788991 0.36567548571839614 0.6572137896179002 1.1333347765635786 3.9946565341147826 
0.16690732914893164 0.11837891386509043 0.015443879110581957 0.08426569406358277 0.2800093096013865 0.3347210563928982 0.7246286285311382 2.4550063929299095 
0.1587664414674384 0.12849080439134875 0.0263921437270497 0.08218610978472361 0.32587186410012875 0.40119561586476193 1.4953899228725358 3.399295457171179 
0.13598650817939495 0.20730291438716464 0.02661742680313127 0.05978452723507082 0.24689361108538804 0.35776885697881566 0.8298428321572255 2.223444783679299 
0.06948588662855494 0.28797497897380564 0.017451222612957406 0.07234175078393686 0.24608418523785908 0.2615726364350928 1.0717875147935214 2.458371811143513 
0.07125405903422223 0.26512734984465697 0.056743097442638966 0.1428673363879971 0.4803207216864892 0.4991927866794765 4.198278566329915 5.720358627211756 
0.06791875702091332 0.29269095799625916 0.03352336477127001 0.07233324401243404 0.3199781386711401 0.7990769345104182 1.3060922212373354 3.93937607103276 
0.06633761566302745 0.29427236246116767 0.02242208382546692 0.04642247768739043 0.24537439416359882 0.3864317709010317 1.2573498684386006 3.613178230085198 
0.06761379091739572 0.2706494365548695 0.02227045579466531 0.08336926908319166 0.27968799184017434 1.9479507817663955 1.340659551059939 2.313654093462583 
0.12201249624855384 0.21929130008215297 0.020772666734265675 0.07593135527696782 0.21750230357583286 0.6164588759480738 1.0999736767083153 2.5300779184019517 
0.06783271413959596 0.2858428087518193 0.04336391880148195 0.1522338671083614 0.4688889719721597 1.7145271852874526 1.3743522642527468 2.70617403387293 
0.1124520274656895 0.24778677202498467 0.02905784613063727 0.05595944509311936 0.17874226078986946 0.7298107307104522 0.894033849354864 2.9728422828154306 
0.14895442474103315 0.14901510997837114 0.022605241362760597 0.05101464423105753 0.23861110097439586 0.7775706029932464 1.0519293676676174 4.463773843685347 
0.12496331842824464 0.22000709196979804 0.016821972251549855 0.04574061417854265 0.13025205771433312 0.575275133517947 0.8678781442705937 2.2198514874744393 
0.1407803164241424 0.20514732272818195 0.024891147029200582 0.08292865147344963 0.11958770380396494 0.7030303775569855 1.8123435390668854 2.4961728760619764 
0.06704692289973149 0.28299602988725175 0.04189818123293662 0.08473172896191962 0.2751544405132781 0.8234836028873561 1.4952742713015217 2.847725649421186 
0.15204984964632567 0.16420868938350938 0.026779892815748118 0.09269262402173194 0.25585411909265815 0.9478634461629133 1.951081219015532 3.9570746130829213 
0.10946814278402199 0.2485795691715671 0.027463019042296314 0.05198398656674721 0.20434022310952302 0.633914543929242 1.4709499836421347 2.6356883643113895 
0.1630080334293559 0.1167148601670843 0.03163380773789912 0.05620728648203459 0.1451119401357828 0.6386453982765966 0.8080576289679732 4.098160102425009 
0.08365815844312674 0.2748693318129319 0.020526764885727584 0.06695423176836869 0.12714308058980678 0.566519224420359 0.942538815080295 3.018550884202263 
0.15774977084925446 0.12702195244698777 0.022908308856446954 0.07666534213728143 0.17986037573587604 0.7119108275716728 3.7142181057975017 4.186306626238154 
0.1356298497083863 0.2028714784652472 0.022979513711867745 0.08131462857691596 0.17871005340416454 0.5562166402005103 1.0411131559799456 3.254590209097491 
0.06654889038616799 0.3007576697032439 0.040524292208339835 0.1318307108318898 0.23420724361665293 0.4651118890452779 3.2181853846026325 3.1602019700230493 
0.08269402317662328 0.27226154977691275 0.02243375259212297 0.07620906999318812 0.275746902315238 0.5414878532697099 2.2294280719027375 2.8123736891830053 
0.15968823014886013 0.12988955806547062 0.05190005964757298 0.12420846321952375 0.27774927007837436 0.7212886098477949 2.9018446350874014 3.171658163483931 
0.06621696432655735 0.28533679157630687 0.0467447392389127 0.08983637908583283 0.26455301590787794 0.7971125119147138 2.094706404417226 4.068252407137633 
0.1112280441657948 0.24589907470073588 0.03232313387299668 0.0933537302905432 0.11521550643622178 0.26898636444102436 1.4739852619916747 3.012608369461543 
0.13929872100060478 0.2006244427683744 0.01964248314947782 0.09432746873196438 0.0910315656198277 0.6057913262892557 1.4489468822730107 2.496364314410413 
0.10706330257292127 0.25180230925182745 0.04961102669346433 0.13666777033211297 0.2600729619807609 0.7150227162310657 2.65003536725058 4.049623409107458 
0.13582271091210965 0.20473733496604832 0.01595061769938659 0.07743959338079896 0.16646191449381934 0.3291550128613573 1.1529372228213475 1.923778470527335 
0.16393155761498504 0.11814593503579697 0.02729901553409826 0.08293180984449709 0.2237874202032118 0.6246026895760883 0.8558970777642151 2.2829789982199507 
0.12634977880112802 0.21819604289574726 0.028826248638857098 0.09101030437105277 0.24158428275371507 0.5210093295165333 0.5006638220009266 2.444648328006455 
0.1260395453643666 0.22169877305656657 0.022605623015948813 0.040681769434169825 0.14887257127344453 0.346204100674323 1.0092688315626128 10.850139604000166 
0.10913622389635377 0.2531346842425465 0.03238197629055237 0.07028765458484802 0.18782715105116754 0.3956248377073193 1.6128856329968537 3.580660257626014 
0.10481585478867728 0.2522770328138326 0.033801775744197265 0.11703766695651525 0.27818612134892934 0.31335773680461154 1.448005062580345 7.487414131456056 
0.1388482025682894 0.2077166206340896 0.028870043879053398 0.04517101756074464 0.13271936135274415 0.43917869808414356 1.7431419608941168 4.859053455351856 
0.12554305246990702 0.22370306559028363 0.027256879064831662 0.051831604607989 0.12700404788834235 0.37004400826873385 0.5974236339424007 4.502114279342068 
0.12556086881869155 0.22775809780179693 0.019473182900600527 0.07222684957509397 0.17824886242249852 0.22842174346957567 1.0253198142762148 3.791060008679416 
0.1524826459156029 0.16890196966560245 0.028540123039962263 0.08150403803848624 0.2353294547311824 0.3385502363830705 0.8054389408131067 3.9558606439037534 
0.1640361351543603 0.12168822003448959 0.031841112337573536 0.08409206400781 0.2269208531217353 0.5053758275832124 1.4799755896998255 5.258961679173882 
0.1517243220679094 0.12848285677131066 0.03514892972160094 0.035183949688880736 0.25114599126055775 0.5183896124285459 0.9801932049049419 3.951426612042218 
0.13318060090173905 0.20634606055672514 0.021465302472950157 0.08416522880443615 0.20089595335037735 0.546512866820973 1.568664193917638 4.221452726693332 
0.1615090432245654 0.11895709809648171 0.02294181443585811 0.09766320318864669 0.19835416078626528 0.4154551054019277 1.59966120329429 3.8859157436946297 
