438.1575198425789 6.150368110598138E-7 0.0 6.25613800902473E-10 2.217852935741056E-7 0.0 1.3939211979150948E-9 0.0 3.6302158159583968E-12 0.0 
9.244813166899297 9.750869826354222 0.036603044244624273 3.1267725094990484E-12 0.05596822268742285 0.0 0.0014168421930713336 1.6938455159240223E-7 0.10409709455784136 0.0 
0.5591662153978842 2.6362750125131633E-4 4.8523907707906773E-4 0.11032836926327536 0.2804050436418087 0.013247238657657848 2.5275962725058467E-4 5.429931451142252E-24 0.014455706808443883 0.0 
0.28678611128139175 0.07300588900768705 0.002076178867518875 0.1542525780050508 0.06131989501845888 0.005267765177413702 0.0 0.0057528997167438 0.02550532239440186 8.121314624130649E-4 
0.5249332248852981 0.3770655722114532 0.0028387527212703997 0.08129505672046472 0.20902465144522459 0.0 4.309939028970196E-5 1.5648674442774813E-7 0.06738783592450968 2.106166577475192E-5 
0.5171878995193063 0.3358490402407865 0.0016940121950029328 0.2298507196991395 0.05812408515726968 0.0 0.001651757036860881 3.0237243041404856E-4 0.05537725462703291 2.1557080000330417E-5 
0.25496890672909395 0.06279792670171981 0.0018920099679294762 0.13171774664941188 0.11281300499786087 0.005982604127457589 2.061804668228611E-12 3.832037836055519E-9 0.0615834248793655 8.121314624130649E-4 
0.5015958037123364 0.1874146280398219 0.018309428384583656 0.15647574503382122 0.06547795294257447 0.004625030045078474 2.559560419810236E-8 0.010409878069174238 0.013993844620361883 1.1975339008258772E-5 
0.5094680617898399 3.9573269961950007E-4 0.0027881351218676325 0.3649988257488567 0.12851833201805235 0.0805747196166755 0.0012984880321625083 2.8139515797444465E-4 0.05293196878859322 0.0 
0.335128264857264 0.03376406977654787 0.0029126893946555543 0.04762618391286577 0.12837577402359926 0.08131614876827109 7.434607786504395E-4 2.4375714079294283E-4 0.05329438858131901 0.0 
3.874255219920453E-6 393.659838118213 0.0 0.0 5.99890305836432E-6 1.6170398281881898E-9 0.0 2.8255774767669067E-14 7.356536155163943E-10 0.0 
0.038692592475101775 0.1879015470323445 5.111203953390979E-7 0.13540020038257447 0.08542709121177418 0.012236413356424376 0.00127033824385829 0.0024641822331041246 0.024188998603970054 1.6599798473956318E-8 
0.010982007301658723 1.841996626146846 5.541256065410487E-4 0.17168765060773503 0.07698117603373442 0.003467715254668535 0.005444682547513616 3.348423063235713E-4 0.07157819913362919 2.6041970578515334E-5 
0.02768084047908937 0.41107639678633984 3.162054314165293E-6 0.15617534865540084 0.11390425007403503 0.0013390233012005267 6.60746392180098E-5 0.006298589016859195 0.022733112587802775 3.0391790438467752E-5 
0.02382200298862537 0.7092043812290396 0.0028387527212703997 0.0780291392484264 0.21262807438807105 0.0 3.39669034196743E-5 1.564833510294167E-7 0.10829642254187034 1.7935657741480842E-5 
2.8301836506428613 10.031641571724366 0.3227023317046125 0.0 4.393368701412976E-6 9.032563209604121E-10 0.0016198268298136505 2.3163746214841983E-14 0.039278840066970355 0.0 
0.019322841128752093 0.19925125956683165 1.3861058097465369E-6 0.11757138587122615 0.027050486054609097 0.06644890353642177 0.0 0.002931180756801099 0.034231729110720886 5.866604731312305E-9 
0.007913523791569852 0.3442538137918426 0.008473046748115816 0.07445081756504898 0.15554816827515208 0.11531074992786763 4.888862894777901E-10 7.276094938323497E-10 0.03079993715027028 0.0 
2.4970313138263306E-4 0.23456076209285784 0.0131766882228832 0.06000153067520702 0.22133371189715637 0.004254084636102899 8.456296293704922E-5 0.005031977165760236 0.013931390157580064 8.879018203509576E-11 
0.007903796053917684 0.23783410344636674 1.1544943007779309E-4 0.3118923650834668 0.06403588487648945 0.003647131000304401 4.08214753226733E-6 1.2934688618665624E-9 0.004961041388493934 2.0863548801993816E-5 
2.3011951420402873E-63 2.7132270603182345E-67 7.202992265429198 1.8039035874002971E-10 1.0660798974900855E-7 0.0 1.0174657086581012E-9 0.0 4.0629511263479576E-13 0.0 
0.02842536088771496 0.01974886593786508 0.02397879322133497 0.1343565439833906 0.09958220994654798 6.826270024715313E-4 0.0016415703965875887 0.007651527362872685 0.02602112900234855 8.085907776364757E-7 
9.828818064145662E-67 0.013912530781087716 0.018395086701112836 0.18310646635052677 0.10468621730919887 0.012733021186348411 1.6816195869028302E-5 0.0 0.015516624836394025 0.0 
0.009973388964827941 0.31307061785408635 0.029898903304723525 0.15760717931150933 0.07068987513992121 0.0019312144716168217 0.0018944254994263836 0.024143414301173588 0.1409843123072092 7.490036350031978E-6 
0.06906988839899113 0.1075727258675119 0.008871753567506864 0.13354569260919394 0.10519228867017057 0.005887516319846649 3.34976273892212E-4 7.341842919472977E-7 0.045023966978607485 1.706757554445207E-5 
0.004418841652489121 0.10740827440887445 0.010282310175958225 0.21441355331939527 0.05019637358762684 0.037305645392920334 4.709826397709983E-6 1.9625878473831956E-4 0.016104979980892623 1.1527967274178816E-4 
0.009223214905238699 0.04365566863103499 0.00912378061352231 0.07445081756504898 0.15119118055132721 0.038024115512302725 4.898387795314394E-10 6.460805274250979E-10 0.03615607055240837 0.0 
0.008844672722424594 0.16974653634082412 0.016529977400475897 0.35581086007876395 0.08284182500963856 3.001811492854218E-8 4.824380845424985E-6 2.4751031176978246E-4 0.009978689848460419 9.391877589212003E-5 
0.07466250589837584 0.039858635961372325 0.0070650932060720845 0.1914636908040667 0.05764447233052153 0.002970085329171122 0.001227315430489237 0.003608564851121184 0.026746480625640463 0.0 
1.7093858219595475E-66 0.013008847102323503 0.006369136421406233 0.1811420663306514 0.1080146140255297 0.01274041389294187 1.5389233352007674E-5 0.0 0.015516624836394025 0.0 
8.204434874723045E-64 1.420424414499388E-66 2.5150094123682707E-65 201.50035474753255 2.052545424355686E-7 0.0 2.075597204118388E-9 0.0 0.0 0.0 
0.16035647700626962 2.5810031671724436E-5 0.0 0.200532974035622 0.03301331961744328 0.028918930906174246 5.896490013415954E-6 0.0052509777272889795 0.034033354202577776 3.8448761278699844E-5 
0.18719476702067128 4.2226140239842774E-5 0.0 0.3138410259098248 0.04967293724043881 0.00443546824108496 7.361195227906821E-8 0.005508663690220161 0.009254972462441446 2.304371377774538E-7 
3.684985312234397E-67 7.50269569384562E-66 0.10130319667496204 5.315061699304895 0.4315098996894416 0.019726538965443657 1.7480654157541791E-9 0.00812594012479659 8.643346633515295E-13 0.0 
0.0033863526287139295 0.002696059998617596 2.120075162592784E-5 0.36586020960108967 0.06061022318403027 8.791332460532335E-4 0.001284457221814443 0.0032254377555125547 0.007005652708067678 2.3966165566663248E-5 
0.0023630444815170974 0.007770288188442451 1.9007982001508083E-4 0.28722661082595885 0.12551377486137716 0.04340575671041551 2.6191852486965775E-5 0.0 0.0015018822135940317 1.1360857409645754E-5 
8.091918797960425E-66 0.036630538584994043 0.0012291907284487317 0.1826274222920097 0.1039903067914791 0.012916707723323435 1.6816195869028302E-5 0.0 0.00892601208060839 0.0 
0.008700461039233314 0.001693692134656869 3.0149455582483992E-5 0.20206015855735707 0.04903686383285135 0.040366690407165014 2.6463262624960954E-8 0.004700134102677885 0.01463526298024635 0.0 
3.643769338692911E-4 0.008024216072633301 1.3178900402301196E-7 0.2073881651232067 0.034033259623704806 0.03982869649704316 9.537127745920872E-4 0.006205975643375005 0.025000098195576387 1.6107697210146523E-5 
6.710802200790753E-4 0.0016423457322180706 2.4827745857726235E-4 0.23206253626847245 0.049731210610813724 0.023659206685305655 0.0019610973191185868 1.361127976405458E-4 0.020057808326077484 0.0 
6.715208500881766E-4 4.88635966830803E-7 7.333422958681442E-6 0.007123686910728431 163.13415895752962 1.2127268379947464E-8 1.985633774549923E-8 2.308422742929606E-13 2.2645030670025913E-4 2.1052436880122648E-4 
0.08921601421163285 1.8585930519980102E-5 1.3415817270856658E-4 0.07032231231047702 0.22766686618500068 8.529182848476182E-4 0.00130648801483624 0.004573896535469824 0.04321276396680369 7.42583519728115E-10 
7.426242937371809E-5 0.08082032923430661 0.0026160155415212412 0.03396386595789486 0.3266186206745084 0.004248452120887025 1.1447491033206731E-4 0.007180297537869872 0.012938509408757754 0.0 
1.055494368035353E-4 3.953238683714194E-4 5.19789673602388E-4 0.02299328746125459 0.44301209937992253 7.873293358368359E-4 0.0017612367880680342 2.7036029610071494E-4 0.05643917043448264 0.0 
3.2812745786443037E-65 5.645701389211532E-68 0.0 0.014456788782501714 0.33171686604448974 0.03400628322072502 1.2010746552716289E-5 0.009777698821048297 0.008771399129405603 2.8248639908608317E-4 
0.0010417479013851286 0.007290395613004566 4.628803689976797E-8 0.1226545300578983 0.26206908206588764 0.005426289301879538 2.0402598293126307E-5 0.002587348605104834 0.005062988520376137 9.080952153381432E-5 
0.02258609972880082 0.00193980610788071 1.2826885079369338E-6 0.09839426414817608 0.24601329070286537 0.00588253949800075 2.4102851338123706E-5 2.642066801264572E-4 0.03223940599708568 5.10927029785328E-4 
4.3410880367341516E-10 2.529758475278297E-12 0.0 0.06490967900435955 0.3756272961624529 0.02711517811687121 0.002192969943638337 2.430623323841699E-5 0.015533999297740053 2.6425832179712797E-4 
5.7144037709639E-4 0.0011118308336686927 6.917107509325824E-6 0.13179133812732632 0.26156900663729893 7.146424274750646E-4 0.0012759026324477957 0.003224452926519645 0.007005652708067678 2.488894493144221E-5 
0.05052062395062689 1.0769257420357589E-5 0.0015163431085544609 0.043306273729116274 0.6630611464635856 0.0923236428419465 0.0019390343752675166 0.008828105703989666 0.0060074832254447125 1.5028308241622135E-5 
4.695490404630104E-4 1.6753654119669716E-4 1.987095104344919E-5 0.0020881626840961345 0.0013272088529186375 45.46530187175771 6.744232616264165E-6 3.960524214882126E-11 8.903708286017098E-5 7.092138499136524E-5 
0.0023134432408098184 0.0157835800289659 1.1266607145570009E-4 0.04392027545422879 0.14324554805468576 0.056167245848193714 0.001223174417429487 0.00918642545355155 0.050692630180036204 2.7357688205969385E-6 
1.1072968498554814E-4 0.0050895062624458295 6.542417689965011E-5 0.18036253057376078 0.030119387857831158 0.11785719207601296 1.6676634885029855E-4 0.0038988214948258385 0.012367469753562633 9.285038902379459E-5 
8.155791983205001E-8 0.005789861243708254 0.005400673132038167 0.19805082133811058 0.07714279774103847 0.05989623215924746 3.0145963590843107E-4 0.0 0.019829003616219615 6.856949211353292E-5 
0.017345303294072745 0.00846336771076168 4.491592104322379E-5 0.17415261549106756 0.09143714183506325 0.04282632023080049 9.225448897686156E-6 1.2912447416249092E-4 0.005316183137231394 0.0 
0.20273707915512135 0.015062100520414875 0.003497018589404502 0.28819102379854916 0.004943211934915772 0.06530675369583838 1.8216541338086367E-5 1.8646716225888515E-15 0.00845803203203096 0.0 
0.00438550806572968 2.068163988433498E-4 1.5547233933401413E-5 0.10012866305709961 0.13872357598762505 0.039031770250245984 7.515289523183513E-5 0.0032670937402108466 0.011132443761099802 0.0 
0.004665008915552331 0.0264352612656333 5.4745288696112594E-5 0.06623218234659155 0.16641257688755381 0.053832312608080544 0.0024588740913395494 1.456033301196639E-13 0.00559972623472179 1.1034443474043353E-5 
0.0014372170500943228 0.06691341821682407 3.820363670156819E-4 0.0612572052102086 0.09729779570209339 0.0714995629812313 0.004424764716766896 0.0021224232002284072 0.04515057223462632 9.371575263233917E-10 
5.43990976687848E-4 0.007137099839313918 1.6006303477470355E-7 0.23551118407724553 0.03489265304297238 0.055000090528914934 0.002908612071648603 0.0038985546871841076 0.013026565835432094 3.644165011183875E-5 
1.2611373685479426E-77 1.4873651857240353E-74 6.404910738286787E-65 1.6224874687780513E-64 1.164500148584757E-67 1.7575201293265792E-66 2.503110513053751 0.0 0.0 1.7920948170791148E-9 
0.21497281997253392 1.7650933612985056E-5 0.014305021335664223 0.11043384257225389 0.024949113432987467 0.07591089193372637 0.0055569829603762865 0.0075406871573375145 0.09053404706300741 6.762972864022417E-4 
0.03504446504987019 0.04087909386470431 0.009387847531773305 0.23637748549241783 0.017178769400672134 0.015795946328192652 0.006113936188096254 0.008971176728952642 0.020625740966147645 1.2116004779363027E-4 
1.6013265652152E-66 0.01005824079483824 1.342130335370834E-5 0.29605320113994593 0.0515520828939733 0.02941562838469356 0.006150842394484504 1.3937165599572609E-6 0.0036420058477727737 1.6977755129693494E-4 
0.0037555959935933855 3.442638619615872E-4 1.3522842496972816E-5 0.08206287558887083 0.11873902694342191 0.0338644287088943 0.0039727767461643975 0.003161780911574723 0.04729928122845386 0.0 
7.281005052953023E-7 0.031054636553386958 3.348071774127353E-6 0.26997363639390415 0.10922823617650523 9.160851382277606E-4 0.003162207456302318 2.9423880797041466E-6 0.020410593305111007 1.2005638221661454E-5 
0.013111473088251306 0.0012807193815639229 2.450184991433497E-5 0.12625516306817194 0.17828240324586733 0.005521476275458377 0.0028170825035443606 6.734329151214679E-5 0.036210958354943625 0.0 
0.034905053817118926 4.923899537004839E-6 0.004883833563506452 0.08712686476279194 0.172918216622593 6.852557933413658E-4 0.0015884275912251308 0.007821932273478384 0.026570087946681885 3.704689760207896E-6 
0.0016587707672221993 0.011058209921313405 3.1066596292001076E-8 0.10814812477134841 0.21853111777378006 0.03021269555809895 1.1091925821980131E-5 9.207349605330003E-12 0.004938237240070353 0.0 
1.0841406842028306E-8 0.01286936167406792 1.6848873946002407E-7 0.17977093984547254 0.1480261625957261 0.015620558018231886 1.0325850873770364E-5 1.6822820791600745E-7 0.005040871650888837 4.543083657115137E-5 
1.0371787483740532E-75 0.0 3.046915229893825E-77 4.723617867946292E-67 7.048964403434112E-66 2.08133348593692E-66 7.114576814621026E-66 5.967391052335398 3.3964224178199974E-18 0.0 
1.3952319297427664E-66 0.05086585753720515 1.1712628808712704E-5 0.24562225948758884 0.04438419947959653 0.03811650853548364 0.006045603805857906 0.10378298291576597 0.0037618342069122407 3.3855801512696753E-4 
3.153889914628927E-67 0.00775911766714528 7.204871254824495E-5 0.18056234709733507 0.11446008912326913 0.012537857184254415 9.33957726040058E-8 0.021419428634206004 0.014287657675037539 0.0 
0.018311684781682942 0.0039037434975222624 1.1608505270171177E-4 0.5697138404272066 6.026351757486936E-8 0.05588230152770483 1.3472585275412614E-7 0.03091579431703021 0.0 0.0 
0.24777041646412418 1.548977615343146E-5 3.66167307561303E-4 0.04061712834953972 0.32319773835911686 6.878878917949629E-4 7.574922586085955E-5 0.021238786091528475 0.011117223477612924 0.0 
0.006702968323211654 0.5330242310978185 0.0037660932377003675 0.1460055499478264 0.06095510238958542 0.005119566736255993 0.0029728741259265608 0.03166368514871439 0.26984934278810124 4.434074123918772E-10 
0.027264006627018073 0.33732887408236345 0.00104523643835419 0.10982984278126938 0.07928600151321133 0.07034839590184012 1.6370092158880146E-9 0.014638999368170945 1.820037220670639E-5 0.0 
0.03260401704264901 0.20822787054865974 5.410482565687459E-7 0.13808503480821663 0.08792611744779576 0.012540530424723145 0.001080078988711768 0.0077006457649902325 0.02788953078242612 1.7399158798026592E-8 
0.0283041578467434 0.014478332112387268 0.0038590070941192877 0.13422863462935594 0.10324673057349751 6.821634422740293E-4 0.0016392395585883425 0.007648359538513808 0.027509671579970012 0.0 
0.09701558016366495 0.018752030163832575 0.016475190132320714 0.11856285434081708 0.03956703983154248 4.5195617104920946E-4 8.717070686358513E-4 0.024760637839303504 0.08411693626395308 0.002312546457897922 
2.545866691532591E-19 3.816283145693294E-18 1.8350401548616225E-19 0.007786079507289314 0.01007732240347778 9.978892895937147E-4 1.1084385325424022E-4 2.0456732696171347E-10 74.65228003539772 8.301841544273133E-8 
0.054012324181304625 0.061487302152695704 0.0064539944668298 0.10011453406136532 0.08635474047024505 0.03854728277258584 1.8647701396212863E-6 7.418822384032478E-7 0.060464161924894656 3.5589498959230115E-5 
0.0026325500343443576 0.037247752333919734 8.723233430405023E-5 0.0437180135341905 0.13242529266491876 0.038745555164290596 0.0011920072493750153 0.006825419410188237 0.18612460105445822 3.1453908170677687E-12 
0.0023413272653885547 0.18937780334789955 0.0011603872186169227 0.10136436892905584 0.0330441680393253 0.07474244723269613 0.009762801559989256 0.008423041040570938 0.27778544224394286 9.371575263233917E-10 
5.523461782235058E-4 0.031149255677164596 0.019297058519464387 0.1366119913178571 0.11554975734654929 9.845767745910207E-4 3.47454817385007E-6 0.016476812468253287 0.1270258364652523 1.8502741439209436E-5 
0.008582879851875015 0.009005259185551201 5.9020445894797296E-5 0.19984091172111404 0.11348190404536748 6.721035289000406E-4 5.035738111354328E-8 0.00453658299393894 0.05333586813150797 0.0 
2.144619910980212E-4 0.0025381569388253766 5.347780355748165E-6 0.09838219867323315 0.1572271908034206 0.04061291545266928 7.600907718970149E-8 8.138814159362564E-12 0.06038947242083219 2.322604119051869E-5 
0.13603886466973078 0.027550561261621274 2.346583554816282E-4 0.09759774718834638 0.17828240324586733 0.005543252681330262 0.0011894928691193918 6.739281994765141E-5 0.04817710143799007 0.0 
0.025734772943952683 0.002186451954281961 0.0036791854726628695 0.13253037157575095 0.2185907544262929 0.0021322593820359346 3.950966054388417E-6 7.928492140708796E-7 0.06940175543013496 7.114099433760962E-4 
0.012915317839011049 0.0021057685903202086 0.0 0.2083672000331015 0.034655706062414506 0.034234408105460426 5.948317324791724E-6 0.0028050288357400373 0.0466379388383721 0.0 
1.0052352170724099E-85 1.0291857483191584E-81 6.514700828599224E-80 2.8745395054536635E-64 3.813357272053316E-66 2.3270031004083444E-66 5.456055749506158E-66 4.8633390957212E-68 4.8026710169677334E-67 25.171991497215135 
0.006277334263260355 0.06326089274611821 0.00739985160540265 0.054486563262832126 0.12737002861237 0.05067261217533684 3.0819821410891634E-4 0.0025267051788473924 0.03857879112948134 0.0030676716054668157 
0.01241895254016778 0.07818503151222528 6.946446994833265E-7 0.09688193497869337 0.14528025997964913 0.2145505726795622 0.0011728937753701994 0.0075399109891242325 0.023300604309444563 0.04518103307220479 
0.00604667698449036 0.09653528754226094 0.0021669872415809766 0.22245624751674653 0.11453815781897417 0.007856056428144628 0.0 5.6696792253626E-10 0.0050461110738197765 0.008863738952107176 
0.5460003252559713 3.5349596556422638 4.225925145233696E-5 1.0254175425177999E-12 0.14853089804858524 0.04974136193171951 0.0011728937753701994 0.007537524168118155 0.023300604309444563 0.03649633820659188 
2.3750195284350314E-5 0.0036033517830603577 4.650611914316532E-5 0.24815162199435667 0.05802065162307807 0.01338770431670644 3.7983599050651437E-6 3.1571732713547E-7 0.06784157486869596 0.004926057015596139 
0.009343031471722116 0.00175797850892051 1.7287791394252477E-5 0.1754308673470789 0.04333535404175836 0.03419147565652306 0.0036232779316930142 0.0042091169023222115 0.037304067041067104 0.002901975940446773 
0.005685864466044557 0.2712530293518244 0.017792966488609837 0.1330807546309212 0.05668712925025113 0.02456870949808733 0.004991966203902799 0.0028925454399263014 0.041037658959699845 0.0030811856161201295 
0.07120958264444954 0.03216016057663036 0.006599543049675319 0.1795850246391013 0.05464316837802623 6.790980283708706E-4 0.0016295088465047207 0.007550293956885709 0.02580936339272905 0.0027221173609224877 
0.03804679753580349 0.1749296799504844 0.10389158581480218 3.215212490625681 1.6583002627179983E-7 1.0945964927455841E-7 3.2080183155539627E-4 0.006962851516490551 1.9146559452632592 0.02806264205862862 
