9.123850543184998 1.0312903189224119E-7 0.0 1.8227780757246406E-6 1.7616185352035302E-6 4.437973511223359E-8 0.0 6.93820611636148E-13 1.5974664984493923E-11 0.0 
0.11122604520368604 0.006474651104112827 0.017185168460783443 0.021546443978942214 0.023665947121443726 0.017800012735233933 0.02276916785315229 0.05618038459220708 0.03634151369510017 0.002600123597472311 
0.0322730271994683 0.004222267433714058 1.7101896929123227E-11 0.08288596612681258 0.24328236046472412 0.027420353245877976 0.015508709007058754 0.0631788663001825 0.002597301093518908 0.0 
0.1126463766963285 0.07259525198302291 0.7207242135693851 0.05410532077693812 0.05262718064262866 0.0019434963427367579 0.031244321168335917 0.13286293351228717 1.6407473934656406E-4 3.329543892625673E-5 
0.045750332984380984 0.0801190626705935 0.029769323075862202 0.05398884958333776 0.29293577707048224 7.720514825143384E-4 0.010618448208660949 0.1040769218774906 0.01667124406298804 6.906822389149999E-6 
0.035482515238690816 0.02391440500616836 0.07252760279657221 0.09260322633734079 5.5152036342269034E-5 0.03972801229523715 0.005633157465191556 0.09254779065268234 0.001977415340777149 5.220730841591547E-5 
0.04238593961994382 0.06523032387757122 0.05145745881161169 0.0193073817116259 7.819775807938134E-14 0.005996611335035996 0.02080789038155154 0.20424300042743393 0.01349184181427882 5.530182141882046E-5 
0.05504251631033136 0.07620627660669219 0.011722062323595255 0.0034042030569300633 0.013870593889427055 0.05321224328925956 0.010950230537893086 0.07321256278527431 0.008964032737085475 6.829850109429009E-5 
0.03155203930323187 0.05184222491063965 0.0848726975883599 0.18084093610896768 0.038676585690912896 0.018120989712789432 0.0 0.07567420874890694 0.005398606616322205 4.5946539486266834E-5 
0.04821784734998802 0.0017574140069104086 0.2508063707998214 0.2479148408226222 0.5041646780311445 8.547560690545949E-11 4.3350897938561664E-4 0.1541898863777635 0.0 8.835057089077428E-5 
0.0011090539080556487 28.04237758632328 0.0010194639011285264 5.495018637880932E-6 3.917602610914605E-5 7.116487223280108E-10 0.0 1.3783315086722794E-4 1.718715427356717E-10 0.0 
0.004991434698788346 0.08904689188009049 0.011923968416363994 0.0767254552612042 0.2248616660895519 0.016077410182246104 0.004955799118008048 0.10679070958696188 0.009570257122243405 0.0021996877925026005 
0.004765306920223187 0.24529516246019228 1.987413547763926E-11 0.11132063918753858 0.12350187523764102 0.03205557097380628 0.016976072145190257 0.0940588529360227 0.0020276595712824313 2.577619233591024E-5 
0.012649493755606188 0.2548560768972922 0.20402554206656148 0.005532358637458386 0.019236648345145376 0.041800238058676546 0.006225897400085106 0.08803214467251255 0.02245893202371036 0.0031592359372311528 
0.008409840629861715 0.19206091503139053 0.05213550654310947 0.24594733844704886 0.04843210604981815 0.05060751116079897 0.0064750530113805846 1.956760325719563E-5 0.008998897200089733 5.157720026031516E-5 
0.015543639642092119 0.37256846455329784 0.629814278812646 0.05441418029713899 0.04957368191935663 0.0020292196110677924 0.03598390201210153 0.10167571027601673 1.969580013221913E-4 2.9927826434019434E-5 
0.005450337938329642 0.11568328347656333 0.016672260984828775 0.04847597752746015 0.016682699490513462 0.056724904276157416 0.0026413390650271065 0.09626879557460327 0.008042900905366187 0.0017957319706206774 
0.013896945729203788 0.10070898534401834 1.6110612170811388E-4 0.09370334894275605 0.0011717535089733786 0.02450388975471581 0.005550461627788217 0.11068138605883619 4.565730547012845E-4 7.264873563997236E-5 
0.06345245229555699 0.11879527087607065 0.07410329685453375 0.0315284726349601 1.1566578804623392E-13 0.009158143919353585 0.0073568766342403695 0.1577896684178201 0.0020419441505929717 4.787280635379409E-5 
0.004145389025927711 0.0806701009225898 0.1646769522680179 0.09962832857130446 0.3525033455359274 0.002911898847312663 0.005860459752777273 0.12312824152433212 0.0048193461673306515 0.0023646288528167514 
7.606122587907886E-68 2.012209207080916E-64 49.04253669088202 0.0 0.0 0.0 0.0 0.0 0.0 0.0 
0.006497392515753651 0.014607668257291628 0.500973822243817 0.009532533167889459 0.035051667470116746 0.048264168511710434 0.009022598310119163 0.18604090468683132 0.0029821772964622297 5.951180789201585E-6 
0.014066514909891721 0.05374865147503762 0.18780363051066365 0.11188720547904848 0.028190477182188513 0.0026095085846376286 0.009236404282296124 0.1090141233566922 0.004716514833327687 5.1600972883112396E-5 
0.007101500419749485 0.04953492798555616 0.6024310929732625 0.016645641785979444 0.0 0.039973662627472664 0.008759159280801202 0.49536052221528704 0.05494074544845325 5.1627238502052145E-6 
0.012736307902756969 0.01401216728219228 0.22642412449847923 0.15808802185789564 0.002382162123137644 0.024978219599838345 0.0066905213353290974 0.21517027226106017 0.005232114918879647 0.001545851929874812 
0.016856874118830332 0.0459353384299402 0.034143414633301276 0.10127788654992165 0.23931703222985418 0.03457800909452669 0.0012273224907184141 0.06308310745412062 0.00677951673520899 3.584835386684756E-5 
0.015044368005346994 9.512579431661426E-4 0.011314926073565127 0.032784455970371905 0.08600890544102487 0.03911035265105788 0.0036439330595728213 0.14555427883869412 0.014646047354988933 6.205485192395529E-5 
0.01623159978418966 0.040852739394931115 0.013639360421061274 0.08130964686594411 0.25348794543796394 0.0047721711950761 0.009832077165585623 0.14688117238233217 0.017865636253864437 6.060707735524663E-5 
6.365648538447318E-4 7.342073558778856E-4 0.008131299227257131 0.07631127729215961 0.010614549744060378 0.042419817066953705 0.010128083223987302 0.17050972806303852 2.511352778435728E-4 5.467264566656762E-5 
0.0705793018445779 0.0019576590670261802 0.0 0.3403464701961332 0.5324197896968765 1.5290888763325872E-10 1.4144670099452124E-7 0.26770480207090736 0.04742130735931023 0.00274782081881033 
6.086465818770469E-66 4.0946347935154515E-65 1.8598465889451758E-64 45.90864709308062 2.492870450498108E-7 0.0 0.0 0.0 2.179758365008862E-12 0.0 
0.003465721245590683 0.035158468849328585 6.467614444214896E-5 0.40952464523365933 0.07095511522994054 0.005160130887154733 0.0 0.19833699385527168 0.017907311668237298 0.0 
0.023789676446407372 0.051541491847182146 0.08286200655675256 0.24006756274727392 3.205026702418544E-4 0.017753456678758436 0.0189980663605862 0.0748209361127744 0.0 3.252295508150068E-5 
6.0500326890168175E-9 2.830165962215619E-7 0.37733639618679043 0.7372481956608371 0.019050057117955155 0.10754310857418242 2.0107266523539698E-16 0.11064697172447643 0.03420891635671449 2.48320129272585E-5 
5.360147297766945E-9 2.694834549979259E-7 0.5160084644684196 0.5410307556508939 0.021565915830462516 0.026054569767149476 2.0001873403603174E-16 0.1423455452619596 0.037784912771186965 2.2648568024333296E-5 
0.0036094887275743975 0.006267340935316493 0.0032146855669390384 0.17335699610771862 0.2933052717360284 0.004263390107171705 0.004335990007970607 0.07747969163156646 0.016900610758546233 6.388857628461651E-6 
4.953603353557341E-8 4.9221453799130875E-8 0.4884394160458988 0.6286269315518128 0.15132220023019646 0.011722067504593115 1.8695632350528024E-16 0.2829076733300357 8.461594757874296E-4 2.2795683809652204E-5 
4.288384829479395E-4 7.959983341814698E-4 0.0030035631672897215 0.14471830164450067 0.17471226180217386 0.013961680783274956 0.007119129253279518 0.1597589900414815 0.0031825548666888975 0.0 
0.001733828671882224 0.0021802004301050416 0.0024293586105708213 0.14995149089547863 4.778294543098926E-5 0.011036856768547914 2.0438433690458946E-4 0.16275080537525272 0.017287265776755746 5.74506610234817E-5 
0.04527977350870582 0.0015901691336245255 0.2598937335291124 0.22166105920093565 0.4853831883621093 7.214053252777215E-11 4.140322511668937E-4 0.1664241366267371 0.0 9.297100230569473E-5 
4.2582005500234916E-66 3.8429601653942264E-68 6.834234967045099E-67 2.479133082631132E-65 113.99691323563651 5.699544271730502E-9 0.0 0.0 0.0 0.0 
0.0034806243899894096 3.118478283832012E-4 0.0035853266448122984 0.5175505535096592 1.789223031056308 0.010767107021256947 0.03307570822052453 6.214271294328729E-8 0.005046553748161993 0.0 
0.0034674382334656762 0.0 1.1614904171651582E-4 0.1407579898965155 0.8029154450878329 0.020402914845076094 0.005226000651337051 0.07512881844984128 0.005273991160218615 4.225832418321597E-5 
3.571921564810505E-4 6.71455985220675E-4 0.005817495312882407 0.13179627435580846 0.626578681840558 0.016752006447610053 2.4163730454377088E-4 0.16653804380689544 2.2329304503155905E-4 0.002999890542444768 
0.030175925654872933 0.02113808022711242 0.0942557886917011 0.07438494152141273 0.8182179935541962 0.00700618956387463 0.001002151046037496 0.08334048750712035 0.03013609352913405 0.004427537355707778 
0.001043406823085827 0.002795980798555381 6.536558823246508E-5 0.093139078718402 0.5083279141619766 0.06701968910127315 0.0043821328221617635 0.07086742428447713 0.005287679705376745 4.3777669003460314E-5 
0.0032903332859135445 0.09713940899669285 0.19364127518364177 0.15199687071086965 0.5012542824525767 0.002879448108943935 0.006380890295184522 0.09191017177438097 0.00402171853096563 0.0021623672073739497 
0.009296509261587942 6.807329786978377E-4 3.3535612663727647E-12 0.19901113846441168 0.3576306748166914 0.00482447043265476 0.006031658983359123 0.09056303768475742 0.0023589785603572717 6.28287266014097E-8 
3.3863346917016417E-4 5.995660939948581E-4 0.0024066182508901313 0.10213413619797253 0.45839581751433484 0.04519608614362381 2.3097962254664404E-4 0.18827470360631535 2.303121387611473E-4 0.002825670020638571 
0.016418770471925654 0.05062316818256003 0.002786246420415643 0.11138425975265534 0.470249376137754 0.015959068296410278 0.006798830629568898 0.10458682330157724 0.01511735556653343 1.344600037993178E-5 
3.544734737824441E-66 7.933214143159889E-66 1.6166737092124894E-64 1.0313968959351634E-70 1.833897449023455E-64 11.76125530386938 0.0 0.0 0.0 0.0 
0.009158270483112288 0.011866050232006964 0.02254839096649982 0.08547226339284558 0.01736889064779389 0.0875278829077257 0.010981060164876932 0.06739080963425825 2.597994802771728E-4 0.003932256551251114 
1.6269624489657355E-4 6.422286766024066E-4 0.760356512706435 0.05641108662192669 6.295945318014539E-4 0.3221154028515483 0.022862060832515425 4.852027343855659E-5 0.00324500542642867 0.001805678844124191 
0.003069845014474827 0.05977608442015679 0.008042094670866626 0.05184044406939476 0.15220437638141548 0.07613503476075864 5.528281446619485E-4 0.09675857197777633 0.009431724859712437 0.003758748869114051 
0.006508046269685608 0.009007235677897497 0.1135734893738904 0.06319991798319526 0.014782169759085168 0.05510229789683257 0.010981567631910277 0.06683147674051283 0.0041488574543456684 7.129339108036469E-5 
0.0060634003438408135 0.00923869947008704 0.10679662348290808 0.06814017882184048 0.014722372110324768 0.06633354572275353 0.0045260243110919855 0.06583085198525744 0.01392655136750941 6.479582849467878E-5 
0.018624998862060087 0.0194840599568404 0.002982150585008359 0.06559007200988713 0.016255911162974916 0.05900252942236281 0.00843264004275597 0.1021777205602337 0.004085850547701961 7.456034243967387E-5 
2.1728916550066535E-4 2.9610792492114406E-4 0.0039926328936940566 0.1675899368397005 0.014949893096220395 0.05264358515436173 0.011249258234178201 0.07186335286647118 0.004517148115747664 6.341997239800519E-5 
0.0010189500780762033 0.0010045532503849609 0.0017865435553360584 0.07228382105085975 0.010114158472840293 0.04362453948241762 0.010929084179118727 0.16866303769845228 2.5290357386294063E-4 5.341828868946917E-5 
0.015755458988824446 0.008805701351536596 0.001034311229340878 0.15719695098860606 0.01791583381661089 0.05964442716963624 0.005749163249464964 0.09621423590715482 0.015976240093417672 7.329146423057103E-5 
1.5459754376545655E-66 4.313459790046517E-66 7.839674239863872E-66 0.0 2.2767112433892247E-66 2.5139254652732247E-64 4.041462219262361 0.0 0.0 0.0 
0.01701557675789025 0.023054194408618802 0.02728525762891204 0.07825324992832804 0.19250896252729566 0.023160979274488937 0.020399159314459264 0.06781474549237819 0.010095252927931314 4.1959195833213906E-5 
0.016849968353365583 0.0015282164746911653 0.6382661712138393 0.12476455622424443 0.004103014322497656 0.11385922700304599 0.07783299761582073 4.529989368301132E-5 0.0029937601921971556 3.842430891103286E-6 
0.008754244675119646 0.2316234942725739 0.08480508517210049 0.6271591206927846 0.03963267616792793 0.3879211599125759 0.2075530971172096 0.0 0.11495009631490331 0.011644706162151087 
0.005782018523501185 0.006810341778109335 0.0026908195293018832 0.23202982054795393 1.1344568584972968E-4 0.0012151018583030906 0.02600919220024887 0.11296337732176957 0.003811364228268563 3.410239620299753E-5 
0.05805197304980713 0.00415291663993177 0.015364210594321005 0.12242613496425919 1.1096234520407396E-4 0.0012591843995667636 0.02984080717982376 0.12048587737693436 0.004622611709169518 4.261094607919488E-5 
0.0036196270995496843 0.04088920269535248 0.1874541821212043 0.0909050701120553 0.014828207485819072 0.012690977410397345 0.02606071228518791 0.20953381301252438 2.855312476071412E-4 0.009115088687942608 
0.0323457098380017 0.0030614372345345404 0.25600635429843244 0.12710799652040114 0.06268069018323982 0.030537781488293888 0.025416674542276238 0.08547916551780982 0.0021538635561984066 3.1560806497586294E-8 
0.01776618747115963 0.024384264752356933 0.0034810192723145413 0.095614158963747 0.020850856909132888 0.0605380390224156 0.021044867521945423 0.06410515103579496 0.003979215224915625 7.550218047217805E-5 
0.0747372943789179 0.1351746946768824 0.09177685537937331 6.115317847627136E-5 3.588009118333233E-5 0.06627011235631834 0.05020529455380724 4.7635374349840074E-5 0.04621554442164257 0.00100664737141329 
2.0308524151902806E-130 1.433738666615075E-130 5.767279611510251E-131 9.256889520586493E-134 7.23543748610749E-130 1.7157275005336575E-64 3.7087253721831066E-65 38.8889593607487 0.0 0.0 
0.00945367549673082 0.015703794930743344 0.017598971274633186 0.0712965257735298 0.16272012795358654 0.015140807946384312 0.007275969053145184 0.15769827584891294 0.002978296046905028 0.0 
0.030099117269810665 0.04203996334476085 0.013117490741231629 0.41993529563851917 0.02613736024797906 0.019786997078687998 0.003690171465497129 1.098881016683238 0.025982144732401912 0.0 
0.0020958320983181277 0.002112132614597701 0.222549984725489 0.08666952611520502 0.6119790038874695 0.016528204250973823 0.022460035924262385 0.6542344106685177 0.006175211106271251 3.1331141211284554E-9 
0.004333915569747244 0.03319817025957149 0.1164151726942785 0.04196157476567057 0.011760619012374532 0.03499112361232985 0.0016742628562903738 0.26793968488030767 0.011400187140581722 0.0021281429243073654 
0.02163152592073389 0.1883572067303212 0.06144997961812763 0.025982421959725714 0.0031219780214295913 0.015876413602910516 0.010478631140553115 0.40552880410517017 8.384263726816799E-7 0.0029550937141226744 
0.009113085244680519 0.008220982375778764 0.12493437511369188 0.058106049278815755 3.56154628688819E-5 0.010182709483284827 0.003404654392819354 0.23982793737638253 0.016840030664874134 0.002348680017193583 
6.251076640130107E-4 7.345360120638716E-4 0.007096174082479902 0.1697514430725292 0.022121290244375386 0.011393153783007915 1.5685990003313954E-4 0.18326823348559015 2.5096997046105757E-4 5.415968200871787E-5 
0.02877255421736051 0.09875164299076776 0.13070290321808514 0.012638858582385839 0.0 0.07557276257778668 0.0 0.3745348073981277 2.4407855464066562E-4 3.834322911739713E-6 
6.410895361737368E-4 7.748497897383758E-4 0.008447257778959872 0.1334889243466399 0.011491924338735424 0.040160336782730774 0.01741750787637541 0.20148821878942097 2.483468618083869E-4 5.556953086759456E-5 
9.886731169290345E-67 4.657690347476318E-67 5.179927111715681E-68 3.321705504575999E-67 1.1097827570526424E-65 2.995931760693828E-67 4.5643082308886805E-67 1.6906763900212477E-65 4.564509562614091 1.519481921900595E-9 
0.006025958335504152 3.6830217419492653E-4 0.13791300750385108 0.04284525021078497 8.404695816308527E-4 0.028382755424057937 0.015941833135834298 0.14913194111592465 0.058875494353803716 4.531490328938377E-6 
0.021315472502263098 0.09198901423095535 0.04415211325944157 0.014889515258800654 6.629764733591971E-14 0.005113043102348154 0.013557136669482226 0.15902844820738848 0.04119828106027333 5.708094039533701E-5 
0.027610477807981655 6.90423361809786E-4 0.012347779922840833 0.13744979428251075 0.1133115966094183 0.11120547348357292 0.011384844622424223 0.40035210610755423 0.06447151694173123 0.0036907506910190094 
0.004335328447649916 0.00885992631825171 0.00356941597702345 0.32804855708885966 0.3364971651377209 0.006874102484466126 1.8913273479713703E-16 0.11014198198729472 0.03229148249265545 6.390478750074726E-6 
0.016276153144885692 0.013725225677092473 0.04261862017664129 0.05437149561793163 0.012719551036902994 0.008551182410067571 0.003271845165653954 0.16216974095209613 0.01844882018675871 4.175388411942142E-5 
0.0018832375681047198 0.0019114880634456277 0.017937459294493356 0.11352096865230292 0.01824603267889895 0.034570554896676556 0.011607356956216041 0.0731308483851872 0.016659267865600583 2.578635299682495E-5 
0.009922658326363873 0.07407343100410423 0.9062163760767551 0.02742229496228692 0.013359064887128031 0.060035253739700756 0.01383828456383559 0.14844379589711615 0.07006365886840585 0.0011501070862307804 
0.005996106778929685 0.04435521697979655 0.09779359727805509 0.08489819557001455 0.031160342606675533 0.01807811399884373 0.005544410964072378 0.08483867151302336 0.01713905169420945 8.735510275645086E-5 
0.08178384324717407 0.00795084011088723 0.016988618340986184 0.024102639817004883 0.024246563561693663 0.014763210229299181 0.018171528503961042 0.07774272087001094 0.03366408610326982 0.0021653592486220743 
7.0758871592876455E-193 4.944669026033423E-193 6.374109703776833E-193 1.387522545651631E-190 1.8863100250204993E-191 3.691759433739078E-129 1.2916229925046393E-129 9.571598858343316E-65 4.088911844616804E-66 14.164756042617357 
0.017106272293165563 0.0571093019445648 0.06891132936797448 0.05039679981539695 0.21501101583279192 0.04554633946403627 3.221859208242317E-4 0.08011338041836027 0.01586296237088827 0.0031071551863964715 
0.015661665329583525 0.16391709441431107 0.763449367783139 0.021938660956748093 0.017882958665741806 0.014987229023248663 0.007672781609826087 0.2170548965282499 2.543092369129453E-4 0.008368598948737788 
0.006140848476947753 0.01320345352050366 0.005883456443415056 0.3462618494477273 0.4710481592060576 0.009298677085850927 0.010640294241840643 4.524823984582154E-5 0.013454492201672516 0.004056953347548517 
0.005428170654997927 0.008785484699810464 0.07868418729597618 0.057463111219721426 0.011186995670536156 0.037968092566114456 0.0046112210453909865 0.14088365591019683 0.015437825312518983 0.002455458980884442 
0.0012635087965263303 0.012423774559298186 0.0057155615131411165 0.2154796342117636 0.05312771248618476 0.0034626252271034363 0.005407620687077131 0.11453645665784826 0.009573301912171442 0.002185841261543641 
0.010629183675206154 0.007442761820650833 0.2715749704196379 0.09069189467581584 0.00236899698400945 0.013974360982896466 0.004520418202082065 0.2093974214696249 0.002151886144020757 0.0027313292596159028 
0.010036479135380187 7.428900570209726E-4 0.33886851287061526 0.07006810589146943 0.002083653838584422 0.045294276078827876 3.0211851789350644E-4 0.06305958468680198 0.05973494520628895 0.004175056926006133 
2.7988081928384333E-4 5.70884635122448E-4 0.0021957795734853913 0.11196097110825447 0.47134429842802067 0.04913543885065317 4.11178057625297E-4 0.22606597158387481 3.5358533824603395E-4 0.0023341673855989003 
0.02873436773909429 0.0021778309403186315 1.002381832262892E-4 0.0815657750374113 8.576981046241161E-4 0.012589531996706503 0.01096628694813166 0.13845703157875605 3.029820354131955E-4 0.001091278210541643 
