1.3104718079236344 0.0 0.0 0.0 1.7439997110460646E-23 0.0 0.0 4.7879057172124414E-30 0.0 0.0 
1.2919899124146859 0.0 0.0 0.0 0.0 0.0 0.0 6.220312386125741E-22 0.0 0.0 
2.1200941423215287 0.0 2.564992800502592E-15 0.0 0.0 0.0 0.0 2.49754136559288E-30 0.0 0.0 
1.9523524963847525 0.0 0.0 0.0 1.364963462337706E-20 0.0 0.0 4.744900902444556E-30 0.0 0.0 
4.044214067672668 0.0 1.2707917586666976E-27 0.0 2.1059798334290687E-21 1.6436467040229788E-27 1.8035647472318832E-41 0.0 1.5787314139100574E-9 0.0 
2.6455508453992653 0.0 7.249062352612492E-17 0.0 2.2511925398916942E-21 0.0 1.3425453790276548E-41 0.0 1.5185357712015158E-9 0.0 
2.2427553443741473 0.0 9.932594474896831E-17 0.0 1.3344997657860318E-21 0.0 1.2754209338756457E-41 0.0 9.346679471722166E-11 0.0 
5.517572118636986E-65 4.001450392392543 1.8537672932884715E-10 0.0 2.157333055628274E-21 2.3247711828052066E-26 3.970306747321007E-34 5.2400745957274036E-21 0.0 0.0 
0.18407440778061984 2.804639785839375 7.244125333688008E-17 0.0 9.801319397510024E-21 2.1132941273937722E-26 1.3278948606303953E-41 0.0 0.0 0.0 
0.3303722022085762 2.1979385450065005 0.0 0.0 0.0 0.0 0.0 0.0 0.0 0.0 
0.2047859203404735 0.9313393498934408 5.359665485625415E-18 0.0 0.0 0.0 0.022908478547713905 0.0 0.006301113724209761 0.0 
0.2015314040100379 0.8777674868996478 0.5316957486468304 0.0 1.0862429648822096E-21 0.0011763466534621969 3.187542682563237E-32 7.302949437662198E-22 9.614654837291078E-12 0.0 
0.114408694899629 0.9609177769028817 3.168991308319891E-18 0.0 0.0 0.0 0.030533664237231993 0.0 0.13988127776228676 0.0 
0.14956457195161718 1.1432808491683404 3.607447197678825E-18 0.0 8.321869779633969E-22 0.0 0.0029176340060550823 0.0 0.17784976354281906 0.0 
0.37419604086932606 1.5647452240968447 0.0 0.0 2.4116940768997696E-21 0.0 1.7837104054530838E-41 4.6432244502724765E-30 0.0 0.0 
0.12002752162523919 0.5333675279956497 4.913319295852253E-17 0.0 9.238439375415784E-22 0.0 0.013158741275600476 0.0 0.07398546512292489 0.0 
2.163182836204391E-65 0.0 45.026343528296856 0.0 4.0575545181663196E-21 0.0 1.3971970453746754E-32 5.001320706486906E-22 0.0 0.0 
0.36675931113845417 0.0 4.723199551105901 0.0 0.0 0.0 2.5380710107452445E-26 2.908614394193877E-21 0.22593963082419768 0.0 
2.867067430984814E-66 0.0 2.3567533961204257 7.632806176942732E-9 1.6884295551851784E-13 0.0 0.16680703839930647 9.109818749884738E-22 0.3767430532336632 0.0 
3.5712447557198695E-66 0.6175018781162503 3.4054998108707157 0.0 0.0 0.0 0.45169577535427086 0.0 2.771353101554042E-32 0.0 
0.3910616491988632 0.0 4.225648330462902E-7 0.0 4.462006005217777E-22 0.0 1.635991545263353E-26 1.0444846691354288E-21 0.900943511651334 0.0 
1.2354226474800384E-9 0.0 3.3636153515910987E-20 1.5847102704499168E-11 9.830479840452613E-18 56.23517378682643 1.6396569420255105E-8 0.0 0.0 0.0 
1.620571448023777E-65 0.7966980595943325 5.275128144882962E-17 0.0 8.711374690955169E-22 8.504453934899931E-27 0.0 3.965220831838103E-24 1.3461571785109858 0.0 
0.254537094931781 0.11976847007753949 0.0 1.8680445589753222E-6 0.0014512778142180957 1.4735086558606924E-4 0.013184872371756157 0.0 0.04044323968774245 0.0 
0.11050837538262853 0.28686577983702666 1.5334128677985742E-17 0.0 2.8931776950279137E-22 6.280215369889927E-29 3.2566915029937905E-42 0.0 0.8329827975382207 0.0 
1.2280487250465646 0.0 0.0 0.0 0.0 0.0 2.5638622090606083E-32 8.62113587037475E-22 0.0 0.0 
2.0625900098908923 0.0 7.121971529342818E-17 0.0 2.938107998856405E-21 0.0 1.534442219879194E-41 0.0 3.5621027187088526E-9 0.0 
0.8354569089785377 0.0 0.0 0.0 3.8414188493589464E-24 0.0 0.0 0.0 0.4538706562473027 0.0 
0.6682459567454646 0.0 0.0 0.0 2.2840462687750765E-24 0.0 0.0 1.5178080127391221E-30 1.5797306680749408 0.0 
1.5496494889069394 0.0 0.0 0.0 0.0 0.0 0.0 3.29189116832162E-22 0.0 0.0 
0.9381423161862967 0.0 0.0 0.0 0.0 0.0 0.0 1.6972427411301053E-30 1.2315051202686187 0.0 
2.013111370591698 0.0 7.532086142222977E-17 0.0 1.3368230411550538E-21 0.0 1.5837783733680182E-41 0.0 2.5198567149658523E-9 0.0 
3.815572905234154 0.0 9.412194548696348E-17 0.0 1.968822048360881E-21 2.7773583663692694E-28 1.505586780408187E-41 0.0 1.6291273629578787E-9 0.0 
1.5836006620514934E-65 0.0 1.1152182213157575E-78 0.0 1.3567659807026544 0.0 3.0288237423715016E-32 5.974058919138187E-22 0.0 0.0 
5.339230479245673E-196 7.532174230132123E-131 4.226969879258585E-65 7.59793385233375E-74 0.09231537153788026 0.0 0.0791247623743519 0.0 0.5070578780799703 0.0 
0.039203286212192816 0.3499178820478086 1.3142904282236342E-18 0.0 0.0 0.0 0.13822527056939438 0.0 0.052818426239588115 0.0 
0.5442065221078615 0.0 1.0166112130176563E-27 0.0 0.0 1.2468818775231541E-26 0.04260491256726944 1.7160422404972748E-17 0.1973053819642 0.0 
0.15570548083294922 0.393501820524885 1.4380254585739053E-17 0.0 2.5889605346509065E-22 5.644252013848232E-29 1.3006274253440787E-41 0.0 0.6499341529609406 0.0 
1.0229619267990717 0.0 0.0 0.0 3.4381402215434466E-24 0.0 0.0 2.106690396287637E-30 1.1593219381752593 0.0 
0.09712090049807943 0.7966431158560401 3.0947448340365132E-18 0.0 0.0 0.0 0.04199940725206994 0.0 0.17557147275078117 0.0 
1.0998896811176226 0.0 0.0 0.0 1.4529456881397014E-21 0.0 1.8753213404638078E-32 1.1498119017699192E-23 4.4241942629601666E-6 0.0 
0.6188238644787372 0.5737791127076572 3.493304506360029E-18 0.0 0.0 0.0 0.0 3.2875310452894325E-30 0.0 0.0 
0.21329748587345415 0.469072456933091 3.71404922763574E-18 0.0 0.0 0.0 0.030065060700441713 0.0 0.07037680561079662 0.0 
5.257793859532114 2.89028887517706E-6 0.0 0.0 0.0 0.0 9.610365951972424E-42 0.0 0.0 0.0 
4.669226741702129E-6 0.4158733862261061 4.359864867628126E-19 0.0 0.2526110172993594 0.0 0.0 0.0 0.6375778175804091 0.0 
2.032583834608905E-65 0.0 7.855943927613816E-73 0.0 1.3728378082183086 0.0 2.017437849855381E-32 3.504347574462643E-22 0.0 0.0 
8.10545250972844E-6 1.0010842725997033 1.0608575250366783E-18 0.0 0.3271572440196094 0.0 0.0 1.0059964534308704E-29 0.03184951450039651 0.0 
5.033745324509695E-6 0.6568549098005148 6.499473287444408E-19 0.0 0.1672677141817845 0.0 1.1347029908015069E-9 0.0 0.32708191629906114 0.0 
4.10514498363448E-6 0.4917775140633318 4.772034720228087E-19 0.0 0.10224695163787842 0.0 0.0 0.0 0.5835506558153182 0.0 
0.5148639067670525 0.842801228433647 0.0 0.0 9.157535051204494E-4 3.3330727261479957E-28 5.65936638298435E-42 0.0 0.0 0.0 
1.2976083747291667 0.0 0.0 0.0 0.17218489955056043 0.0 4.7441080310846255E-8 4.089604288115398E-22 0.0 0.0 
0.44491102960876133 0.0 0.0 0.0 6.295780647541558E-22 8.407969534085585E-27 0.0 5.111892659599543E-30 0.6203372248301984 0.0 
1.4523174304858326E-65 0.0 9.43571839877283E-82 0.0 2.9472930977356942E-86 0.0 2.8175148889035886 0.0 2.6999271263857435E-9 0.0 
0.523444922613025 0.0 8.537301952149587E-16 0.025864185050098323 0.0 7.605092639102833E-27 0.3814888929685054 0.0 0.0 0.0 
6.871646770239564E-66 1.9828893688499265 2.5632740720028387E-17 0.0 1.3304979607225475E-21 0.0 0.562754901702995 0.0 0.0 0.0 
3.2390874374826284 0.0 7.095170459948026E-17 0.0 7.584847299141346E-22 0.0 0.05220659926067959 0.0 1.8452657511768518E-9 0.0 
0.4480131448114848 0.0 2.9446186122061225E-17 0.0 1.036547653848081E-21 8.185922078555662E-27 0.0 0.0 0.5279646215582434 0.0 
0.7848934718366676 0.0 3.620322085335795E-18 0.0 9.072603639403342E-22 0.0 1.2368098253552938E-32 0.0 0.1118511782909358 0.0 
0.6063834134782213 0.9282032720009888 0.0 0.0 8.816239708195165E-24 1.6053693505041677E-38 0.0 0.0 1.47650989314691E-6 0.0 
3.2534903642013003E-66 0.8117592299045192 1.3929481681771747E-17 0.0 4.871221610281428E-22 0.0 1.4794149670946977E-42 0.0 1.3094988122035889 0.0 
1.4471489887133822 0.0 7.740031351675307E-17 0.0 1.805585263746759E-21 0.0 0.0019964407271817895 0.0 2.0897624118499487E-9 0.0 
1.5894625250416644E-65 3.1977258245396915E-76 0.0 0.0 6.530660440913911E-67 0.0 5.65720169338416E-67 6.888220356487144 0.0 0.0 
0.03723434728819428 0.0731146720843988 0.14282753115581723 9.8241474508263E-7 0.010144770234473294 3.3488005274134804E-4 0.008434249356238595 0.014814846012334553 0.10944301300591278 0.0 
0.17594456366717962 0.0 3.9072512287714694 0.0 0.0 7.959665444703832E-27 0.5113688684991436 6.504076655140931E-10 0.0 0.0 
0.25834079723777686 0.0 0.0 0.0 0.0 0.0 4.23204272143493E-33 7.496756335754123E-5 1.2101979060181407 0.0 
2.1209939733564907E-66 0.300214999529033 3.250886029183223 0.0 0.0 0.0 3.051300413236955E-5 2.546149107460356E-12 0.30368997469429865 0.0 
6.815333995007733E-73 1.1476831516354336E-7 4.668423622212232 0.0 0.18048702167777037 0.0 2.0434658694602437E-9 8.848304671801226E-13 0.47838746755658285 0.0 
0.41647845893913266 0.0 1.2285995679115445E-17 0.0 4.892472102469459E-22 0.0 1.4600822535312552E-43 0.02310899797593866 0.47841255933525006 0.0 
0.4110776268518808 0.9872035469349747 0.0 0.0 0.0 0.0 0.0 5.1136048808172185E-21 0.0 0.0 
1.261478017873634 0.0 0.0 0.0 1.2102146946213595E-21 0.0 0.0 5.601420845871883E-22 0.0 0.0 
2.357561542800405E-64 0.0 0.0 11.341171524062366 0.0 1.3162198683388755E-41 1.0686583478744662E-15 4.508699223245874E-17 0.0 0.0 
6.083536418449395E-269 1.2377293673724577E-203 3.541802233048636E-138 0.0 8.360022641845661E-130 0.0 4.33968170719536E-65 0.0 2.6049051621550867 0.0 
1.0754981255657369E-259 5.873176251729383E-265 1.531953369890217E-193 0.0 3.5478032814025646E-130 0.0 6.287016166060459E-65 1.9187208098972062E-94 3.4896208141739153 0.0 
0.0 4.0174817946869063E-259 1.4344066399865457E-193 0.0 9.974609058349689E-130 0.0 6.605951499590653E-65 2.6384810990389574E-94 2.8106556239037 0.0 
2.558486424680514E-269 5.271050279582806E-204 1.8121420717883847E-138 0.0 2.459880036484647E-75 8.774974647119899E-64 4.8751403949929755E-73 2.1235132427061354E-94 1.9186668512519456 0.0 
5.867527882053178E-151 1.2360743474428941E-142 7.91317495393149E-77 0.0 1.4910433573876485E-13 0.0 2.152533703279041E-4 5.152542966369877E-34 1.443529727734064 0.0 
0.1518234595789923 0.22121222984486588 4.914977279815548E-16 8.472627342141832E-5 0.0 0.0 0.0 0.0 1.990164621410538 0.0 
0.13592129256639396 0.0 4.5092461843960185E-19 0.0 0.12199075120673238 0.0 9.407919931474351E-9 0.0 0.9492000215822683 0.0 
0.042454537428530656 0.15433767659526748 1.058195156463086E-18 0.0 0.0 0.0 0.006935534611351038 0.0 0.6670876550961973 0.0 
0.3457179708552077 0.0 0.0 0.0 8.567349579027113E-22 0.0 5.788727005643449E-33 1.5106869848706086E-22 0.8351327769323317 0.0 
9.534034142430124E-68 2.33583421295785E-68 7.573449363205148E-76 0.0 0.0 4.267610344892384E-90 1.2431780832157028E-67 0.0 3.421905228086251E-64 5.822662484154632 
1.1374963054545266 0.7749658296608593 8.057066542378702E-17 0.0 1.3492235138200526E-21 3.069483883140373E-28 9.608003043766792E-43 0.0 0.0 0.0 
0.38433990328505524 0.9245250166991078 0.0 0.0 0.0 1.82842805683931E-35 0.0 5.302543955598691E-21 0.0 0.0 
0.5654414846210737 1.5594306198075554 7.714573248150722E-17 0.0 1.3492141041043935E-21 3.110428104831366E-28 1.3897602296850602E-41 0.0 0.0 0.0 
0.9641744902716357 1.4963117634377208 0.0 0.0 2.2955562822360256E-21 3.1036368427131073E-28 1.4568284210895827E-41 0.0 2.167925323079026E-9 0.0 
0.4001717045601101 0.0 0.0 0.0 0.0 0.0 1.828739372549087E-43 0.0 0.41533720731741697 0.0 
1.0817584577444408 0.0 7.588585180331991E-17 0.0 2.2628238237387565E-21 2.8553307076451247E-28 6.338867560878854E-42 0.0 0.0 0.0 
0.6810845569291569 1.7332056020446112 0.0 0.0 1.2389503125272256E-21 2.903164158301822E-28 2.0642444150569946E-41 0.0 5.516943639468009E-7 0.0 
0.9253226787884257 1.954804516716488E-7 0.0 0.0 0.0 0.0 0.0 3.4194737940300414E-31 0.1108468888427161 0.0 
2.028258563004228 0.0 0.0 0.0 0.0 0.0 0.0 4.619198203591276E-30 0.0 0.0 
