0.8677823544800946 0.03813098352295774 0.0 0.0 0.0 2.4026255089059163E-8 0.0 0.0 0.0 18.478433991572942 
0.8672487938170097 0.04463962186178111 0.0 0.0 0.0 3.006374017776709E-7 0.0 0.0 0.002359887830556516 18.465908584597997 
0.8677823544800947 0.04457325694326703 0.0 0.0 0.0 3.0064477433820133E-7 0.0 0.0 0.0 18.469647446447137 
0.8672487938170097 0.04456518465104927 0.0 0.0 0.0 3.006374017776709E-7 0.0 0.0 0.00236115986597334 18.466451656396053 
0.8677823544800947 0.04722761759571998 0.0 0.0 0.0 3.0064477433820133E-7 0.0 0.0 0.0 18.464513418669803 
0.8672591920752778 0.04457325694326703 0.0 0.0 0.0 3.0064510506151043E-7 0.0 0.0 0.0 18.47013035815953 
0.8677823544800947 0.01022487238728193 0.0 0.0 0.0 3.0064477433820133E-7 0.0 0.0 0.0 18.52280806465857 
0.867032987475601 0.04769979397238357 0.0 0.0 0.0 1.1217818717031862E-8 0.0 0.0 0.0 18.463265858700623 
0.007386555746555591 0.795992435992508 0.0 0.0 7.748682101158578E-6 1.3059824632718162E-7 0.0 0.0 0.0 18.671723042073086 
0.4485267352186983 0.7355131399461108 0.128987939339619 0.0 1.477940535083045E-8 3.006447743382013E-7 0.0 0.0 0.0 18.74618855179478 
0.0 0.7878314205252693 0.0 0.0 0.0 1.1539525879985944E-8 0.0 0.0 0.0 20.1989174615898 
0.4338958004052868 0.7878314205252693 0.0 0.0 0.0 3.0823039920287685E-7 0.0 0.0 0.0 18.71337980534537 
0.0 0.7878314205252693 0.0 0.0 0.0 3.0823039920287685E-7 0.0 0.14774519959562238 0.0 18.426495831837308 
0.8677823544800946 0.795992435992508 0.0 0.0 0.0 1.3059824632718162E-7 0.0 0.0 0.0 16.990261960334877 
0.8677823544800946 0.6979073029874211 0.0 0.0 0.0 0.0 0.0 0.0 0.0 17.632428640118622 
0.007729187698338309 0.731398077748438 0.128987939339619 0.0 1.477940535083045E-8 2.0421524235083807E-6 0.0 0.0 0.0 18.817505423512767 
0.8672487938170097 7.894623433307833E-4 0.128987939339619 0.0 0.0 2.3236409827680877E-8 0.0 0.0 0.0 18.284442955834653 
0.8677823544800946 0.6979073029874211 0.13100552422302197 0.0 0.0 0.0 0.0 0.0 0.0 17.38149666489435 
0.8946146121852183 0.6979073029874211 2.714786429055219E-4 0.14943458974930057 0.0 0.0 0.0 0.0 0.0 17.38060771695566 
0.8672583195723775 0.0 0.0 0.0 0.0 8.178877186873799E-11 0.0 0.0 0.0 18.53279779740764 
0.8672487938170097 0.041885462985823095 0.0 0.0 0.0 1.3059824632718162E-7 0.0 0.0 0.0 18.479201913166886 
0.7309753656386386 0.04463962186178111 0.0 0.0 0.0 1.639754766329008E-7 0.0 0.0 0.0 19.0113906392215 
0.0 0.04463962186178111 0.0 0.19469738176678486 0.0 2.046172124651615E-6 0.0 0.0 0.0 19.84141226759706 
0.8672583195723775 0.047666611513126525 0.0 0.0 0.0 3.006419326063037E-7 0.0 0.0 0.0 18.464969154019244 
0.7695082795765535 0.039098815771144185 0.0 0.0 0.0 3.006447743382013E-7 0.0 0.0 0.0 18.765121376245144 
0.7697377863453997 0.03870911344970203 0.0 0.0 2.9145339239274597E-6 3.006447743382013E-7 0.0 0.0 0.0 19.214150011522324 
0.8630308952707102 0.0 0.0 0.0 2.8932490786623205E-5 8.178877186873799E-11 0.0 0.0 0.0 19.724461178579432 
0.8579516113032367 0.04463962186178111 0.0 0.0 0.0 3.0120671689116467E-7 0.0 0.0 0.0 18.466763671824413 
0.8670329874756009 0.0 0.0 0.0 0.0 8.178877186873799E-11 0.0 0.0 0.0 19.43490465831393 
0.8677821990706075 3.2976643415123314E-4 0.0 0.0 2.941139462663036E-5 0.0 0.0 0.0 0.0 19.536442247403222 
0.0 0.0 0.0 0.0 0.35400370403664555 0.0 0.0 0.0 0.0 19.981657210350967 
0.2990988782382788 0.7832496619985436 0.13106234527061666 0.0 4.487452753580202E-4 0.0 0.2062227903513459 0.13906713714712018 0.0 17.424474699423588 
0.8672487938170097 0.04463962186178111 0.0 0.0 0.35400370403664555 3.006374017776709E-7 0.0 0.0 0.0 18.26938387987281 
0.007469982818025594 0.0 0.128987939339619 0.0 9.01757806383806E-4 3.2216523589490905E-7 0.0 0.0 0.1653947402438232 19.63799906162178 
0.0 0.058676505162075246 0.13106234527061666 0.0 4.487452753580202E-4 0.0 0.0 0.13906713714712018 0.0 19.607305277314314 
0.007469982818025594 0.03870911344970203 0.0 0.0 2.3404460486412595E-4 3.006447743382013E-7 0.0 0.0 0.1653947402438232 19.83451969533425 
0.7811650739958931 0.03973601904235791 0.0 0.0 1.1661364331487204E-4 0.0 0.0 0.0 0.0 18.697929162253086 
0.033635107083629226 0.07209159382825694 0.0 0.0 0.0 0.34357019951862827 0.0 0.0 0.0 19.752102414642685 
0.8677823544800947 0.04457325694326703 0.0 0.22759299125769075 0.0 0.3428290317723849 0.06191991795179097 0.0 0.0 17.64345760439106 
0.8677823544800946 0.039098815771144185 0.0 0.0 0.0 0.3409795357314036 0.0 0.0 0.0 18.164110832989085 
0.2504614674407634 0.0 0.0 0.0 1.3353433297400048E-5 7.380808267517366E-5 0.0 0.0 0.1653947402438232 19.576534668117386 
0.863156489816702 0.0 0.0 0.0 0.0 7.380808267517366E-5 0.0 0.0 0.0 18.532746759712538 
0.8677821990706075 0.03870911344970203 0.0 0.0 2.941139462663036E-5 7.380808267517366E-5 0.0 0.0 0.1653947402438232 18.378930806519733 
0.8677821990706076 0.7325810681993283 0.0 0.0 2.941139462663036E-5 7.380808267517366E-5 0.0 0.02172278461865995 0.0 17.36280541937163 
0.8677821990706075 0.0 0.129049975202829 0.0 0.0 7.380808267517366E-5 0.0 0.0 0.0 18.281394731477217 
0.0 0.34296987460281486 0.0 0.0 0.0 2.0461721246516145E-6 0.0 0.0 0.0 19.910561197450374 
0.7695082795765535 0.7295440894376864 0.0 0.08903725801167638 0.0 2.0449594023457243E-6 0.2062227903513459 0.3035584912250892 0.0 17.672956749020752 
0.029333595524370065 0.047666611513126525 0.0 0.0 0.0 3.0064477433820133E-7 0.2062227903513459 0.3035584912250892 0.0 19.420629192116802 
0.0 0.6979073029874211 0.13106234527061666 0.0 0.0 0.0 0.20592753768737218 0.0 0.0 18.67026137708928 
0.7698618786346642 0.03813098352295774 0.0 0.0 0.0 2.971786821035789E-7 0.01342022558820929 0.0 0.0 18.7487407711402 
0.8677805535002601 0.027264599632828408 0.0 0.22917722328570045 0.0 0.0 0.0 0.2910962310693432 0.0 18.186874059916164 
0.33561710233650627 0.0 0.128987939339619 0.09141374095376428 4.2304840092003755E-8 3.0064477433820123E-7 0.0 0.0 0.0 19.486112000899205 
0.0 0.795992435992508 0.0 0.0 0.0 1.3059824632718162E-7 0.0 0.0 0.0 18.678940366508265 
0.8677823544800947 0.368629910707988 0.0 0.0 0.0 3.0064477433820133E-7 0.030193750303197486 0.0 0.0 18.24563994403608 
0.0 0.07588112067826192 0.0 0.003179299880353442 0.0 3.012208912077985E-7 0.0 0.0664245880912262 0.0 19.99037538091691 
0.0703722115741817 0.05265060804462436 0.0 0.0 0.0 0.0 0.0 0.2802481053122862 0.0 19.646942184393335 
0.8677823544800944 0.08953531571219114 0.0 0.0 1.316843064879338E-5 2.094636062225084E-8 0.0 0.28795233652023317 0.0 17.96749890299736 
0.8677823544800944 0.7878314205252693 0.0 0.0 0.0 3.1743913140704686E-7 0.0 0.28795233652023317 0.0 16.61939895836523 
0.8677823544800944 0.7878314205252693 0.0 0.19458887125975613 1.316843064879338E-5 1.1539525879985945E-8 0.0 0.28795233652023317 0.0 16.237782895333208 
0.2990988782382788 0.7005262715612968 0.13106234527061666 0.0 4.949124342438492E-6 0.0 0.0 0.13906713714712018 0.0 18.382838300316482 
0.002312932331696327 0.04457325694326703 0.13106234527061666 0.0 0.0 3.0064477433820133E-7 0.0 0.0 0.0 19.906111119277544 
0.33561710233650627 0.0 0.128987939339619 0.0 4.2304840092003755E-8 3.0064477433820123E-7 0.0 0.0 0.0 19.64614402778664 
0.0 0.05654594770660764 0.00218517531375763 0.0 0.0 0.0 0.0 0.0 0.2096626022409112 19.739358400926175 
0.42071644010322645 0.040811402347254166 0.0 0.11677095644902354 0.0 0.0 0.0 0.0 6.549632247309251E-9 19.83748076391239 
0.8677823544800946 0.6979073029874211 0.13106234527061666 0.0 0.0 0.0 0.0 0.0 0.0 17.3766856774954 
0.0 0.07588112067826193 0.0 0.0 3.826553587726058E-5 0.0 0.21949759143287234 0.0 0.0 19.68871780277821 
0.0 0.734231849128311 0.0 0.0 8.86132345647429E-6 3.006447743382013E-7 0.2062227903513459 0.0 0.0 18.654037975024888 
0.0 0.0 0.0 0.0 0.0 0.0 0.0 0.0 0.0 20.22777550282349 
0.0 0.09057469573107343 0.0 0.0 0.0 1.3059824632718162E-7 0.0 0.0 0.0 20.06935609008605 
0.17931750652818276 0.0 0.0 0.0 0.0 3.0091281071130623E-7 0.0 0.0 0.0 19.867302569111075 
0.335329401250012 0.058676505162075246 0.0 0.0 4.2304840092003755E-8 6.573946618106518E-8 0.0 0.0 0.0 19.802992634798738 
