0.05003204661653491 0.3717621601123898 0.02146429846624507 0.03149088772879391 0.034508879100746286 0.03204701043075654 0.047077414562519966 0.13946352552110355 0.3617982986913603 0.9409692537552973 
0.08688392202686646 0.38542744234385634 0.027255683357628582 0.04225719565550648 0.06299997124127849 0.02654198964036484 0.04263577486848548 0.14566335009813317 0.36960329070820924 0.9461728558349454 
0.04357582504278453 0.3789895051836558 0.01374515619575655 0.032247836951176154 0.051301721658911725 0.031115054099237836 0.04967049869230568 0.14692314047955865 0.37351736382659056 0.9398510824012061 
0.04911552814431337 0.4087621936857889 0.018700921341679628 0.054488749476437316 0.04707044430352293 0.03698900856837766 0.02794683017179705 0.1473351471695637 0.37932968239209014 0.9395936775229297 
0.03391964383820533 0.39252624403993286 0.01800810366487897 0.03594826996349586 0.0496281787248532 0.03738986435127885 0.026773675211594957 0.1440723543942409 0.36467865634100255 0.9304246884636457 
0.028974286097734264 0.37012204513881486 0.02331223700504919 0.03160135020957622 0.03961404374718759 0.028017471633414073 0.039425446116128304 0.15207259020532798 0.36177023331302216 0.9486181003911538 
0.024429451190836438 0.3872187037163971 0.03271591323588484 0.023811174263821098 0.04934305456828994 0.02975802084327671 0.04255072285766418 0.15458383586521487 0.36266496301154605 0.9395505632299221 
0.017967085361980027 0.3781045303604383 0.017814577422475948 0.03463214631354081 0.03962828860223944 0.020390736352233978 0.042021000064731626 0.15343854702297507 0.3716558117918056 0.9388110750207428 
0.042151273839004244 0.40241355553012687 0.05654455830928644 0.03960488098628406 0.06678701164841921 0.05427016925752941 0.033566479148260574 0.1717958907199268 0.35671970168627715 0.9336678528158819 
0.0229308981246472 0.38026157729334553 0.054942353720431346 0.021791990520707863 0.04411808351187731 0.025686250161199818 0.041850715855075306 0.15556213823420084 0.3600954355976981 0.9448035266287167 
0.029917516320224043 0.3820761394500707 0.02200126572102186 0.03466992304686583 0.046684611304390736 0.037731653414540385 0.04680851756281098 0.14959773148205532 0.3711436768855456 0.9540968086071171 
0.016609017824633546 0.38068994722123023 0.1760460857921391 0.04762492243060427 0.03951397525091275 0.02081142857012839 0.054184802333878894 0.14343031148055158 0.3656237480885224 0.9347056313554315 
0.02429073796939819 0.37210118588116325 0.03628865223457684 0.028481543421867025 0.04140912152524735 0.02253705400838605 0.04269222439627775 0.1534873415060146 0.3741690082332258 0.943754102138829 
0.019687192259506138 0.3761250177553568 0.034300794901435526 0.04475123981052874 0.04811558183592618 0.030778595987745586 0.030742398285170433 0.13861203376113554 0.3788957815120817 0.9346837157823943 
0.02139027192606125 0.3713887471782495 0.026399881392668995 0.030295070028755068 0.04487617172042904 0.02821166197084422 0.03978666741108543 0.15459676527444055 0.37868755219226335 0.9358670578987222 
0.01433721786460181 0.37603296902318395 0.04226818976771857 0.038063181274444996 0.05778208954576338 0.04121608148329642 0.04590460859110263 0.15046690958613196 0.3683738354287263 0.964887266091332 
0.013833397132676912 0.3784069960354499 0.02417254237651422 0.065653653049844 0.039324433036235035 0.02906017583045096 0.037545873907523925 0.14570480803804242 0.37104571776862416 0.9513308033538699 
0.026437457898836177 0.36874094755766024 0.022781437093566836 0.06277169490907622 0.04237539452556303 0.02530478501587411 0.03348476626656732 0.1377503370458907 0.371179739506947 0.9373680141098515 
0.02504799086054892 0.3751908766916126 0.014192919888185138 0.05335687794238653 0.029810031930904257 0.027517023843908126 0.06304175704081855 0.14355654612698587 0.3655592718677381 0.927432488979884 
0.02057710026126961 0.3835221988046938 0.011107556174499763 0.06358680414296743 0.04900011325249327 0.023041194324590834 0.0412728668479838 0.15679211270291377 0.37114183633184145 0.9483116493131873 
0.015538035047377257 0.35850819273747037 0.017717164460426538 0.05421442636729461 0.04454931323945911 0.025540148323289952 0.05449889432853666 0.14284186116393266 0.3729410968377258 0.9514936026858744 
0.049833911920804656 0.40735414904626666 0.04391739834576154 0.06915916451409379 0.06844708314907519 0.042105341567082975 0.03673043160381756 0.1514748125876607 0.3565014563624485 0.9242105189574733 
0.030929130604847845 0.3741383668738521 0.02682677367378763 0.052700357919829986 0.04827510108887103 0.028804716834468207 0.04021173969632293 0.14449634529514474 0.36321940969277583 0.9592612671002138 
0.02272555026248466 0.3712586507991272 0.028242409521422623 0.04370491039320243 0.04087249873009666 0.024280754961618047 0.0415689028057094 0.14649944981123236 0.37514030222543454 0.9327986029716255 
0.020999036785165164 0.3594464110074615 0.02956725430506321 0.042373370291972315 0.03557312298735461 0.02678334825615692 0.052512230683884914 0.14418836497821108 0.36968401051411803 0.9529986236360283 
0.019335038857049375 0.39130397015475993 0.016550280241507023 0.06838476782420819 0.04638554928347684 0.037685285543812036 0.03913267265564605 0.1561286182296693 0.36817891763715793 0.9353222811537568 
0.013315892250560828 0.3799549586701217 0.03323233644639696 0.04064496991353607 0.15885895761181343 0.046025254674004465 0.047495799242221345 0.16086636442358832 0.3553210272709214 0.9429763980180956 
0.024942837216034883 0.3773727363869387 0.022344181409894755 0.05586458836602316 0.05817779479596384 0.028241761115357686 0.04470422301422361 0.14226301414615905 0.3701562274430553 0.9488577246509976 
0.040175435653514856 0.3952484993477909 0.01754393452976285 0.047892140432636225 0.07286500686395656 0.02399386129067172 0.05027130053671125 0.13944450857725443 0.36126979544152865 0.9453283505491652 
0.017856790964415132 0.3738055798251534 0.011772602689767483 0.03868665706411621 0.05566085958547608 0.030183780141514852 0.03621617794434461 0.15430351955001415 0.3650609465982811 0.9399634680794549 
0.015240315696300894 0.37680979333853537 0.005251059824515508 0.038792363030064926 0.08632945167904328 0.06012660879054048 0.0631875861192131 0.15656438497101027 0.3853565076872089 0.9823126965960696 
0.01484444121691996 0.3795879304961349 0.02527844364140612 0.029368732796183412 0.06125723509504617 0.021738434709736916 0.0682735978367829 0.13961582499874442 0.37867279152367134 0.9345865668262301 
0.01642007643583991 0.3943172238662598 0.013569708966193854 0.04107756849812984 0.048918787421544686 0.025627260412383873 0.03697950492601266 0.1479221837098825 0.3625162194409507 0.9368992323191917 
0.00871142307168087 0.3686998736901642 0.04793874383853823 0.04836709661614349 0.05379077409449931 0.031661219102645084 0.028863245767908347 0.15521317118784275 0.3631494510447402 0.9450604056534047 
0.011152881300161066 0.3725633138781767 0.019194437665130678 0.05020857715491904 0.05353027879944574 0.03563563338059596 0.04287876773320371 0.14663429874529357 0.36412252882436563 0.9285168555765557 
0.014706521351508968 0.3685598024681407 0.02750120082196557 0.03741184106058085 0.05325630449282549 0.043984313683304105 0.04071963426426922 0.14990677666571378 0.36184410811086515 0.9425386779750088 
0.018001292544343912 0.3671964747237332 0.019831885147522394 0.037073336505495734 0.046825397050110934 0.059659070683094145 0.03787629096323688 0.16258130463570802 0.36209548043504336 0.9325119292503414 
0.01233766363642137 0.3816033811423974 0.01730780883815609 0.038705221184462346 0.04246089031568217 0.05104382280774085 0.050852554499929356 0.14245868872710482 0.3688631066064095 0.9404881116832021 
0.014971755286266281 0.3717987602668117 0.014982743247097134 0.02725601272104561 0.04733787869387476 0.0473995685044445 0.0459880191786549 0.14928349036278446 0.3575260416770736 0.9255520990276344 
0.022303830601759837 0.3636285882201285 0.009139307524833643 0.04054713020766801 0.04846353430331965 0.047157692802589884 0.042393355358007305 0.1556948992794658 0.36899364115236905 0.9393371411680447 
0.016707788660675484 0.37543540118509916 0.02273034596538516 0.03449810511344907 0.03628759820597909 0.03735143622997343 0.06414621313847295 0.1507197884285515 0.358514715864735 0.9380697056102255 
0.017123126390125677 0.38682944238458805 0.02030428118257863 0.0325897550330195 0.06217323012485974 0.05553937703189252 0.06404241439768052 0.14213412850868234 0.3648805475921121 0.941240316862383 
0.022589037543195172 0.3759725638932277 0.016553609830964565 0.030340425551225434 0.04185432617547893 0.03671679083828665 0.04341444056376078 0.15219834595377837 0.35811077546527964 0.9292655044671847 
0.0138255522484322 0.3844735269634788 0.03596540573443162 0.036237089764670265 0.04252326217877825 0.04229154994344607 0.03252929634921552 0.15933524917168443 0.3627231062663924 0.928919918946063 
0.023927815560277604 0.3756380449154915 0.024105580200374743 0.0260762467565391 0.039498140642901435 0.03433482105699244 0.03923503602564507 0.1518560245677493 0.3644100743205339 0.9367261738837876 
0.044397127041200385 0.3637343281121448 0.021641819635073764 0.04169043428011302 0.045715789226512676 0.05829249434356946 0.04712438947407209 0.15503286461421945 0.3843077889310382 0.9648189659683789 
0.019368545798341973 0.37027798647941157 0.018116017591216206 0.02929631170848014 0.03238098727258708 0.020812294434225748 0.05442938858543104 0.14786346554300042 0.3681749830181143 0.9386898000771944 
0.016888877938672463 0.4081560211281671 0.035278463883553136 0.01891802892922557 0.05205286020082708 0.02219336617229247 0.06453590297444714 0.14130919671066758 0.384733715298537 0.9447575204843585 
0.015260616940781794 0.3810878370674189 0.033684047383243876 0.03327995791221908 0.04222412540269316 0.02365727154697174 0.05287756011902631 0.15180467869022143 0.3725493938155936 0.938457956555968 
0.01571894870372508 0.37565765567628134 0.010770813179397324 0.04460522967499686 0.04957949676665131 0.037677968942726764 0.05566554002383084 0.15486995035549767 0.357824609862642 0.9351542169715059 
0.010292755008337586 0.3837230087089919 0.05234226662423591 0.04004787450703621 0.044484804745100845 0.0485735018180597 0.06787840250516408 0.14896960667039624 0.3771994977016224 0.9721238006408046 
0.018454898286783282 0.6112804263169731 0.062269992830553796 0.07260620802635881 0.06903457797260457 0.03179961350052399 0.09546298992622182 0.16838973139887586 0.35711698222795746 0.9788848553337938 
0.019413414597466105 0.37903934680044027 0.017264793779149232 0.03022325111318345 0.03904380039769118 0.020541217815975878 0.04264965075199473 0.14977031850245925 0.3716688409898092 0.9330871329084638 
0.014848185758461713 0.39690609289497697 0.030606575394297873 0.04163643885952385 0.04490635872645494 0.02254539291832845 0.04750608570972125 0.14713302520137359 0.37839646995499227 0.9304689367480308 
0.015520107925116843 0.3651311577290253 0.04243931019636973 0.04215725174217265 0.037254132103282815 0.03358904827063408 0.04491172149677369 0.14834973831245385 0.36750617995216656 0.9296896951496334 
0.015550385348011996 0.36999497856061325 0.019629699604013937 0.03975036952849827 0.037749369266940995 0.028349139647634997 0.04855500182974121 0.15501082938505661 0.36799628828667613 0.945027195015619 
0.021150245579040192 0.38263522938113104 0.030683855637303636 0.05213350318104803 0.04145854220099666 0.035369477321821274 0.040979374936401615 0.21926347489302453 0.3666798745586778 0.9321350433041459 
0.014316350943728543 0.3988900695790109 0.03853450243473362 0.04165497232118265 0.04185595182866018 0.02691131342769502 0.04358272766007193 0.20399193643479907 0.3671141175853612 0.9343935451276715 
0.022356324972582844 0.38187858956870135 0.0584986570625461 0.04838875663742022 0.039592697521769235 0.0261164574098297 0.05132112550049392 0.19558612884874282 0.3701504240233035 0.9332413779236448 
0.010695110560814826 0.4074611489480373 0.03987295763322058 0.06010877200926751 0.042859527743260864 0.05179760336130589 0.0828710429505421 0.1977942874006535 0.3666399400730486 0.9508455614102129 
0.0842260737951506 0.36335054524713645 0.07021591884387321 0.04451777746366095 0.06237611894563895 0.05511161577045319 0.07957011753445403 0.2299488697687666 0.3838442850681624 0.9316271770975955 
0.03678463106982382 0.3776842532678733 0.02965322565951714 0.05890037639344528 0.044339018033024855 0.03368739901013157 0.03325898658297949 0.17856512994105425 0.3583728652813157 0.9475300065577041 
0.018768104255071985 0.3747798266975687 0.02078685930779732 0.03613450385832107 0.04498720645457836 0.04269492276229007 0.03756296178496921 0.17037217430662246 0.3567334525158085 0.9279509392505895 
0.015314348073200944 0.4083763160820651 0.028346011086633382 0.06699785702148045 0.042452171352483095 0.033356503663126494 0.02962148050925227 0.1706511978588394 0.3662032138116891 0.9516289259110093 
0.019902477624294465 0.3744754603589169 0.016678813261746216 0.02353631246462723 0.028049526430007944 0.049733184903404365 0.06491135864994174 0.16274341914443244 0.35827911157991976 0.9362007425917794 
0.03407942878414433 0.3612504539719337 0.013111284843356039 0.04255100479197065 0.03764441761802011 0.02173863094531819 0.06497907156339562 0.14149570567059333 0.39394062243804906 0.9332702089705491 
0.007808963941333898 0.378626652975923 0.033773289908081865 0.02144967649712234 0.05197143502251842 0.024697515499038918 0.0421148437710384 0.14497309903127198 0.3937361130936033 0.94938849022063 
0.016573142955839847 0.36058462703150646 0.020569706332517274 0.04774636692614111 0.05488872258031148 0.02978539797768202 0.05360468910442681 0.1399889628353108 0.3903148573122798 0.9330060536221181 
0.012595281077954667 0.3675367457268393 0.01931804675347244 0.042513800880183875 0.04199070308746571 0.020312910622141033 0.04518299530771941 0.1447821350544846 0.37768339583498894 0.9340722675012428 
0.017095336662895068 0.3785888277654369 0.019297934959270124 0.034716893779972204 0.04773402845724543 0.029731525551534903 0.03372783192978018 0.14890998239886533 0.3848371630959056 0.954385618296074 
0.022840630083186122 0.3716462936656142 0.02455401496657092 0.04103786665049857 0.04283960112443703 0.029195136402247995 0.03434349314225107 0.1360769053087357 0.37986076930461815 0.9335121834300789 
0.03390055179420629 0.3565639127160829 0.012486235769350665 0.04966929639993396 0.049026501309501244 0.023185204397171394 0.05930272922366196 0.14213013287521264 0.3846727092694454 0.9313077391911744 
0.024026807223914676 0.37132953913690836 0.017974299752631245 0.032999227519772745 0.0481203063391355 0.023100960425833945 0.04964434502489497 0.14145271141236132 0.3870604967478712 0.932801272176628 
0.019555012467496285 0.3741648316275554 0.016107727364801188 0.037454698826960627 0.04448288888790526 0.027549653206589995 0.043618444938636536 0.14250284492125243 0.3776536142561953 0.9377149612278685 
0.01106379744903672 0.3609116727537164 0.035058318307276445 0.061223286625028524 0.0326447723926451 0.038300217670991676 0.0732663622365238 0.1481887956810343 0.3684663755323256 1.056742828894132 
0.008055565045924426 0.3804310271781271 0.025130257398365635 0.03299208296437878 0.0271740845175727 0.03175989754385334 0.05480228784992054 0.14823085856880286 0.37016450474081614 0.9890934194955193 
0.013318705270429585 0.38698989139673357 0.01324648003912286 0.02611146412729321 0.03679076718364691 0.042492021147602324 0.04124771552197917 0.15303341660893757 0.36489682122017814 0.977224865892313 
0.023582930291449686 0.36311550226670364 0.01565212579156692 0.027143112913826404 0.02900131160238324 0.033224975089371354 0.05897939047901715 0.14841427222638812 0.35789076723336216 0.9602325604679919 
0.011298400422991784 0.37206388110310895 0.02905407118129817 0.051287357982692204 0.027820728370315198 0.029138101347333696 0.07315408215769865 0.16383025901705342 0.364199777206662 0.9623175090298042 
0.015781485619583854 0.37539360364360214 0.018316967696638188 0.03817901731730084 0.02440351295601688 0.012184931658549662 0.06358347628756583 0.14617610924648133 0.3812051024709936 0.9543713426997683 
0.011821458612922768 0.3788902679136931 0.024253646789547147 0.056414566613827447 0.038648298425418004 0.037288327542706855 0.04410625945467796 0.14238223105683004 0.37146881651150016 0.9634693011904385 
0.02589963459176412 0.38653357740784866 0.04056894775142858 0.026410587969456237 0.039001868729882656 0.024880762761307094 0.04227116090296725 0.15112529953741075 0.35946253553144775 0.9576370632248151 
0.014128696339525758 0.36522304679110384 0.03364553794930374 0.03615855159369129 0.0504839905247015 0.027723098862036288 0.05022796091331486 0.15075994560542336 0.3718869833345007 0.9633257574803132 
0.014220791707311515 0.38901567813255955 0.029052312678968253 0.03047016536910141 0.03645055786948021 0.028084864584554267 0.05167573733379722 0.14796448541804363 0.391850544934788 0.9669744219375076 
