8402.816784715213 0.28033876631879745 43.56026673762354 0.3986741960733059 19.45030086301867 
12235.492950608297 6.983927556039963 43.93548545869165 0.07169432891286805 10.874341704290284 
7362.467844538675 0.07373176893203484 43.81384526606439 5.7117530785405775 26.872488496972853 
830.8502030395582 0.4270095245384342 43.907876166779474 0.09115781049634165 8.822719684414707 
473.3408264901883 0.5440286414476396 4.767898274428201 0.6817875857621594 17.926525513376784 
829.9622600099615 0.07717872529825727 43.56993972967056 0.14667653236770384 46.00477187127223 
464.8875696715225 1.1572856730279402 37.95475262307298 0.4198833987302757 54.17456220864099 
216.7994490692051 0.560517459689629 4.79234141199339 0.587674193699544 30.134554587690534 
231.3633552005392 0.550507534401755 27.49218850590805 0.6811323826312672 30.059136136611002 
356.1606900742945 0.9080314249942567 4.062700048616478 0.8180677986398878 101.37293887668613 
334.3036475951667 2.147325241540098 4.699570650611458 0.5778776258901608 52.66368272533571 
233.59396173066253 0.33440339231119814 38.21599625521056 0.42248604137490375 77.72398987047376 
512.9990264977748 4.652229112984183 43.589252965953406 0.16674488591965586 21.517517962569674 
77.96895696001955 0.5755270724849022 5.012476531829132 0.5713476278831848 4.812159346737468 
78.06954052983531 0.5594619686549632 4.970528030283068 0.592410656986963 17.437731603149984 
130.09350445179604 0.0651581201361838 43.67852707518483 0.14124802702590772 30.18022454679602 
233.52359819779727 0.33461368950701037 38.34730806480897 1.8915264734036572 77.72398858432878 
86.73222430496388 0.5553089216800987 12.46260969086757 0.6042966289984485 32.40158782127871 
85.39862691234973 0.966222210261649 5.03356552803872 0.570482767303036 4.808244016487107 
3.3062706874471184 15.711130849623691 7.990169915424393 0.6761371467268515 4.280055498341526 
86.02904238558853 2.1714169623553046 5.267498523892148 0.5822050337135128 4.214281951578281 
77.64475005651641 4.799897787246972 43.53746063639318 0.3616928149915779 7.871250180377225 
86.01498196634219 2.1660058894557066 13.282473602331256 0.6599647249242867 4.223388908435552 
3.6963978534878943 2.928071698561213 29.7682964910461 0.5615820628484192 4.675043058399943 
78.09378802976977 5.22681381089373 37.99125606097688 0.36394424157323746 103.38965085493162 
8.678194733087526 0.9663008750026855 4.966002964164941 0.5775654496441271 4.827663868159448 
39.92416102324093 1.0572249940953071 4.81340464744141 0.5765054522531645 20.103068771106344 
3.7805066473552014 2.3423929316077463 4.746745973904196 0.572988289800935 76.12266961020512 
17.590914896093253 2.1377789521038415 43.511518594523054 0.5528798028832713 33.24887659378855 
3.750809990324755 0.7433292953709816 4.962198999316031 0.576443673834547 5.238856377371803 
233.49957341186413 2.6831715424558147 38.260738414275764 0.3862737095381206 77.68818452843205 
25.794571587040743 2.0638686246513536 43.54256497067081 0.30956838953805105 46.39493992426037 
6.154418734386391 0.10219039421314338 463.2610487870096 0.31144420276981827 7.274150679832125 
107.49055065062647 0.3411934098050283 39.2926959180051 0.8149548778862384 52.726661463680365 
101.52746896293759 0.08216235298771919 43.59157729111723 0.3536819417657272 5.639267364499106 
7.78388139176687 0.06232106274225671 43.890030961141804 0.06696755045834951 22.279631144318607 
25.479506433376304 0.060243675185752285 43.910437239695206 0.578621787464855 7.193672154198295 
5.422968180294795 0.4202939201246732 43.64714256621655 0.1309410234750071 5.702979856585928 
6.028529632059204 0.4397827444103956 43.626266317835 0.1258274606548784 26.136275174060103 
15.9814958358655 0.2967670359453547 43.60410721421365 0.3512262392916409 26.83774132606876 
25.669343913170398 0.05750580215555599 43.91818678946262 0.5964346133002187 22.712140499767994 
12.0052449175744 0.6916738742141615 43.54439417578298 0.1773404671571748 26.11904030201553 
5.944989446175487 0.06278526093671304 43.951692771598324 0.3255178130918175 35.98560202342612 
7.7120359120466215 0.06320347665728052 43.8867670564561 0.8692031105765925 22.787158954386634 
55.86522356329795 1.3654255103365147 48.11428827490005 0.31717454242415327 5.6279241620503555 
5.34978733955385 0.11876136306205141 51.381325924599416 1.5595184735614305 39.83529980258702 
48.702302117738334 0.06284650391439378 43.59731111615462 1.0737521590265875 50.9481052950961 
12.494133023939053 1.690913504147334 44.04738116237121 0.33003762764117117 5.609512475459731 
43.21371538286256 0.5675476308568845 20.207900656562988 0.570888465792644 4.801806398030471 
53.6350766517244 0.053444041823314525 118.94761235593077 5.618022741032601 22.701031062827276 
3.5103392503121476 0.6158780215983077 27.981175835223354 1.0826373206574778 4.257801916419914 
9.230627234381547 0.5561978974107978 25.92817178015832 0.563220903773036 52.74639145905472 
8.2095734029636 0.5474373868580383 4.549948557077329 7.68740984522698 4.822806812746651 
3.691570736037916 0.5486873838707831 4.939385644970153 1.6012499699209033 5.245036375099627 
58.51923720256356 0.29627634818142023 40.20801124022094 5.823578568094083 103.3917794671015 
260.63442001336546 0.04912672754733775 49.184483507213216 3.5122096777130425 48.62408085434798 
52.816337701525235 0.31794829789436424 40.06762652901482 3.4124361009644337 64.20077749407292 
15.964723937657487 0.27827064319780864 43.83046360428922 2.70716172458811 25.595037029226546 
286.4790244085023 0.31804276139950166 38.01505668182945 4.363539299509674 102.38609547924966 
2.2199827339961633 0.5508029802196681 25.967469139336426 2.9494222265566754 72.27363228471937 
3.5807241992236385 0.5492575533226064 4.736440713922754 1.2471096866721947 21.21779993469291 
2.6868735177303544 0.5373984888859857 5.52446755880096 0.8200815823751532 5.099681522801556 
3.6641600577024707 0.5486484099458997 4.738642485050689 0.8819072571333354 17.62535266014115 
2.312779608383292 0.5481182298475819 4.784691552903615 0.7032666824425933 15.264046192840254 
8.978851791475709 0.5608332104097624 5.1132421819410006 0.5733398629263815 4.549395894872524 
20.691280255813716 0.5448295428329092 4.868199327172183 0.7122041360425044 27.23584633089584 
2.7803520278235854 0.5624812018774926 5.061916608150765 0.5739460100833585 13.974651352820569 
3.264440709323032 0.5433759686837272 5.05628385630519 0.6208093914580639 640.2578499731615 
53.294112662136925 0.05438420823186815 44.0623354500969 0.581293246638562 698.5189336678897 
4.705222931590921 0.25959886599786025 50.27023020569129 1.5141708927820048 422.9725941507986 
86.75766446059879 1.4833718842186088 38.24938840982602 0.3570743489475072 316.7240568657635 
140.55770143862108 0.7475939322603358 4.631072196802918 0.5759626049991311 141.81043641104262 
128.11467869455808 0.512842731519263 38.30744805931114 0.33565089013376054 138.08562890064613 
2.8208605369389494 0.562080819117494 4.748851152307566 0.5618948743342821 76.11036720574549 
88.3066640663266 4.618087526454717 38.195145187801266 0.36034859837514893 384.26961301738817 
58.53883465901936 0.30247436304413844 39.27848639879402 0.310167641287991 103.39333294400183 
67.70311595811755 0.8006919026135346 37.6107040543586 0.5158236162500501 105.97703269826127 
3.1951943975251744 0.5442342436830157 4.883188869236508 6.656345291051506 462.1666719942781 
5.992847174445271 0.5614901866758116 4.748458980008425 0.5649763433036736 52.96699477959566 
68.13667756752103 1.1348613284178335 37.917848026509134 0.4171958384604339 103.25932282614875 
53.71081738434694 2.106860239820128 38.224548092276706 0.3519086587081834 126.29790719275573 
2.3361478502719133 0.9978406075993498 5.822119687556998 0.6017129396881967 50.10688952277356 
4.529919365765418 0.5609044980800263 4.717442691106154 0.571879311523103 27.54463053644063 
11.619399958797974 0.7574016322602443 4.833024505330162 0.5613421764438108 27.562005091158433 
