8.663593092727195 11.090855749813405 4.164174137937967 13.080860017177418 5.133028690622942 8.154069470718504 20.438158493353672 5.97731241043954 
8.153012457695327 11.044008428512901 4.151544702997579 13.065496331825287 5.1724810497996465 8.17804425458042 20.327548338324803 5.942289665264185 
8.425412584974966 11.127792166055794 4.145636715014915 13.168259294732591 5.1889441972340755 8.17413652549972 20.340771119760802 5.949157356598795 
8.196735796173172 11.042258754491657 4.170441254059709 13.10052749657477 5.114533093285213 8.155006335849329 20.358259880464868 5.932660164405713 
8.234369888593282 11.072302443457856 4.109743319165521 13.179094104306447 5.138058843163592 8.250264440402388 20.32927261776854 5.950731908248139 
8.232528755782432 11.21687475521947 4.209201710378009 13.105115044857339 5.17457007204311 8.139364129530616 20.285447587530754 5.994034271260653 
8.223275796615908 11.19116781084069 4.16680542867571 13.036048019697063 5.087261578113107 8.198279178473841 20.45537768501635 5.954462116083435 
8.277248268166266 11.170290953729136 4.199370318570366 13.13437369012426 5.137587952759033 8.29869197841173 20.509781486802186 5.924493246430916 
8.188330064876514 11.049382772201923 4.152908817161725 13.136305717875278 5.122631101680161 8.20827330040297 20.446609134011922 5.910551137400911 
8.231444145599834 11.112665709367246 4.119427773846176 13.2331140148431 5.125215963184778 8.164475018170686 20.517793950514285 5.900490794546836 
8.244383866807906 11.274968222195877 4.1206696654129 13.19037379130678 5.132539017453146 8.287672705992115 20.321686931343965 6.03065746509504 
8.17185121277407 11.134826955080193 4.191581102951017 13.03644617792804 5.192524568652452 8.13609511174431 20.430169331758847 5.9540334835313 
8.155081443363569 11.53097407097995 4.138181077467648 13.08846474543077 5.10137114256121 8.282648648477172 20.393363460821444 5.977684171225956 
8.128958860150165 11.098375103875682 4.152309911618114 13.09981914345644 5.160273986505805 8.209933712654461 20.382782259053922 5.909898151411276 
8.082623860982856 11.260349024117819 4.102208468288765 13.045304966266016 5.079681246828464 8.259200041353456 20.42878118166882 5.988295083894081 
8.029401080083236 11.162306447053307 4.150375233032195 13.106291880139278 5.110389589967189 8.19910259379612 20.368582671469493 5.928627054649086 
8.099805979519466 11.19455802296467 4.1999834914789425 13.145074364440582 5.193074362184191 8.188814872707182 20.27762991700279 5.951343539401898 
8.232326047578391 11.268756616601841 4.111922073813751 13.200512904383512 5.1287273316681485 8.29846796771239 20.317449997082836 6.03173574574252 
8.14861551865554 11.171458433793667 4.154299336027979 13.114914813327886 5.224981392440526 8.198736545550814 20.281266854329026 5.969627875331583 
8.06610375673559 11.10559322679899 4.169177307282578 13.118126910042474 5.13796444711004 8.18398430818778 20.339714876999352 5.925895510719649 
8.135436981611926 11.115504730815871 4.159483645163125 13.120380160303528 5.167252839457419 8.21063834101874 20.305264089960644 5.919485548857138 
8.057056382930922 11.095312271181053 4.152628358990587 13.138411304952852 5.159456495057228 8.146572141376405 20.364378878226706 5.928052708222235 
8.043749158666191 11.083018208254607 4.124938484928258 13.128144733172627 5.210628038458338 8.198348184475709 20.398725561981454 5.953964468223873 
8.094984849331041 11.139410570880665 5.012889542036241 13.16899880768699 5.187256284281509 8.128880871731829 20.30146434406502 5.927334049407734 
8.169435045224544 11.04030568237972 4.4753821370349565 13.069620656156312 5.16312124439459 8.266178885749405 20.334882677838067 5.982054782419297 
8.114840202360647 11.049963710667813 4.277967624410884 13.13327979885589 5.1469364419308965 8.10522668572461 20.325314822235985 5.956036690029294 
8.132788394516524 11.092882934598178 4.19953135572182 13.071174807465656 5.138475597163109 8.119647189193119 20.369044087010366 5.938861562112685 
8.213162945614345 11.200724672054655 4.258989167564228 13.043784352469435 5.221703730661198 8.173247164556829 20.28170255450543 5.9880207555752785 
8.088496772417995 11.195013775772953 4.236340043961407 13.13808936640623 5.084647642816267 8.140180701498279 20.40452028430816 5.924678782206308 
8.244099887071505 11.037105325347458 4.215941614329861 13.12363305811663 5.08911737907956 8.188093490518185 20.291434919811895 5.93999291229622 
8.206441141323122 11.126696932658636 4.256459696174653 13.13342026800888 5.134474273839164 8.174773732003922 20.526931936877805 5.843167524072938 
8.235339855491182 11.111813109093413 4.20884596211217 13.014406367399753 5.134650654229409 8.188438825231183 20.372732268697444 5.970863259256171 
8.134705591618776 11.098414244928593 4.182354081713993 13.121355066706366 5.1751032722945425 8.168076658943868 20.2842964907148 5.937293253497544 
8.073195933619274 11.01616377131771 4.219512207695214 13.103408334792919 5.214661765864135 8.18073458888643 20.454546296201734 5.856180153009929 
8.195876295414104 11.253564381193456 4.297837961115386 13.265058344717037 5.085220700347949 8.088971655139952 20.448510298858523 6.059900066599817 
8.059310905228754 11.068380219489685 4.098702933456837 13.319324436300535 5.18776590591157 8.15727872453454 20.308407505004222 5.957080044504125 
8.083439078221557 11.038288566338377 4.082017618326663 13.195738316010386 5.138275332012662 8.195408556786827 20.36148911313627 5.95365617223157 
8.07030395583012 11.070333844062326 4.104308518843947 13.214941078536047 5.157139288078391 8.186861392390975 20.425171967579672 5.908427007067818 
8.09197844074149 11.046639418834543 4.123801696826404 13.174183928014429 5.190849336661278 8.124903009466749 20.353819185604717 5.961984609959338 
8.051009252307841 11.04713959241059 4.161033906685055 13.159380073733585 5.096862148389533 8.229439991718403 20.34251981756483 5.930014206847432 
8.179504726575862 11.140928743097824 4.108642088434519 13.199705034122458 5.138434687567626 8.179140508280176 20.352300507930085 5.946311216402309 
8.057248485461342 11.17223959893905 4.126081759727529 13.17312755408437 5.076187596522648 8.2243078377352 20.32488045453174 5.919264479305178 
8.082000153905499 11.169444350441305 4.1009283528456795 13.204313075510079 5.157172135753612 8.183894199524941 20.342572256998096 5.93589734346508 
8.033867454898651 11.002696533997486 4.123585482826366 13.159111315033766 5.175356340544052 8.171663885151675 20.37655048200767 5.964132806837633 
8.063857129836693 11.085883300026891 4.151935776654723 13.152747800166175 5.0766021347879065 8.180062658906497 20.302429873670008 5.932343033124747 
8.240242328564403 11.189204218353057 4.2320235725646915 13.260554165339363 5.102842509963309 8.103577069187843 20.360327957098697 6.073154341340186 
8.155688205859633 11.204231133088651 4.142993575367685 13.24417714636444 5.285046986833181 8.156962623043716 20.40641931996678 5.907411933251613 
8.102020410599057 11.05460587540395 4.196958736442825 13.046555841154934 5.215541101059798 8.103010877859074 20.323333226068865 5.931397326095017 
8.115583275866655 11.03870468170989 4.153959435124226 13.0665616287461 5.188953840264196 8.180057749515077 20.33470749554188 5.932088544992398 
8.045582588564088 11.040310922341694 4.178337720168474 13.08602798486494 5.243063679860262 8.161583120792752 20.41067918602242 5.88016282480475 
8.08589983988484 11.15172605264147 4.363450320483045 13.110621494749523 5.367138782727895 8.31421259158848 20.30888818265754 5.9175285205882995 
8.027551208545173 11.077321460015545 4.1867735343923425 13.112837597484363 5.226683836066973 8.179406216053463 20.36075355905934 5.945903791736037 
8.08025073987996 11.049990098567624 4.145257884003154 13.127282135401455 5.226348567590599 8.186662542631153 20.360144362272834 5.958530673963012 
8.031879157873183 11.122426695480758 4.156883877208274 13.083128750530008 5.240202531512013 8.175137776230262 20.424790825957434 5.925106562930469 
8.097705317381985 11.057409233538738 4.2043517477763475 13.071185929035542 5.190370367759065 8.091797124788435 20.30195594042517 5.925601218213701 
8.069586554931421 11.09892271587624 4.1509552706255395 13.113373219183236 5.219937292149035 8.167231906283353 20.375858680173287 5.944615463324994 
8.118754685351883 11.212007786192297 4.130275870064905 13.196837676230711 5.272970067327793 8.14961021248834 20.318304712792457 5.936878097913493 
8.190807954060583 11.193184714116978 4.145646749999749 13.19630298436078 5.287215983533543 8.176047506080286 20.39053533083912 5.904717294454162 
8.03302353563625 11.090273662834623 4.125389874594145 13.14194562425799 5.213122910199486 8.134548822395232 20.392251353089552 5.957062947663924 
8.145991732385331 11.050730519139105 4.143583399070727 13.100670888982403 5.131884696804959 8.382076521374588 20.305623303031236 5.9367539854021 
8.106901463899638 11.068229682946267 4.141704159838526 13.071404945617934 5.147615031882816 8.205503547659465 20.32057153318154 5.942307176066234 
8.06870259179851 11.041045014443775 4.156198486687246 13.067452687714034 5.146387613403544 8.316213907496726 20.34448700631498 5.946387466381943 
8.101854892015108 11.155663681450783 4.094717641205525 13.046096374524112 5.078735580586368 8.346427850345115 20.363428105453306 6.010060466406096 
8.060784522876713 11.050894322075994 4.171752516255187 13.1430703833171 5.08411415682834 8.26620132763575 20.287808503496645 5.936576518464721 
8.03702039870879 11.01091983532716 4.13894506441134 13.11104854648117 5.1567934624022636 8.22298918565947 20.32608031803915 5.933577434070686 
8.088692501416896 11.069659788805232 4.123393414595983 13.206164082975777 5.246165062432218 8.345829856414744 20.292490674332427 6.093553086989143 
8.055185880936833 11.07680084389548 4.133428975135959 13.108909777543305 5.117790195353125 8.221357249520151 20.322433417533862 5.988139236677032 
8.078372833669569 11.010909160636407 4.06504838684921 13.154718116503371 5.123511756491528 8.25150009091986 20.41092838231926 5.962331393549177 
8.026724397852455 11.067174674856695 4.123504403205586 13.056559824718112 5.110760231268869 8.242429193281176 20.37473255279768 5.9659493602826705 
8.133414008194064 11.019084588087393 4.158625728075645 13.065597950570503 5.123681104755206 8.235237838888086 20.425950351383978 5.954946165535288 
8.19242450777272 11.062985932746424 4.1701895154788104 13.139181689642182 5.11383372600747 8.22942139384638 20.27610725061327 5.938793019459596 
8.091332823948234 11.091438610708751 4.078062054499832 13.07078043319206 5.211894672051676 8.194611455341944 21.055824425664934 5.932928425876754 
8.120108286923521 11.084755658387607 4.137977473141815 13.098926250236707 5.162287645979671 8.156142838287433 20.40045012203111 5.9300431271505625 
8.10368181500007 11.067608925745139 4.116301604334268 13.11064378614611 5.102287481916462 8.149146110487875 20.541274174036165 5.937996882539817 
8.0328396091667 11.195860819786855 4.085347186327382 13.09025470836857 5.150127034737804 8.31061529878774 20.56591468590898 5.928437620920863 
8.122330417190708 11.16312067809149 4.117474263092018 13.083168102643418 5.129657522366356 8.145643265572811 20.455743164699204 5.936946830022903 
8.175521688854971 11.238807929158058 4.177846125640494 13.023181235452014 5.109490280892764 8.189391798129316 20.51163934546736 5.934812019006281 
8.085698811306692 11.231013561222596 4.199617529838968 13.166460936365098 5.131564428203811 8.21118843648453 20.523654432830714 5.876545861836742 
8.23916366642345 11.002125236346659 4.087085161517823 13.277140078125809 5.253694552879728 8.134490443534839 20.601132647554106 6.08409505954947 
8.132289366855726 11.029661715199088 4.1362416204714405 13.091729767164619 5.099537710772447 8.195643455711387 20.400638944676164 5.939141327106605 
8.026078963653482 11.150085893857907 4.0942142813311735 13.125533749517967 5.121102730291892 8.174197926327741 20.41970436169895 5.948942157681906 
8.14152867310892 11.217047436811963 4.089190359469393 13.102483887568047 5.243103065143424 8.135250838942556 20.45095370728856 5.98461746729377 
8.047511574498225 11.054587277877229 4.157757506590929 13.13903855014538 5.120255044323173 8.218040423682407 20.388212678986257 5.945114952258526 
8.024256780031273 11.012063735096552 4.2240255127699715 13.076047420600936 5.149963783359788 8.137090497765342 20.310834324993646 5.961754626880871 
8.076875946027071 11.163254146905278 4.13770895037091 13.04240176251245 5.071252944400551 8.213809546090776 20.491904290400125 6.03106586163289 
8.066245651109773 11.032397416487365 4.165842675397967 13.143950407543322 5.171045214072552 8.147934848621526 20.3236896828438 5.9759041805286 
8.190416947755919 11.029368251006362 4.075159297562282 13.21559687539577 5.121922074345 8.151259984767913 20.494508651086104 6.051308065158602 
8.085860402070313 11.142297495481037 4.140768521061989 13.059336848105602 5.106755305918359 8.15879795816942 20.347266711285375 5.955978231180264 
8.263342989814563 11.224801282979612 4.2497225774874785 13.235495575428391 5.114721639537802 8.11743213166212 20.366043245882278 6.078425107902253 
8.11827283698966 11.039229029816713 4.196038174535739 13.070916271110546 5.10499074871329 8.18479404502042 20.324068667963026 5.941096236402249 
8.10571669326057 11.041124416529158 4.162380618372259 13.069330840680712 5.1410908343355395 8.157125221700257 20.362926907835835 5.938313480364145 
8.103055153776877 11.02387887394238 4.123467781783194 13.157147691126003 5.151767180766424 8.172205145528753 20.399367889338862 5.98143863472592 
8.150842447575092 11.204348584693525 4.717983713819498 13.10381511571186 5.091016941401832 8.166709175386758 20.30136216144998 6.139990664256186 
8.046653492753688 11.104608795858974 4.180406712037045 13.051306954971638 5.1653833881812075 8.157858921191476 20.29466615405995 5.933209768857872 
