3.5500742166196984E-5 7.821988619489053E-6 2.2589434267414208E-5 1.968888688259656E-5 9.842221830373577E-6 9.434031190779563E-6 1.1395746357297843E-5 1.0000178981112569 
2.2079414118017682E-5 1.258399668097388E-5 1.6118076346607646E-5 2.483477473956258E-5 1.4733975519466228E-5 1.0762758817799827E-5 1.7653244092085193E-5 1.0000151775124175 
2.577919664389349E-5 6.450691136895292E-6 1.3402931798138343E-5 1.9250905907297033E-5 1.6869022935362215E-5 1.5041344564407236E-5 1.3809321250762458E-5 1.0000132909624717 
2.9079692334816186E-5 1.188847886708094E-5 2.4555828559277403E-5 2.1756298369030115E-5 1.3395998902989751E-5 7.634302477316775E-6 5.093084538079106E-6 1.0000209224290662 
2.5725180044503366E-5 8.158652305160325E-6 1.639974703173467E-5 2.6861182501786184E-5 1.4373043670854262E-5 1.570766823740635E-5 6.5901325569341365E-6 1.000016793735166 
2.591521365465222E-5 5.306364965606015E-6 2.142048450439502E-5 2.2927404817204913E-5 8.589379333841692E-6 1.1437143130621505E-5 1.683196987291714E-5 1.0000187751888867 
2.8961606202273193E-5 1.1382929977514597E-5 1.8261359691741256E-5 2.0672046705035965E-5 2.630931339700333E-5 9.476063837517934E-6 1.538665368655985E-5 1.0000076496863994 
2.7076624141787915E-5 7.549108549542466E-6 2.1223578157034444E-5 3.0074756154659002E-5 1.9072579886865075E-5 9.298281703040341E-6 1.0054127581814317E-5 1.0000106298222338 
1.8791121427199767E-5 1.5810092512222268E-5 2.0266672668134338E-5 1.7386138402544802E-5 1.2640660569134956E-5 9.859575907932222E-6 1.1602079838914764E-5 1.0000136356331835 
2.1417572430754048E-5 1.745228478798933E-5 1.966394002933717E-5 1.935953997836537E-5 7.66069526283394E-6 1.4731858054208815E-5 1.1036925551555303E-5 1.0000122882723548 
1.9242832103097295E-5 4.851501025952043E-6 2.0965829091348567E-5 1.9682282779536483E-5 1.6544346535521154E-5 1.4243161577576765E-5 1.4174492605089757E-5 1.0000191182133893 
1.0100284896202234E-5 2.373485645328205E-5 2.211654566525471E-5 1.212810169574832E-5 9.002274670756698E-6 1.622021048632044E-5 1.7105892283852087E-5 1.0000193300632443 
1.4667228128762395E-5 9.816140372009562E-6 1.5721279704032827E-5 2.6587062290979705E-5 1.4300130377977234E-5 1.3055982286930118E-5 1.6654168810598773E-5 1.0000173497065656 
1.0196056496839613E-5 1.9628262031250253E-5 1.8730631676245502E-5 2.2525068746671433E-5 1.6247861415002275E-5 1.922933166215772E-5 1.1697455499910688E-5 1.0000138331572355 
1.2756986410123399E-5 1.9811492148241177E-5 2.275608127587532E-5 2.240517531412363E-5 6.923364184444078E-6 2.149511976678574E-5 1.8583400103758042E-5 1.0000095932997344 
1.3486081616824726E-5 1.5071363954680179E-5 1.909805712044242E-5 1.8364693060396608E-5 1.7114596294541016E-5 1.4288663122021305E-5 1.7424850357429936E-5 1.0000136569248887 
1.475592409233132E-5 1.1171651337703352E-5 1.7070292471976817E-5 2.5102459329104928E-5 1.553679658512074E-5 1.4491624414018332E-5 9.165555481751433E-6 1.0000111405487697 
1.8015827868249695E-5 1.2110119242460057E-5 2.2014201530204938E-5 1.653779909406257E-5 1.7467584573074464E-5 1.4318812960468579E-5 1.665690233417478E-5 1.00001107464175 
8.358478173023936E-6 1.1832710575138273E-5 3.019559787071254E-5 1.7516185734941146E-5 2.1749491553832145E-5 2.7325278735747886E-5 1.801757393560438E-5 1.0000144946410618 
1.8419281008210944E-5 8.353353320154509E-6 2.057228623952526E-5 2.8560913869258843E-5 1.5798469111410945E-5 7.983919155882831E-6 1.5037908608340778E-5 1.0000113887621769 
1.0794182382988168E-5 1.1584603871965971E-5 2.822902908596077E-5 1.841587450759819E-5 2.2508829416274816E-5 2.164907493457428E-5 2.189802635992543E-5 1.0000119540923023 
1.596113672249045E-5 6.355076294719181E-6 2.0217561167160012E-5 2.4127471798314837E-5 1.500117378388122E-5 1.1316998866296479E-5 1.7615072345188193E-5 1.0000168656006654 
1.7738812349890232E-5 5.744045511460683E-6 2.5374845532433465E-5 3.1201318655020754E-5 1.8827438375569336E-5 1.2879340293872418E-5 1.0395365234702452E-5 1.000015562216535 
1.916572424691153E-5 7.958951695218404E-6 4.658661214710059E-5 2.2019476772063995E-5 9.966783803954936E-6 8.245447993278775E-6 7.759813472543153E-6 1.0000120491681896 
1.3423509412165215E-5 2.6121832023449713E-5 3.454513240337175E-5 1.0774554493452399E-5 7.493914950680224E-6 1.639218062697841E-5 1.255578756817419E-5 1.000024821397597 
1.2364547566597208E-5 1.1316502534836377E-5 2.5073954880846125E-5 2.3207847516620282E-5 4.383198444495251E-6 1.3941892664519803E-5 1.2420342771814096E-5 1.0000126929666193 
2.0347230795345116E-5 8.483676986032071E-6 2.7829026040914295E-5 1.7477009846149966E-5 8.215340502492848E-6 9.661295844559645E-6 1.238537785503381E-5 1.0000148533867983 
1.453659969363042E-5 1.3135007221266388E-5 2.6334281819966542E-5 1.327152721337502E-5 1.3264926216416688E-5 1.4035850380526074E-5 1.2066159725323995E-5 1.0000128331883769 
7.918934849020204E-6 1.9036882742775014E-5 2.9576386826686347E-5 1.6869647389098012E-5 8.209285900482647E-6 2.3417311998714864E-5 5.620574998811724E-6 1.0000242016872771 
1.8285398648147037E-5 1.190863124160845E-5 2.623021787837122E-5 1.6941129046520424E-5 6.561770811658766E-6 9.538054744422568E-6 7.982339572794104E-6 1.0000182801479183 
1.0919025584865808E-5 2.3602919009847757E-5 2.9996219252165562E-5 1.9042362293781338E-5 2.217579968831777E-5 1.7448681468075102E-5 1.5520643455470876E-5 1.0000115199919117 
9.084680229778871E-6 1.5331730116463225E-5 2.5861381476148384E-5 1.7475484983203704E-5 6.552936003141726E-6 2.304331837891954E-5 2.2043149358582575E-5 1.0000140732249856 
3.40113465185445E-5 2.437114053237033E-5 3.61760276217536E-5 3.763691853243929E-5 1.185352691718913E-5 2.846121133782271E-5 5.520158905494544E-6 1.0000048575337261 
1.7185213324041925E-5 1.1659603057630959E-5 2.8220945587151905E-5 1.7864063357290098E-5 1.6455759560941102E-5 1.948710596646833E-5 1.0377972548642928E-5 1.0000290349765675 
1.3346426295420441E-5 2.0418624174175138E-5 2.280536980374625E-5 1.3512950438928601E-5 3.2094508836478897E-6 1.535861201785159E-5 1.7309051759539258E-5 1.0000217887236302 
1.8055595691036783E-5 2.302543576728286E-5 1.585848013216364E-5 1.2087693705874993E-4 1.0181323330378011E-5 2.7272563199739486E-5 5.8626388801657855E-6 1.0000289031500085 
1.9042005858526644E-5 8.448565122843977E-6 1.2885562165298127E-5 2.751687137175614E-5 1.4920075108782647E-5 1.614932888981173E-5 1.362648573133027E-5 1.0000155472565846 
3.0350658518524665E-5 1.1804551211502416E-5 1.2394153245982914E-5 7.61118884700051E-5 1.9697552693605307E-5 1.0816627337981412E-5 1.6610048961117446E-5 1.0000278693463494 
2.4854071713162812E-5 2.713707920159961E-6 2.520564486573891E-5 4.527073782680593E-5 1.3984066064635587E-5 8.675031090503045E-6 1.0385723750857061E-5 1.000011743432671 
2.3693114599646553E-5 6.480942879409518E-6 1.480680730236034E-5 3.1518698003013514E-5 1.2700876460609932E-5 1.017652621195367E-5 9.644048938678994E-6 1.0000102644780047 
3.2955769513932113E-5 7.190276729071748E-6 5.930259964779253E-6 4.841930721235365E-5 2.524255316116927E-5 1.3926986306955118E-5 3.0830241555196873E-5 1.0000057515062197 
1.843887316104741E-5 1.2081388146022383E-5 1.62530172819389E-5 3.213074623200258E-5 1.2098648584132604E-5 9.765085218039679E-6 9.848381484407008E-6 1.000019266757202 
1.19798628110475E-5 1.8021485567845876E-5 1.2630979996036613E-5 3.7818920469707877E-5 2.3010875251289968E-5 1.7878802714927217E-5 1.1754380010475662E-5 1.0000206826203297 
1.6214624400367905E-5 7.973624611572674E-6 1.895497078543423E-5 2.672213921073017E-5 1.386493018187431E-5 1.0041254398443415E-5 8.45636842426468E-6 1.0000114847566308 
1.9436876048707682E-5 4.81594365246606E-6 1.756611540858442E-5 3.1133278465563184E-5 1.1965337497670176E-5 5.130310406905065E-6 2.4260618252806655E-5 1.0000148189799576 
2.4669032971894438E-5 8.14148470786436E-6 1.1322018742982675E-5 3.3676100666529495E-5 1.9809670770715935E-5 8.11478990775269E-6 1.2847802379718248E-5 1.0000201636034398 
2.8893145292408895E-5 1.0133542074555542E-5 1.8676909937646782E-5 3.0376348545975087E-5 1.3558992795290833E-5 9.32471852927576E-6 7.53484382853408E-6 1.0000181705134659 
1.740254861426674E-5 9.795735131995747E-6 1.665071314849016E-5 2.3246091608315213E-5 4.492611406796845E-5 1.3792447567994286E-5 1.46064577956947E-5 1.0000055125185763 
9.015062316167232E-6 1.8552038537793038E-5 1.7398524829448555E-5 1.726514361167574E-5 3.405603753989562E-5 2.0427604025152692E-5 2.1289180320468988E-5 1.0000186809048432 
1.8931790452931454E-5 2.499559494894133E-6 1.4297024773227966E-5 2.7514131569612275E-5 2.962129320220506E-5 1.714768138229612E-5 1.0097399517366779E-5 1.0000164992279654 
1.1087816727833319E-5 2.2333254512927807E-5 1.1359171402461324E-5 2.760118041602135E-5 2.958174374013592E-5 1.4204200535668376E-5 1.6771408031947828E-5 1.0000204339883019 
1.3894234997910707E-5 2.8118109250500134E-5 2.209204710381687E-5 2.192219570781807E-5 3.232422524852116E-5 8.63219592977172E-6 1.3968961544153367E-5 1.00001902439959 
1.0630836080456063E-5 1.0307002442886952E-5 2.0211649911012956E-5 2.7842149046494905E-5 2.5776673394737394E-5 8.303459589840484E-6 2.1836204550638803E-5 1.0000169292374894 
1.235619928468761E-5 1.5513301194838735E-5 1.5075088151760804E-5 2.215667386988597E-5 2.0808352370662815E-5 1.1496910497493186E-5 1.775338821463811E-5 1.0000173065726525 
2.000630233628221E-5 2.0424028361233788E-5 2.2179775536996167E-5 1.9320278147698756E-5 2.6437280798806676E-5 7.242719354023369E-6 2.0292833802932126E-5 1.000019128645916 
7.879061256760168E-6 1.560905969014853E-5 2.5671532073861463E-5 1.6100867214000845E-5 2.4631412753769096E-5 2.2890439561135665E-5 1.1045565649209154E-5 1.0000095666058442 
2.1247322013639113E-5 5.98439735119019E-6 1.7825501113019084E-5 3.2150934450619214E-5 2.2664670496889007E-5 1.3327878086531752E-5 4.6456858239864615E-6 1.0000185629497191 
1.3293822668103702E-5 1.520731513409179E-5 1.9490091018776346E-5 2.045530953358653E-5 2.2622012531403877E-5 1.679235970663338E-5 1.4175564575258776E-5 1.0000098010164211 
1.6559724625026468E-5 2.8652739285563444E-5 1.8996376598918106E-5 1.845830212589708E-5 2.1106917446503128E-5 1.5771095144791594E-5 1.1120486655295511E-5 1.0000206212869338 
2.0500472724532974E-5 3.334427760412372E-5 1.1135339228725006E-5 2.0807050684346605E-5 6.668990783840171E-6 6.267928508008337E-5 1.0948841206903796E-5 1.0000214238491143 
2.0536376677797797E-5 1.733401005815529E-5 1.0673020921593193E-5 2.7879145028927224E-5 3.2587556727735274E-5 4.642616305451899E-5 1.4917334164770898E-5 1.0000139118583495 
1.892495934408152E-5 1.089189071031472E-5 1.4090905203043682E-5 2.2640642363433648E-5 1.5205143662584407E-5 2.918250607205092E-5 4.748424465965388E-6 1.0000285590572702 
8.221105134669226E-6 1.4558883160618935E-5 2.2434345752112666E-5 1.5499194099221578E-5 7.905327907759773E-6 2.4242097858483143E-5 1.4417275278938585E-5 1.0000159768010946 
2.287773222896673E-5 1.268143552726268E-5 1.10049300666139E-5 2.9557114497147076E-5 1.9858253267822267E-5 2.948196633888976E-5 1.7819599810490203E-5 1.0000205529656767 
1.3624504971183795E-5 1.8642748648247208E-5 2.343543766085843E-5 1.3684542318936804E-5 1.0497712700646986E-5 2.46254700711881E-5 7.179149438259985E-6 1.0000216280219614 
2.0453110353776626E-5 1.454432806860223E-5 1.922099428744653E-5 1.2420673782411237E-5 3.2413661236991216E-6 2.359557305378298E-5 1.4450773168155491E-5 1.0000141462627063 
9.516710122658442E-6 1.539462727253394E-5 1.930344714078409E-5 1.7781278081919865E-5 2.264402011028791E-5 2.9162849645369716E-5 1.97950418749317E-5 1.000025292074393 
2.604456051141574E-5 2.232109734748795E-5 2.2104541902585044E-5 2.95319754823587E-5 7.313187435469407E-6 2.7634157587214863E-5 5.747506528410105E-6 1.0000241496791717 
2.1685629898457057E-5 1.4608023454498854E-5 1.7245553792735907E-5 1.4665225290877262E-5 6.188711863473427E-6 2.1343457971710233E-5 2.215560770288149E-5 1.0000123891343122 
9.732165211427188E-6 1.3297770427932717E-5 1.7724810441093906E-5 2.1197285013960475E-5 5.131382484701442E-6 2.1826920819591564E-5 1.4278555326764087E-5 1.0000282436397718 
1.7322624432208924E-5 2.3730967099866496E-5 1.3353678377509724E-5 1.9004520933354392E-5 2.9129529729734776E-6 1.951515387416009E-5 1.1377004923988575E-5 1.0000221199129933 
3.066729143589449E-5 7.438114625722233E-6 1.2028202820894056E-5 1.4622932603303485E-5 1.3568250244942674E-5 1.6619682654392397E-5 4.07589371536436E-5 1.0000222506003393 
2.0907827379770072E-5 7.637267485448497E-6 1.2820053851871294E-5 1.571062614961776E-5 2.0349117128781634E-5 2.0501932977612314E-5 4.263250999652973E-5 1.0000249538231962 
1.0742089461421106E-5 1.5402590930612917E-5 1.0595689526474227E-5 2.5162958479181532E-5 9.808630678499366E-6 1.4664615013378971E-5 3.4469082155787454E-5 1.0000332790277573 
1.6573373011527718E-5 1.9628127453173042E-5 1.601670366505915E-5 2.4582121143666184E-5 1.4298131487443484E-5 1.4386405094744501E-5 2.8828445876272392E-5 1.0000071083329392 
1.0909529979136565E-5 2.370468668211271E-5 1.5760171307951783E-5 1.5149106492630337E-5 6.221002598668284E-6 1.5787194407295756E-5 2.659778458438778E-5 1.000024729235103 
1.3207690039391706E-5 1.7388244173690266E-5 1.4756888336659748E-5 1.703193687990447E-5 2.497692381203682E-5 1.9273258305617076E-5 2.5729952327801305E-5 1.0000117427894584 
1.844818621682007E-5 1.8323709725108253E-5 2.161717247446655E-5 1.6772965412958717E-5 2.248591887937864E-5 6.1258353487793285E-6 2.4940608825812117E-5 1.0000060509506252 
1.8465257322029787E-5 1.2107589761816771E-5 1.7282854798917106E-5 1.8071857931463153E-5 9.866853520281462E-6 1.1533508235877442E-5 1.909853150345872E-5 1.0000105496498881 
1.6999219176001107E-5 1.4576534769560857E-5 1.6296358049909974E-5 2.6577259645810294E-5 8.788924239699184E-6 1.7304209910892486E-5 1.9338793311838554E-5 1.000007509146622 
1.5148065505751442E-5 6.181926928884254E-6 1.7551596671569864E-5 3.133191185304835E-5 2.726593422062653E-5 6.152695947499656E-6 2.6722416903377193E-5 1.0000079533913122 
2.163397166110361E-5 2.272650241895675E-5 2.1823052282184788E-5 2.5341768548805458E-5 1.3798567724588848E-5 1.3329037233470465E-5 2.2514438835835195E-5 1.0000065121380843 
1.6093569284960677E-5 8.394796021619095E-6 1.53943767818871E-5 2.33931905751026E-5 1.7955835126621008E-5 1.1995421638720498E-5 1.969162557241115E-5 1.0000154713226796 
2.267083243890591E-5 1.1533879609944848E-5 2.428869414357775E-5 2.9106147339531904E-5 5.2289303180013986E-6 1.4856361886009201E-5 1.1172490634759223E-5 1.0000897105522322 
1.322751049812845E-5 1.0365275997495068E-5 1.5035249471067001E-5 2.3346657097501756E-5 1.1875313630434293E-5 1.5529966704701304E-5 1.3282736682045789E-5 1.0000178655865068 
1.2839779640352381E-5 1.269008075934573E-5 2.0449810656901704E-5 1.7041939120706942E-5 1.0410309851493603E-5 7.726571701712357E-6 1.624619009130961E-5 1.0000407749925544 
1.3179908224812535E-5 2.1714520270821927E-5 1.899833683558029E-5 1.1735845251933977E-5 9.087932692030533E-6 2.0185608811290654E-5 1.5244576416908957E-5 1.0000275949044788 
1.0446615263750214E-5 2.009433523181602E-5 2.467682714559041E-5 1.2428403114105422E-5 1.2228801894571282E-5 2.20825718009263E-5 6.607236532792412E-6 1.0000285059823428 
1.2605880660533405E-5 1.0305312174877286E-5 1.975368066652379E-5 2.4448710250510078E-5 1.0053793558079502E-5 1.3488694262069526E-5 1.5510549846472788E-5 1.0000226671260122 
1.9518074682687055E-5 6.655500075048568E-6 1.9798531188433502E-5 1.768208957621257E-5 9.880029326680917E-6 1.2813910008723249E-5 1.2559987172629022E-5 1.000022016492522 
9.363070827893538E-6 2.0918666115092462E-5 1.2753211296528676E-5 2.877139868846893E-5 2.242280294902399E-5 1.4933601938883452E-5 1.2283722656951175E-5 1.0000243129132955 
1.794683960314768E-5 1.6748502204726965E-5 1.3956173820372427E-5 3.121257397666634E-5 2.521030758769138E-5 9.858759402937006E-6 9.760376684415352E-6 1.0000256328720407 
1.716783074064933E-5 1.768046665385421E-5 2.604953706520324E-5 1.5362434348032906E-5 1.63017958764149E-5 2.4870432783022616E-5 1.514881316613851E-5 1.0000263558269553 
1.65945033066914E-5 1.9748053826202174E-5 2.0549366285530206E-5 1.5814081358686614E-5 2.4180718347109666E-5 1.2334382801709445E-5 1.2500549753197354E-5 1.00002470196415 
1.7855953539505704E-5 4.947830021586387E-6 1.9059729109849283E-5 1.906823500339746E-5 1.6721758755319067E-5 1.4732721678811236E-5 1.335368082720281E-5 1.0000205920349268 
