8.41473860181932 6.021550593150269 4.054785866568368 5.119046964069541 6.307341582260661 5.32423310197846 6.253427668288886 8.929200703196544 
8.18347130999041 6.041573498187733 4.026478699730566 5.092130473281111 6.3069642850723815 5.230132694626951 6.21290100583063 8.941364517028191 
8.162935000548407 6.091300775524847 4.080326386696108 5.069829528643 6.266796419043455 5.232191924362162 6.21034228226048 8.891350905466915 
8.155962719402428 6.045444863843727 4.119880541661184 5.104195271724365 6.244897680786005 5.210751837529841 6.231931385065563 8.975102535630286 
8.240443891334653 6.216423883377224 4.205071543292242 5.067877150755276 6.1911237937709895 5.245239843798772 6.276073286168155 8.957009251697771 
8.139860715836683 6.10006564634278 4.0900369063502895 5.089833374844255 6.206945260697475 5.2197265384874525 6.250984046153727 8.95868911287826 
8.131348469451002 6.061653607052967 4.026789325166517 5.084691477130848 6.256582648439694 5.201993940572305 6.269910622979425 8.930664820001361 
8.138012041432335 6.089332047975407 4.080170024385538 5.114880056375618 6.257193194598431 5.2596544345899305 6.189814086878482 8.917462742987908 
8.142046018272202 6.074228700243382 4.132160030326575 5.148069989465218 6.287137388577584 5.221135600443046 6.168077830686389 8.925707410362282 
8.154098003408881 6.100227200199899 4.098401620747339 5.123876063228021 6.258998853837602 5.190886219247874 6.226245467546254 8.938177833269533 
8.153923269445794 6.030684771997656 4.079125561767975 5.08097235840831 6.308590789341384 5.22827696045348 6.295648833825125 8.967836510526908 
8.153197838319702 6.081579913804071 4.049509735483503 5.190430979283745 6.2515681051627405 5.263011619500162 6.150618723109069 8.938199202918518 
8.064855779507827 6.5572693422160375 4.0670873034051125 5.169821472792656 6.283883150459373 5.212545954855466 6.305070304693032 8.925907376551464 
8.09583322475565 6.129400062297216 4.0696096077191095 5.083474387675451 6.2443699536978166 5.238523891392139 6.205804297536539 8.956922624964026 
8.14968702296411 6.257226880283142 4.054578100646014 5.106748209007343 6.2778154365338645 5.245177026652341 6.257382058361314 8.943037339177687 
8.06684173991346 6.498179696284247 4.265402559842528 5.223012590499268 6.238914904966857 5.396970660262341 6.229915217171546 9.140201654105843 
8.199373316533237 6.331669737392432 4.095487248809088 5.259083037176953 6.2592491467619995 5.2265177912636025 6.265231943702359 8.917187868902346 
8.153875874576979 6.2453780411622075 4.051544052662383 5.070016086339162 6.169693186305996 5.377066980163203 6.3359165597216665 8.990877360342289 
8.08634257589488 6.235695984089347 4.185817258343784 5.14924693272369 6.254082030211049 5.212738231362417 6.222208198119147 9.132509488889076 
8.132309357358865 6.149417057323369 4.06189118995696 5.068461633206431 6.2063056890175385 5.228331613221392 6.26322696981951 8.947664495291399 
8.113049060366716 6.150206475450232 4.038757724928337 5.113046974090417 6.283973330002896 5.279745140054356 6.168943505135843 8.903818249095416 
8.042417245848416 6.172550916016626 4.074402788180501 5.104016501341881 6.284654000231242 5.240218254060735 6.288597728267223 8.922240712507403 
8.073432647589568 6.119084681141056 4.046106236694822 5.129083528898825 6.236136033175552 5.218371790093937 6.230700617135682 8.929693412083946 
8.071323812954697 6.126387277675908 4.033501319781067 5.0926299686509555 6.233708962072568 5.195346966876742 6.267809504667871 8.964868762652564 
8.121881160352945 6.104587665544173 4.515933256000581 5.190737505129546 6.2468208981575835 5.244194603206024 6.22400236373753 8.927733917118012 
8.07419125400317 6.114716956089573 4.135439020739551 5.105833120821154 6.241404898824736 5.25411163715364 6.182611264805902 8.941011451995848 
8.15905428879655 6.180810503377194 4.22617281176203 5.079472727793676 6.252738315307054 5.230241464575941 6.248932272249039 8.959050063022058 
8.153575238845812 6.098802078406859 4.225807617997189 5.133197142523695 6.286032185582989 5.231953492589057 6.170788743529801 8.93020583059334 
8.099769441960005 6.1614836333058465 4.241881821623246 5.083050355394807 6.339324357647817 5.210051476606461 6.298864258308292 8.968890725875116 
8.013990087470297 6.182943076030633 4.246758060055849 5.169818155449221 6.291507793285844 5.244637773860232 6.295244407191384 9.00539734106316 
8.123013993056512 6.044857494639274 4.1580138006236 5.0839422440545565 6.29064496177806 5.2198091436228475 6.227275554223761 8.939478403432142 
8.11550199639638 6.191621456674694 4.2266388251983695 5.14386878680474 6.219746757095703 5.271507493443404 6.35025656744137 8.893641841572595 
8.076969856613466 6.0859542708134144 4.133960540961592 5.129295151287078 6.283251603044187 5.257094030287513 6.163747555866162 8.917842088326207 
8.059028155519755 6.065029305215472 4.135191248818831 5.110570482616811 6.316402485920142 5.269236037748478 6.218733662938175 8.90758360069632 
8.063567815725817 6.070094079883571 4.127511145859201 5.345436517952621 6.272018678905137 5.242644640709454 6.195659310064452 8.917488999990148 
8.071656356250877 6.058912539709435 4.032547972659405 5.2176332272462 6.207571485493164 5.186912083740305 6.29838944171961 8.972038620624387 
8.078965740916525 6.10387352510987 4.084656602338447 5.214118020180106 6.202221666469548 5.246381320055152 6.269003725996657 8.929635870170623 
8.061576102671062 6.065676852931776 4.062808133945912 5.219652406050849 6.2897422048050275 5.358266683938831 6.190986961457704 8.9508050422488 
8.077048289208715 6.079614253260321 4.124453227778516 5.1774504151709415 6.249499272781954 5.286537615225443 6.196941583440179 8.915485574794902 
8.070488992355893 6.083219869678094 4.070968361414938 5.170139807322916 6.257103513462348 5.182982655607009 6.274523260571378 8.90622747116155 
8.09217214904558 6.057707518653607 4.127458061485177 5.161414012994661 6.271593700515603 5.215394019844383 6.212032933639685 8.90575013289996 
8.06845625808739 6.114421397330418 4.0841379161910485 5.152423987093103 6.2282409891904855 5.203878044881769 6.225329300488411 8.935668588782956 
8.053266496483298 6.078603227822333 4.150930570737427 5.206049193967256 6.174402165534836 5.210176861534824 6.27760187244263 8.9490741932243 
8.113217307821925 6.130961454264738 4.081708764027442 5.172706948168998 6.222729323075942 5.265510792425625 6.215146774889467 8.903079287690952 
8.094726956303221 6.047928977098758 4.040875909390703 5.147147818740592 6.223513306659844 5.242183007560423 6.242348053364742 8.93386430771031 
8.074332283052025 6.127249235693687 4.0292184175765575 5.152402071967091 6.269054304485948 5.265365940252873 6.174784364603035 8.932777888811252 
8.105451037329214 6.0500418284517465 4.116782214724218 5.089062838340853 6.984462895741758 5.284266462505859 6.2978011609957205 8.937819731935846 
8.061051030568802 6.042923752873266 4.196234616327254 5.125779261442757 6.496490538119344 5.258720970454811 6.22517969628492 8.922573424030674 
8.06897171689864 6.126408184386158 4.1953537297742995 5.055780019098367 6.534860621139767 5.200989667932013 6.286512753905717 8.904410641858894 
8.050829423446835 6.14719299223489 4.047466756601312 5.12037366919556 6.354428806316014 5.200670970514097 6.230322665151259 8.918152261127453 
8.11258845705291 6.083949850611047 4.111959367067791 5.137330935884133 6.295411119207956 5.2246502474571415 6.172023576933322 8.918296176969033 
8.069422015442443 6.038649972399301 4.118519793684149 5.090216498896866 6.2952919496609105 5.192882116013655 6.262587266937106 8.961470035275475 
8.066459122357399 6.141531436005149 4.115000481678628 5.145894869010941 6.305618613268752 5.260541203146177 6.197562101993218 8.941035849059052 
8.11077073628007 6.046714649587381 4.120255722996925 5.102590082593389 6.2768403592004915 5.239446329212747 6.23844736654883 8.9297063033508 
8.112080448605463 6.151425518543979 4.053098936844833 5.067338685984646 6.288393711436114 5.226587458831852 6.275816051627854 8.964630840130987 
8.099903149257871 6.085622302572479 4.051079239852127 5.141136033764733 6.273828811731097 5.204953641953949 6.248978458321625 8.915183172617395 
8.064541059965586 6.137728528401169 4.124182289421334 5.126221957733404 6.273776535466217 5.200506494454453 6.280143761789784 8.919241317228876 
8.102421747587558 6.102923840540243 4.065457341878942 5.1247157872961715 6.235800640195353 5.230599765640656 6.231896210301457 8.903202677328206 
8.0912307743632 6.097695860474539 4.066453080790225 5.14480012837174 6.206702264730677 5.521585405461902 6.216549305910021 8.90684251584752 
8.044655337969052 6.101610939899647 4.129594405612217 5.1057461174434 6.280084674658136 5.272412479864344 6.224795890497797 8.943814974184527 
8.03361452435199 6.0727667886599415 4.041187178622837 5.181736472919136 6.269501968868836 5.389218695370152 6.198322402748946 8.954856294939852 
8.024785905767367 6.068242357820585 4.073202952078326 5.189257539773475 6.220367224801032 5.398833910800611 6.271316568382817 8.910869247071943 
8.052224503085988 6.085066510893082 4.148631295253811 5.135767973746937 6.341436359788073 5.388124992953695 6.192962891459034 8.940672884930919 
8.058110305606224 6.059617556545078 4.066434120332722 5.208815478733696 6.359496263581207 5.406050980665617 6.3258076084446015 8.998891931132356 
8.081104767418733 6.163252406355413 4.061223666070793 5.1514759709056985 6.18697889767818 5.3270356172784465 6.273848899640917 8.922508553195309 
8.119900697193874 6.0879067816333885 4.057327187496191 5.108961309772625 6.289091361536487 5.2726782796524425 6.157085919617117 8.933029774999852 
8.054870155100492 6.079820840055215 4.0530867060098705 5.096343984642238 6.262518451595909 5.272077407813013 6.194474190229011 8.926330375360212 
8.062029062280192 6.135729021413947 4.077022364672531 5.150249350784361 6.295550479672011 5.268927483479841 6.196393611927358 8.964941249152922 
8.10523518381354 6.042383118021653 4.03832102971564 5.132138426379662 6.228790088110427 5.242231795146867 6.240478734128905 8.937111294855358 
8.001561495716711 6.081282153169851 4.08223956021327 5.092738188766212 6.220332145484426 5.167574997894183 6.460092284315312 8.945805156749351 
8.100976620909417 6.099948926185427 4.094305644755673 5.068951960934555 6.247931955683733 5.254167876712179 6.270019083110446 8.93168762638903 
8.059906884940954 6.04021829262794 4.068488840549082 5.082740695651945 6.349190147319806 5.178154297607721 6.384695473976814 8.907195483867492 
8.126193789981675 6.082153226967668 4.025674911678894 5.101415393895992 6.191289033658734 5.181938456733708 6.318051861742566 8.953131390267837 
8.08683771068431 6.044235364569893 4.061084735283913 5.112429481944605 6.240109300339445 5.331236963619671 6.356840094368255 8.925784865784985 
8.039652898736685 6.085577024093912 4.126707116440754 5.091379124252718 6.239503867275105 5.228327657834455 6.3043724092354125 8.94197472605724 
8.105753818682816 6.053684277584876 4.208754173390492 5.047825743796251 6.229873082996398 5.23036120468027 6.34427995419745 8.930401134686937 
8.094817961519473 6.023903638377688 4.0539177615496005 5.105213465639835 6.264617028510807 5.2032779424402475 6.277122422784571 8.940083170923145 
8.087389002932412 6.050791938804647 4.095919406462469 5.096400752443871 6.221474270418246 5.1840969669893875 6.302730102224742 8.935933388944582 
8.135774763433053 6.128071678522432 4.055492287603022 5.085439858049918 6.19892647613078 5.26433517220233 6.300355410751454 8.978968912403534 
8.156229559722588 6.207412034394379 4.217048200127441 5.082851997510821 6.222562041870007 5.207205793661696 6.360281104546878 8.946110114409812 
8.018813224484573 6.017765600744545 4.177519622418978 5.124762487313715 6.332717055267599 5.163515552546749 6.33180710662553 8.971970572182396 
8.132686095682152 6.071372281226064 4.074544147846072 5.094049868494266 6.224307663512263 5.184496834906427 6.304729954507958 9.1423924259716 
8.099308742739979 6.099607130098503 4.072310060871529 5.135831585803265 6.276530686970817 5.216789448252578 6.254395205454571 9.010927271705935 
8.125553500280562 6.043259274632352 4.0915300842389755 5.128276102395481 6.24012635630882 5.175203988139781 6.295507821342117 9.006562474531158 
8.104021040042975 6.112235992668056 4.048723468570252 5.052929235404249 6.233103337594906 5.211200301374081 6.3419646277559565 9.012113182363635 
8.022511115677661 6.089626917684601 4.068028353273851 5.100711831839395 6.288282440068091 5.246768873166798 6.270697956975402 8.99196045438483 
8.090711228780501 6.078924384838514 4.116877934203899 5.153077891541054 6.28979142336909 5.226093456620165 6.201106218712281 9.01915752814773 
