0.03851771857233073 0.0017003888273505706 0.017162640462544582 0.004617460313470308 0.006440933229017074 1.0002307327816113 0.05577984115462342 0.021724394434527807 0.04090640346040496 0.0879322271276138 
0.02786816752811393 3.6531674647384527E-4 1.96144349915488E-4 5.647880280715986E-4 0.0011707659587384892 0.9992954312013215 0.17853300864590008 0.19609384234090546 0.0014523509464811582 0.003532087238754177 
0.04633240182134204 0.0038805781668591753 0.0022888613494897207 0.03447376946961832 0.022104208692798617 0.9944322353595745 0.17384166296822143 0.414758689573115 0.060172073266968044 0.010487874269585471 
0.04805273600726147 0.026244476100702428 0.052952568110982146 0.02518132576885261 0.02782085966751946 0.9964990178981229 0.35894160118504054 0.18266320687580717 0.07486883096296917 0.01622677230764592 
0.011616084432764923 3.781063519380264E-4 1.982582630410263E-4 5.589783134214016E-4 0.00122692987432004 1.0003286782422516 0.0022753509166802853 0.052034077439738494 0.001612650720859187 0.001145433557678666 
0.05253403282676525 0.012037539262595483 0.023652596558806853 0.01691412084898822 0.012057273927498542 0.993394193670396 0.8511140709962126 0.0014313646100876539 0.005565503756512527 0.005668949022658413 
0.2829521076824543 3.31102855155134 4.064498796861683 2.896901408780234 0.2492653746130878 0.93181667868839 2.0771009597627357 0.6620003325496845 1.1179674554852512 0.6264804133628159 
4.2480700269938754E-16 2.145989562521125E-16 3.729882886432639E-17 4.067079860947999E-17 5.121444777629825E-17 1.0014470134105422 0.05391672195180206 0.012676897534527054 0.09049855748036433 0.0013980521287991876 
4.0921294034380896E-16 1.5616797754005624E-16 3.954575226006121E-16 1.4911293840500528E-16 4.225739305108294E-16 1.000761428968121 0.0011585338659276367 0.0013018938894460029 0.0036977609007111827 0.03586614348826072 
8.863051308088306E-17 1.1945126568107052E-16 1.5209537230490203E-17 3.8871394450547334E-17 8.586126602533968E-17 1.0006999888536336 0.001428921847512366 5.093625850116954E-4 0.007907910914338782 0.009854219033886186 
1.5575739362420024E-16 6.054909949216419E-17 5.886637167810256E-17 9.385007571003997E-17 6.939226389565591E-17 1.0004073822599504 0.002471620298332197 0.0020164786035904866 0.12160366299642737 0.010373502555908845 
1.7791668690605517E-15 7.844953625908411E-17 4.1954319217257396E-17 6.104127683736856E-17 6.812085455418261E-17 1.00059229207311 0.007597212772188517 1.4838893483147883E-4 0.08250398793244673 0.028071743254129807 
9.57249261316956E-16 1.3715219177681824E-16 2.4246698806582505E-16 2.8911048549209497E-16 3.8045076798829377E-16 0.9982062143243843 0.33254291066502023 0.09237088183624458 0.35842801515557426 0.010191525282523765 
8.968992307318897E-16 5.980100377133833E-17 6.665624264847122E-17 4.4196380625243537E-17 1.0261202584004116E-16 1.0001720017319609 0.1795891652752739 0.005875013026934328 0.004697300404164745 0.03853750139757963 
1.1271198801184517E-16 6.83459653865821E-17 1.0795639001702772E-16 1.2888217147556207E-16 2.918496344340698E-16 1.0003301362811579 0.013749656873441273 0.044428774666946336 0.0013961418913017935 3.8502209895632035E-5 
1.1962432721572115E-16 6.693800264447805E-17 9.04001511668884E-17 6.6602404636336776E-18 1.1136776069595908E-16 1.0010543184611125 0.08512921835923962 0.05232424910623595 0.17382192640356905 0.0016070881665935853 
9.370835745082904E-17 5.657843858104072E-17 7.013812423582575E-17 1.484542117933701E-16 5.309062427687684E-17 1.000813518034121 0.06928396197617454 0.0025781490266908367 0.0021280277707882286 0.0136015964815352 
9.780178408617881E-17 3.766254909529197E-17 5.311328933198898E-16 3.5463050199455924E-17 4.267336163760976E-16 0.9992090260206687 0.004031618098127191 0.0013496871287975486 0.12107285439000444 5.492715221887784E-4 
1.0247403650964885E-16 4.529460605413362E-17 2.567357794680311E-16 2.8875721271842123E-16 4.355809466986701E-17 0.996597175259982 0.05066311019090167 0.03421578420960415 0.19703152132424637 0.014077071301707772 
1.3740327719291654E-16 5.761220824050957E-17 8.306228125261585E-17 1.4172164945906774E-16 1.3974808119050098E-16 1.000217890319618 0.05798574225197752 0.0016003463646692886 0.011024054695720676 0.028270702063691453 
1.3358363664645376E-16 6.840062848074414E-17 2.974484317327995E-16 1.194051675963616E-16 7.554402219136869E-17 0.9990073797183624 0.3003650888326239 0.0837716215311535 0.2862623888196397 1.722277015526756E-5 
1.4927370912372503E-16 9.170324916555142E-17 1.0401192367261192E-16 8.617738503898274E-17 4.009106754882782E-16 0.9960873458096952 0.09342008691015428 0.06894558608040907 0.16925924903090273 0.05489139535640134 
2.8204429920327825E-16 2.323901561401667E-17 1.1361935324243802E-16 9.964345447382386E-17 7.647606092979683E-17 1.0009568668206825 0.03957863230110088 0.0016908999331282377 4.914239685990342E-4 0.00792237707819582 
1.5062383770966808E-16 1.624181757312623E-17 5.15755823535854E-16 2.3139057734724917E-17 7.128137484939624E-17 1.016069587231021 0.01834159384042091 0.03993523495094792 0.01996606859969145 0.0016023906234771757 
8.682128487876872E-17 1.9825393351011032E-17 1.0774430594832809E-16 5.648202767330583E-17 6.379915984991247E-17 1.1545007509503633 7.442626917479125E-4 0.14830066973286332 0.09312100715568253 0.07686162416546767 
2.4004864955467207E-16 6.448657324865348E-17 5.036351544691169E-17 6.869417860718821E-16 4.2200896207092345E-17 0.9959010515676907 5.511161365619731E-4 0.25529105373618693 0.0018423306497299123 2.6245975856335253E-4 
1.346193979049163E-16 6.673740950383818E-17 2.4382947322955854E-16 4.1844387676726595E-16 4.132465469261603E-17 0.9927854071874566 0.02613553683730228 0.326640066608185 0.1839442182363619 0.028251189823362725 
1.746813726250892E-16 1.2530195441094724E-16 8.577111940161143E-17 7.363553604807288E-16 1.2961292817329433E-16 1.0006556220532898 3.479237747123439E-4 0.30609485590003954 0.005752250212524784 0.03613299000808541 
6.046086382048962E-16 3.9647085270758857E-17 5.318709317497391E-17 4.885024362608104E-16 7.454091366066521E-17 1.0004207388370425 0.10676834216920332 0.11439822519124013 0.06825244341797947 1.4555992835174782E-4 
1.5836343704284909E-16 4.649521419477573E-17 8.200544027320295E-17 2.707861459683334E-16 3.9880504036656783E-17 1.0001201313729584 0.14284611138458475 0.027395418792097666 0.03848116899881288 0.003984606079676507 
1.1251182682569621E-16 4.171863168211644E-17 2.253985806007277E-16 2.1952752103384222E-16 5.757420158269444E-17 0.9993439525055766 0.008981645966649654 0.07212293033116651 0.1214716370410902 0.008459375860502227 
1.4175799288110445E-16 3.615194929088179E-17 2.6960528001315255E-16 3.7249636688646E-16 4.0890328071617185E-17 0.9965765476814044 0.11999165033421881 0.008004903120988484 0.22459975229984325 0.012374772805807663 
3.85961383040615E-16 1.691250946251846E-16 4.851864973322482E-16 2.2280971369877667E-16 4.2979606421397453E-16 1.0006676923515958 0.005022091323758464 2.3923376945954227E-4 0.0019100790180300847 0.011425087334795473 
1.157882593055818E-16 1.7163797589775436E-16 1.8808690159502415E-16 2.2066846712325455E-16 2.5946212687140496E-16 1.000394613774435 0.043651883666661444 3.0004072481354437E-4 0.0037982475557928586 0.0290678268262525 
1.777057175251056E-16 1.1275444200366131E-16 1.8919398814149296E-16 2.335092488892209E-16 6.109883197949695E-17 1.0005904105987262 1.815946452775463E-4 0.13752993769814056 0.005743554675892469 0.02447560242345303 
0.020344775782281072 0.0012040253075263976 0.016989845681892338 0.04310015638378341 0.08613432717294417 0.9981733391744414 0.4720135064186257 0.10617533063943953 0.016273235750800162 0.05023773223653517 
0.2761808500692343 2.962113062971252 7.2001721383342785 2.9434084795678985 0.15717236522953307 0.9142612951973969 2.1162263025531587 2.2352101110535005 0.4610732916033907 0.8696649502726513 
7.623733285150758E-4 9.552027246903477E-5 0.002402547405254058 0.0010224677439106262 0.0026512294263620413 0.9980160600841588 0.0037042535404565105 0.12616264053868761 0.18419600300417102 0.005893039559423572 
0.0020994813816636202 6.846568865215556E-4 0.0036340572909729354 9.555982776505846E-4 8.079573458581637E-4 0.9978016405409659 0.0033049571977572054 0.0010370950722881477 0.13409820956828114 0.00211795621608721 
0.0011842668188101514 4.97924760043943E-4 9.285820682078065E-4 3.416187703754763E-4 3.345772054274488E-4 0.9726303240386972 0.4871845890948891 0.6289604024878453 0.8764105977769809 0.09069995010276927 
1.660933721489803E-5 2.24284686988721E-5 2.7172158106956113E-5 5.168296848719465E-5 3.606987535210626E-5 1.000376205524535 0.052425405490598584 0.019706447929098075 0.0012879375841943369 0.035196449735165766 
8.097154651912967E-5 3.5798170284873196E-5 4.930654170201458E-5 1.165038811788166E-4 1.365782617392209E-4 0.9970250280702682 0.02264450464566296 0.14697635837454276 0.00439716137267046 0.0010367125267579862 
0.007062330507017485 5.694815365081265E-4 1.3446219380058651E-4 0.0016582604810909591 3.464677850115469E-4 1.0008543283326243 4.041735830168937E-4 0.0012086606042027242 3.750235303844449E-4 0.00423025053908397 
3.423791341949697E-16 5.0461926829493094E-17 9.557764419824729E-17 1.682002031811208E-16 6.778147034284447E-17 2.372320576599171 5.905226138359313E-4 0.0014418091018276985 9.75046828783472E-4 1.219840553892459E-4 
7.957529583018036E-16 6.746039583052024E-17 7.685956253165331E-18 1.122218623853411E-16 6.80352305459815E-17 2.3719798421633946 6.743858309778774E-4 0.18219322991810405 0.2273218821974072 0.014675617728345353 
9.430884684352464E-17 5.605421333749695E-17 6.56177762505232E-17 1.001407738199656E-16 5.294373740436745E-17 1.0004357949168037 0.01948730175415254 0.001885744078997514 0.0016363461231917538 1.4191943225370102E-4 
1.2117797644065711E-5 2.9980576457339817E-5 7.247816219277224E-5 1.114493023136899E-6 4.214741192113872E-5 1.0004424880675256 0.014528637721665577 0.001436226077673567 0.005517621522921468 0.004344394304457693 
1.9942497780898364E-16 4.898799292992194E-17 2.8730635964638796E-16 9.571860074738437E-17 1.7987577370957014E-16 1.00107477689397 0.0035585769978649516 0.0020403561156424016 0.02665027420334783 6.442601375489242E-4 
2.840763520534085E-16 2.5547466029895562E-17 3.7064364087929537E-17 1.7037529611061205E-17 7.553135823383807E-17 1.0017691022605169 0.001216756610371581 3.5543796433609704E-4 4.917833432362027E-4 0.006987267047853297 
5.078031735145012E-16 3.897678156635142E-18 7.169501348903749E-17 7.759241204714975E-17 9.09192354724218E-17 1.000540725293569 0.025258290179811675 0.016706965840514718 0.004476114151360009 0.0021688749648133537 
5.30730822932226E-5 2.9081036490306912E-5 6.965049290335555E-5 2.3896863196423254E-5 5.086796466974631E-5 1.0005063083997874 0.0047872898047335525 0.01920657831050977 0.021645807202953567 0.004249815142217405 
1.648153568690547E-16 3.9753576260014074E-17 1.9039026243740814E-17 3.773357149877641E-17 1.2080545373653517E-16 1.0007956892522047 4.6319170738027925E-4 6.005794874005874E-4 0.02080587748423239 0.00815614956773515 
2.1831917265081494E-16 4.0978994346439376E-17 2.3763384393468923E-17 1.0372455595824424E-16 7.862943840519245E-17 1.0009780267308772 0.03730642671938576 0.0021825189168053908 0.0011385889708961905 0.0026374889670375424 
1.3032545254552375E-16 1.3244879328510978E-16 3.2027164132068095E-17 1.004887355611278E-16 2.9728424613030297E-16 0.9979559430225532 3.391911048134363 0.020532362611086343 0.004912615426333158 0.0013849444163723309 
2.46599092071424E-16 2.1451971313798577E-16 2.2262633400844597E-16 2.9330934030106995E-16 4.306236142825848E-16 0.9983986140403498 0.3619880668448964 0.08906320703766527 0.33011993751134594 0.017619983198853745 
1.1687485384910243E-16 1.157844685386596E-16 7.036772576310137E-17 1.0236927452618255E-16 2.8541535612564817E-16 0.9950847800667405 3.028451042706587 0.01397086408424623 0.010524459244702357 0.3619542647314544 
2.250502849636652E-16 4.229513105068942E-17 3.494094884199975E-18 4.551242417504881E-17 5.256902137327764E-17 1.0013700656315656 0.3528091893475032 0.009310345218465651 0.08530176492689412 8.591750836320532E-4 
2.289572892943362E-16 4.2253615199583256E-17 3.19952264673119E-17 3.919468906612524E-16 4.14100621212496E-17 0.9948404289475913 0.5250162218942573 0.14547208944811968 0.22501684203191857 0.038315568480719556 
1.0501890490015235E-16 6.735131928270548E-17 4.631604431017655E-16 1.7100742330566713E-16 4.254093650376152E-16 0.9990370534935474 0.40938717871282576 0.07528210427048837 0.0935599016014354 0.05125082306219964 
9.841920331663568E-17 6.149148399612837E-17 5.446825047099394E-16 3.1224642235655047E-16 4.636688306698651E-17 0.9997986395242482 0.23229826236581952 0.08092083651070799 0.0033923010499185683 0.007297321812897974 
9.936598583297434E-17 6.73246955998469E-17 3.4712523604306463E-16 1.3384267677895955E-16 4.537752395539787E-17 0.9953263753249015 0.2966978936410284 0.1595331635252753 0.11042771791350547 0.008290294761945208 
1.0770016391069498E-16 1.2194530825458711E-16 8.564064373048074E-17 4.696122923629357E-17 4.8315376839252055E-17 0.9959931199921608 0.5013002131093782 0.19752490999371908 0.062353714267096606 0.11412131363984232 
6.328543581356321E-17 8.248691322504012E-17 1.455007792154057E-16 1.5449825564294024E-16 1.0547253118064597E-16 0.993868313891594 0.30790834320617283 0.29444822887552646 0.03561961166340826 0.01303620094389142 
4.075590227825092E-16 2.0794269612055836E-17 4.007356918796026E-16 6.489962022333847E-16 3.548519607687923E-17 0.9962490235170731 5.526656224487925E-4 3.594904924324594 0.010989823804868775 0.0012862987525531244 
1.3048841230346353E-16 5.674527347797937E-17 3.232302724465605E-16 4.983510778300323E-17 7.069714862085396E-17 0.996218083188859 0.06888351883317713 0.27223478642951343 0.00750630030515981 0.0016992004983424876 
6.436110031683746E-17 1.940481705401681E-17 2.5931408719623967E-18 2.2199609874040716E-17 1.0682053278216861E-16 0.9938345408737196 0.2588284098428615 0.2944500633118679 0.03486300467179204 0.012512360441882647 
9.572779624515594E-16 1.3597422805428835E-16 2.465937931236571E-16 2.7349451238414627E-16 3.804605686531459E-16 0.9981991867587335 0.38097037343539014 0.48096257189680913 0.36024394972704565 0.00428782964170069 
1.116837791776031E-16 3.936086697684468E-17 1.353073777949057E-16 6.649878855726222E-17 4.076468172815767E-17 0.9970257174814104 0.058825338398053366 0.16144061524760783 0.07590377542976713 0.015943948083893923 
8.71114777918088E-17 5.573646561471674E-17 4.741986869968986E-17 1.2311716176391217E-16 5.336072770796358E-17 1.0001982749074436 0.012597222217267624 0.12562326808344665 0.001999280082787824 9.084109508558109E-4 
1.1973502031254404E-16 7.047959645870193E-17 2.0477466994982654E-16 8.303951272294829E-19 7.98935664157591E-17 1.0009367175985955 0.00904905619312947 0.10972623726781405 0.18315254842913167 0.0018294732047242361 
5.39965324615898E-16 1.7752309104671542E-17 1.7801534107262895E-16 1.6910671967897665E-17 9.397976528929126E-17 1.000435943099529 0.1139308101886518 0.06677458612399581 0.04583880863282614 4.681136978362893E-4 
1.292060332976209E-16 1.009107160638128E-16 2.477934532765339E-16 2.3769057831146206E-17 1.4127763000811255E-16 1.00044935370551 0.010067401307381641 0.06531996161126712 0.0438333621284669 3.903362876281802E-4 
9.963506529656798E-16 1.0322706054961525E-16 1.6483419589135555E-16 6.852931341029395E-18 7.428649397546088E-17 0.9938332079138921 0.04162184174760982 0.01466030553586625 2.7006856167827333 2.6588345944634026E-4 
1.6030995157631633E-16 1.5176852121200642E-18 5.275069837919678E-17 4.3859248068052956E-17 5.1755518986693796E-17 0.9888866163004191 0.12152914133788784 0.2575177238922636 0.812167584599316 0.002242263682728277 
1.3040601973745473E-16 5.1282037964794807E-17 2.8259119629180554E-16 5.817066455922116E-16 3.3970744052854876E-16 0.9953141504593467 0.09167849063080484 0.027342034789812883 0.5091765427872625 0.017060830242457945 
9.052348543521062E-17 4.621410906582748E-17 4.0756310516728737E-16 4.3690010293940375E-16 8.678460143941205E-17 0.9972107630686456 0.2901125032037389 0.003950640288573785 0.9058467757208021 0.13550778644778597 
8.354764262919123E-5 4.933219709419427E-5 1.4473169040628265E-5 1.2714172616243894E-5 7.082084069298696E-6 0.9778890618285337 0.0426440468344049 0.014411935620194282 3.5277058139256763 0.632055823534287 
1.3366671312825751E-16 5.683356229531794E-17 9.003907407517444E-17 2.542134343687514E-16 8.161592079016026E-17 0.9993836472355837 0.07186229896732614 0.020083753073604892 0.27040785476403895 2.7214501245507853E-4 
1.9793267082888885E-16 8.836945092847614E-17 3.1911548832392234E-17 1.152801708340064E-16 4.5524198618704555E-17 1.00153654733502 0.010254129081885626 0.2620275628938233 0.42122225322614193 0.018003322041883374 
1.645034640520128E-16 1.5994783048309478E-16 2.3405467513172954E-16 2.1947159280496596E-16 5.766203487071272E-17 0.9993180554693009 0.0033085137070512556 0.14123705322908525 0.30503873994051356 0.03139579577888112 
2.6681889326907915E-16 9.205450689982158E-17 3.3223133763605795E-17 1.0588494113265847E-16 4.5524203256260704E-17 0.9993167174495023 0.010047599437391638 0.2620275948201043 0.42437835674627405 0.0522979712182139 
3.710581406819002E-16 1.3105455940722854E-16 2.6412867235739244E-17 9.53175188966021E-18 9.59843946819586E-17 0.9963528904638466 0.04935809181613567 0.06422335090167779 0.23899571971437583 0.017520310035550726 
2.1850104527594563E-16 5.878249131981098E-17 1.3354567613072695E-16 2.4776820072069367E-16 6.888849858454001E-17 0.9955713720789233 3.316741585583179E-4 0.010235019611194713 0.020385036911959264 0.841672405582641 
3.248077016506548E-16 9.778146050193212E-17 3.039620864240942E-16 2.0811727396611973E-17 7.7641707875968E-17 1.000396759726408 0.16523100632572973 0.012834653594230567 0.0011839406687130282 0.17009236993190463 
8.656656799355604E-17 1.5690257366556252E-16 5.106649754577757E-16 4.020953622463384E-16 6.311729227217518E-17 0.9961482404132151 0.0030170362422188668 0.002978855370537011 0.3320232517335008 0.18417978859672182 
1.1649783077970188E-16 4.193166843998101E-18 1.41696636901549E-16 1.9781704573205658E-16 4.257665217217719E-16 0.9991103348119152 0.5082503140599927 0.10703148178057481 0.008846720491381712 0.21031492265518964 
0.0011718397927128572 8.341195248578245E-4 0.0014827985853916434 0.0029546907635616916 6.093542421720944E-4 1.0005448230635536 7.611621348677184E-4 0.053698629612429244 0.010044018611990398 0.0676685651361952 
1.0250817612295751E-16 9.586239125058767E-17 4.487782919257744E-16 2.890933536040377E-16 4.3362325603989464E-17 0.9965637281850221 0.05148575763276066 0.03800023550980495 0.21432157910548447 0.07856548266222073 
1.7046949903357166E-16 4.1499371005301466E-17 1.857943887712989E-17 3.5049149694864494E-17 1.208032498608104E-16 1.0007774315555797 4.7946210237389625E-4 4.913487666901217E-4 0.004152322976370778 0.046124352747616684 
6.321835570338136E-17 7.097583052723242E-17 4.65428809805893E-16 1.8935218142616853E-16 4.258624669090929E-16 0.9986186997354709 0.40382525824965937 0.2158397142720153 0.0963361877109362 0.11931777075799731 
2.4686476111371497E-16 1.2477971806009997E-17 1.7422737446837969E-16 2.1799905030681586E-17 7.698681019346396E-17 1.00079895523903 0.09086097331064741 0.00819650608743654 9.719724123740523E-4 0.0518039903166043 
5.37599277630643E-16 1.5579263577284255E-16 2.8959026503415545E-16 1.9624977304286306E-16 4.0528116663536564E-16 0.9997106422325084 0.12682553606620037 0.03379353056443844 0.18867226003985277 0.060991117492658925 
