1.000008967685045 0.0 0.0 0.0 0.0 
0.999454310461485 0.0 0.0 0.02169327396389733 0.0 
0.9996906896079988 0.0028144180845008915 0.0 0.010713389964110101 0.0 
0.9992157065788574 0.0 0.0 0.030947774162018788 0.0 
0.9999118166924561 0.00618696322763332 0.0 0.0 0.0 
0.9999109243266453 0.006189219636737232 0.0 0.0 0.0 
0.9999097400374487 0.006189524744151745 0.0 0.0 0.0 
0.9999097397634259 0.006189524796763008 0.0 0.0 0.0 
0.9999097397634259 0.006189524796763008 0.0 0.0 0.0 
0.9999097296959459 0.006189527972633087 0.0 0.0 0.0 
0.9999087596947922 0.006189556887910306 0.0 0.0 0.0 
0.9998943864012875 0.00618989606658964 0.0 0.0 0.0 
0.9925803775749467 0.4010104739828596 0.0 0.0 0.0 
0.9809875479494938 1.0228693204163908 0.0 0.0 0.0 
0.9810996862309442 1.0054524100063134 0.0 0.0 0.0 
0.9991693439785532 0.04462573294063662 0.0 0.0 0.0 
0.999788058541376 0.012241676177847605 0.0 0.0 0.0 
0.9807344473499346 1.0248394428519805 0.0 0.0 0.0 
0.22211759628142405 0.0 25.333807799212234 0.0 0.0 
0.9750652867867805 0.494037653098799 0.4841568163070948 0.0 0.0 
0.21991704405703966 0.18886844728136729 22.606010599933004 4.008936054523049 0.0 
0.20933821687801546 0.7194737730231118 24.925068776921986 0.0 0.0 
0.10879640730606985 0.0 14.776823990236322 17.057300405641623 0.0 
0.1683069092189605 0.12750380219029386 12.070579419523 17.695203276011902 0.0 
0.9460604204737832 0.0 1.6633624225335557 0.0 0.0 
0.9660415209116172 0.023295740221511495 1.0337547952856925 0.0 0.0 
0.9322160512069356 0.9623805963462706 1.531831418426587 1.2976447188942462E-14 0.0 
0.9843271191608786 1.3707331641215478E-6 0.48373109451104696 0.0 0.0 
0.9674404954026838 0.0 0.4752760986946602 0.7124777325182873 0.0 
0.9544304810262638 0.9762667872361378 0.8388517286232179 0.0 0.0 
0.9870338686983459 0.0 0.27798615357721157 0.16172485552845745 0.0 
0.9911535013615933 0.0 0.27841562749258314 0.0 0.0 
0.49025712291929524 0.5149255999897552 3.845981828270684 41.54233978335683 0.18598693410589048 
0.9559029445528625 0.7404989802937152 0.47089757194001364 0.7240078711460228 0.0 
0.5343591628022228 0.8201201037436543 3.062492827310549 43.31388980548792 0.0 
0.9968003883370287 0.006170277244429549 0.09580612162695472 0.0 0.0 
0.9796258983388585 1.0023719911833615 0.2810351973236503 0.0 0.0 
0.987871239420427 0.408568374682688 0.13938768452083988 0.0 0.0 
0.9360975726174765 1.303376449174489E-6 0.0 2.559050260654579 0.0 
0.9297658252112818 0.9387248699116892 0.0 2.5494881182221243 0.0 
0.9817687624566166 4.855893492000759E-4 0.0 0.7109651956066387 0.0 
0.9384162809096104 0.965278663846977 0.0 1.6924937367822057 0.0 
0.9873850882977132 0.0 0.0 0.4925694189143253 0.0 
0.9624413785313632 0.9972390432458228 0.0 0.7335607359683505 0.0 
0.9804738255732122 0.9818981879663321 0.0 0.4863752416940284 0.0 
0.9938479728784465 0.3274790522931906 0.0 8.655404218401512E-15 0.0 
0.9851206903263349 0.79365697711179 0.0 0.0 0.0 
0.9926429364011277 0.3914972314787693 0.0 0.0 0.0 
0.994307889015747 0.30394515239366404 0.0 0.0 0.0 
0.9921722102392873 0.41785649226654925 0.0 0.0 0.0 
0.9924703724181444 0.40112882221840435 0.0 0.0 0.0 
0.0 1.0263825039057057 0.0 0.0 0.0 
0.9963181911737851 0.19623105237837662 0.0 0.0 0.0 
0.9994612649048614 0.0291740582087263 0.0 0.0 0.0 
0.9879227243973517 0.6427958104106044 0.0 0.0 0.0 
0.9886508402680656 0.6036796948574815 0.0 0.0 0.0 
0.9810804362305704 0.996512002951155 0.0 0.008656759330354712 0.0 
0.0 0.0 0.0 0.0 1.4428187334152107 
1.0000089639575522 0.0 0.0 0.0 4.599109499852764E-15 
0.980777296105394 1.022575163339601 0.0 0.0 4.600920837305014E-15 
0.9807252555036796 1.024925310138412 0.0 0.0 0.0 
0.9807356749030383 1.0244804529242622 0.0 0.0 0.0 
0.9807356860492334 1.024479573198747 0.0 0.0 0.0 
0.980735971416811 1.0244732247441637 0.0 0.0 0.0 
0.9807365087949086 1.024400465226268 0.0 0.0 0.0 
0.980743579750885 1.024398499884917 0.0 0.0 0.0 
