449.2488787656725 1.1160355927110038E-6 0.0055276248796305456 2.071917333669887E-6 2.859801967333588 
4.416931190377973 8.673346517681636E-4 2.0735540124259706 0.012530880509678464 3.8462754400757433 
20.308907775883014 0.0028312431439858517 0.5631561429143617 0.0018713186341127036 3.447208400931616 
55.019034817720126 1.9180476216315999E-4 9.105479192188605 0.006709321761507845 3.2190177745073782 
16.129774841489173 2.2618355991037724E-5 0.9365676382608428 0.012118358285699208 3.256286868792073 
12.09078338969848 0.0019564822971457957 3.115059464921618 0.007488701563536205 3.9140930411436887 
14.696649248816085 4.323904451941928E-4 5.460906614042298 8.804370254779448E-4 3.2573994756006215 
8.805438041221699 0.0013934309029653136 0.7297292846845154 0.015190955756950859 3.7424573397867267 
10.636738217384128 1.5073444490084933E-6 5.193135500697518 0.009343595477933094 3.972927425026882 
9.419555746660022 6.07122895810808E-5 1.3024238398224401 0.019650925261457328 3.6985269563696117 
14.10787412979446 3.974813417142934E-5 8.667733685521897 2.3140581963394113E-4 3.276911100905376 
8.0820419668215 1.5993892789356337E-5 3.6471273218137057 0.0174379954150785 3.7403771289207897 
8.653080911850626 0.0014089672568130733 3.942761427687227 0.014387356698392388 3.788500263948407 
13.488209384788544 7.009971223850744E-5 10.4968777852225 0.017459278965205806 3.7151444353411915 
5.883119366897726 7.200941040445185E-6 5.37505382469365 0.014512188784777504 3.828476702026978 
9.228859370629573 0.0010894129673346645 5.871787917342039 0.03572305760604566 3.6871702885042144 
2.9635126006744215 4.819715277020153E-4 4.095509605442797 0.01370273406487423 3.9121520300474932 
2.60409547671116 0.0015911021022419793 4.055232686264684 0.01713477813216383 3.884596864406236 
0.30597961375651866 7.040382251984496E-6 3.0117566026070737 0.011252181328639792 3.9996303409483285 
3.7492358664808423 0.06750304497546109 1.2835031987249612 1.6706928844305536E-7 4.382761960914524 
20.505405346058772 0.2163793368470748 5.317698237098413 0.21366658422123336 3.1024177673924345 
5.950376165060768 0.012863975291800878 0.34812116356909356 0.028115147527725842 3.7847909857728452 
4.214639544575375 0.0036305033109616074 0.6136118429872401 0.009245579029445845 3.900568964650636 
10.413800732038327 0.006335185573965421 2.305928565850771 2.445270529414719E-4 3.4336910958143188 
7.627222700718578 0.017078176635709492 13.321236781153646 0.03399813564804453 3.6409521591940215 
6.405694416880444 0.003427070886741795 0.380031418314273 0.012113472978343014 3.8188540252888266 
5.697523401827199 0.0030607810235759913 2.345240294430693 0.008343811476968869 3.913912310064406 
11.556767948023117 0.006678047526033792 9.153073824453879E-4 0.03255140547307762 3.84008884969414 
1.439862291453182 0.0020267893922851564 2.7964430185040605 0.006616176719959053 3.957590181166239 
3.5828674666775 0.03393157934394481 27.71981461916436 0.17777320932295115 3.1274477037103563 
13.086969473465627 0.005136089631595882 5.7456101031831945 8.802060839577213E-4 3.341088209554374 
16.986437389844827 0.005353909792922341 4.846313388632132 1.4889956022539092E-4 3.3849497907062545 
11.895093746696777 0.005133844105801864 9.20123208473398 0.001511659168958838 3.3840478922616812 
2.326633767640638 0.0026922908802746847 4.5464410741570385 0.01731394312485858 3.884733979037184 
20.11185412288892 0.0063768409105524485 0.563880583590944 1.6259226170259837E-4 3.312113249901343 
6.0241376318587205 0.001880101023606369 1.6317808330573724 0.014199202404251045 3.7797631394718674 
10.480014861069803 0.0026242025669530834 2.920111361160144 0.013175815819507069 3.8298019557948386 
17.281630551566444 5.053632078824919E-4 254.06683434276525 0.021739143625671267 2.704626947545935 
0.9022552614166559 7.568570157925864E-4 2.642302749367027 0.005157609671808621 4.002834569533152 
6.207272965909536 0.0036375875809874264 34.51600790773458 9.563158393114098E-8 3.421568903790365 
1.8699077266491066 0.0019428646704896036 10.294048652479047 0.0074231698098758524 3.9150024201333142 
2.475711346770158 0.0177728720043984 188.84913499163906 0.20191545323070387 3.137074773338394 
10.5264042928558 0.004893411538569149 25.76800651782542 0.0027466013766271713 3.319234141994004 
2.3535811480884954 8.478293337972915E-4 10.231768049410782 0.010683829205558286 3.949784812952246 
7.783851577479265 4.205071924159804E-5 22.088381634827915 0.017075345297112767 3.711850171149632 
2.5159430476356253 7.034860753412371E-4 51.26156700983758 0.08388856688887635 3.7284236191596114 
6.712433184604153 3.207376666785205E-4 11.772804679860984 0.014247376847347675 3.806968625954131 
0.8702471865212349 7.37166182143986E-4 3.6609473252198277 0.0055545092358228534 3.984050718136182 
11.305919684662884 0.005030462034758836 17.340988850131843 0.0027167454974049827 3.319849303931629 
12.283902944390093 0.0014343347408194462 13.815397163859494 0.00164494685022503 3.2919334944294807 
8.813449454567909 1.566361531339793E-6 10.783292706235168 0.009469989794901669 3.972558479526923 
4.495347940157128 0.030366545565454577 151.7483485838899 0.3585477780711551 2.716166668185525 
4.188365718890167 0.0010012683580090484 20.425332242059056 0.05640900329292842 3.719931693472787 
2.6757331153274797 4.4013235678439454E-4 4.627385542161057 0.012184218151712077 3.984518454768997 
5.999003677885177 4.6726014742650846E-5 6.809007578378649 0.016690584302950107 3.7923019845067056 
0.1587863806861963 0.0011690491421354895 10.705200780662858 0.03455750173242423 3.9889940855791357 
12.12629117034365 0.0020261423978874134 8.808115345783666 0.002205628222444391 3.3744863863550165 
9.844220953202335E-5 8.54737676200645E-7 0.0019095030489478463 1.0183022692881458 1.6384333385648986 
0.12075187103723287 2.5889449243793525E-5 0.1151113892755456 7.436071555796343E-4 4.043340640771611 
0.007030254187040026 4.746665410735946E-5 0.05966387234201517 0.0015458987381599821 4.071006299308643 
2.247247762681436 0.0015255302436274771 0.4753292586463247 0.03596256766561919 3.9352509600641827 
0.12432318559957507 4.004812830019797E-6 2.482185947563311E-4 9.863733659463564E-4 4.048854751370849 
0.239224396014993 3.523632237125761E-5 0.13772332642949514 0.002515335919128455 4.036456501135894 
3.98615057823684 0.002258053224057593 1.0144748791519433 0.02970388212267736 3.8181855085872383 
0.111597094905495 8.183981489109205E-6 1.1639100878583303E-5 5.452216798233556E-4 4.066848837960229 
6.395442455770431 0.009053389518490544 2.462439838340032 0.07065200663014315 3.5946237295456105 
0.5983940434704497 1.33981562520901E-4 0.8577783675919426 0.00598635781070732 4.004544637857493 
0.033344168186248246 9.617402740665332E-7 0.01216697126190341 2.557774409943008E-4 4.044686927554008 
0.625168936780739 1.9276203918751897E-4 1.1487817228612203E-4 0.0023998007740716324 4.056360460093022 
3.9530495083843573 0.0018613826921577272 0.6298758981314344 0.01701870360466723 3.8826781131492822 
3.438671560246758 0.003518219892985973 3.588547097347638 0.02872443563540097 3.78588178924605 
1.724067043382197 0.0012658515796044238 0.029204788174709218 0.00830636241937374 3.9782438698296434 
1.0780043735372495 2.511043057585161E-4 5.392789572327271 0.028258970183389312 3.9413900117876226 
5.962538513841374 0.02328578382122011 1.8992564008423423 0.11948685498749217 3.565553634955271 
2.542037073977958 7.125280477181743E-4 0.5372936249317489 0.008627449472361144 3.981903609864983 
8.708230786745883E-6 1.0999056609360518E-7 5.8244042136991684E-5 9.165494815118393E-7 17155.34151277273 
0.11280356194920022 1.9222090451903275E-5 0.0124593463137704 1.9099987236325102E-4 4.058620860438416 
0.025483709710522908 2.1431062184226065E-6 1.6046433013137563E-4 9.656065606104879E-5 8.65563165703526 
0.018576064236295785 1.471251909692771E-5 0.009650569061933694 4.954937664628186E-5 4.075598820963704 
0.04424035806705661 2.466571847070842E-8 1.2898863767981934E-4 6.571089732957003E-5 4.073830456695933 
0.023516065098107202 2.2154396247190488E-7 8.660391744768873E-5 1.109697608696319E-4 4.073928057843546 
0.018960962882398603 6.231523578005447E-9 0.028625856157439688 5.975549559667508E-5 4.065575510517322 
0.007749768071621922 1.654707966769117E-7 0.04696462948251972 7.628343326913972E-5 4.04414583538769 
0.036160710532203474 3.204820442260419E-5 1.6329539158293628E-4 1.927526363999639E-4 4.068110712552402 
0.09352786885025545 2.5260722667420072E-8 5.574517827221388E-4 1.7855984162414254E-4 4.072770658795749 
0.11892408275555913 3.965642373866831E-8 0.02665955207970786 8.919227466797614E-5 4.07307468588054 
0.13996738833833267 4.9306683864561647E-8 0.006309572134605669 9.004043952540525E-5 4.067614746562939 
0.08459941379674055 8.433906020707917E-5 0.001288314604074898 4.7516089819408787E-4 4.039952975089003 
0.1898190866233957 9.020404601707434E-6 1.5167500162845784E-5 5.132551903838534E-4 4.067270434006644 
0.04637317718339264 8.299400495524117E-7 0.3202956477343756 4.1161993553238616E-4 4.035811514908681 
0.7525766589044369 5.742110049222229E-4 0.26452235323516804 0.00213580605951278 4.038217806728119 
1.1030088244649272 2.4933648063412117E-4 1.5457521427843959 0.007815206471683439 3.986796118849389 
1.5640502232796578 4.5190414779932745E-4 1.6676045398882617 0.0045029101523662 3.9981399855823243 
2.6106854171917058 2.4661393075529317E-4 1.8016891252605962 0.007816886353167657 3.9975895479350054 
