6.942260138074707 3.8301495843612905 4.51103416208054 2.4985020946646843 6.442250135324271 
0.10126526324359075 7.090263435374322 8.062027429994997 7.332881744213417 8.027225091149932 
0.8305649886420726 8.020831312230294 4.476646777628456 7.779570223762838 7.901022268299132 
0.5700384121117199 5.086687293060394 8.023367377295472 7.795355813151406 8.05110221141382 
0.32892312802849066 6.9769638596859185 7.4374559483580605 6.459110830478345 7.083305746093236 
0.22024527950489822 7.660218305220086 7.616433696602226 6.347408856623247 7.93173213766829 
0.2185509929116629 6.470927103684854 7.542264388739531 7.190877449199223 7.848820091941739 
0.20884592063467755 7.581483492593011 7.977728357266463 7.262494681872287 6.424784049063884 
0.1668480996916495 7.199257297501256 6.728606929358986 7.625779396218218 7.86798261306775 
0.16173525476909673 8.058393533879272 8.009804670584083 6.45656746410436 7.947547990977704 
0.14069108723803822 7.7349036045389825 6.71189562123451 7.745569891641606 7.421990370696296 
0.15351457170018257 7.324181964568098 7.543094818531691 7.129607791748147 7.073891829945298 
0.12879406463915036 7.655169765383998 8.004576830767991 6.668884753844537 7.97800459256735 
0.11845001187165585 7.6182931940096505 6.8750056824750185 7.567088388673887 7.909629825725407 
0.11616445474130643 8.047679316172708 8.039914444308568 6.696789225772296 7.870902481520295 
0.1146275999180263 7.108487569117899 7.55530892122056 7.330831989969439 7.904778483905167 
0.10915819040906798 8.074832895002741 8.077744932016152 7.201946649713129 7.137553245165821 
0.10648091876832817 7.364272321020853 7.814544198116165 7.604031590219403 7.114652738887086 
0.10797764548268804 8.100161598028166 6.911430673799367 7.717198902511392 7.678412921125143 
0.09966299970942853 7.889453889990225 7.434739042419292 7.055797113936806 7.916883020102822 
0.044322335188559533 8.12969317371811 7.882233983934608 7.354110559925288 7.961487623903707 
0.04738507612413638 7.478931272371244 7.4402550863543 6.90797592531698 7.530294765059668 
0.06348232921725024 8.025438563230432 7.990313742758874 7.267855002815144 7.40951611303154 
0.06656637692578851 8.039850500101576 7.326761416510574 7.660442306540387 7.396818823884556 
0.0626851087143243 8.022564160203899 7.995929986425991 7.874189117985642 7.033050816241611 
0.0542852457373417 7.620225860664212 8.058186946931515 7.568785383297912 7.394401871965977 
0.06896247495531292 7.767871219995671 7.952448743121274 7.297193609192928 7.418522616409326 
0.06182303723324883 7.601979020194001 7.524168132895263 7.791406413309794 7.389769267089102 
0.08875076192708455 8.052822868274355 7.9577915817608025 7.0838062306055845 7.420278256108458 
0.06567273457368386 7.425171490747329 7.76214970486853 7.241972389296236 7.826573997072595 
0.09389673419431023 8.042698586444695 7.331799069896422 7.279554562944934 7.399439118711501 
0.09004945995688461 8.098154101452648 6.907055186771852 8.098154101452648 7.920268528191129 
0.0755405960470187 7.364782440111908 7.820419240300009 7.297635632362223 7.899055100759003 
0.07982541897350752 7.6640682271926766 7.3030853937154445 7.347587899021924 7.852899582184957 
0.09755099380855757 7.780678507384764 7.975857064485526 7.261056057480879 7.093982287490511 
0.07958541992709015 7.591926843817777 7.514402989774844 7.445706642420868 7.378885842242434 
0.09796513307431541 7.68343523930387 6.8693157609683695 8.004505204684108 7.894731554876241 
0.09230523344816169 7.369524300810658 7.44098237785995 7.70120233311564 7.436176150755415 
0.08107310890339624 7.100169121010467 7.735779999095897 7.5719550868568914 7.905903355552084 
0.09955891970700059 7.051503028280035 7.947527409750992 7.675788447511136 7.414291897101155 
0.004009187470995269 7.853591112333571 7.998488999645746 7.991264579592344 7.881672511494388 
0.029406668589269613 7.599210409419092 7.559832856128894 8.013670716167315 7.893979157463594 
0.009089858100317665 7.805085345271507 7.901376374495437 7.77322001439915 7.838108888192191 
0.017823214750756045 7.581246531405233 7.987812211487092 7.78835668557421 7.873163588586812 
0.022611701662159298 8.02208734058872 7.493418688524894 7.760504551393679 7.9022595350665314 
0.03378918103920631 7.796218544501969 7.400951129246436 7.869939323595134 7.931775933827895 
0.040842048729874667 7.64109773186877 7.4217615223458635 8.040108084532552 8.004128222981807 
0.03647318791309218 7.347364577455727 7.888142415775623 7.879334077162489 7.898835536692796 
0.008967438944312053 8.114074377111816 8.109010163491764 7.757864594966659 8.137950294772079 
0.01570000631175323 8.036431203573976 7.994761451881093 7.546726542168693 7.933715443177807 
0.0286976437653878 7.621631800773686 8.033704901578469 7.583842848924071 7.964862175616268 
0.03547824403936151 8.102653232174283 7.604350240344579 7.719574610242784 7.680016260971674 
0.036365366472937276 7.799531665040636 7.5451782287897915 7.52369830624756 7.917071640213589 
0.02997931713069781 7.875960156491592 8.018905062380657 7.8902290423520025 7.415061599381992 
0.04312714704245333 7.363287362529323 7.989292018266919 7.698119518173508 7.919478853628875 
0.04706619386348231 8.065817251182176 7.557583184576077 7.832620165542005 7.448399348391209 
0.05183160107949672 7.995489825372457 7.490768707182884 7.75671625875063 7.3222215869031455 
0.0414805630728404 7.748700952048277 7.906428821091361 7.657106971829436 7.396246856553218 
0.05688096720629762 7.309032342731309 7.469542831544347 7.932526270878738 7.8851619858645305 
0.0590705699495207 8.053498159261087 7.406160404047956 7.87360692092243 7.357559582384052 
0.044957164136427086 7.8649307504406165 7.822165594436025 7.297834495743073 8.009698427300346 
0.03771529435744723 8.06932209882434 8.02722695785199 7.299153812472838 7.958326230338724 
