1.0000232377006748 0.0 0.0 0.0 0.0 0.0 0.0 0.0 
0.9927416071850929 0.16759564994697168 0.0 0.0 0.0 0.0 0.0 0.0 
0.9999181801825682 0.16342567969173794 0.0 0.0 0.0 0.0 0.0 0.0 
6.168928827691728E-17 1.0394561723928661 0.0 0.0 0.0 0.0 0.0 0.0 
0.9238357872134746 0.4463027008326107 0.0 0.0 0.0 0.0 0.0 0.0 
6.162902077789706E-17 1.0523144599081353 0.0 0.0 0.0 0.0 0.0 0.0 
6.174367385263985E-17 1.034608665963056 0.2142103519083487 0.0 0.0 0.0 0.0 0.0 
6.001438734347037E-17 0.9870525728152898 7.441074771018762 0.0 0.0 0.0 0.0 0.0 
6.003255601093286E-17 0.9833345697945476 7.4481399272669915 0.0 0.0 0.0 0.0 0.0 
7.126160783620001E-17 0.0 28.069129343094435 0.0 0.0 0.0 0.0 0.0 
7.512378503823927E-17 0.0 27.896939228933803 0.0 0.0 0.0 0.0 0.0 
6.543365299909509E-17 1.0130713827876752E-17 32.538287581469476 0.0 0.0 0.0 0.0 0.0 
7.05619582589485E-17 0.0 32.70220849222095 0.0 0.0 0.0 0.0 0.0 
1.5698462406897398E-18 0.02546869453782114 31.985115384133774 0.0 0.0 0.0 0.0 0.0 
0.8581231853675322 0.1533903146978648 18.95552647471084 0.0 0.0 0.0 0.0 0.0 
0.9889740216905396 0.1621080897732025 0.0 0.0 0.0 6.827867333744863 0.0 0.0 
0.9079351854639722 0.413359797513145 0.0 0.0 0.0 14.216888193120537 0.0 0.0 
0.9923709585123424 0.1762604696343095 0.0 0.0 0.0 0.0 0.0 0.0 
7.19143043201905E-17 1.3883078332924544E-17 1.8748640000456443E-19 74.26700368563027 0.0 0.0 0.0 0.0 
4.556042381671841E-18 1.0358576329016758E-16 1.3837189639103345E-15 64.25577443662199 0.0 1.8706924717919902 0.03788465817630854 0.8589634358834598 
5.332146424650016E-17 0.7925590929672514 0.0 54.21626884087405 0.0 0.0 0.0 0.0 
0.06029443035868337 0.9824767469271065 0.0 52.88769125206355 0.0 4.11196726878924 2.961532942894383 0.0 
4.1701644391192034E-17 4.971145527132471E-17 0.0 71.18929489490839 18.60202350186182 0.3878734929221584 0.0 0.0 
6.031006679370693E-33 1.3857819871747036E-16 1.2168963025211565E-17 61.89751303638282 0.0 1.7590406443665767 0.0 4.491608927647653 
3.510802215882453E-33 1.011808721787276E-16 20.121334656708555 44.1220406815843 0.0 1.7748353872062512 0.0 5.293575068216377 
0.9746757127037099 0.16517996507031224 0.0 16.894198733553427 0.0 0.0 0.0 0.0 
7.242777073870671E-33 1.4582480592111198E-16 29.039986747848744 15.502501684732335 0.0 1.8606216181880582 0.0 4.4077444171203 
0.9117253639913723 0.42211613929714525 0.0 2.978700697353693 18.136237171437422 0.0 0.0 0.0 
0.9847409225128234 0.0 0.0 0.8156030643358838 18.71346175615452 0.0 0.0 0.0 
0.9703312571359077 0.1783083239721821 0.0 0.0 16.826637317264478 9.698924672404202 0.0 0.0 
0.6806524982462551 0.7611219236048861 0.0 0.0 18.32345790460932 0.0 0.0 0.0 
0.14508104228846946 0.0 26.901505184509183 0.0 17.7277710890937 0.0 0.0 0.0 
0.7293995323773965 0.7714241096958997 0.0 0.0 0.44579876233376353 0.0 0.0 0.0 
0.9274217127259311 0.10852388274639156 12.276155788968252 0.0 0.0 0.0 0.0 0.0 
0.9903784497507236 0.1695541305973558 0.0 0.0 0.0 6.530608442659544 0.0 0.0 
6.129328261233173E-17 0.9981166399264852 0.0 0.0 0.0 6.775498054674186 0.0 0.0 
6.176418324654302E-17 1.0140253292588506 0.0 0.0 0.0 0.0 0.0 0.0 
4.506137405069447E-33 9.373117677253428E-34 1.9546525337059327E-15 1.6231163871662886E-16 0.0 59.597161046934566 0.0 0.0 
3.276129942388942E-33 6.818204128865863E-34 1.3611372275569676E-15 52.92838066119168 0.0 44.80192621682341 0.0 0.0 
0.01005071791533825 0.5107758023440123 15.357427941076386 0.0 0.0 45.92352075326702 0.0 2.8690354370097575 
4.4951387467255286E-33 0.0 1.8389274090283444E-15 0.0 0.0 52.68483641163971 19.544444366507438 0.0 
3.589106915609754E-33 0.0 1.3102049206640296E-15 51.94082244269137 13.267675110369556 43.03105869835251 0.0 0.0 
1.802492198930721E-32 1.2545812841633293E-16 15.31292028724621 27.099802263496088 0.0 25.6069498731341 0.0 0.0 
4.103835429572796E-33 1.2001122744091771E-33 1.2657801563217645E-15 44.955497401359736 0.0 37.46717191301578 0.0 4.443881803235832 
0.7711844006597902 0.0 16.55321547331798 0.0 0.0 25.29083909874793 0.0 0.0 
4.3597396410709495E-17 0.689591833241696 20.4325086151923 0.0 0.0 24.581971528710625 0.0 0.0 
6.062993112250149E-17 0.9775941642602671 0.0 0.0 0.0 17.516358509132186 0.0 0.0 
6.609379496981598E-17 0.0 25.237788810325736 0.0 0.0 24.796369087014188 0.0 0.0 
0.9854941836839577 4.772121107914902E-4 0.0 0.0 0.0 14.113123930372295 0.0 0.0 
8.648441252943499E-17 0.0 26.310893744398978 0.0 0.0 0.0 20.007895004702444 0.0 
0.9274630274006872 0.4289904444351983 0.0 0.0 0.0 0.0 0.0 0.0 
0.9787139022150422 0.2331266319616892 0.0 0.0 0.0 0.0 0.0 0.0 
0.9915154406624549 0.18236834225359547 0.0 0.0 0.0 0.0 0.0 0.0 
0.9462094961799135 0.17637076403141863 0.19291578194963563 0.0 0.0 0.0 0.0 5.837566869823789 
4.433660988831598E-33 9.39008830368468E-17 23.059568876633083 0.0 0.0 0.0 0.0 6.103102587016574 
0.10083495429961359 0.0 27.46269866505858 0.0 0.0 13.209605710146738 0.0 0.6056739913808603 
0.7285949674553611 0.0 21.26351256986127 0.0 0.0 0.0 0.0 0.0 
0.7824351177834563 0.4716960700699043 20.8252108924089 0.0 0.0 0.0 0.0 0.0 
5.204590552556593E-17 0.8425142098167828 17.832909182151084 0.0 0.0 0.0 0.0 0.0 
8.177580464681971E-17 0.0 27.333648164388567 0.0 17.678595781392385 0.0 0.0 0.0 
0.6882086592984555 0.758343158246564 0.0 0.0 18.113587683659393 0.0 0.0 0.0 
0.9655747865726755 0.38530850940515216 0.0 0.0 0.0 0.0 0.0 0.0 
0.6844949417119442 0.7450785969997419 0.0031976368678675424 0.0 0.0 0.0 0.0 0.0 
