19.023396667692662 0.05542245140031745 0.0044448844247318405 0.04115271282710507 0.023912683286433842 0.026612853894216842 0.5587436954997417 0.044185424718944065 0.012266485205013973 0.015144177580219678 
0.9201874213086224 0.4549647649125404 0.19466927578779814 0.20377334128004296 0.07733681880340325 0.12177853944393317 0.4284313794386149 0.31085714542396775 0.02106685660303547 0.028100231357220087 
0.9690259050382405 0.01709878110795984 0.042049990013572736 0.04613742359822264 0.10830316384048674 0.04743029729216059 0.46598271500186317 0.21940170810711376 0.03469884604410338 0.0018039038240819187 
0.9368415306293254 0.01363302585572319 0.08599419249244913 0.04036458933527298 0.06435472691074677 0.0046899903185674266 0.5187345587930104 0.004900716778729939 0.0245170893015264 0.07831699569255413 
0.9206115790199926 0.030669590919821087 0.13530993965738133 0.1316958468393478 0.07168608156680487 0.015767928289842657 0.5172843867781721 0.014504518290321807 0.5299303603930066 0.042673916086506794 
0.9677876200931186 0.02108555757145322 0.32650443828981596 0.05065455827980381 0.0042887195758081805 0.17154804688185174 0.46786780612712675 0.21369774610417916 0.03478473456051821 0.025588787548837852 
0.9250260499271007 0.04050099205594847 0.03236555296021203 0.221553476853466 0.06656708047056928 0.12356069294585248 0.5933550859938981 0.001976492135712831 0.025424517265776436 0.09076347324064413 
0.773251160186384 0.013801436360217252 0.10897837247787714 0.0783747477807829 0.08146882750137383 0.1842109670201696 0.4942528171347023 0.03752448481783264 0.7849650855786608 0.015789580412837137 
0.9181814195065883 0.16069598319039782 0.07579958587327573 0.702705266311481 0.5174658891229053 0.019643657998467356 0.18586561396427245 0.4945029425297176 0.49859421087613964 0.15981009069819993 
0.8069638417136934 0.023687158834425053 0.0706947495987674 0.03563769095259939 0.07528212177498142 0.11925568446632316 0.5875753002144928 0.022041677455934036 0.7796513679194786 0.12599845241607532 
0.9344073980743518 11.55697906171868 0.013722276205057851 0.06942446964279042 0.1991529412857309 0.058370862915570004 0.6659075202186807 0.039825579672018344 0.034723990330738315 0.11361530256035529 
0.927562217984263 1.018906140448546 0.28877110009802065 0.06814011642768175 0.43775547935129666 0.046880573452132784 0.9580643147190141 0.0024228878419360112 0.02152675229729426 0.032776989388874 
0.8766774681369242 1.0921625882751016 0.07298552624243528 0.31512193612018885 0.09310848191855062 0.12434466971410803 3.262867994523328 0.002354095054770156 0.4144381025322203 0.1415596144507614 
0.8141165007941041 0.8545839452867996 0.015071956311401227 0.023065666243556233 0.06451610332466409 0.01389315583347591 1.0380497151189367 0.05007144667075333 0.008813895134040845 0.13213593780447197 
0.9161420398291532 0.7085287184617141 0.3284422833619792 0.11468267306376644 0.01921064078243693 0.15626842206608751 2.530533719925363 8.854776058039365E-6 0.015040827518201245 0.026057734443467477 
0.8334163185726126 0.8606347305526629 0.14554803323845703 0.06819057108368247 0.004544983328217355 0.06490340887968583 0.2982193581927611 0.6265904001374202 0.006268997361489255 0.03776448485542283 
0.8761362096037193 0.911921777581251 0.17101396478936992 0.25419287440396376 0.013214971176531998 0.011089622704495532 0.7972353901402534 0.11941991315170343 0.5452021506866458 0.015317591821580226 
0.9153166570416393 0.516490493823863 0.006058331836573771 0.4573776730060172 0.062259878252752296 0.028049237987888057 0.6703547523680325 1.2105192000598066E-4 0.013197998109798225 0.006058925810046558 
0.6479086687783084 0.6720080964884143 0.05274313480165648 0.04452045011658995 0.0012783865956230104 0.04693787125940954 1.3192532458880506 0.032671173348386956 1.3324187499090092 0.1437239931850329 
0.8987712118142518 0.02811717927794561 11.377999686831656 1.366294683868567E-4 0.11449973099361155 0.06880692852358163 0.4787426521651623 0.02189642685078 0.017720421359437574 0.012270426093489039 
0.7622191009659006 0.0769178781114586 1.0209698657564283 0.40420481323246527 0.019241780099583793 0.10533370137728015 0.6203778262493176 0.1447351550390893 0.6779136344146086 0.045447822296078945 
0.8329534962796363 0.06117648519709773 0.8015764591670315 0.49698025112964045 0.1390522046909677 0.0026127676793315413 1.0334484213779913 0.01062676612448777 0.03540177243542521 0.026228468987420896 
0.8361058907681078 0.22198761340299825 0.879046103479208 0.04966015751847714 0.09871304701674516 0.21239489404985354 1.0792710828551444 0.006520339476626909 0.018545888203684913 0.06232200724095126 
0.9469504356087951 0.03837862422300487 0.6079255575120536 0.023626150219778902 0.08477923804653362 0.013894992626665945 0.8255722019351885 0.002007764590158187 0.018859327231290326 0.007606115936878881 
0.9093995309731289 0.023504150811267492 0.8210067921858702 0.035727662350613226 0.8120487109033198 0.04561153901726164 1.58936779298502 0.026502311575362432 0.05732384034341489 8.755563230117525E-4 
0.8224815153421068 0.02525575039060485 0.6115372977870734 0.043137836794003404 0.008607052304564365 0.12183745301988368 0.45353888072340254 0.0412044211555583 0.7767802179938451 0.006276363111296905 
0.9014200066836393 0.5811455845959199 0.46220254190211424 0.13199924193950163 0.05967720133813657 0.01607131285481548 0.6181928176050943 1.210347696801266E-4 0.029024346754016907 0.016696727000421387 
0.8243514120054505 0.044169963290328865 0.7884047649551621 0.3795200437566442 0.22770644753872663 0.22830598744351543 2.0348758913499663 0.026625159277438897 0.8840452003078354 0.00414514325656706 
0.8309250532566321 0.06113824208984519 0.8137997535725672 0.4987924349884898 0.08167905372766346 0.17791639191630562 0.909031037330317 0.010047945756260763 0.03643252308872773 0.02619275841161076 
0.9347659555056376 0.044219448394178934 0.007266765337119829 8.148179384350307 0.03515920746826043 0.025655501061081262 0.5386050363419045 0.010807583576813851 0.04641417211947481 0.007849689844613535 
0.669951184928285 0.007278218693469368 0.6153281849581066 1.35625252799878 0.3772763210801529 0.02353615416781003 1.4484642116185553 0.12442062778091803 0.8707144883147298 0.017752352268574963 
0.9838377550963429 0.39216314771907795 0.011196605428819298 0.8526365970451512 0.16189053526679056 0.17759946791970033 0.1933691983750983 0.35036562332357735 0.13135290650888226 0.0030412174080865053 
0.7768841968454979 0.0209463131243794 0.06247261175003762 0.4053917579392591 0.14280633439012272 0.01883255856924903 0.479196946043973 0.012812903231432828 0.746704714004144 0.02411807399468731 
0.9835754078962354 0.0179330150815219 0.010574593466339417 0.605290745633562 1.0523516809894247 2.5663025598093544E-4 0.1933804085562934 0.3703929742864272 0.08571858255754243 0.0026060954769899065 
0.8182648099696201 0.13627469004774284 0.110415532100824 0.7955587327196112 0.2229667708871862 0.006073594726838943 0.8942723548076176 0.033525291295518574 0.011166835186514982 0.2291460459725682 
0.858618545969867 0.023154928793613482 0.08517732461124279 0.41583560467585884 0.27692977923725914 0.1527794806687344 0.6118929225298876 0.014678494347916814 0.4535077296500971 0.014032282254561518 
0.9335318330644468 0.010670634131099005 0.2128995224809256 0.34198399968002685 0.00957181535128496 0.004522701724827272 0.7394891877554414 0.0012177353124741541 0.038949656861871663 0.011347430667253475 
0.9221177893382503 0.06635046719929696 0.04372162949105045 0.35858920511001835 0.004711541612289889 0.024407023213134416 1.4747562440340956 0.19708469342580076 0.016255296369429195 0.005823477164685817 
0.8348232375353776 0.05491662460419414 0.3586232624519784 0.7984446456035896 0.05729508898094033 0.21106311084523996 0.4132303661430776 0.026685012726609236 0.9667472464064247 0.12683803900045915 
0.9364186106961855 0.023626017842177008 0.008416855565880807 0.0018127652344713475 19.16257565028223 0.016191793359578315 0.6290025958622963 0.04082741097100084 0.1591286772430448 0.020233031403117066 
0.8053602363740716 0.00785503758632655 0.08383390273349814 0.2577320346924285 1.851295728550477 0.08535843478238192 1.3969197054257876 0.09903134557279693 0.05050045384576512 6.122341729395763E-4 
0.919037466653018 0.008446823157261057 0.10619558708083937 0.48024956754882386 1.66108601360657 0.09730778235158404 0.7757335286571414 0.48023695064889765 0.027452599443067365 0.034936406173324226 
0.9112358034107189 0.022259205777687748 0.11929581536161517 0.03898006390437658 0.4935818521608937 0.018425380714998916 0.9492418164159863 0.015131107583657627 0.019654750630771097 0.025054915462864338 
0.9210409439304786 0.15758448436355654 0.038574938111755296 0.2796642216646197 0.8225627813422156 0.05972890140741269 0.6244147121146577 0.49750481112850936 0.4966122586063539 0.12487254331371099 
0.9273480216983617 0.11732040896294657 0.001353222526240444 0.1128237878258678 0.46814412351536167 0.14724710470017718 1.0820132677171295 0.0036982863641194567 0.019382370219991018 0.045646381388784865 
0.9936656950988568 0.06875045389668209 0.01979611453078324 4.794026657471116E-4 0.3662477304551786 0.004611771504051934 0.5729246291255032 0.18179867383986179 0.05778524296746402 1.6659874938136185E-4 
0.8528560918128625 2.313056269738876 0.15510291923847164 2.652913024102831 3.5822109259807298 1.565949396493398 1.2420144609022472 0.535499881941264 0.0030207839376353643 0.06442169437943064 
0.833738093418384 0.004392865937569485 0.35695485321773784 0.020743240291684905 0.5123085792261043 0.06484634952770656 3.649717520234542 0.01157979506100839 0.008175392046138976 0.018244526149959504 
0.8826024186023199 0.04530041547755979 0.05722611100108831 0.004273217711595976 0.005862851449692983 2.996211941118274 0.5967826907016458 0.01227209827449256 0.0385153549252814 0.015878573642390297 
0.8332846060840812 0.26838200582442145 0.06887946695637163 0.2738420506883799 0.2108502336430383 0.23372721382264022 1.220441132102039 0.03338980747910654 0.002822290947391155 0.08123557800289075 
0.8044112439085432 0.5345361889081095 1.1753474832024344 0.5170422131816035 0.5941320809762813 1.0033638488165588 1.0404475628784633 0.010288256231711815 0.11967515853229815 0.02660867454003874 
0.9592908229168343 0.4130431585972575 0.2065443597093925 0.04162862871084967 0.003316434084183986 0.4060654590085199 2.384561876317433 6.574897644099809E-4 0.06871634941664459 0.09665667316677928 
0.9483952733890472 0.18383114255608685 0.001667506117057404 0.25808351135593055 0.04210225305305339 0.39460409736609064 0.42039771850749313 0.3254226586508561 0.054091413966008965 0.09038724904243976 
0.9108774822286011 0.21186115261165409 0.19916046584057062 0.5880386997162889 0.4776947445449964 0.6679581903354065 0.5018263972457451 0.061525746180148166 0.31619653548228344 0.2658936909666809 
0.8390814524884255 0.7284868140593481 0.7783323808464073 0.9968411017094003 0.9772856319967458 0.6283236426023094 0.9380755292669677 0.02047895939086709 0.38902122168300685 0.08432035639427735 
0.8120426303485236 0.08483259799406721 0.011294786610601862 0.03876696681637889 0.3037617104577823 0.21548554120523253 0.8270003524206573 0.028084255689304408 0.6099778061114032 0.041766451270873965 
0.9326158946497252 0.06876364789806952 0.0128769685782611 0.06967931453369135 0.18005000277685626 0.15218753107884017 0.5696807684002454 0.02014301659367231 0.029621040548049402 0.008831537255428042 
0.9539845404368739 0.12048346002482237 0.001335947387421457 0.0026397381135087523 0.01694009824365678 0.24999481511794833 0.12084703956818174 0.3454846056185071 0.4113501558060543 0.005112087783776788 
0.8421436720555229 0.020886245769567442 0.0038832424768943203 0.049030927802557855 0.017371291947113808 0.023802572725632354 39.67394301377261 0.050987379336419364 0.04427560580369477 0.003454752327584005 
0.9333715851419251 0.10251643612045548 0.15786446826269174 0.017630875514265325 0.01597489089118042 0.07189848690961487 3.134588789639474 0.03862126113141899 0.5733933224399897 0.01973210140741009 
0.787451820940127 0.24746347541558217 0.37156579827882347 0.49709724819709233 0.07508733959667027 0.32733384835370727 8.060889872608975 0.45723373398409733 0.8321331431314567 0.1695767943049001 
0.81435470233304 0.061735670933934055 0.1297199586355926 0.07574060403936551 0.09701213320845825 0.2775103388287093 2.4699219250865294 0.05582249155779712 0.8431457672711716 0.10100408997707382 
0.8596570083538795 0.33174198105002073 0.4695570605638793 0.04896418807903225 0.08487720277514811 0.08019243146371015 3.385881960162152 0.017993514236989673 0.017487401368094287 0.09291759521589386 
0.7507067286245074 0.44570623394337583 0.36746937650142997 0.35034510079180226 0.19344738044120888 0.20477566128875757 1.4242831729172625 0.004040034539028507 0.002018096806620684 0.013082967253837894 
0.967113370039902 0.008349878956062512 0.2568181071388312 0.04565730728099761 0.0744927381307891 0.0022412521825933103 0.6777566597199917 0.012016100586674414 0.003139852162320177 2.562532162390105E-4 
0.915565071340729 0.21536868636151513 0.08914213295960872 0.10696828127455461 0.07408576242346634 0.0021583488714310914 0.6869731147901839 0.010256832421634445 0.38156806147316336 0.01196284801504254 
0.8300614922111262 0.23028414324235172 0.11242620393151002 0.2660696604793174 0.09067097137298112 0.12203647881595836 0.8286586858639995 0.03487335761576447 7.700128576394905E-4 0.08375115388515167 
0.9528856527147705 0.025560673737269703 0.027401738534872207 0.02915272883324267 0.0697357219988253 0.08925483193150124 0.7753982141555454 0.06036401081857521 0.17170376801318588 5.868144397820342E-4 
2.0094150653777615E-6 4.340224833395369E-6 2.0372412466700205E-6 7.040577441699821E-6 8.628670075770936E-6 3.826248002028409E-6 6.8713177072831256E-6 5.283143362396204 0.0029207492663165247 0.0011464059297700932 
0.8308761302262758 0.025326009462350047 0.07012969136114486 0.03642922934590483 3.455252745125474E-4 0.1209064796402413 0.23547238559042963 0.5777869470341083 0.42960743906428417 0.004373739460058955 
0.8800598572236138 0.037752658072206076 0.4187050045347972 0.0075181163642456675 0.03450315206262163 0.009157488856718006 0.5886013545846484 0.44385171110175553 0.2537068370028521 0.03720722644732766 
1.1908152755491843 0.23744925673279935 0.09759001039114076 0.016978946869087415 0.2700135658466416 0.053789423656095535 0.43013486121203376 0.48018522689085164 0.08953847283640834 0.040013164393264654 
0.897526470147252 0.4709714620398682 0.10688125901817486 0.3305437757660828 0.01356982815065332 0.015375302692176624 0.17766365429892314 0.5978100746157918 0.9427209670976219 0.039484524536523284 
0.8968155648505288 0.03129583034034916 0.1671966287852476 0.0017776487875362948 0.03691918509727943 0.1394572810681977 0.10579466404569124 0.6102707340774174 0.02509295674040135 0.14256909724478845 
0.7407071105512135 0.018865447344165114 0.5665419962681042 2.9370426544579126E-4 0.006645632396928632 0.273442440628257 1.3200145049449523 0.6940129696773841 0.04377480783584274 0.06588385529571038 
0.928463075544483 0.1292162602618555 0.010433265468096645 0.08934712444101864 0.13776179181429582 0.0024912041941013226 0.40987437003480254 0.3497977872158264 0.3914212753584498 0.04977856386996734 
0.8430011831123257 0.03715862461376524 0.008105881611578582 0.03608840336170256 0.017085801604897765 0.012416359631431607 0.12883636019994427 0.35934641703816494 0.8862615549815535 0.0017576217456516273 
0.9530654141240835 0.3358819669288393 0.12790180660579265 0.2687181593129348 0.4106965573501632 0.1614815852678963 0.48249581014072795 0.40562311604876616 0.0015009641389263874 0.057987363635202495 
0.0021266526507246527 4.4355443376044675E-4 7.543755649160398E-4 0.005230963801032146 0.01374084518209624 0.003207530638972649 0.0028786320217888254 0.11851185276304421 14.70495088589533 0.023591841141411506 
0.7900362929548558 0.4886220918877332 0.013325103829552532 0.3076771254809192 0.2538008975253903 0.2651536423311083 2.5291475550240414 0.06422686731305696 1.5899675925499708 0.09009042476801596 
0.8382866757604456 0.019826023554857918 0.005019557119620642 0.05079929313719974 0.2551886186489912 0.026174064844032605 0.06566021589970114 0.3192258115871141 1.9658685391397388 0.022254369822741225 
0.8134085341466131 0.03651118025499288 0.007253525627167937 0.051034682185905685 0.08734945415340839 0.21749656745711674 0.7765224566035588 0.03140453535842143 2.8954586605445876 0.041821135216165393 
0.8925067815309872 0.10087565924062959 0.580391789083247 0.11013415948340914 0.18149593596156016 0.022230871072664308 0.7654903837709974 6.985790161364104E-4 1.832770784865357 0.0343892359981895 
0.8235896336236228 0.09219782816805323 0.02574763126639988 0.052381048785615725 0.042622210220881356 0.004501853321519381 0.580155591457374 0.009279872431455697 0.7499621895028392 0.011217861140020997 
0.5727933938688348 0.43664133372090835 0.07040666118248792 0.016587974174355112 0.14409974851315757 0.019250601087506845 1.1667472752760435 0.5472862471465147 1.9032273345842774 0.1413319215198284 
0.9401662602352182 0.05185870710046149 0.17025413945550794 0.1525470459677332 0.01848678181694162 0.09431569540388422 0.5980526465560351 0.1220353412644708 0.9935540104119569 0.0016742469840935164 
0.8205013483668134 0.38222180934090494 0.36094878821900284 0.029971955012917505 0.01982827653821194 0.003851970156611418 0.49930326521037505 0.056491021863845095 0.7889008727125187 0.004819609957057986 
0.9203692816259001 0.20308215605719523 2.518417959739919E-4 0.19074757956979427 0.17661200228498306 0.0636306394339753 1.0544406731846336 0.006233091978225229 1.0802868347513432 0.07032042099178795 
2.6298441521330302E-18 2.0900404643974605E-17 1.544209029107342E-17 6.674907861834702E-17 3.114074598396514E-17 1.676245017080208E-17 2.536702937684451E-17 1.6641084842567972E-17 1.8507248699012075E-16 1.7242176197404866 
0.9371154367590445 0.15387758751329628 0.06192062939634079 0.09999716940055821 0.08967158628040099 0.09535748421476682 0.1552536722095014 0.38299886891279133 0.44594493657281975 0.15801331007973768 
0.8562481736228509 0.8833010982528706 0.061697986692107534 0.7875343400085952 0.10319146596122977 0.01913381710706465 0.9553892166312081 0.043305302312993975 0.018958748307758014 0.4334737883577176 
0.918430344433275 0.7372715987507901 0.13761802640416515 0.006526997177113707 0.3334587815266505 0.07280266258918762 0.9430215278213935 0.02711356196863869 0.44477434231100643 0.24500617030316219 
0.9367658016069635 0.0179358244246184 0.2031155296733219 0.022630084165267312 0.05419580818032293 0.0046899903185674266 0.5375087050970205 0.006886096667013285 0.03639760992516192 0.13531667259977706 
0.7841592465563775 0.043672349684600896 0.1677686663265398 0.18545891529258707 0.05027934657450939 0.004767269060120952 0.608401932673365 0.1214175219299215 0.9753483879948601 0.17670916600393982 
0.670868832005947 0.013779138895392394 0.06911842114128736 0.002710044656575136 0.11085886699446718 0.2450666300392089 0.9884278931094365 0.6929541483130187 0.04161208244957858 0.31860556398695383 
0.9182221445031029 0.019705377988212276 0.04834480217181201 0.10628491104853142 0.06530343325825581 0.14132177087793982 0.5950432248749964 0.03534385271632598 0.3429453935682856 0.16708647614763086 
0.9410975016777708 0.15241999503139547 0.4298096854623541 0.12263207861505819 0.1886389129319308 0.0017337498709969119 1.0570234358007815 0.4379001219383512 0.016173187115044795 0.17512712457610802 
