12.359982708789724 5.4629166657749115 5.170509119479906 3.3309437916702875 10.411716753910833 15.634407669606587 6.00372401165377 1.8169533811884337 
11.444114459056914 5.274773756593029 5.266032694775413 3.2685070277383304 10.304699005211521 15.334497710626321 5.918290991759955 1.732523055230952 
12.015632871220411 5.1272509231623715 5.224489105421571 3.4958857556573055 10.253407248847774 15.31828136138678 6.0704765768927205 2.020984274718693 
11.458550277758329 5.085091157415973 5.483082388789826 3.224890076862194 10.343710689133605 15.269977228975655 5.659219895314266 1.7935787096527644 
11.495169902736825 5.156228878849877 5.386551434136741 3.181832146650039 10.233910313129774 15.383232658327426 5.927306467947441 1.7921522462625217 
11.459504806778474 5.103507019657972 5.211262076325112 3.3145899382169772 10.216652007554904 15.386265691728152 5.915626126253858 1.861201755504855 
11.72093439465049 5.1854253284817355 5.303256965352135 3.627563659800477 10.439334672500683 15.527556807052292 5.784366517513485 1.7563823780870615 
11.74291476211742 5.359292179187562 5.206606449901172 3.5994810823612506 10.191578130884537 15.264446554625998 5.9087995132852775 2.029113828596339 
11.503062903447146 5.449911667644318 5.460493900877684 3.2300258375674806 10.501831331334243 15.38818217430524 5.772270731150336 1.8143829938155438 
11.384029948645413 5.308131799167391 5.252808451597779 3.367812036475923 10.260740467814763 15.25131860578723 5.835653068582473 1.8431193439741713 
11.417479501981573 5.248586753942189 5.451919482924808 3.4339915813398743 10.231260697609663 15.175661175350749 5.771753552321544 1.8566276720149422 
11.308066449472348 5.316655743906692 5.24902020436764 3.149138239356217 10.308607706011644 15.41860824588994 5.704859024738917 1.8161483623435473 
11.369043942129514 5.91688541752512 5.472754044285879 3.3567410480095665 10.297655794482452 15.34699422586543 5.685603554074716 1.9095303615362862 
11.157090689313423 5.5479792073406475 5.164232524958318 3.3604014950218986 10.209789878875688 15.152686520320179 5.795091070226624 1.8038185502958974 
11.194741596273973 5.444924963536061 5.275818994127953 3.1698611181683325 10.295462534209735 15.421988592351125 5.691171380882474 1.8040924945224646 
11.050900912545341 5.619970470951951 5.582470185192926 3.0782723089049533 10.404646691980217 15.21881864434976 5.712511292874078 1.9442451570297479 
11.119292253672741 5.426590772192269 5.340022642151369 3.3042203968651487 10.201667816512492 15.15562162824825 5.7112349224958825 1.812963878243135 
11.181367555797191 5.357300383919125 5.163433930791343 3.281094580597652 10.353912067243678 15.38852047521251 5.66814755320091 1.8511343998751357 
11.290716314411979 5.390630021511218 5.430692376367064 3.2770347534979045 10.295573768740462 15.3190761957953 5.85077840866192 1.611823674574536 
11.352412666396008 5.396811953779662 5.14920520470134 3.3867504554419567 10.360687837820787 15.23049631275652 5.691488895160755 1.8594896456305905 
11.115149765247521 5.363421254000641 5.36230916833292 3.330514932064618 10.419526621747602 15.237206592398898 5.706413661626305 1.8463931199683152 
11.1625852592674 5.260531521024603 5.340063848736454 3.1878071487412125 10.28016099331452 15.301711099834868 5.781236790741946 1.7470432278824188 
11.355181350172058 5.399927715343845 5.249959099369904 3.461198853680613 10.381383545776629 15.35966587404578 5.903422412146944 1.7366724432772147 
11.09619645121984 5.326683359424853 5.294081714649925 3.3947800725975052 10.404098471611547 15.404773411100873 5.717779335649567 1.7590925974663039 
11.226708514515234 5.140343226724647 6.5795864948836025 3.247838696246465 10.287674707843193 15.281138329411416 5.785742746771479 1.886451765244213 
11.24019095128978 5.195889272901348 5.963757207503338 3.121519069185966 10.247317279164884 15.299161196541553 5.8527042473387 1.9018589771249235 
11.206900561841941 5.136619727142081 5.5264813465973095 3.260604676837936 10.269105870391616 15.295285758093208 5.656181066898279 1.7872382087377758 
11.087194367028083 5.19431648825284 5.537532734686857 3.280292873489586 10.341594162825618 15.34942127223142 5.752530651680903 1.8279375630948054 
11.438549701015313 5.214361455473135 5.830092764682159 3.5265731745996423 10.358143277283082 15.25328461549956 6.0278230711402365 1.7854114308435272 
11.310026842674947 5.239468737380712 5.44597265215754 3.1888386262882062 10.39285557695364 15.314054652039102 5.625062495575548 1.8907361162508813 
11.254230122822518 5.294699802536339 5.383923966803901 3.303005771399743 10.346421910916428 15.233860114531213 5.726959986860831 1.8736787803210824 
11.294681622145903 5.239610123569254 5.338708290524923 3.249512645496963 10.314247745307657 15.376763746921078 5.797100048128435 1.8280289360999729 
11.091282909175366 5.269370256810327 5.313714168858967 3.3464919672645013 10.24922498795789 15.360709451444173 5.812612499119901 1.6995739139835324 
11.066274067518874 5.313441994841637 5.282394245813546 3.3863620806266237 10.404836691384386 15.39447900844934 5.689511962713539 1.7938160054058403 
11.258699797716575 5.245265093133029 5.273132374672305 3.3898806861521993 10.305698289662388 15.234790786456795 5.842543920915111 1.8890580616198827 
11.316962580224207 5.269102907782594 5.183730610355395 3.3409079599109766 10.369213754260738 15.322208488526087 5.791560757066591 1.9664935772427918 
11.058048389514155 5.123160015075759 5.200376253867949 3.8916822497432606 10.312974327031872 15.307211366539395 5.811327331474347 1.719902301249558 
11.27420609054392 5.299045050146351 5.3128616558089865 3.840782224799341 10.212030122271331 15.25100429872821 5.767038133842193 1.9692019637471376 
11.101286596393091 5.352862218188133 5.2112367932843595 3.6024837160132344 10.29085313365638 15.296622853242422 5.71231066827583 1.7720674187856114 
11.330353406383086 5.085831955788437 6.1685701857145485 4.251189305461557 10.427888816276074 15.34656607291822 5.781200987587544 2.172365306017055 
11.199578220214592 5.357891973081693 5.141554155479719 3.4112980989469803 10.219624244598235 15.163412205060121 5.719701738650634 1.7736410776187874 
11.198715334584778 5.236457734487176 5.126450213109073 3.5070764026143806 10.374101045901133 15.310199364753757 5.885087528217744 1.8215030799177594 
11.294187041143758 5.082772584911945 5.490226266514337 3.60963764981753 10.159902731868385 15.260941891438286 6.00568549145281 2.086508474657035 
11.060296528439126 5.113717357900184 5.4475060397437804 3.443591879998467 10.288686551636733 15.300454767560788 5.853457838099815 1.6650454576386031 
11.249173930825611 5.281219192322909 5.411967419118318 3.42415261846273 10.20627738843979 15.323091548515082 5.6168009915960875 1.7860456456364773 
11.33073866004435 5.191808075630923 5.265311587607867 3.4736352886088233 10.437973685956958 15.196179153138019 5.805779341831759 1.9765655123044021 
11.174409068406062 5.232119551187047 5.294923714379187 3.3850336559039107 10.312835983431848 15.215146234445092 5.800975260588062 1.8852367071679823 
11.165024253930909 5.244850403480469 5.278599684581899 3.475653685562209 10.327092194047879 15.396096129849756 5.734527688576534 1.8188109441378417 
11.107650550105953 5.181540290438605 5.279280899801235 3.1838090283203813 10.562229865784964 15.28208110714525 5.6853915263237225 1.806549782380633 
11.04945757411905 5.0337664244662585 5.216231555999581 3.3605150742329646 10.478788277141756 15.298935824052018 5.885374111233556 1.7750080928471648 
11.905644942692122 5.3475505515327795 5.155433143053437 3.985548035073804 11.055428765224233 15.341897583678973 6.007987050859481 1.8031331688818342 
11.134945952067792 5.176598242746843 5.147397997769627 3.280464373660376 10.498811902853896 15.487738137234063 5.731077862346154 1.8143689102431846 
11.325831733440841 5.15130987417784 5.097132080522831 3.2207167870563955 10.502076204352855 15.508894819762077 5.918003432554444 1.8849062954861706 
11.25182907703129 5.1336294044416455 5.331282887259504 3.1457749666240264 10.424836942974274 15.295241866772525 5.949220685621177 1.7474917203767089 
11.099497904882302 5.54561001385571 5.353859800945058 3.184127402970443 10.504668358196643 15.282126752361076 5.5895633512589 1.9145322949582 
11.13072509601833 5.458331906101479 5.86693277802016 3.112945389253164 10.705489313827398 15.39608403177884 5.856817495647511 1.791984620114322 
11.319175757207072 5.240109218628704 5.46053789957229 3.204427831146431 10.438551274934401 15.290156492183197 5.613036150618137 1.9054743603774789 
11.131096748329943 5.024964957883232 5.342145153858578 3.2465102888150237 10.450811185384934 15.281711087243005 5.781707936137417 1.804999291118007 
11.025334714511914 5.582625771650895 5.275378596842371 3.372024431428395 10.555428069356587 15.45820645672272 5.6652848034366245 2.1000187249493227 
11.266078127281064 5.106438923389681 5.179750989751039 3.549554103332413 10.512471289968065 16.323856672879312 5.764984742143638 1.8639973755608135 
11.319211808959226 5.224218556665828 5.354602780499882 3.223125648334397 10.284551771531873 15.508119556505354 5.715438577137012 1.8457505352576167 
11.104712168643843 5.099602548538197 5.124057567840015 3.8734552504998074 10.315681481861306 16.018836628507344 5.859100128305719 1.921214633080584 
11.260233391457927 5.309187922683816 5.187808170051223 3.476286649658813 10.439912344981295 15.74960351021885 6.023687788783503 1.8204098724291151 
11.21963399729563 5.046188405085388 5.086561584873858 3.4388029515588405 10.469756549325597 15.593195128074223 5.760012345859765 1.928735360993091 
11.12341698299635 5.32748706026265 5.224962116272779 3.3422488330232145 10.277784068162193 15.577520485853018 5.934419312781717 1.8916834133694473 
11.142826470570729 5.124195787729194 5.255469801164272 3.22181580960277 10.469889740410098 15.628776120200413 6.123030983376233 1.762719082343105 
11.154871182797207 5.19119418936558 5.401175207553004 3.285962011916321 10.341504271784432 15.490781462463017 5.769059340305313 1.8264978230374358 
11.098035767502699 5.200137813465372 5.077392417051495 3.465528098029761 10.361778841859623 15.507546635014517 5.783994967892036 1.8234692406748052 
11.199172949953327 5.347937637560955 5.216315382816901 3.2492227989639573 10.388668401484901 15.472584779992339 5.947052088206605 1.7359644438644053 
11.35929680370175 5.3494670875464845 5.093402591992609 3.3416278147871528 10.278120984920916 15.459553235620657 5.701583643519109 1.8550935616492268 
11.116124032725015 5.111814055832626 5.336896074497079 3.2828274268606643 10.407566627691137 15.146763230491478 6.3882292855309135 1.9027483935144276 
11.134706599754896 5.11955943938638 5.348329791298406 3.211936907357085 10.289411910255783 15.20934285128955 5.7995321011330985 1.827271817135293 
11.110829106065346 5.177203394486539 5.307845612559395 3.5801678511781656 10.346522497106122 15.546429686745608 6.50346875326038 2.1444753767903593 
11.077992754851023 5.149732244063674 5.4606023490841915 3.325756411190334 10.251885299245515 15.295870860547007 6.064155988211528 1.6556417944110149 
11.193082141464425 5.240100648130935 5.2300571161985605 3.2899185150607564 10.214227011752305 15.17508871946808 5.966203417365313 1.7533489366768968 
11.257563640927904 5.282725391876282 5.123869900238664 3.3652441295121114 10.40998396146618 15.412915416895384 6.05854241180635 1.651198832402204 
11.178672386118052 5.163604580043511 5.190426407715712 3.505270358482607 10.291956120451802 15.229922242766317 6.03216221797586 1.7784133757932388 
11.05082367555457 5.529040377152133 5.170781987775956 3.3905095103552214 10.233550222678442 15.318871835929137 5.949299738694908 1.6720381772794592 
11.242221909384167 5.4873066187070005 5.203267934513307 3.1463825155118275 10.250511941207026 15.318544153311484 5.8861906865086935 1.7928942814914177 
11.315533621033056 5.0830723196384655 5.175776504573512 3.351520564730826 10.255051046958002 15.397857266662921 5.846456102241979 1.809461832202035 
11.25282302335814 5.118748195059185 5.465663592751556 3.4293081832717163 10.13942518630735 15.21971787539617 5.917072049022566 1.987567085617738 
11.043356549748369 5.357088035094058 5.151944635948988 3.4715947716754667 10.363512099648517 15.422124193104564 5.983841551918568 1.6569582450748879 
11.157892044806745 5.292751616961549 5.323567211860226 3.243047073782052 10.344950738858385 15.283555837408125 5.798613555109761 2.399381163045524 
11.501473973382828 5.232138663206124 5.188697564549555 3.1333966346600968 10.194935551191543 15.454850967314552 5.802674240039725 2.259356673614537 
11.40203191087561 5.070915937009535 5.384107291466088 3.115502687170616 10.324303108802166 15.271926990997954 5.804021554474441 2.1550829142410883 
11.395504899574862 5.129631038232748 5.139252410975735 3.394300827355682 10.21098718013024 15.244017105849927 5.7758624959337945 2.0379001638931844 
11.129052383303643 5.366826501696838 5.1735656535985175 3.2844840316308495 10.369027849293705 15.298686789333582 5.636637801381707 2.0125439194943273 
11.111933068402438 5.12325959973043 5.555217618499831 3.5034472335683717 10.247425844406848 15.203538461110037 5.867795892379735 2.144561426227714 
11.080804602897215 5.371968112762276 5.716265089212887 3.336596433412383 10.333108220240621 15.401291828047565 5.640832157851891 2.176233323337353 
11.34799078486838 5.197827303677861 5.1557357076482 3.2391419694805594 10.395697730817231 15.494299905602869 5.635521855899818 1.9875790288657456 
11.217104643098837 5.204415876516517 5.280725516088209 3.271097330755095 10.274581154683103 15.14421200910856 5.820609325547722 1.9295491196616177 
11.164107546932236 5.066754698141035 5.1150707656268075 3.2419374584338527 10.413073246125515 15.365796898223222 5.782216913782708 1.9292290710382467 
11.242440483191253 5.121891765290235 5.473337280636386 3.1913819423974803 10.456735766890105 15.424556854889103 5.889480767911834 2.0519338682532977 
11.24150219054735 5.244318995178914 5.25035289582608 3.239363026180889 10.16017709741814 15.300833421179345 5.790024369474618 1.895213026126706 
