1.83591946848725 1.5570157240952658 1.3777391552757945 1.83685039084303 0.73987682467078 
1.792850792402057 1.6481380012092057 1.4931827740541876 1.6925987398989686 0.7209948790262519 
1.83716137508145 1.83716137508145 0.9862201560660467 1.82807601947626 0.8600265746205933 
1.8364972786459726 1.5008609640129567 1.3294794372735255 1.785920310751511 0.8932311238999248 
1.835232568512618 1.4591495280900293 1.4808786227896322 1.6762492811819034 0.8944556193001355 
1.8366989977228598 1.8366989977228598 1.2178817311507666 1.5625343242366387 0.8929819400583143 
1.8345920590321014 1.1654086140243407 1.6676876329329446 1.7862458310408627 0.8933939334341238 
1.8355168601224734 1.519912400720666 1.5389671667981255 1.5574204309295796 0.894464268579751 
1.8346780050939582 1.8369425415695697 1.0436095497659408 1.6633101750835546 0.969308965904527 
1.8370903902152442 1.8370903902152442 1.1623765793049339 1.5381609620020151 0.9736432391235395 
1.7745201193922786 1.5708334781563826 1.325916086851368 1.78264464295103 0.8933911912544181 
1.8371034645663784 1.8371034645663784 1.4671641539762217 1.1836973925035486 1.0233453826529864 
1.8371202670242317 1.8371202670242317 1.5527799914924105 1.098105800213755 1.023354742342298 
1.648059231132766 1.642373381839629 1.5292081705982985 1.789989968878419 0.7414538070163815 
1.7001909661115793 1.7482858878767753 1.5520741968469578 1.4525169628197887 0.8932740392188228 
1.5102912973135292 1.8367439765282954 1.3204293054528946 1.7861602145966091 0.8933511122218533 
1.5008479552896437 1.4906478169811814 1.542887426873995 1.8368712449694806 0.9762305357636218 
1.3790194202728085 1.8327028344765335 1.500640100494792 1.7388445205932017 0.8954457897823698 
1.3668929888800916 1.83646489051336 1.717215672225447 1.3947424147165506 1.0338710778876992 
1.166815799247525 1.83079028689899 1.7166588704986028 1.6629697194131294 0.9691105623002085 
1.8366184821268186 1.8366184821268186 1.8366184821268186 1.8366184821268186 0.0 
1.8360041584728506 1.8319085351382238 1.6587781066305407 1.7000868989901945 0.31953376856021265 
1.6433653580100407 1.8364304160231693 1.521765379444779 1.8044429745351387 0.5408683232754161 
1.8377995766856001 1.8377995766856001 1.392641962816078 1.7406439102450428 0.5423132803100795 
1.5627856438784997 1.8373833899058696 1.6680527954369682 1.740637286302132 0.5423112165610339 
1.6098281864333581 1.7343422602099232 1.8378317738696799 1.7666653802658179 0.40265949469994033 
1.8352430354291311 1.8277978495568783 1.5130745180716165 1.5899106967647927 0.5791176816031618 
1.7370483638832295 1.7913831221856187 1.5945528968221674 1.8208116203923237 0.4023771966971296 
1.6199939969849342 1.832620255750247 1.7945986525304083 1.5578165778659745 0.5420061944470206 
1.837278099476964 1.7834843821750488 1.4429650695905845 1.8084522320052847 0.477242152423147 
1.8371708494621193 1.8354683755447898 1.2438975939669994 1.6907763774365108 0.7414113070373187 
1.836980543130274 1.8359766451743136 1.4890229697627215 1.464943739817967 0.7210115897057634 
1.5102060085060949 1.8370140462409492 1.5682485904876609 1.7071982430607482 0.7273372747706581 
1.8187877594936313 1.7287413543078833 1.7273141448375495 1.5959608683893634 0.47714661925086777 
1.6119385277167715 1.8366334008016547 1.6546815762178588 1.5236139682735306 0.7210054506599887 
1.288743116528977 1.8369080629753967 1.6992740045161474 1.7957457023485976 0.7269613655324677 
1.6784798477049805 1.6765390044530568 1.8004209581950301 1.7717305024349432 0.5451597626128559 
1.8044516206993866 1.6974778865942757 1.5829327995204745 1.7321579021459108 0.5311555615515265 
1.8367071422018149 1.8367071422018149 1.632344366818103 1.2971346066995293 0.7439353108859973 
1.8365459918433293 1.8365459918433293 1.8365459918433293 1.1132866400758503 0.723259351767479 
1.8237072603159346 1.5374927630755109 1.7818631501571367 1.7569075086005337 0.4504592703091852 
1.8378519315256683 1.3137743654794336 1.835137676864481 1.828306137273349 0.5363376149597417 
1.6192861291376255 1.6170493813674442 1.8355210141333649 1.7430060749870726 0.5363212840591763 
1.8369256166895613 1.5834574685333087 1.836493804677748 1.5580591062238132 0.5363270602731458 
1.786013645897355 1.6195459562247367 1.7863672232627437 1.5760223743955617 0.5789801765006085 
1.8167081884946978 1.387526391134408 1.7539624835075418 1.8129966253074872 0.5790132454990882 
1.8363920760002093 1.5095149252377313 1.6305158654387333 1.8375582599663192 0.5362519132222835 
1.8361165704741893 1.5337729339051265 1.6650755426404635 1.7331727553403458 0.5806431072235144 
1.5921685363031133 1.5847242737628378 1.8190812566137595 1.6082316176421747 0.7454142137333453 
1.8348200091717302 1.3602392690485232 1.8196500274754113 1.6156615491080226 0.7188182629319106 
1.2117634694210673 1.8365300506546423 1.8374599147084805 1.6982884456203973 0.7657977784293344 
1.7581687165875073 1.499648708496588 1.6212801954397662 1.836933540486993 0.6317030009371176 
1.6861312501911425 1.681538785104561 1.7602957567738102 1.4536586240007838 0.7680591343004728 
1.8369909977104304 1.4198600369032175 1.674922425033474 1.6890551465552706 0.727135384639329 
1.5379636057932147 1.5288836958830534 1.6845966287136873 1.8289708800605806 0.7679179763451676 
1.8369792735977883 1.56145274088018 1.6140162903743305 1.614735093709512 0.7210398234682451 
1.5734004421021612 1.6661776903414753 1.759696671865913 1.453533520872959 0.8932380915160618 
1.837347774677708 1.6512434827841267 1.6774184859678607 1.4561047477628413 0.7272766075182954 
1.8347750807842886 1.1259970194807687 1.7058848860994955 1.7883622137284072 0.8935441346504729 
1.8373237096305197 1.4904046709620236 1.536422442449613 1.7578769336192737 0.727267081860649 
1.8346922021123395 0.45941445843082757 1.4902341701283237 1.7248502218481365 1.8363970175065425 
1.3142486391594628 1.5994119659393242 1.6457927804737766 0.9498205445003751 1.8364246433576463 
1.205613706895718 1.8399521842036817 1.3182079475244945 1.2508668818665383 1.7489490661167535 
1.8377851132552232 0.04200961251378028 1.8284845968066645 1.8050760171900015 1.8377851132552232 
1.8371967915357226 1.8349074369317153 1.043691567365633 0.9887797154112782 1.644242019455514 
1.734980058059579 1.398807153539635 1.5825205844573031 0.9888870685404525 1.6444205369990652 
1.3014492524253567 1.8372803048193114 0.9657606756515957 1.74797034313208 1.4966606432489018 
1.8358721938913412 0.803511121571106 1.7987727290357793 1.3587995259036143 1.5503854734504046 
1.8376212368285763 1.8376212368285763 0.4187917316697231 1.7595123732771747 1.4969383687102547 
0.7970014165235453 1.8265545201250315 1.5731401873354198 1.5500749173436008 1.6003228220160277 
1.4567349018880262 1.8415624247634264 1.5108597236960692 1.0569437623333466 1.5001488863728372 
1.1651399991136853 1.1453010700592774 1.837583149846912 1.743459142594942 1.4588492377728315 
1.499185850916431 1.489032850747086 1.2869581298634232 1.7526260548462622 1.3239852553400582 
1.670641832931104 1.1233346954256418 1.6922353528917982 1.5805819361272053 1.2827787589003923 
1.8368257526068905 1.552426268552462 1.7655271354052635 0.910862971417749 1.2825352426815861 
1.834048715041618 1.1612823651275899 1.4833309252089903 1.8375604969811834 1.034019485565352 
1.8368245221000814 1.2573946475511635 1.6913404196530157 1.5385484993545022 1.0231899997415628 
1.159023850025868 1.836444817819572 1.4833990606002447 1.8376449035699542 1.0340669822641777 
1.8354165205431219 0.8756955646600313 1.8327560765947237 1.7729797287588445 1.0303139574760407 
1.796078696826301 1.6627406370243147 1.1392814301996497 1.7778542862887594 0.9715083029409738 
