434.84294562791285 1.8690620743370753E-4 0.0 0.0 1.3693178071905185E-8 2.2251337212866145E-7 1.8637817050347642E-7 1.9627872245654486E-10 0.0 8.998827056517848E-9 
0.5420493125819131 0.02128703906671507 0.03908968323751901 0.15096201910153662 1.755887788960223E-4 0.021416153196577296 0.002665170461778489 0.12389439010885234 0.017870031317003692 2.2958659991110136E-8 
0.2325235019680509 0.004115746422228762 9.366394050423839E-7 0.18927004055475255 3.3594519872630575E-9 0.0710910194744486 0.009522321347479287 0.01566917062524642 0.017776674481185174 0.0 
0.3320355228001591 0.0015355054115765894 0.09410461980120645 0.7526410570888162 0.10223912029279579 1.1619401707446424E-5 5.864956393071738E-6 1.1429594571730879E-4 0.09341276598903132 3.6808495540765417E-9 
0.3370269712667442 0.004975820156806954 0.0015267242014503758 1.1030539606613696 0.009369811168445106 0.04398979565710177 0.5305465831942594 0.03295281297287523 0.07818634252024718 0.0 
0.042001902902264715 1.5213509652479805E-5 2.1959216932792351E-7 0.047672918252656196 0.01900640878934618 0.26178520301723107 0.0037859570847050546 0.06451755068732395 0.010901782803883193 2.0920599078795535E-12 
0.01748122707294281 0.03550350294690777 0.0 0.051454346271883104 0.03352379371877232 0.01610791012276267 0.022156531394499166 0.03471325944299625 0.01975284559109875 1.5271666054493645E-8 
0.012973608842952488 0.008714758966014353 0.014656246551980072 0.07839223496433807 0.02031100516213705 0.02450673980770659 0.006094850125627718 0.03557062748554766 0.02116487436148243 2.8962532353768574E-8 
0.03265484509213624 0.04393982507301366 2.0326016977592585E-5 0.11835641650710917 0.002783229272486362 0.06269887483025446 0.004777470193910113 0.012358683240923882 0.009143216970955388 0.0 
0.012878007867029 0.008342711482749437 0.0025232488018092987 0.03134145368380484 0.01050881521358379 0.00788656970158487 0.021788485838748352 0.10629765439762055 0.021408165149907843 1.79567276880143E-9 
3.569685271559676E-63 161.53849253724465 1.0583359203106974E-6 0.0 0.0 3.9241384443174214E-7 0.0 0.0 0.0 0.0 
3.339047159421892E-66 0.1576112081481909 0.007518142886280434 0.19538549247625173 0.005878037189681252 0.022181915815292323 0.008577651628071961 6.627732277821586E-8 0.07132410092184975 7.981139914903557E-4 
0.009235161973337413 0.09732526197098876 0.042200410028779396 0.07715455630487698 0.016982100485093753 0.012769734202779366 0.009935449370421907 0.03419870904968988 0.01685116785025533 1.1458037191403417E-6 
0.004645174848216608 0.07717989196890643 1.3362195044969284E-5 0.058383324105609084 0.021603543112049928 0.018257361383432435 0.02060822544659109 0.041743674909712175 0.01370232526724877 4.250983348852537E-8 
0.022227980747018684 0.08789945216794662 0.013426852678299218 0.13092858912578012 0.003229221905542669 0.07274592217617164 1.6370784721801744E-5 0.012761037498666852 0.009740756986663834 0.0 
0.0015011844619147476 0.12456057334839724 0.018664181486977873 0.03682277683066972 0.03671070738295403 0.01539884218549714 0.017607149389244306 0.10081385570530531 0.018325123244938155 3.450160117800365E-9 
0.006400147896529002 0.18511231897522903 0.04591732570983293 0.0636626864479028 0.037854613524728575 0.01876574120663301 0.09260380257214167 0.023569817629479857 0.02006448744577515 2.8504261322540467E-8 
0.00238566557497695 0.07137787567795341 0.0026551107194463124 0.04220786919395051 0.007420462321511746 0.04247073980215868 0.0015028704183866616 0.09910660503140814 0.014242080914832585 5.503070326525036E-9 
9.615676529000422E-4 0.06540283672461084 9.432942519822486E-4 0.06866302416935682 0.001756117823313774 0.0818064292885983 0.0033720490562594635 0.033086159649379734 0.02517626759504627 2.97546278784655E-8 
0.0017199802256354267 0.11415650554173914 0.005475828140517774 0.014328292903401003 0.010881435600292411 0.018345294394529043 0.04183713537816354 0.07919513467997233 0.07216667121498674 0.0 
5.963810789785157E-66 1.9542698651089647E-63 76.76843689219066 0.0 1.860285138126549E-10 3.3238259939434087E-7 4.866452969628819E-15 0.0 1.0658090442796771E-14 2.5961526816091754E-11 
0.18942256928835963 1.1363015570596804E-4 0.02607764415839463 0.07165067102054581 0.01181391037907095 0.048973744047052827 0.0032545926562928358 0.048332100867770234 0.023110618906330736 0.0 
0.007979440607625995 0.06431204919862704 0.09628813888133099 0.06139912936230843 0.003723243290478669 0.051327986809152 9.553435366495473E-4 0.0272186209322902 0.021080016755253863 0.00155918538535009 
0.6618045498638381 0.01108254834335509 0.14280953713969508 0.40914206921981344 1.2797287799309322E-13 0.01846532934136973 3.173292437340185E-14 0.0 0.017738462049817137 0.0015608148439692048 
0.15036203200246495 0.004699670621665392 0.044271956148168326 0.05058435035879249 0.05044074799749438 0.0207911194630431 0.004686091467135337 0.06053961912775434 0.019254979795385634 6.029271629371294E-9 
2.2951756033712217E-69 3.4099188371503587E-6 0.0201554623158912 0.06743539407892904 0.008521907529284818 0.0523050789111962 0.005091819245034228 0.03336868840789705 0.022907299876109826 9.9284517419059E-9 
0.01244971336063654 0.006700514939449181 0.024662244623125204 0.0537247793246702 0.009073535235970938 0.012295325248781285 0.03418083854877049 0.03259893757845159 0.024006160725855447 0.0 
9.364428209160486E-6 0.003570915900645209 0.03571597225611769 0.256041202427412 0.018036895674044817 0.09917295416063399 1.7035237829821885E-5 3.188273703877806E-4 0.005021170126700379 1.1836067743369425E-8 
0.02076561822877572 0.009638263257781544 0.0338399822393646 0.08281794272362081 0.061609578695280574 9.228313693080929E-5 0.03476084110129415 0.039264731208072584 0.021746359713963062 0.0 
7.129614726292321E-66 0.027274764387896548 0.02662309153917333 0.05342786686893123 0.048164812582885734 0.025170583876071094 0.001583539851782422 0.024349426151468907 0.046370878966497386 2.1862845427235566E-8 
1.9131270230055627E-63 4.300521513438617E-65 9.170721524073913E-65 253.55673427378701 3.7928916969914745E-9 8.830530665378064E-7 0.0 0.0 4.394889356194451E-8 5.7325742846961533E-11 
0.004523435240482428 0.05502347659185416 0.02852545824107302 0.21116824007417412 1.2898753285729133E-4 0.045834803836741794 0.0014069803858827025 0.05462855329805122 0.01787071992242105 2.0413339933392867E-8 
0.030088197323080428 4.7681565378911644E-4 8.421797995025889E-4 0.7384372909362821 0.03254662092671538 0.00649506253894653 0.012004436240985418 0.06915587997681645 0.12671218070571186 0.0 
4.098682113544614E-65 0.3371541532178071 0.01658359776687188 0.891637028926117 0.040016013711292354 0.031874277297951184 0.05989977064275824 2.2549293684189222E-4 0.01971293918639205 7.072140936396866E-4 
7.502056045565693E-4 6.621162970796801E-4 0.00389053328178582 0.18568902740682228 0.0010173000950191 0.058155029590566336 0.016030633674368938 0.03336892000853948 0.0014781305270031816 0.0 
5.690269489960556E-5 1.3075092355113296E-4 5.675102720748451E-4 0.16290392229990616 4.488185841438307E-4 0.014838965701956402 0.021477838052208775 0.034331273621985986 0.02168161459655766 1.892946332412587E-8 
1.3335664272130378E-4 1.3959654246305166E-4 3.341517381456953E-4 0.12531731598392798 0.006823342702308457 0.02321899012239625 0.007345000711137156 0.04712950083046694 0.01941455016325303 6.515212331481409E-9 
0.006574340762483898 0.11365039271759496 0.006465930723508913 0.34811670540307593 0.018596342085634248 0.012942773336814184 0.02700030952597128 0.11902659223050455 0.019440977215782567 0.0 
4.013558277196596E-4 0.0013308853722116913 0.0011564646175509946 0.22478213716474169 5.552660377696738E-4 0.010301629637001783 8.621161758639812E-16 0.017134818382816084 0.0719443300250064 5.030690698773958E-12 
0.006761025002583769 0.08544900748964467 0.011103770858303896 0.6585933173249319 0.006222992895867577 0.02201572283728543 0.13593716547638196 0.049332241411930995 0.002649348571037847 5.284575859820853E-11 
4.09145979804413E-7 1.2331914719428813E-6 1.3496192417749998E-5 3.495552899082895E-5 70.13486375730837 1.4172645399806544E-5 0.0 2.0672048745440142E-10 5.787196981355936E-7 4.376748562459065E-9 
0.005888835910575605 0.026140398230872223 0.007300183176408076 0.06221263675586275 0.0286208321296096 0.021786024239749756 0.005818974817055645 0.037732311703650025 0.014869489260672506 6.2128349200238624E-9 
5.362406000126333E-4 0.021024052159148834 0.10949566839524329 0.04007658414350211 0.3290392577553952 0.0680765741787803 0.02740536933779989 0.23989735983619503 6.265022250369739E-9 0.0 
0.0070284040694003356 0.052624959538605465 4.549999498915479E-6 0.039804857318145676 0.0430515043528795 0.019440908192953646 0.021877830604284068 0.047632086103164634 0.007564798754108488 9.049808241570152E-9 
0.006604612286328863 0.3664663102993999 0.09280697066288045 0.1741980976117622 0.22564013384180576 3.3049586291718955E-11 0.031847844992528386 0.2941071488387509 0.0 8.516537825618805E-9 
4.43884912116899E-5 6.341349538394582E-5 8.84294256735007E-5 0.06207178474346578 0.03506455960950414 0.014748296956888554 0.018265485000278206 0.03597302580429423 0.023910971935176457 3.641300762554248E-9 
0.01882938559953512 0.06971604647654127 0.03385802924223966 0.0828821518539746 0.061628581196722224 9.231958556517692E-5 0.034777239486656585 0.03928955499157471 0.021690418577476892 0.0 
7.768350288438817E-5 6.913286121211863E-4 2.3154471424237846E-4 0.1550918979183077 0.03875171022638757 0.032437950024230854 0.011316585572961304 0.0 0.01719901659756616 0.0 
0.001362699512285596 0.004270043641855192 5.495634832065455E-4 0.10344620591400651 0.035359158705233415 0.02841299587276994 0.006334813946661063 0.054661356659100956 0.0037730817527707686 1.5590306645233215E-8 
3.4603402276944897E-5 4.0955241390581645E-4 1.2179268172409845E-4 0.05330159288651824 0.02953689214799882 0.013595134311776221 0.004232237342855107 0.10108796304926299 0.01455087762313615 2.26634927704504E-9 
3.737446528773088E-70 2.7471011770042436E-68 2.35153389014948E-67 2.033979192513707E-65 5.82472812381452E-67 158.33031028519784 6.614003958694376E-8 0.0 7.134697914923604E-8 0.0 
0.007541408409985986 0.042377884298489966 0.00814193162924806 0.08754014545743749 0.00516189394899465 0.04579404350209491 0.008035545169304435 0.024018928773460627 0.014870005570024165 0.0 
5.758013006656404E-4 9.321591135810942E-4 4.676268657680948E-5 0.020949265854368144 0.013827351290557541 0.08700537268648424 3.819139839792022E-6 0.07565487175820289 0.024568471525410616 2.0538463375176008E-13 
5.811242774231591E-4 0.0017245266030904674 0.003183997179942222 0.012615837849027832 0.07073481680267622 0.1369085044703437 0.005838600870219146 0.012252014260565871 0.01557762965079832 0.0 
1.0258319447748497E-5 3.140103667961301E-5 5.361735202228531E-5 0.029293257154058304 0.002278037819966259 0.12818511450119177 0.021477838052208775 0.034331273621985986 0.02168161459655766 5.809968861474867E-8 
0.005456680804415529 0.03349494134577291 0.0035259938921774116 0.045685530656743314 0.02422871176623993 0.05887100461489624 0.007448054524445563 0.024261759505951854 0.01481503024604805 2.8533400932916453E-8 
0.0016294414054657765 0.002651396599723462 1.450540512474422E-7 0.07486035106567931 0.013945547093080962 0.05376168680798824 0.0029879743556154243 0.0341050437858295 0.021184399916860108 0.0 
0.003208379695178361 0.05281277461689603 0.006283439719991493 0.06703170314754045 0.005979027975885016 0.09064430973256352 1.714674312995819E-4 0.009866235828095999 0.072484084712143 3.630205313843199E-8 
4.573266854042731E-4 0.0022145866947418866 0.00356835826165643 0.15908461200717255 8.804787519471815E-4 0.07862390100621901 0.015179450638812741 0.03330177802667589 0.0016262366810026543 0.0 
6.805331919178782E-4 0.048133017616098825 8.368116748765753E-4 0.050692909066250895 0.0012927525033266485 0.060009131205973 0.0024816491876446505 0.081015148776624 0.025176403459002517 1.4489902277626129E-8 
5.0900672332691245E-67 0.002634753645530843 0.0038094242109340515 0.02462198332026125 0.0022404705672303773 0.012581723029590122 58.925128845636685 1.3731821539455534E-8 0.001579983708584911 1.5116376154795194E-8 
8.45296948354141E-5 0.0012228174878584118 9.523662644982479E-4 0.05562640187479685 0.009444101561229015 0.03884194849405297 0.01741958911134698 0.05178193261133675 0.018536717250127174 0.0 
3.830193476838911E-4 0.005224740333814782 6.561506535357785E-4 0.25347140622414094 5.676453094112698E-4 0.009571149102078656 0.07078980611442341 0.02299817162512596 0.021409829817411522 2.967187784325108E-8 
1.6660683884570535E-4 0.002688801428207465 0.0061278717675681636 0.07244466797790505 0.012866497764613223 0.012313829650493971 0.03317081068296801 0.03296113543529802 0.024050534287487668 0.0 
0.006680742541840997 0.014430380896483987 0.010342662294028075 0.1273589897116316 7.202609610632806E-4 0.05403745719712162 0.03387933311516842 0.03267298928499376 0.00494402349633466 0.0 
0.001410176103555027 1.861232492511409E-4 1.051726120984128E-4 0.16259250660495395 4.3360484451697375E-4 0.01468039633590961 0.018549131018916604 0.03424627538690086 0.04833132614252154 1.4232973313978314E-8 
0.003732657273099921 0.4849966568112965 0.002487740473493803 0.050240650738780396 0.04139795700986534 0.014436160083345233 0.10368028762683433 0.7958563819154111 0.01754556922907153 1.892536859734679E-6 
0.0012772630830514189 0.003904540295770459 0.003365802138401625 0.1796365469078057 8.28225161766425E-4 0.06178819015135151 0.015909696860008742 0.0704878998598359 0.0015260990145574992 0.0 
4.68341664440262E-4 2.251300974367667E-4 8.367255871215303E-4 0.11266944296041131 3.262538553484292E-4 0.010131945260617437 0.012720079308239726 0.09449536067698003 0.02140824489674559 1.713672471705197E-8 
0.0012791992168984178 0.006980505155283213 0.03176851124251183 0.022119973327872 0.023164964579448 0.009665487821952297 0.07402136418896754 0.8570361726104612 0.07374328562616424 0.0 
2.729823913762737E-80 9.651584371383128E-80 7.56480447550789E-15 1.11241411084572E-13 3.315320092460462E-15 4.015167863129839E-14 6.377235095620736E-15 157.2097473751009 1.1210696830548728E-11 0.0 
0.0013565331986555213 0.015321878102506766 0.00815881202480892 0.04858576853647444 0.04596689248036495 0.0343972083854037 0.023700375285525543 0.28258681664379187 0.011496029213733354 6.674104420112858E-9 
4.938805368134365E-4 0.0035898066731312054 6.337058977974037E-5 0.004761929806530621 0.004112260261621259 0.026685852499159935 3.82403234754968E-4 0.6139652611227476 0.0753028588455037 1.8475216085256824E-13 
2.1952069051799274E-67 0.006143098459782932 0.0016248147345812802 0.04484816911795846 0.027006773544797656 0.005151980613045038 0.016382131947748523 0.3617528837740059 0.0179294776266751 3.860196838162696E-9 
0.009710181872367439 0.03699669187061163 0.005183772949334907 0.2651162165120603 0.025859536634085023 0.01892301017832789 0.008572626798333692 0.8509252221478661 0.07443673729653855 0.0 
3.114839647214904E-4 0.0028185469622881284 0.0011213681032669184 0.016751833117579128 0.01240690896289668 0.02091748341410636 0.003948175064348598 0.3656684868889776 0.07174124014857704 0.0 
4.806358324522308E-4 0.0032246326899893142 0.0016173886310975843 0.13602093950229083 0.019295382672936227 0.008591013003880254 0.003948175327503354 0.36566453877942867 0.07134649979109665 4.010277219226054E-13 
0.021611866197088474 0.16216546496616985 0.017169848961025976 0.0495728554260375 1.206675811335235E-4 0.014657457279463285 0.01098122182054166 0.3952370552678139 0.05453400767801956 1.4243584902663484E-8 
0.005875918438109152 0.024712263891753697 0.011716680948727272 0.11999483155163906 6.580763337957885E-5 0.02249012843180958 0.004845098898211271 0.2482980790456576 0.05169040435514617 1.649511135421874E-8 
3.4442733897923957E-66 0.008270332661648274 0.006968295205296967 0.025871392750946694 0.023401085329137875 0.012159361670335052 6.950431983039734E-4 0.14591945061798597 0.02189664720377039 1.4019741653943184E-8 
1.2000684637198312E-9 4.0006352492476815E-8 8.930946166931236E-8 2.5880744440522806E-12 0.0 2.282388008943356E-9 2.1110595346827948E-13 2.8231338494975423E-9 92.16851858835821 2.0855401896390896E-12 
0.009465684774738362 0.005213841832497135 8.333306016967728E-4 0.02377012589609518 0.016143716247645636 0.006078636757946903 0.19982978916327776 0.23362516559756275 0.852640694479229 1.7411677064636716E-9 
0.21663521462476734 0.00304987910956755 0.004611773792633989 0.06837031627012943 0.052592863359426645 0.010198787556378278 0.04793737198027652 0.01718738139126802 0.25033800192546307 0.0 
2.634106554796181E-4 2.4066054206237988E-5 4.928155105340753E-4 0.07851957760708352 2.5079143198382587E-4 0.023752422799451504 0.009134569107611743 0.06084282082426882 0.10026307178021562 1.768981523590229E-8 
2.4967129511299717E-4 8.874026525802195E-4 0.00885549378095374 0.14598095431942645 4.05923317164008E-4 0.02161998948990016 3.450092123445461E-6 0.0331872425099853 0.0719822302157546 4.242657032801962E-12 
0.0022732262929205226 0.00639943169080196 0.015439321556870314 0.07147318060728677 0.00872206715230595 0.09646950504287495 0.005511521204435285 0.010471416471822384 0.08161341151446669 2.6511934152572374E-8 
1.3264013956026722E-66 0.005791930396262984 7.474519131031368E-5 0.08545744954415926 0.047074592474955615 0.024787148827296518 3.4642442241136067E-6 0.03401493409745753 0.08959361647437027 3.235754686863023E-16 
1.4364976262921071E-5 2.2938317979680374E-4 1.3961698813494937E-4 0.04709565009674012 0.01207569421798104 0.03486295232184284 0.00577769160438397 0.03810767536397807 0.05708584250427007 0.0 
0.0011779734859678158 0.001191470268663725 0.02794548839957766 0.07754149958665171 0.0473211985782066 0.05444970363460991 2.5959298428855927E-5 1.1429595938917348E-4 0.09377210482958558 3.752755193869651E-9 
0.0011771993287273106 0.006354863190760661 0.0010687696291662467 0.00842981675615194 0.007279737809560196 0.0472406893190879 1.9984361473075836E-6 0.1011481279933282 0.07528113681550518 2.059125724683254E-13 
2.2195808584916523E-148 1.4707364129370488E-83 5.1091203186041525E-86 1.9431813141066585E-73 2.1259206921884854E-73 4.75985897135385E-66 3.121183310293646E-67 3.461475703868863E-67 1.2340649935694963E-66 1.8840914193636393 
5.850862626678991E-4 6.794594793156821E-4 0.0011411756322650534 0.17151390024326546 7.216312613110584E-4 0.047642671448695224 0.0 0.14677028482057264 0.01492430137097836 0.004083292649135514 
0.0014235696868634918 0.005378746389106949 0.01688546510500335 0.19183308340043428 0.005681872075992439 0.01340331834204354 0.001091456089931448 0.024908502782765914 0.020851621885123694 0.001581425645330843 
1.9383465408999036E-4 0.002796332344265126 9.065856914998007E-4 0.08458770201993199 0.014340236866696845 0.059682506976321395 0.0 0.14379078893913128 0.019007872796581865 0.0015279309824301217 
8.061997532314513E-4 0.06492501581005622 0.001127724587299583 0.06830670884796837 0.0017695256132959885 0.03900119667095625 0.0024816491876446505 0.0793400074237589 0.025176403459002517 2.700509268138892E-8 
0.0012161758077482907 0.0024700073192087664 0.007689409278692897 0.09259483560002234 0.011972628353622545 0.023209065248501227 0.007341861116975964 0.04701903247044469 0.019569038844948313 1.1031562898409833E-8 
3.2181248291636013E-66 0.018349888573207733 0.00698485415486392 0.040266728959276764 0.007391587383150015 0.0427647237050652 0.001501941383017331 0.09905210432088413 0.014717050964330961 1.5737182953943648E-8 
1.1115182397679024E-67 6.008602926591036E-4 2.2922213251748313E-4 0.10021694098591001 0.009976438873835211 0.014879564022860899 0.0012973882008424354 0.10505297831055388 0.014717029721754177 2.2378684999068088E-9 
9.72231959273079E-66 0.063591320250281 0.012958081539722228 0.09030780301300342 0.005689055784251573 0.030748881789288612 0.0061965015758500145 0.0347408052862367 0.061743756328127085 1.7531070373457482E-9 
3.3436020500617194E-4 0.001322494836402683 0.0011491737133243688 0.2162021303039279 6.088788512977144E-4 0.010236460300093515 3.84579289075101E-6 0.017132698978493354 0.0719443300250064 5.942468288263424E-12 
