0.09909189333791237 0.07651597102321935 0.021687629194854296 0.03944378858122594 0.12776138207363483 0.34073215441734783 0.918104452047471 2.685907003851306 
0.07139083649908899 0.0667804117717852 0.029991882925882635 0.11490674260882801 0.19721562560180378 0.506148696789779 1.4297756047074421 3.7560378514515738 
0.0771038350746244 0.06095207855181041 0.03205338117450385 0.0674701133978139 0.13004205657820275 0.38816029966593607 0.7685996009615245 4.18223423974815 
0.07628697583316972 0.07049676839352727 0.019481677205166678 0.1066774249348778 0.1732396494100389 0.38833292728111946 0.8378145196482828 2.2606751842505974 
0.07083191827814418 0.0606459050362751 0.02256996245403738 0.059154851188700085 0.17840737306306914 0.40925125800726136 1.695188462911268 3.8062946053492754 
0.07111695930472872 0.07976443290339588 0.03479454936982767 0.052123832128270486 0.11086566459087957 0.6062665053159136 0.6742191925969688 2.723884051499878 
0.07668388380846149 0.06110889048573876 0.059377155126363546 0.04529651594729666 0.1404704002919134 0.3847315712407037 0.9744043571024303 2.3372592170070288 
0.07046127552609306 0.09165550049485864 0.028668973382586005 0.039373944167262795 0.08515892523788576 0.28525334955498016 0.8044101718805324 3.013366141731525 
0.07355353097764711 0.07967196993901073 0.033051327425609046 0.053212230593901975 0.2286199372545996 0.7229783017190962 1.1059621893514717 2.762744554733112 
0.0702594080740521 0.06082329986198696 0.015837846152330453 0.06054153979920813 0.18817205360887615 0.7710885402257653 0.9478442266950575 4.274094391139366 
0.06679395832061492 0.09163233123583328 0.022215150228743933 0.0559661597781216 0.11387549054487901 0.24930580954790948 1.5154568053948494 2.282655500505612 
0.06399454628791625 0.08838417218092681 0.02190640184311995 0.06807871069126231 0.20584351649583402 0.20104922636730566 0.9004641444277544 2.779681944886628 
0.03957867255411918 0.18254669362854184 0.019936844367575413 0.060901201571193976 0.12208097443768232 0.27522374115138576 0.8764501620321806 2.5044092526867674 
0.04443899631275085 0.13658103146855458 0.042596440687790685 0.07216915600336031 0.29541902196763686 0.5685373995258445 2.1592543205478854 4.088799612106188 
0.03137677094930037 0.14053678305215694 0.021687551592445297 0.07110732803996479 0.18040863060700557 0.47418305391938687 1.1770316505453982 3.256967643832358 
0.031988484054656985 0.15078406028298258 0.02453371737581149 0.07246599361608898 0.19112725583124165 0.8711194888509227 0.8305000465736602 4.218428891128219 
0.030077249621209 0.1442094812140622 0.03898714376313424 0.08872273532653158 0.21699317381543898 0.33112244888004067 1.2252043138011488 2.5035079168630854 
0.032243616637001114 0.14011956059478903 0.03959810447938084 0.05627284505538661 0.30671097340007686 0.41357412777891733 1.0842889615657512 4.727052225097801 
0.03364610166975822 0.1404307305398821 0.029753115688939184 0.11375395087794929 0.18810761459058148 0.5589691475066833 0.9968804577903719 5.521537996741833 
0.029619024568089243 0.15771907128672324 0.0340154204597938 0.0731010996339257 0.24670840282319254 1.2498876436518496 1.6286802341833049 3.5499609960723806 
0.03644267953113802 0.13470303751078697 0.03456594751290268 0.04548304027938771 0.3619269364307632 0.709592386950737 1.4889717453829379 3.1205912762909 
0.05051116627401285 0.11901929897523347 0.025639512514346333 0.09192315667530211 0.10497952495448747 0.4164021032106801 0.7872738145701372 3.034684801447558 
0.04480779342436367 0.118884395639383 0.022250419458765287 0.08497972402475627 0.2716569116048072 0.3657471962333984 1.0975856983706536 3.569072242536697 
0.030963797725338606 0.14437243756053242 0.03922543305506085 0.09667096793498625 0.2157482445293011 0.5807973377194084 2.2204645938075527 4.323413004398662 
0.0541479170876272 0.10551297881412632 0.058522262182270406 0.0934406423751377 0.3687555772053121 0.9058872911935993 2.1186048641782844 5.717167108656372 
0.06059646268742691 0.06566737187337035 0.07284589368417167 0.14549194635729382 0.7331978636494659 0.9639341258812796 3.035896779121747 6.022501641337857 
0.045606997701098384 0.12146512472307067 0.04886772381217805 0.06576923979715761 0.31586173093004194 0.7987479464780542 1.6058835649993908 2.515948992034235 
0.056698660412575104 0.1129942771158919 0.046620836842660836 0.05267338573165351 0.1249754916537772 0.44326042462020593 0.8395399934721478 2.141844073242476 
0.0640304375491687 0.07641958166433288 0.0485321426003826 0.10783174309458952 0.3598381982531164 1.0009202367383068 2.279274563819976 4.036246611173555 
0.0625697150434042 0.09939886590196212 0.04083023229450991 0.05013532051141154 0.14141064258135772 0.5025813432174117 1.2910730215567952 3.652148461931381 
0.030036876581053917 0.14051992554408888 0.049269222527588065 0.13463390292306324 0.1838772668606834 0.7510096083998454 1.5229798429886385 6.231972125501546 
0.07258906786305011 0.0659382460812432 0.046524907822651985 0.10964715074383807 0.1976010545753254 0.6708260281865299 1.4469150035432365 4.973350810178048 
0.07636886428107094 0.057547569403582015 0.032902859345406654 0.21419762041581653 0.21386134346284108 0.5604580582225812 0.9974466050695773 3.912444160785575 
0.04193415806276633 0.11988383949189631 0.08869876104510319 0.21061474420246742 0.3375267455897355 1.2631005501122037 3.2023886719749677 8.527834558759023 
0.05653804882221809 0.06354357073870943 0.07716761099138539 0.323730776270811 0.9271755860576868 1.570907597931845 3.5773876004669876 5.851934309757589 
0.029297976731619553 0.14559931948177915 0.024774946822430907 0.16452404492985553 0.2647126218773191 0.49941736325783587 1.5599991055297828 3.8410745541382196 
0.03253490778161382 0.13971475922239784 0.052405828034153876 0.24280462647136092 0.476606464877631 1.0166849353720642 2.1821574734253186 3.6932117615665936 
0.06231485537495179 0.09009756341087506 0.023610915559277055 0.13618139879751803 0.15368800934639976 0.5769731235588411 1.9476299731155622 1.7986097892540862 
0.058230242275068914 0.09991037834363592 0.021755916485674057 0.12786049752055803 0.19409990583245473 0.44737971681647276 0.8418025531430813 3.5870055503769818 
0.06525545760757903 0.07875187981674422 0.04266540085146734 0.20196419818866326 0.38767787843474527 1.051255504686482 2.4511320524155447 5.358552848965311 
0.04427085191643085 0.1360300431894785 0.047580691146809996 0.1615136401867849 0.4126415882373094 0.4877365081242089 1.982769794353321 4.81389433720246 
0.05346044160464839 0.10622093689281262 0.04509123695899055 0.13491266103845653 0.24421769124915127 0.6154853509092144 1.47716184426373 4.979369284889575 
0.06793013099997873 0.08259526365744489 0.04863578113644806 0.1405526441647166 0.22114383124261383 0.6624490744107997 1.6445373571285562 4.49336925449455 
0.06046076229630138 0.10725138862074861 0.03049355886018326 0.12778801643219975 0.16497413532041183 0.3697812176007781 1.6301724736313905 3.8389316255071058 
0.06080101483923214 0.08232506664253277 0.04413846168461417 0.08977949206416326 0.4932885563606412 0.8956434268863179 1.7794516821545903 6.421460626520448 
0.08177937399711954 0.05728106759393582 0.0628196894778887 0.09905468129169501 0.6412806961764927 2.1198119190601674 1.9868653651891461 6.473352662077087 
0.07165247527923069 0.05601187537886403 0.03964774400253738 0.12273231251815572 0.39247568956044626 0.6142168175808332 1.6890590769398048 3.3299371688386494 
0.05588109547966225 0.10157902378015955 0.04709217839050141 0.08562342054985057 0.467365631116863 1.7898862523910584 1.959075942450036 6.734056780197148 
0.067829509905744 0.06134071257474133 0.01955596618953681 0.11823421994610368 0.27891261162368935 0.3430538941377938 1.3786155657972285 3.8263853429807586 
0.06030823934877697 0.08877322946636844 0.019243585247040725 0.06199179746633073 0.24447740952956315 0.279039585814477 1.0411158674141208 3.2737878813492967 
0.05341294446837896 0.11554876391303992 0.027460766565944254 0.07394021012765069 0.3211101587191823 0.5683318320107786 1.6928180390787093 3.022577613596202 
0.060062731034209844 0.09576204806407201 0.031121737386686523 0.09973275357573366 0.2562706108755164 0.5531012567695985 1.4556626684640033 3.701179566508909 
0.04611133451126501 0.11652364018607489 0.02330806297135277 0.10496776652935212 0.31634077354241247 0.5181227446464207 1.2729405870293107 5.2904539463571405 
0.06934199139954761 0.08030425490089696 0.03299929636195576 0.050832440179090485 0.20500109256787377 0.7147516212294451 1.1743764763984623 2.6202998553922865 
0.07110601889360867 0.07162800741122496 0.03515385408354489 0.06048930928594749 0.127369537959568 0.7020184871398422 0.9670418873321742 4.908598554803954 
0.056131639505349266 0.11311827955006364 0.036293862932012 0.06184838913019675 0.1208193910269294 0.6055562020210754 0.7685313553796521 2.572625551913552 
0.0498124493173857 0.10483775195741814 0.038963456228487195 0.09587036686441619 0.16282570314656908 0.7240148123466776 1.528076774323874 4.21177908938461 
0.06260606070703237 0.08667240400915172 0.0351009306066362 0.09163446031329942 0.10320594468133408 0.5389637698598448 1.3623843550038635 4.098619992350306 
0.07286006273615935 0.06035305473659647 0.038961288834373796 0.04836961686260486 0.257566337353922 0.5477417941288889 2.0301373625932917 4.7099752984090255 
0.05743088048835862 0.10012438963850094 0.025656550171133136 0.107053822233413 0.19505098066802257 0.47045001448563123 1.1317779483666615 3.670918809382839 
0.05187208680079935 0.11429219794214361 0.029627816824750516 0.06181892214869835 0.19538446716929184 0.4799619730632476 0.7057244183690194 3.5078651072101534 
0.06576202186333618 0.09255230069573926 0.0226976662822928 0.04765881839298242 0.11070714242505626 0.44359199302470387 1.0800401062059297 4.390580499592785 
0.06513538075409148 0.09064665811931409 0.024560960108303245 0.03373886294543174 0.15302641424395813 0.398528416243492 1.5053734730235198 2.5821357704255687 
0.05822477188257591 0.11564631441785189 0.02766282142537908 0.0755127684639758 0.11713454492022131 0.2255720680604419 0.9087274552503678 1.9875209798509352 
0.03616134427015523 0.1371962245645534 0.04339264353994354 0.12241940164428616 0.35094794010054686 0.9796949649386584 5.793196844426484 4.663301609213746 
0.05547169253717705 0.10095423437608562 0.060785813294451665 0.14710472510544573 0.46231957132215845 1.0420621266455723 3.7488811261094193 9.049250262710146 
0.06604507499471572 0.06496885014383931 0.06959322790548701 0.14325533174769098 0.8316014040765204 1.0716932548782239 4.3773865726133305 7.228862551970801 
0.07285020862590347 0.05594505830611537 0.04602860620276582 0.11157859205369178 0.21186544887869435 0.43961135552056957 2.5847971367820244 3.1702062210670054 
0.06302376402785435 0.06471684266543323 0.03146520780697392 0.20177310761950806 0.2843871643556967 0.7352043691662415 2.7909754437076706 4.7575992551944815 
0.037334480694269895 0.12553810563254295 0.043768736765800835 0.21273946716013425 0.5270468639805059 1.4761757705820104 3.3882184701088587 5.677930056765234 
0.04864970482577226 0.12835062939079145 0.02264573914380137 0.06718797106934868 0.49651634045315546 0.6499350946297212 2.8965426217757373 7.9716371396448205 
0.02699681071489106 0.14837743015647525 0.06880372102716113 0.0830692299441224 0.38960010254254995 0.8324951858018746 3.0165165024539355 5.913282522007781 
0.061345735475237015 0.06227903648324944 0.07969151090159529 0.35659072852221957 0.9205076147254777 1.3399934414188526 4.191121548411371 5.866221078133063 
0.034956296981737196 0.12279857351468274 0.03036459300020188 0.17481473613795656 0.19209717184007383 0.8452372044421912 2.534047333049126 7.456406936765157 
0.05559477574783791 0.12437866530162131 0.0209790596680947 0.05469073758530651 0.2058427184907245 0.4220901756757009 2.0821099481147005 2.3985005366750056 
0.0683013971956138 0.06393417106360301 0.03341964175999722 0.06982511860392944 0.35965993637946225 0.9876543212647702 2.263401850362755 3.808223888206738 
0.07791254079833287 0.05142228519954939 0.06707284518897963 0.12008978269562866 0.3348561925390507 0.9966830213911434 2.218743831917028 13.354148233981995 
0.05263993440680734 0.10979001194959782 0.04632589166734077 0.08961313662374976 0.41223849724563205 0.7854587633946026 2.1123826293710195 6.715640655054975 
0.03463778279340318 0.12093212993693486 0.05752436211361285 0.18869704448414304 0.21500829364312535 0.9419421603960614 1.7984984694718653 7.923959288775276 
0.05152466909261985 0.11969885177197392 0.03350204975035878 0.048424448103248606 0.22083799127441006 0.44306389265685825 0.9277720835254837 6.0875130377364846 
0.030678809341339288 0.1251884087366359 0.07672520157336706 0.10164408092779327 0.32582046147535604 0.8935459879656255 2.7380868227003026 10.110047498414692 
0.030166439844366864 0.1389022413544241 0.05637117532216101 0.11703716789399345 0.18998507419015737 0.779484992373609 1.2417003859806846 6.9192395810592755 
0.056851023101697255 0.10354974907192348 0.039342559005338465 0.08351671269293795 0.4390539440521277 1.634541768151952 1.9779781802404564 8.08314908589486 
0.07079835202955924 0.055539059461783204 0.05824604043855766 0.12090563763230512 0.2894658791788332 0.762078985530425 1.2209616371963952 6.640926977248875 
0.029229982658985586 0.14149298699357118 0.020251434296731815 0.07817778088729907 0.17230197995965923 0.5224607636757358 1.0062454226873865 5.822751665570555 
0.062226053329872064 0.09624941422013623 0.03143736960625634 0.0803758308890818 0.23548855498155083 0.4589024306238235 1.1637935326577376 5.716050418539814 
