8.484366776413808 0.037306451794962316 0.026886623308414945 0.029397337793672103 0.011581289551633591 0.023500418339842115 0.037225020845618406 0.008185676131844725 1.0298154880760062 0.03461253952624944 
0.06578610623631456 0.03184432802606535 0.059760566034592 0.02365990458834825 0.012439120102008339 0.02500387742814871 0.03190311695840412 0.02651003218144045 1.0311952764204508 0.03710078681824597 
0.4318263486469184 0.027947524869294155 0.033631565909555655 0.024212844651956708 0.01447776059414348 0.1653688829311569 0.047634603326578207 0.02745768953703419 1.0242256905402987 0.04704299571884508 
0.25484397227994 0.03461265728166289 0.07395443291137124 0.024644547171546332 0.012352253680401567 0.020795086439760534 0.02114290552964912 0.022314169739164745 1.1741137296867876 0.07421570999960607 
0.08922410095823063 0.04425322608217789 0.0213508643141953 0.026293592871745874 0.012398791242155842 0.03190651294089249 0.05500037043078844 0.02598745587991803 1.060426859207848 0.041137947917166996 
1.1441586551903506 1.013981290923349 0.07688302132998025 0.6969981114244644 0.14151731383088467 0.020336302241694453 0.15019074452206646 0.2984748971686951 1.0301113689496455 0.03646637340234562 
0.07760533578304547 0.06991170251746795 0.024073803064711154 0.023281984531540074 0.010598411636489887 0.024360897004338324 0.03777671996566894 0.018200580697957054 1.0520800353474817 0.043570077685369475 
0.08702968022053689 0.0251742762612002 0.02004278118441172 0.05384456444048213 0.016659660169887326 0.023158244982711892 0.1137065422213518 0.021109863265911837 1.0306404280882904 0.04640535836568013 
0.08875788102452511 2.9304396782231734 0.023510978015819167 0.024327286045483537 0.012001403126707612 0.09078966237463708 0.020857732148196226 0.03303046170614527 1.047357606228755 0.04031297817955121 
0.041247551087228676 0.208337423782997 0.05777027745901466 0.05853622152878651 0.012492578844102353 0.02222954774561732 0.034872622906348884 0.13499927116989344 1.029654050582054 0.02617975571639929 
0.0320077833033723 0.18551173550973635 0.02359969541378496 0.022625414487826664 0.010829761479724502 0.02511399484057335 0.020265779261046186 0.010892219971498229 1.0307820721365955 0.13974308576229272 
0.3021771176586954 0.8400593211944599 0.02417411059149654 0.020673393471595945 0.010127083686477249 0.025601407232254063 0.0448517255453785 0.026350100652409957 1.7922211477294105 0.27440308675004366 
0.06616764761268967 0.06937868162956222 0.02132099217928459 0.023498504583638093 0.01118139935465358 0.02447197633899612 0.02895874498688207 0.01885492393820532 1.0520890369287998 0.038004977861042226 
0.025877963816300184 0.17769184277939234 0.023849488675792504 0.021968744478708925 0.010950188182122298 0.15614874825801567 0.019742618378444866 0.023946382448444423 1.0347842710521662 0.13870405975881622 
0.04096532035069376 0.20786538657337317 0.08331721564072388 0.024387236353490174 0.012468794517978889 0.022351465293398914 0.035337575086164225 0.24607481554230357 1.0296479597536345 0.024871222633325606 
0.02417504199680181 1.3469327208293338 2.0374715305802313 0.02613171571204333 0.01338999181652439 0.026259157249954486 0.6364155420246524 0.017571940175973064 1.147444666794541 0.04091170769312919 
0.018420282966048543 0.08814640519026895 0.02396636348450001 0.03081423321892333 0.012448731464123211 0.08993456572094576 0.036653777574565435 0.033203260323943544 1.0302432765323333 0.04034932103428929 
0.02765898561756949 0.03171503243996125 5.6451155816157454 0.02881475898581164 0.013416664650004784 0.0388404950300264 0.03382917136862548 0.023430563494073277 1.0333589954775346 0.03697882397148371 
0.019716794544071926 0.03557158183123984 0.05153318239281093 0.02200862951317638 0.013198189788731015 0.026617082557923777 0.017291005556923016 0.022617781643948395 1.0263359902771407 0.036947185867172966 
0.09514929883845102 0.05183442451726364 0.593559107312404 0.19161043401158104 0.013296356296000159 0.022222265874713893 0.04687494130218258 0.017878672328981708 1.0859202873670961 0.044578470049066454 
0.032604033137129784 0.07011126551057302 0.2479269086157583 0.02385384791510648 0.011125670197312473 0.184968462502983 0.20207546590370112 0.016293115323673175 1.0667035557067401 0.032631818746963324 
0.04081749343063676 0.03380344249590763 0.42817193651605184 0.024687955884859693 0.0761904858073509 0.020662888575876857 0.37253442581126056 0.3017449095606213 1.1462606516661755 0.04607711740105238 
0.02391289192964711 0.425434226445292 0.753608323418482 0.021248158342728064 0.06156765470830791 0.5542037444586077 0.47779200728831117 0.017211603425341428 1.1119383205306526 0.32571301516862167 
0.027562467695900993 0.03464822321948991 0.09531246523769518 0.04307493919436456 0.011370194317986186 0.02570096249713516 0.09861102750941247 0.03174604137377175 1.0576169182296655 0.028627557463689505 
0.02160438155648311 0.07727818726748446 0.07403689167960656 0.03930772267272661 0.0452699211459975 0.019989141812531353 0.019719998973665595 0.02588790224812075 1.029199079984695 0.04867046310608854 
0.024218263901661638 0.05601483089545037 0.1259255429453567 0.026818057129041516 0.013292678995394892 0.026572085317840104 0.045606363406350395 0.017565427382863343 1.1430656674656339 0.030379482716118893 
0.03679217561968404 0.03447684921644588 0.0423816286363878 1.169492043579421 0.013448060916923328 0.021151769512137757 0.023317186129875715 0.03002175231614661 1.0292385984779195 0.032126583626521925 
0.031052387226488353 0.034959607965825465 0.035412047071866105 0.03718538525510268 0.010441147083016548 0.02287620767208762 0.03029731775995183 0.01978227285623214 1.0323812662972491 0.0467761728814182 
0.09648587318926079 0.03261800986648529 0.03035903448693224 0.1439544273515806 0.013686980988567085 0.1642305830513639 0.024842396652087585 0.025911609532181065 1.0835392416637868 0.05291007381573273 
0.08751875744600748 0.033708847474067376 0.01987981678388461 0.210915472691742 0.2917231692524952 0.0225959215115328 0.02538615274351374 0.112951238979866 1.0289182803890828 0.048794270970454384 
0.030594941646019218 0.22059690688245195 0.127279754745102 0.3023109808244171 0.011889955618612478 0.16236770531802366 0.08339857078857854 0.01431087035057011 1.1482075043449913 0.03294627237890448 
0.01871139079697798 0.03246389096818039 0.029211000308390852 0.060649730354198336 0.01255329766819074 0.029988752816804007 0.02824329160141181 0.0244664827077505 1.0783778605819836 0.0355500734276514 
0.06244497941219636 0.04833683141464276 0.024365196702130228 1.5903532440365775 0.010495713049031657 1.7983968386495452 0.18840167984252687 0.3168403746456976 1.0946545480606868 1.807705149429602 
0.2536199257047649 0.04103120715335284 0.06806682977265133 0.15726015080147318 0.012478401997582237 0.025976067247997593 0.11139118777065132 0.015475512133606996 1.175947160527712 0.07568890280645489 
0.02356428033270591 0.08709331313399986 0.02437561843149365 0.0763698749648374 0.013112738446733538 0.020629279679443675 0.021117352029130242 0.03363866219184823 1.0258150273498952 0.07627001280298107 
0.017743586430357994 0.027811812654138224 0.02038517969914816 0.023531286532807852 4.458995420225723 0.02433559661747388 0.024266743061238195 0.021750785011502346 1.0292662337551555 0.026270791740774072 
0.08723493908841401 0.03538699102791369 0.019942600297235297 0.056884229691012325 0.29145319271595566 0.020336947538023665 0.024986442896491077 0.11167774438004688 1.0287804263985012 0.049687450329809646 
0.030287926006978105 0.032911518754310365 0.09251704905730848 0.04066526614976017 3.0153673376956243 1.8559943147640674 0.08410720216882536 0.020318855257902398 1.189675567582831 0.044965592631443736 
0.022058791545173536 0.02786250085590182 0.02372982871127395 0.018314110917293562 0.10955123490485072 0.024137756152862958 0.033504655293603906 0.025610440549991276 1.0733533794665986 0.033670047641974586 
0.06162064250475068 0.049551693553153094 0.4929403435442379 0.18893246599317462 1.1495559455108642 0.021234452592167104 0.03843543504328424 0.018019382505716965 1.5203624360998222 0.03568164657337505 
0.02175824778355566 0.033128869019458405 0.024048142448950507 0.05965472600663193 0.10949213508734279 0.022819429844877795 0.030503306262741316 0.024549510213781368 1.0743919686353505 0.03165865391791677 
0.025826273360913227 0.20778610670397138 0.095154612687488 0.4590813717149489 1.1073618753929717 0.025974504224211662 0.10785981585942934 0.8418347572177542 1.058783295243934 0.030160469030436034 
0.022881433758449303 0.03634903872831825 0.023827743188479664 0.036168848728093984 0.04669864898570756 0.026856130889024776 0.025053990629806285 0.014065929746372167 1.0238346370349691 0.03427391626044937 
0.04493549615537821 0.0587760496246629 0.039115165297507866 0.02362959377030326 0.05974720276837185 0.04880967367714739 0.03173539096931858 0.034521755692248864 1.0413682747723088 0.04168446274855532 
0.013856955775880286 0.0362469918414658 0.02351834456287347 0.02553083264688831 0.019336726300382894 0.02301846522491759 0.030194670335683304 0.02323650463697722 1.0201038338065347 0.032213653113296686 
0.02171739643983358 0.03475763999847515 0.02610710877866068 0.023984621230788386 0.01597293771255481 4.467534599028458 0.028408614650361777 0.01902400611949157 1.028272789748912 0.03375397875701827 
0.02822052442774177 0.03285467211091867 0.07245029347549185 0.02591515354814362 0.010755264532914243 0.0736707267076924 0.047637628161881766 0.02538600496994199 1.0531615100851588 0.03599288094097245 
0.2525550849208101 0.07668847352544655 0.03179081983734824 0.0243297870943157 0.01202868370112948 1.6734280952957699 0.48214531914655673 0.027379217059364053 1.0302364152956192 0.7955567553531383 
0.024869455726563197 0.045758687979134446 0.04637376527404845 0.03871444346337588 0.045412063942877945 0.2108523781583985 0.06791435804286887 0.02289335604764052 1.0523127651546687 0.043058670499358805 
0.02848486812909708 0.09431121029545653 0.049735833194629556 0.022547004512286906 0.014164883645844568 0.17594550743795634 0.018374849054114437 0.022613054164965975 1.0316519956965413 0.1063678281828439 
0.09890058039007084 0.03130578227408407 0.029800975444878877 0.02588421938958009 0.013948046682876908 0.16418106066857263 0.023437306379855808 0.025773380152003478 1.1321594905430339 0.04771515817136448 
0.02201840147636511 0.1024951989343645 0.30544989271211254 0.02017604423391716 0.14585094001620766 0.3507370674871368 0.02097516700904802 0.0255352312758698 1.1809203080640027 0.05371979638835659 
0.03428627764890395 0.09427282272591449 0.04994982189862483 0.02303266061972404 0.01417610686353696 0.17628945434840865 0.01849346391553926 0.022594031222146677 1.0315602200343696 0.03615248517076697 
0.04163224373592278 0.04701352834466024 0.2589682483831992 0.02984982077539001 0.012348132588339117 0.18945512286877564 0.05207965017334769 0.026013913245416145 1.054969333894452 0.034182507034824026 
0.02995499945756541 0.03412004842381344 0.03175878333719613 0.020223092172685364 0.012387048818786701 0.03019033578148288 3.0768178956184733 0.02274358221121161 1.0311131195720455 0.03283320454683614 
0.02588344173794198 0.03459028801208498 0.028386843782538612 0.04139204631375478 0.011269640934255826 0.025751916777600137 0.09859809887047519 0.03480398775826737 1.0584360636448968 0.03360835815786223 
0.030491372625803367 0.03320462535032352 0.023629363328475272 0.024445984618201886 0.07580203750995476 0.02025548988595856 0.7800683315964786 0.3043398963809396 1.1444875042669513 0.2295346440084968 
0.030221241613384478 0.03430590633645592 0.033580672373713115 0.4553478174406347 0.010602107811813932 0.027635011787045378 1.6951863483679606 0.022714285059934364 1.0254544792531115 0.03827714760810941 
0.057334860037522986 0.03373150417858504 0.09534019188722408 0.027451096654777962 0.01079562544039135 0.02683863805725374 0.10220319151558079 0.031484446278337255 1.0246097160510819 0.02861625711065219 
0.037862381444621555 0.040012066330615347 0.02500362963139318 0.021860056891925824 0.14331044986513541 0.02396080630632408 0.23570513288897002 0.017700984617500103 1.1490882699811387 0.03976245345192106 
0.026652504240328903 0.0340858694837952 0.022409142820793565 0.027537220110773794 0.03631453222574996 0.09521859237446807 0.122861983533412 0.026946864646856267 1.0592852084177617 0.03886883786210769 
0.08214907338970848 0.046947611768744305 0.09271213227662985 0.01856757248811927 0.014632815187325185 0.4459990269350405 0.7219447606861293 0.5511911988432974 1.0759905820459879 0.32965100678389275 
0.015610936232023 0.16017984366259067 0.030745589037999968 0.030813732992334354 0.012670972043152687 0.02153346976590978 0.18652655723244374 0.026594685242486527 1.0321844705829433 0.04126234132401989 
0.02193248601269778 0.03188278063240508 0.04499730612604 0.0208096557497352 0.013466682249025108 0.029242727704927102 0.028088490000074056 4.390569660391621 1.0377544694209044 0.03502321997805251 
0.01957107968180667 0.03071815497155116 0.024555721372895058 0.02475130427259526 0.01123016360624576 0.026723562910219042 0.024090008477457864 0.031149543077465446 1.0254496995113045 0.03217043561649201 
0.02449281528165347 0.026480244203458885 0.030592774272210164 0.022329298995220678 0.3015060578911335 0.030321257450190712 0.025665510461897908 0.33193960477341483 1.1389535800282475 0.05134401216072705 
0.030243807715174396 0.08244559401215246 0.06030004993903126 0.023438741041814724 0.009617406095098315 0.02777177267345834 0.01885427044751151 0.14455418767495462 1.0728752514010913 0.13302682413171912 
0.15100232187160884 0.03129452192331948 0.031108978707823365 0.024333313548527954 0.01794049046864139 0.16785877166877913 0.1171900083578759 0.15892146157396914 1.0318289632400606 0.044924206432530055 
0.4307953428874395 0.03366089515474751 0.03048674840109125 0.02405448673484621 0.014206769059333955 0.16514503204964978 0.045391639515590824 0.17350353679893932 1.024236842380424 0.05071795717601234 
0.034975747162145514 0.026560571098586335 0.02185945040572016 0.02654622757556403 0.014730368421736726 0.035980583803478274 0.04240792718387152 0.0506513007230338 1.0590136038030042 0.03608894592773617 
0.015765949459441365 0.03159076843910187 0.02934935833367857 0.06491060106313518 0.11420145997794914 0.02540804325918196 0.03245522195462927 0.11430945172539338 1.0303617822599564 0.05413397601531235 
0.08708271186734476 0.025100198696262135 0.020172876614575442 0.05552169615595112 0.01667432135950402 0.023040973180356226 0.12119672511460527 0.11299662984941937 1.0288751434569132 0.045643124557029985 
0.02032462983491305 0.05203741520392831 0.08170067763139202 0.023032912231844456 0.012935536044284874 0.022393962451842164 0.17028490381345307 0.3000704367229185 1.1152810710614922 0.04364445446584573 
0.036402270678396485 0.036973233150844755 0.025261900977526886 0.022841416274433445 0.015336694682099531 0.02511404670768357 0.02476528838816686 0.015662155561815067 4.667436691997332 0.03323417660632788 
0.03234591704941112 0.0481302722876981 0.025911953961416864 0.2001121928543609 0.01758176028912389 0.025129782011717 0.2355069715320379 0.024236719767796972 1.735489898166854 0.05384408990293228 
0.02357818280844966 0.033217177498232796 0.025732855488503553 0.021327517259799932 0.01109188155025654 0.02771956194525641 0.025636678893081282 0.011057184018261137 1.0701196139094038 0.033667615718576085 
0.08184768065293095 0.15577271811369134 0.019758844657524605 0.05633834112865186 0.018973295505763356 0.03364100959777602 0.12118655211196849 0.11364734001546077 1.2393978932972156 0.040403436498332695 
0.08957564080938567 0.025565875624787907 0.022007662669666583 0.04338674918140407 0.0136294078240908 0.023811338503284617 0.12213782470629266 0.025357027521093034 1.1437694157882121 0.034837409896026274 
0.028238137775207842 0.03855784985451247 0.021692768167595113 0.025399640410918092 0.012213593436153396 0.03216814014881932 0.06129279255603118 0.02930426447140684 1.0604255483508975 0.04065112602617397 
0.029044438928095634 0.03492930925393911 0.04652249646505335 0.04324848128007138 0.01416801980901694 0.07196272874475167 0.08212183424874588 0.02534177432609949 1.0531903947410073 0.047339345283992425 
0.025763094311754896 0.025927012219552605 0.023567165601913628 0.18902045277142773 0.07487889487210315 0.021019313511926246 0.38066873812254676 0.30089807525134465 1.1444968534832387 0.24753790325424316 
0.021157619277143696 0.17260201890580704 0.03924301053490003 0.02934296759121374 0.012373829526258017 0.020703445792346405 0.19848217878236754 0.01649436114981547 1.031889950270247 0.03789786866817764 
0.02512242657470526 0.03381177800625105 0.022750313739070493 0.020355667345432718 0.009829706540109378 0.017991589251450998 0.0225111813993361 0.01977837783826953 1.0248941266910385 1.8125856372147033 
0.14581247968402666 0.09270155896593049 0.021892188481931377 0.02140605998872819 0.009978266023636629 0.026232675018914107 0.04386193775441344 0.025972979200194375 1.206218125621592 0.2675321774231715 
0.028955575250875797 0.047859716333576496 0.024672924824745673 0.06291382591624238 0.01752649679313528 0.028042049667591832 0.038471191472004354 0.023744557417320032 1.038811142190442 0.12662450365447828 
0.028692588022721382 0.04168521174306203 1.4266292630781654 0.11151343458127086 0.04534932703492651 0.2232056520534346 0.06889318452839208 0.01817080099863581 1.0551552785521447 0.9342568080164585 
0.03098941763683156 0.02573004356438931 0.024041932458832398 0.024767994258873834 0.0736845204133733 0.02703534801581645 0.23307042863959265 0.025235370139602767 1.1747042933909304 0.23638553594516534 
2.4154476026549156 0.09545289799691525 0.023221266567690742 0.022945810732666737 0.010282007124595417 0.02556787576464035 0.04317322890290835 0.30906217085199744 1.95033183509105 0.8177449324674717 
0.02878234284049662 0.06441456243402356 0.04930197808559737 0.14383311463990556 0.7669807294686112 0.17310020520695846 0.02109536123815417 0.022992759260879007 1.0289039883417614 0.3691285296208574 
0.027909493989682684 0.0841678529170662 0.0715944558433827 0.026967508776269 0.010562342336260723 0.025466644884204297 0.09409952747858348 0.017382775473150695 1.0581115210732248 0.11205552662383832 
0.25171890563633764 0.04211648430795941 0.07405261191151992 0.025846513608996712 0.012501268921026114 0.02056471981293589 0.019771431510348596 0.024337853826365885 1.028070785566047 0.0793101015456768 
0.06175292002340247 0.03281175846798149 0.03457003390268762 0.05536230590911002 0.009483152970214284 0.28202381903918916 0.5720130010431871 0.0182452618053289 1.0285759525160534 0.35910381578743683 
