100.15370993177424 25.708802516215762 56.67390324726879 51.80579942638261 33.27327329480605 32.70792432372616 59.926950231518354 59.40700941254787 
120.06153445590489 59.76466176405796 43.52819270113936 48.82753134726038 78.17600871716374 69.63640908742092 81.08126804211906 52.10392916387536 
110.9755885326088 64.79365724297355 70.53485051616413 52.31364573878641 65.39475876436889 72.05293222145562 39.18596551991231 53.58927306984484 
91.67466240780051 58.630114206158474 34.11869411999464 65.45022947829224 75.92588403554502 64.0666775203069 80.16956380816822 50.31725983181338 
63.683473223805045 47.501554498594196 48.917625045784604 62.30844903017764 60.032174538571155 61.8840967684759 60.00915522923546 64.26098829452206 
61.745798393541044 78.14698691167591 87.56562496344065 85.11209651591679 87.26092736114539 25.024208091707 84.99055422265397 69.61232738393699 
47.39275853297855 61.731669892431704 41.495637235976425 69.05831590931297 53.40950564527572 46.04771163293563 71.41807474354121 60.12905967612184 
48.27908239278588 69.97978113491448 59.96340791646062 79.78629910470728 70.30580317042659 14.109498382726084 53.22531025509657 74.87509243603967 
60.496015519734655 92.30537462777633 54.698389865886824 24.70594912831635 38.71131498592991 60.78857638887897 28.80557323405791 34.327926548325955 
61.85305339305706 74.88476200601797 54.592911034372534 62.48031449085349 59.28593842648879 65.92236834632037 74.05777054187071 37.91887865479153 
77.99720400431713 93.30363382792234 7.5028564719235895 50.624492840057854 30.244521807234136 36.67900363511821 34.39203336278516 68.35208630890382 
89.24244050089465 110.96672675608038 61.632646915693236 83.26120411333717 41.644630298352574 21.045224989885085 33.06490829614781 51.17449075736229 
32.34063848852792 89.60770994716808 17.83546411225116 48.662884770350594 62.9829937979627 29.53084140630613 61.45289517422672 66.87235802562206 
48.026387772101266 77.72598114340622 56.23767943285654 42.35530094215885 32.53460360990778 38.23247435427738 30.831678580729893 56.706158781782754 
74.7313504519159 81.76647434354193 18.01806330031323 77.19658133827635 40.2296938482358 63.70879161108908 42.91449191546337 71.16991152124342 
73.75306082869135 86.07889455929438 55.966417538000606 86.8627007494041 78.31966158191887 47.181156430775474 65.66377857351078 39.71801669420096 
58.940086193552936 79.19844245638124 31.41300332063117 66.60631058272627 53.52690975783667 69.3884042432406 79.48401055311751 58.67950890049698 
62.49592098779577 70.66304427563209 63.28952217029786 16.285548882181843 68.81732084170827 42.33267807731572 69.98055843122238 71.31655334987383 
88.39403428790736 37.1961702099903 95.48288158182605 38.699422655783074 38.453450796281004 42.42086898217738 20.618169760241837 27.08524063889682 
35.359321372285635 60.267374768889006 119.0028093699299 51.452887932064385 41.78260726138372 55.52569022131877 58.7662940187978 25.867523695061003 
43.85541632094712 34.532385013557686 108.62604854260958 60.34309267991827 19.253831639346494 30.37887546602567 65.78026970257443 92.92332130672162 
77.15104221571274 30.383998885517958 97.99398523436003 70.30971886291981 69.62318702713965 69.32011791523219 47.11763960324215 44.51513090174323 
39.13952087588895 16.44556248104263 65.57214798114293 46.769493349703865 33.328513149597455 46.50354499309466 88.61962461984199 25.662750005664755 
98.26139324028533 55.44781404367852 106.0900401502212 33.07958582017401 77.97173083670268 98.93602033599822 85.7959021188063 46.83055225575527 
38.747222766210236 66.58341845686866 103.21657061981668 49.3045513505512 56.530593120382264 29.973009122042612 67.49060251169146 73.20272031458373 
52.165235181615415 64.53897219173375 79.4896699068573 67.72827846535911 73.31125918769828 56.08803923869496 44.51187164097571 31.88925965176709 
40.17144230515335 51.6186646967501 70.40269161772419 28.106180557521903 83.48350696966712 44.007821392052385 70.16796475505097 25.212084766757208 
112.6879011734668 76.25177036486218 78.49807888169289 22.080393495517853 32.286948611703735 61.552482793501866 65.98151292961138 42.46659995840724 
85.40502082545672 73.15509369976324 74.97155735334553 59.809080889757595 43.678115745651944 41.2742693603194 76.14421550119728 39.94858625900217 
41.935542773639924 47.477707035571036 54.90802450853673 44.23291131290736 33.50739964203878 51.085466144024124 48.67707021415641 37.57248715095304 
38.21858136313619 38.03420923931316 73.74380130589002 121.63280216103296 32.69417610122187 56.626317289091105 43.28272587511242 61.585092998447465 
42.2776090369702 36.99358402839657 61.17531651619208 89.19742828316394 17.595795941722276 22.190964067661287 86.44192547918033 64.98109122887695 
67.83599518621331 22.94667912079327 39.435955974767786 80.45536416637349 73.04309809723094 39.47329891355556 29.35981973618479 52.70278430886717 
37.40861737626023 53.194603972317466 3.9827006704927874 70.52588667879192 54.236721004667295 68.68565040182803 26.643637760619914 38.85021999228407 
87.4812600688554 62.01582839038564 73.51659035373382 102.30258137789285 75.74880761047439 73.31529974832509 46.87693004444394 17.62573394803548 
71.92301411965974 23.296502312098948 111.27905214717246 101.45934472518306 80.19524479910851 82.3832685116114 26.604191426600693 27.427235101928865 
68.81867478059496 69.19662575767396 60.192661585220335 66.99149003189562 13.348947644963419 42.43794828895556 32.13026046113262 22.81865424033999 
34.69599530401227 78.86380924617683 35.31414480670487 78.63181393377977 64.38254479157106 64.35243080327331 51.337195720490136 48.61721098057454 
51.83900302826172 58.42524004537601 38.69730355493348 75.92233804761727 49.83734127282759 40.631648014501586 74.29261140810729 28.42568594128885 
93.58969344858949 63.4168638548042 43.24832739615076 70.93433893141057 15.636430571702855 37.164014997101184 76.0816926030872 30.773784230148703 
50.028593407971854 56.22534986818717 43.81695053349246 14.988158340326422 103.0327584530709 39.33599227275815 59.93112571576924 30.814115885262947 
75.88825125348933 30.260916952542427 55.1236997245919 70.34000934888341 73.95934177630424 74.1738339266364 80.07851614880511 40.67771559193053 
87.68035407376323 41.055744948280406 40.276769491412004 67.01670508003903 108.59573392710725 68.37988800154393 31.407151471524628 41.30306636614143 
52.596780481554305 59.8009217057792 8.59088910661367 19.0204732692563 75.1606739957402 38.48916597301184 20.0208837561672 57.83203162443748 
55.705361215580986 47.09861864859337 27.36889024951045 72.15405313107237 99.37523621390359 22.311022108389523 32.028043478997674 95.40485525272533 
39.76878608233228 55.49109423192126 60.524435525675685 29.762393958103633 83.37903476343661 86.18758154274526 44.04892700546519 26.50838541208731 
35.57157786678128 110.95202598309294 39.34422540229613 41.66232019555015 100.24320093513319 89.62635270257798 54.71707575636563 58.864261420501975 
67.52117732382642 57.95089223769943 14.62270330038328 32.454347141865256 65.14419354975657 73.95399261007088 18.26866054689525 29.895604304318827 
40.05725720107972 90.30664569174074 73.79857199168144 41.33808910701266 86.78245866161762 46.521752298856335 68.20590308535832 50.641493294025366 
50.040814129380706 36.21789096834759 54.566421281701665 56.44253988074474 72.56437900600392 25.388123858199748 90.79348748070913 48.07040211693889 
71.39565423237856 13.413113188058903 33.12526233628642 24.404820604069123 54.656818259200186 40.312014072211824 32.092825439985134 56.05937991048295 
80.75279661487077 62.23103221826522 37.8324951499961 69.27248089909818 70.49288898381592 48.830685015378734 74.46819603733492 6.860536367697189 
52.47881998724914 56.17808117756057 50.911066628417885 48.81731059147053 31.627317926415287 127.88841154612606 30.2823994100687 33.603761978748636 
83.49677301715025 26.91342336522665 40.84597697073886 6.939997564874348 52.947756853609114 72.15624101544925 52.75504947090674 52.973028164371186 
120.8603742921356 17.36870535736604 62.58277937054754 40.18237408215203 39.54768095576435 83.65979077261278 32.61032806826377 69.32669639224537 
67.76443742750621 47.5743256085945 70.88427639052242 63.905072077539714 67.9210042340959 84.30114559130492 40.47280177476004 65.3078286632262 
54.27320956486576 93.91306184137912 42.88804301141378 60.93566169995517 58.1352618306446 78.20630200789078 38.646309214617375 34.011468655551916 
92.99890340269609 67.54131558054141 31.321882206228274 57.015086253424485 64.9448830421689 81.87923260999906 34.92974045912395 75.09664679513078 
66.62105801774204 94.36425988408722 55.07249774861235 34.684111004244066 40.41880812529711 76.25158695480222 75.56680432720374 32.50652755000206 
103.62464328390173 78.69234246634291 30.21518173941267 75.90465415483932 19.497401906754522 69.3435287614615 42.7271243773372 38.7738222751834 
117.4417725405577 42.747497513084504 54.89509489581619 53.879088050921844 52.53523134744373 74.47177232762425 76.91116707801947 48.74252460269515 
33.2331428947852 45.723459437619745 40.61393300779772 62.89784427582485 21.117677524517028 59.68293989522521 134.47577403987296 69.25333561939787 
100.0360802339768 69.88286910182332 40.15774318583203 60.88108117556888 51.00880023973708 60.81092108980727 91.32954560104545 57.138914207850675 
73.82969143400784 64.37163061441817 41.860007437874124 40.485167827927036 49.143523226194134 51.413090063643104 117.95163395945177 51.332157040478556 
68.55628977148882 64.89511719716073 64.16178635483335 81.48155320030432 8.160237777465994 62.3476801671516 105.67451387676778 66.66547453451632 
127.39795748623233 84.1935080513235 41.675397747777865 52.0350113403725 47.230722859243734 24.56399666320155 102.1474449890691 60.24960712063114 
42.73377960221882 43.951605402450355 76.25976502826904 72.93884367559164 67.26117727085825 42.199751667455914 84.62921014160183 70.51006164910446 
31.720618680439372 69.27688325938155 59.97967481939252 48.74268064711884 75.42399637519327 64.31386395145435 84.30434852686606 70.30092405242087 
57.81853564709695 26.10807798753095 41.04658443207514 53.22572492931936 28.246144145408465 43.235218751136145 80.27702068405594 43.07211764152735 
142.0492243524849 39.31255424282016 31.10022854071696 67.12188507971034 46.093121248951796 64.70703774539106 85.88556782748066 44.31702689034891 
108.09308292567638 30.144991118478053 63.71067331056498 43.89347240742716 64.82338319682258 39.57841627497214 75.15144833816231 31.295668489610375 
18.715443710549103 77.16496303614136 67.72038309555182 66.4853141075018 17.22285085217217 70.57942963278339 81.15769936833514 70.6597935067978 
59.51307523666391 67.20094510770086 4.828117239402176 64.08015278262786 41.94554204493651 65.83923666536099 70.15794821719821 44.89085276115919 
49.98206115978199 38.6826636226066 57.135267490832824 37.80901255631346 26.698410750534478 56.24248458263369 24.63928078914975 89.27766236235281 
80.11980233243631 72.97490493526497 14.171212705336375 63.7466582531774 60.19738942315619 22.9809273215903 33.65480498757353 85.78402536214348 
62.197097641068446 14.24251827477444 52.70839890346356 49.01489390909944 33.60554523274173 38.639379341727015 74.64400212854761 85.1763335332661 
100.34683485036848 44.40069176996635 8.658890219947034 54.44820841632621 26.031561031178676 44.81949757044702 58.01392137967349 70.16137649095684 
16.075664525965042 42.105904478708894 61.100111327229726 46.93551327272191 31.584464679693824 68.39277753424952 85.99270594814115 74.38284843049202 
25.17128559256298 56.362112154843985 55.36179088470846 46.25849061576357 49.657645409475755 93.3707256400317 33.08038396468434 77.18756938518959 
96.22855724001609 52.41760886352203 69.09917501787405 53.061499284289866 22.215795628123907 50.62238200472172 48.25371334322541 77.26718832792984 
51.13122640440674 54.56673035044227 36.441865362247555 52.51102417039931 82.00955895407779 66.20493497304447 98.58724625947436 91.61527370218766 
75.82113410879172 52.01908223178889 51.63642395569968 66.10844969628147 46.1608415431488 79.09755608417143 68.22947402744127 92.48868068991575 
73.04609819722857 57.513131841167315 56.77380676800532 54.434130933522354 50.12491631235012 9.797141544173131 38.77759275486108 63.62933504791292 
