7.381194341116741 1.271195662220207 5.491793720861199 5.416599501877051 4.463255239051084 
1.2385393572089758 5.585602481031241 7.447427180440675 5.3920666265775115 4.4104903373726545 
1.2090569086877494 5.807969587646029 5.440255138262087 7.479060979933984 4.501514361992549 
0.931989464317637 4.621481669597212 7.104723842275923 7.337534892463057 5.329975578000575 
0.7531779992871378 4.891618565768212 6.10567354363586 6.385964702100113 6.458880783066504 
0.8090788265058274 6.204282163456494 7.132422117791622 4.531713742293578 6.467872629913674 
0.6463423354326845 4.4951422662781475 7.085607775000947 7.328471319360274 7.170312691524678 
0.6729989106330078 5.245269043713166 5.3294615545770245 7.26090108428064 7.1631861183289764 
0.6902627019619956 6.193714854842534 7.127920863237651 5.541708590937602 5.408072589954131 
0.7198768864598291 6.697535181840594 5.495329613775246 6.578669022538957 5.342959107373437 
0.6150691456978131 5.457952954669276 5.861902806475023 7.260786956994449 5.951806209168751 
0.7086610630857304 5.506141192191682 5.3480828133970455 6.15060892114996 7.109545855236542 
0.6892883104023628 7.487172757464022 7.140847169164472 4.537066751475499 6.475512693594727 
0.5210772223794846 5.471611117337253 6.201026488189167 6.173430296221821 7.135925294188518 
0.4333845122322371 5.428815695649283 6.1448655120348565 6.821584913240161 7.164185826797045 
0.4141488834692654 5.443829318142672 7.076817143742848 6.204102916923335 7.128079523190607 
0.39844715886927257 5.393078602718637 7.051304588973165 6.9024451580895985 6.403283595019367 
0.5068178276416927 6.110547674128376 5.31751791101549 7.235235585284295 6.429392573883416 
0.40334273119409436 5.147851956025427 6.795725977737114 7.2473619690184625 7.149829208301591 
0.4482028357641119 6.0979074440971015 5.298371415426286 7.231822648552899 7.134499011215148 
0.09157916325640834 7.455023079052667 7.051189912365546 7.025567668611386 6.450259608350661 
0.0882903713473748 7.412534640793712 7.01750657164869 6.3546598021468474 7.268112177378992 
0.029492378869830957 7.455510881165303 7.053373156771064 7.022422204363183 7.156159663722694 
0.06328772658425542 6.660862398927729 7.433421859115347 7.007800518239089 7.133936493468341 
0.15349196477543012 6.709297429967032 6.144860309479897 7.373487805588087 7.451417174095635 
0.22662754210948197 6.747988201649291 6.19214766577965 7.353008853786697 6.435258668696504 
0.15187515146198013 6.650816820524495 6.988688192206257 6.906048987929556 6.405814086871601 
0.19577166591108391 6.582065879583287 6.192716405364414 6.885292271396487 7.494078295605736 
0.26882715687052006 6.596045464961717 6.202573570187418 6.8634695337212115 6.43851537221454 
0.361056565684088 7.523634721323558 6.184574634425931 5.952922446949512 6.5084772024340465 
0.2761171377030422 6.688564154462476 6.183348753648189 6.15582657467505 7.13907242076507 
0.21027272194197819 6.097280471619966 7.110025823872967 7.410268301451861 6.475774239459111 
0.19503970298811957 5.8830927425019315 6.801023513345822 7.4435700456414295 7.310952413985615 
0.2872281166840033 6.19823162003427 5.907333458411792 7.354312677793604 6.847373474976377 
0.24285459642844634 6.081193321376848 6.22126720479977 7.259558289103674 7.161215822433571 
0.3322093275813097 6.222461476497659 6.06938739595179 6.906330615856758 6.399138023413983 
0.3181159106394461 5.894427074889289 6.975726688435903 6.519543900820888 6.401091044094432 
0.3639709438506028 6.1067867249411 6.1840120303364605 6.156491557162772 7.116345648723483 
0.4399487919464049 6.6572589074108555 7.142217932753664 6.572822589006373 5.338210843677308 
0.26810536172290733 5.536467868823846 6.993000206539772 7.391563787969633 7.461254895063076 
0.3085730748427837 5.448432389395667 7.049923129239624 7.443633948507374 7.385023547190959 
0.32393078423661914 5.346572395645839 7.231532037010385 7.3669100373350505 7.492176172136958 
0.33024846894813814 5.431689236258071 6.8788160529049 7.36553763908084 7.3944138748981025 
0.38024890152845636 5.388177043440841 7.050817555673384 7.312922802008812 6.40377507320997 
0.38408015940945384 5.397735897475511 7.0622779812028815 7.322928970164231 6.390795624551766 
0.4039519502210653 5.444591854371943 6.237709707181037 7.4284583128418324 7.36053673363347 
0.4070360651901343 5.433141569390834 6.236982522127234 7.429519762453092 7.359682698664142 
0.3771323623972669 5.908664277600397 6.068787729963125 7.239834961647033 6.401904078040952 
0.3294043907852748 5.532067919853057 7.45813431455735 7.017958449311164 6.508665737541772 
0.3328316464655648 5.517986279815332 7.456540107340228 7.016458331515281 6.507274483180427 
0.3485083361987542 5.570915052860942 7.492461374248231 6.942706630343674 6.440633493336735 
0.3822695750628232 5.456932066340149 7.50064318893191 6.950288109408466 6.447666705395605 
0.4063034331002755 5.477380364666448 6.2747913927192664 7.070342932890973 7.52310120763151 
0.4165921230009285 5.47580954101074 6.2713556975530675 6.906118682368768 7.516746142995616 
0.40546014659546786 5.957992144434801 6.278988562869049 6.569211378139193 6.456315514321897 
0.38178037805250953 5.4279225678464735 7.001028027595263 6.372986416538782 7.450738754961124 
0.3655454411401395 5.537678953138877 6.198163074211299 7.3832778731363025 7.313875480480506 
0.32912155217329025 5.426602838792524 7.014889322419502 6.875091372821049 7.482975450643374 
