0.3379268627179358 0.07184280327343494 0.054645358424166325 0.04637614019895196 0.03616245735522483 0.36871322295908165 0.08149983819534835 0.5137430583688191 0.8352732289012019 0.457141256286027 
0.27988082664620667 0.06768553971762369 0.05520080691035198 0.07269862024063123 0.08819396103169667 0.4130475377173525 0.0838326981799196 0.48939617696789484 0.8321010608802368 0.4593059169187219 
0.37550545133593355 0.062499733167513685 0.07812344861423387 0.06095085638209234 0.07924386440256632 0.44636581293000577 0.107447898406251 0.4516918082650281 0.8361186356761623 0.5323633376295278 
0.306680939016578 0.05461249150191409 0.05039424807348366 0.062193651479953455 0.09503395220620875 0.4442070137575279 0.10989350112987242 0.45009746491810054 0.8522979316663036 0.49468431639918325 
0.27641079648277017 0.030991700729109836 0.04805504974036945 0.03459289604607363 0.05332988496723594 0.3477301371470008 0.09093450338713283 0.5034544071537106 0.8397408740443225 0.4658488368068648 
0.3108002676005934 0.02842074214834611 0.06246266952661413 0.06131228182759197 0.11005379809817864 0.4222177041279833 0.19756436735854582 0.460875219036638 0.8574104282422518 0.4941450473871273 
0.3098597974002984 0.11242608877782241 0.10540674654334614 0.04872561074734905 0.03513459153953524 0.3886488927711634 0.11266140365537554 0.5675000728528772 0.7978367650036094 0.48635122134223424 
0.26137499617953974 0.04806224184769558 0.03425233867776869 0.026215840722670917 0.059754579516737405 0.3658608037746093 0.057407222793561516 0.5078455844042891 0.8337528560360672 0.45696758132906096 
0.27517278562941067 0.048657604572365586 0.08256872754560979 0.04026961148640737 0.06834237643347647 0.355184264565226 0.09494685144039766 0.5211887855046546 0.8446878011995976 0.4569303099195736 
0.2889307879106806 0.0316255187222862 0.07955715371553528 0.054269700772286225 0.10530094245550882 0.35886183741959005 0.09733687096241216 0.49704575238603665 0.8472377925287218 0.49961388564766507 
0.2360322553582987 0.16539972939253766 0.07022191799338331 0.038180442206103185 0.061209423485624456 0.3679644353352424 0.10841290186416368 0.5118536734296489 0.8560692232689466 0.46351436341554964 
0.2465497641846624 0.09932690031640765 0.0444896267716883 0.06101635826425578 0.04242161698666741 0.43000497722289766 0.07740193308106494 0.47618548933942395 0.845955083051505 0.4544186188247172 
0.2364894589363069 0.18347287963288303 0.1897852989594752 0.08477245133717713 0.061675277801502934 0.40246650226973385 0.150071506452421 0.6068804070517442 0.8302585940132087 0.44258316304533524 
0.2415173660907374 0.07944617716763766 0.03721210862756329 0.05126054510640824 0.02963802955020326 0.38252109815240753 0.058410146896614105 0.5044019577988705 0.8386406002421438 0.4494913333642691 
0.24526810677587674 0.09234541721197359 0.05401464300332358 0.05127461556644701 0.050180620749419175 0.39804393838836727 0.0725070026523138 0.5213516343026995 0.833395752469009 0.4770640019485888 
0.27686455057774756 0.11191496799544151 0.10842840575063922 0.055075102534138484 0.027762115431257946 0.3807412813501719 0.06324392809236627 0.5058924684138347 0.8327646200232356 0.5077375288925816 
0.2386055858626654 0.08352095700092504 0.05632191679053773 0.046106355879125135 0.06250620941869395 0.39479039323041654 0.10171539864791593 0.4838912040771679 0.8303389178799347 0.4720833245874453 
0.22754140812908563 0.11039928196545333 0.07366746290695095 0.05612070560463999 0.045410715470909774 0.3726599777718035 0.09415320801768051 0.5091283371565818 0.8324593853397055 0.538187697474088 
0.25467155421545923 0.14354432486654906 0.5174457415627853 0.22090661221599728 0.14142235914133675 0.3760828762852799 0.1529713818194027 0.5729860561722557 0.831415356106915 0.4594753947678519 
0.31535872387459113 0.08307513573725442 0.2885759555331421 0.02848759588137358 0.054500715999997326 0.3601954034832807 0.10475568936323403 0.5009579903429047 0.8669450690688576 0.5876456325805604 
0.24193990498584633 0.025257896419817266 0.1296821488447346 0.058329154268707425 0.05909083706042076 0.3537195934542693 0.09497102214978626 0.5014420732750633 0.8384847930815451 0.5005957509051597 
0.23281404568453745 0.0670936376405462 0.12837133769814096 0.036731068545351055 0.04133564566626282 0.3701882774132824 0.11917089655666831 0.5108757828884335 0.8325138659196654 0.49352735216205385 
0.23382868583804253 0.030653605278863044 0.14060459123424354 0.03850879581533383 0.049410330473256 0.349011453237838 0.10113615322366835 0.5221393286559861 0.8400662646053423 0.45839340504487475 
0.2487485865457653 0.1291783044951292 0.19831800961793078 0.07875830337262779 0.05773593331654725 0.45422632693944953 0.14853374847768813 0.591134706314169 0.8389975391011045 0.43474751014814145 
0.3088710159093998 0.06267725552647598 0.1422440721088139 0.11292028401740173 0.028464328979678634 0.36568727918936905 0.07460769696732962 0.5100804565561485 0.8377873058102391 0.5239867297837977 
0.2515166891941288 0.025675432068633493 0.14608568031209263 0.07511683138428485 0.14187920160888426 0.3492915949952424 0.09212510267831793 0.5720863529865335 0.8307791606868541 0.4960233727278985 
0.2370884973290315 0.05093665163611387 0.05380230972568743 0.23211757831850324 0.07833185234929028 0.35771266308380295 0.09640075391397568 0.5061545682293491 0.8386875084676925 0.45666822756595865 
0.22849254880908199 0.04124982611983404 0.07555765699318005 0.20753499026565428 0.08377305834036596 0.3783810047881239 0.10976163865623118 0.5866128945912159 0.811867407280168 0.46525540219069933 
0.22764524757742827 0.06022559020428642 0.0986802212878784 0.1485985797886918 0.04407364101656286 0.3794418770294071 0.09601306948212321 0.5751482394908402 0.7962234838202762 0.4809677944792684 
0.24457022129153166 0.047091246252300586 0.07826433023524022 0.11624487512316477 0.03537755808971485 0.3637752119939472 0.07665450399076383 0.5095981016918564 0.8353523744660162 0.4559539215058988 
0.2449109243499739 0.06956827660526782 0.12449008650466228 0.16801395064015712 0.05568442115086539 0.44162128803356165 0.10340577295282491 0.4810871297216279 0.8380347395093984 0.5181899910326022 
0.3318629291782451 0.061717469185961035 0.03901322237341722 0.11712340572108121 0.065181806939721 0.43877059358629444 0.12329577034426097 0.5652238539155577 0.8107218852052179 0.4695833401887439 
0.2589304989539021 0.04664046615264304 0.03973493864815784 0.10214334378218567 0.07755091732118982 0.3531209142409659 0.126822838295304 0.4984035997753272 0.8568251404167241 0.45963598312164133 
0.23040605666946581 0.034541858080203325 0.06651323635630912 0.13323778436082948 0.06459245152417113 0.4620421516418717 0.07249658578489496 0.5030822343258813 0.8358545750548492 0.5647571974383371 
0.2525928982625385 0.05447526807870895 0.038653230833664134 0.06230362672499279 0.13663960503801528 0.34209144129972924 0.10943788710304089 0.5087093711781528 0.8356049364056445 0.47183098027200787 
0.26845854504230576 0.0851643763945554 0.051267228168058405 0.0509165015025564 0.07570103602592268 0.3993833765273119 0.10009733478044477 0.4944596961771748 0.8314447428881656 0.47355503483859607 
0.24826564121354602 0.07232854808892487 0.06192836605339156 0.08357412626915003 0.10658957857562422 0.41135726887495805 0.1100769246183222 0.45765463428304054 0.8536852066372437 0.4612667845319009 
0.23064387881454274 0.031343146683628836 0.0909131179658951 0.048829366306452224 0.09296653884676707 0.3788814210280588 0.10690270514003726 0.5113982217122499 0.8500345797528808 0.4493667158651527 
0.25907559675938124 0.07665677097641879 0.036283965205696225 0.08297104685409074 0.08113574751732533 0.3999977189618843 0.0783304886327591 0.4793594748820427 0.8368029576016217 0.4648744828429069 
0.24498136210847432 0.09304949776303233 0.09625142652379973 0.11112365926940168 0.0964579791107332 0.36001808633966415 0.09747034518760972 0.5124837593602375 0.8455506825473931 0.4512891603110905 
0.25535623694509396 0.052067350136408286 0.0345037712912227 0.028307732974114458 0.06360147688340813 0.37208461608119964 0.10235689031844636 0.4988072104003245 0.8329636266369622 0.45995372912738564 
0.2689530640060978 0.06818375565921386 0.06424675704004472 0.08874390995953715 0.08325556378163201 0.4049430628221661 0.12446469592561493 0.45005283248789507 0.8490555756357614 0.4924290510675705 
0.23337233502481453 0.03447455655764471 0.07966577798689009 0.10537961279230554 0.05080909821831636 0.6113413170088328 0.08285694609509808 0.5110728713749686 0.8507171562826701 0.4962036989297533 
0.25351483255986706 0.06320518941705422 0.05603805435313457 0.050588602527760235 0.0476862290125584 0.45937146644934046 0.11021766004663146 0.4408891137141828 0.8513890116900833 0.46912002521325225 
0.24099468789107123 0.047071538507431884 0.04436902661819658 0.05731102100074082 0.04219428710694555 0.4345643195632586 0.12012155335990773 0.4678940294390723 0.8307591497102902 0.45754072432748844 
0.2699681254327878 0.047488894675087545 0.06261971878968736 0.047715549050803586 0.0526274652060036 0.43792548757075545 0.084104032490781 0.46306270046976744 0.8471751822862961 0.4569032037185541 
0.23511932145163106 0.04830757322862754 0.051154141572667254 0.06360181999339454 0.045192616155250206 0.4758155439744073 0.1557470680660954 0.6028267094282853 0.7859876802282717 0.4562166021006024 
0.24458753059316943 0.054297950301628956 0.05684494228326306 0.04531098332710397 0.0633337292614571 0.43263103506251127 0.12994613564151716 0.4442981009229701 0.8450439540683443 0.44786533127891165 
0.25090798315178775 0.09872634731834072 0.054385910810343725 0.07840774358544966 0.038371963454075744 0.45931271399233264 0.08576641605878176 0.5445585128190302 0.8025743368935948 0.46703521752780713 
0.3368303908932204 0.24446328821202373 0.2964621050788217 0.1324707646963139 0.1933229941099195 0.761233871594097 0.27657485062492704 0.6658680609293702 0.9071885504942537 0.4239874392137408 
0.27882081907279693 0.06425240164467921 0.07589237201053284 0.10088952012590827 0.09012482078389669 0.4917047756161552 0.11827471475774756 0.6047426820647943 0.7659824419898007 0.4673121566118107 
0.2622650571243352 0.034415401849365736 0.05267034234314236 0.11387133081205192 0.054418403395270015 0.4343019525100391 0.09585489218422805 0.45917388593165065 0.846759369667955 0.4540430668259091 
0.23418251371013832 0.03878759124461918 0.03218252518346572 0.04607112623153116 0.07125531032044283 0.3601500363162895 0.30551988211818265 0.5095031732003377 0.8646963810620085 0.5124680122179662 
0.24073473058738948 0.048585341764493487 0.05090418372879732 0.06397276647186498 0.032751419109774846 0.3966482440493937 0.1331133515773627 0.4929214429461859 0.8312580060346736 0.44452228041198055 
0.24134009078277063 0.06285124714493678 0.07677368985932725 0.07606761833001699 0.09353202496781367 0.4298287480942381 0.14804565621461813 0.5037683116269838 0.8242842940758325 0.46691373507539635 
0.21001373196213674 0.040789487751565365 0.0629457828514804 0.05615534591135642 0.02892115848371319 0.3584004980416274 0.14046574098450998 0.5120595381320925 0.8442956339333944 0.4998600587117998 
0.24915149159185596 0.043766899107566634 0.0465004206133778 0.046713327667813026 0.055181341918791926 0.3835556328987201 0.1242007896834735 0.4982044332865057 0.8317638199750046 0.47941099399861176 
0.25193367585826393 0.06993600876262945 0.15791315828558733 0.06846786373843518 0.11229092874099705 0.4694248966125286 0.20049730021601292 0.559416652958834 0.8103736704846911 0.5472551505037353 
0.2647324409870115 0.03996396736838972 0.03594290900116277 0.0919605778902652 0.0947999429988173 0.346826821510111 0.13706535233415482 0.5130520924188429 0.8521707955250241 0.46473338417982135 
0.23464991922866 0.036720743466175675 0.08717403667004876 0.05433941629819309 0.08745996282186878 0.3799431831265581 0.12419193693310487 0.5093668853277489 0.8445887195207511 0.4510460612920922 
0.2300475477016942 0.06729246013014106 0.038129712996610166 0.03502851894271619 0.05711988681188077 0.3635819698873942 0.14029344135691807 0.5158018403379983 0.8305267464666438 0.5343486195456973 
0.2349920597893569 0.057421441321904534 0.07188202113069483 0.0519968830009368 0.0359710438917991 0.42256295604858374 0.1323242588999745 0.4765995954978692 0.8406976354159068 0.5167483359466876 
0.24489817383778384 0.036889179494622684 0.0484778944826295 0.03370373908044721 0.039934062754371634 0.39279275154442295 0.10736065205885574 0.6839112666055095 0.7720832283964398 0.4611067894362579 
0.2545414076006633 0.03094709705876108 0.06696629204285603 0.08683902038964303 0.08195010557864311 0.4191120236771659 0.12332492629501315 0.5360505831172191 0.8323666425921625 0.46350207682503436 
0.23234577668386108 0.07773960185793252 0.04052935628169063 0.04917154005396339 0.02883153971486605 0.4062888837911682 0.103465999534493 0.5668628637040197 0.7985964747298412 0.4505916332206731 
0.2856891026770158 0.08493060676006725 0.0539994908183689 0.09646017519379098 0.045307330486510936 0.4300401223171587 0.08577023048209144 0.5679827958568824 0.8225019444578096 0.46420697501623764 
0.23392228229568912 0.0739150356587439 0.05313386089729037 0.0588831079220924 0.045200670067030116 0.3907715905480723 0.09480460895869386 0.5696611635892534 0.8082977339907023 0.48787388530198017 
0.2810300806349423 0.03362894542353312 0.05430626517416855 0.07346090625089839 0.16119003082592911 0.4136224867791131 0.10291213000346647 0.5814557151164336 0.8338815613925975 0.48225753709306346 
0.22449440356499867 0.03036202666465223 0.034688795456611556 0.046793067517336126 0.03009522850152458 0.35923910889363947 0.09345540724622929 0.5082181538717907 0.8362333118318586 0.4795937702869606 
0.23557191721514648 0.03148093764915325 0.08318677482109887 0.04349386708815499 0.02523312994296549 0.3587431652473613 0.07746212138112421 0.5056190754966889 0.8467478663456628 0.44304648297852295 
0.23802605690905743 0.04216815661137176 0.03719657573081652 0.0342700047153926 0.031059019509746717 0.3910094292170839 0.08150090234421636 0.49715666831684036 0.8375900283909101 0.44885389112682433 
0.27241896121141823 0.1551103641312088 0.295122096963473 0.1302938811169961 0.19323736584362536 0.4798443478939268 0.23441329416195628 0.71783496654573 0.8464406255828575 0.422951715652349 
0.22929312832325247 0.030176749145910172 0.03076315456480389 0.046972526892117 0.04753858811982592 0.37076409115662384 0.06650588022465234 0.49933435354969746 0.8548563584421158 0.45305137649998756 
0.22842331098980304 0.053804694030091284 0.05516263316217858 0.06812387742501155 0.04472904712858411 0.4000618314072799 0.11368762695562389 0.4973381238349206 0.8622692750463966 0.4586060935792406 
0.23654628134186714 0.04607642011111502 0.06195808248371562 0.03236482846678038 0.05340572024890783 0.3537645298476898 0.06899582624786291 0.501363300713349 0.8505145642157952 0.464423755208659 
0.2267943280345183 0.029825911794351272 0.0443765435104715 0.060498121592266196 0.061280469662843395 0.3934432241405293 0.06011428037211603 0.5059613913754857 0.8400694246477806 0.4729055645812309 
0.23611694721941529 0.06597598195693896 0.035003178445783434 0.04293428893265312 0.028618261953801523 0.36866284481897743 0.07619966309660764 0.5006493865611024 0.8332733561453964 0.4731513727921142 
0.2737067103039759 0.06435079474080002 0.06860949160734704 0.07030781006356432 0.0680401576391703 0.4094896374820921 0.1087691647250059 0.45710403684456585 0.8484202841568595 0.47281213768618363 
0.24694005460381915 0.052182981939452436 0.05617398368254627 0.05896427602850271 0.04341321463730151 0.3935091842282502 0.09782608285680841 0.49401821558766107 0.8329177734856377 0.4748495135608842 
0.257165585732959 0.03547773769470522 0.050385789025026995 0.083187528048564 0.0505748197107025 0.34985545162930043 0.07818749751923405 0.49937375955746616 0.8338426008704026 0.4779969167126375 
0.22456317640674045 0.09272408176561896 0.028643070191764566 0.11306309978713511 0.06045809833267896 0.39013341792457806 0.135179221478212 0.5220613841858963 0.8566017978978926 0.5095226545614646 
0.2229621743247946 0.07509886120403039 0.06295925164684368 0.028686172192484486 0.05329913004728545 0.3770845678556203 0.07587171476758657 0.5093203611480843 0.8318100230185337 0.4838576368309108 
0.232167082686063 0.058393599519329126 0.051780312785917965 0.049281729124636714 0.05168352570519871 0.3743052126326991 0.09919064141604242 0.49025531598832295 0.8330983287263948 0.5726363716562257 
0.2596210573250799 0.0544494115042929 0.04905679285271121 0.05084710262794222 0.0566876827489745 0.38914631112746945 0.09509893174382861 0.4889405736918553 0.8334692747481076 0.48602043064772615 
0.30930780279509223 0.06037960723184908 0.1122865463971356 0.04725020727751916 0.05130225544902828 0.35716896498642287 0.1781248839008583 0.5906978561077929 0.8182625635890617 0.6016922886372834 
0.2180854027845655 0.10668771705965258 0.04476043304506388 0.06652303335734455 0.03117107993353089 0.3664353527453166 0.09879201904722582 0.5115890583302902 0.8354105548338501 0.5455698945672985 
0.22529478171576178 0.09169669975098402 0.05813205203530706 0.035777037256485414 0.07356651441039924 0.364692573886868 0.1243419717894883 0.5087650357515894 0.8291653722380632 0.5337290881552756 
0.25189375519260643 0.07728735849492216 0.061194814373947554 0.049682045832536194 0.04915875506262361 0.45446927920815966 0.10207764777385298 0.5028572955920811 0.8312023541872063 0.5403359017473608 
0.21962469674418 0.046748005408943555 0.06324252298000094 0.04599344676243798 0.0293746908685431 0.3523587038932271 0.11844949562261547 0.49766718735435544 0.854191762147007 0.5124433069803405 
0.2564041990911324 0.08054481253191711 0.06811590805019348 0.04646520378877132 0.05165380942099766 0.35834134945590185 0.06380251919826593 0.5004774629553261 0.8357476519107805 0.506869247437542 
0.23239324595864982 0.05189677070891889 0.08322102988736811 0.041450663811191314 0.0670522952161295 0.3953675723845955 0.10723879258602251 0.46974067119270213 0.8323701939291277 0.4911706794718625 
0.23890266906345542 0.03692699416839072 0.09693428954525057 0.037888621621433305 0.030432177227649515 0.38987331340969505 0.08246143659103773 0.5169083579650343 0.8408144363415655 0.49301626130895787 
