1.0027859411300988 5.451295875680105E-4 0.001559803451491095 0.0016869348422756288 0.0019383826412751823 6.430447045408535E-4 0.0029682461128575943 6.814507858493244E-4 
0.6305702730296453 0.014879805644901434 0.0027651379679673213 0.3965294362915987 0.005583009009091131 0.42400545729157135 0.5454049574000951 0.007135072791381303 
0.8548304649189056 0.017493276862101042 0.0011311222501611394 0.00557526151475325 0.00943095078021871 0.004316208929512115 0.5231253883534834 0.002551534654711704 
0.6847150717514774 0.0017703620436612909 0.7331530128040661 0.0026815595754663365 0.005357592964004481 8.262170661570363E-4 0.0038915840300062865 0.0014174722473877755 
0.7240341742025314 8.475712310231687E-4 8.106631675825336E-4 0.003434958071922624 0.0018684659420855378 0.001363898097511023 0.6958424639915936 7.279762503067282E-4 
0.8178338037348695 0.04564337269021557 0.37029201901660436 0.029425266771344105 0.5356395648021942 0.019969866082196405 0.037787074222069374 0.07093098620316836 
0.722634786378368 0.01185514472193878 0.02013346283502421 0.38966135451368294 0.36717906632960473 0.5274396931076892 0.010395141841436603 0.0076976493224000415 
0.6373883477423054 0.0074484591167865355 0.28117986895444297 0.01827875067374282 0.021555406042598712 0.7523629858079769 0.009922903346338113 0.007822849162745176 
0.5939116776895972 0.011999261682072403 0.0026923570337189333 0.38413221326581765 0.008645162135367727 0.6948015828097162 0.19702125522077008 0.002859248301788976 
0.5584539366326224 6.853735004032006E-4 0.0016322384625976436 0.8353227904290227 0.003688105081247896 0.002555865624298523 0.006446539437332786 0.0013849217223899615 
0.5713747745353106 0.011593748099137689 0.6108795865020368 0.538402097589787 0.00852180765186591 0.0016795270183809054 0.19781908834234557 0.0028803002579430403 
0.6861888934946746 0.016411724855062693 0.01385169893159486 0.013142233138222584 0.6113509316781871 0.4413181912864506 0.009123914961506914 0.005849993715925572 
0.0022177536718737344 1.0005635077326298 4.6869762068688293E-4 0.001709799448903158 0.001569012399599417 0.0017172115475572226 0.0022989440090423964 5.844830728357824E-4 
0.4437834894428236 0.8997305790259196 7.897780676453071E-4 0.001723282119169627 0.0016934109219978323 0.004532360234523453 0.0011632885293497563 0.001183266508888518 
0.002579940189196989 0.8564771014482203 9.398771042999668E-4 0.5196771865294485 0.001450898219505431 0.0013138272390808604 0.0026343976773084764 6.133794122652582E-4 
0.3093716027582951 0.7373042550188703 0.34303716311697163 0.5489962070481631 0.019221425861562308 0.01830039047908486 0.0019067376180872187 0.026145963874888142 
0.3150531798583275 0.7327591879307699 0.3982679039776396 0.016827846503339607 0.009193783336096965 0.4971080995426655 0.009287950147647144 0.0051219708522185995 
0.0011999749117956777 0.6831583980346718 0.006543603772078355 0.4159901329820821 0.3173195286452345 0.011423499780171353 0.5198163879753429 0.0014875779818378863 
0.004261882918081017 0.7111208631884186 0.3430499152962548 0.5018480443911163 0.3615946340396435 0.0017143230925344168 0.00309721840275459 0.0017150340889563454 
0.41521035781339405 0.7387899594357443 0.38323013384206334 0.06311431128302411 0.0455006891591832 0.05290516176097162 0.5769518780763107 0.03733612250118762 
0.0011617291670126303 0.6674492168577634 0.7457566238406634 0.007694380656417263 0.0014343149846431826 0.002132760910242268 0.002519966838319387 0.0012387915922217345 
0.03543024850846742 0.6096337859805089 0.7301230097687663 0.5492987722108683 0.0155144804429247 0.036033858384485765 0.012438220662359662 0.03252043130909521 
0.013827364673041537 0.5771251999940842 2.6990942960017144E-4 0.0017458676866955395 0.0019578574508039496 0.6116615982340432 0.5459321553320099 7.036563302936595E-4 
0.05146216941751613 0.6811975795970336 0.629750533442917 0.051833575872571744 0.548399631817599 0.02054981434838415 0.044301121066289514 0.10075930341011556 
0.00460973735245315 0.0010695994640941267 1.0005862628220734 0.0011427915653704416 0.0021275001179613608 0.0021764704917987625 0.002489323832734275 0.001427933509565936 
0.00540331304398019 0.009916504273307382 0.864536991645498 0.006750179123872431 0.0060277635896299545 0.003575212275772972 0.5201087855836476 0.008154710858104718 
0.3813864140823026 0.4554560343915613 0.6288050515675727 0.5447321943735943 0.019322005610433825 0.00901221174370884 0.009642540814485552 0.023394904503129907 
0.0017902341536570612 6.144661090480731E-4 0.6212673204126339 0.38332400466787425 0.0016989254821581532 0.41756728597923676 0.5466988060823479 8.860080323667669E-4 
0.010874047903380825 9.4958625664941E-4 0.5077139972195214 0.7059205877155362 0.021835719634910936 0.5063209968270406 0.005484151231246893 0.0028697405250683087 
0.013027510993009991 0.5615371797357195 0.5717414130926749 0.5071024822700935 0.36099977340121003 0.01280064499781023 0.009439697844928206 0.08593142626323497 
0.0018542267926562861 0.001100941873988443 0.5511760663716893 0.3271377482055484 0.5454155802772178 0.0023606728659252515 0.5450357191834493 0.0011308642575649111 
0.003518885397947151 0.0014208275329421322 0.627512888533731 0.002181962797684906 0.001680011161858432 0.7819637669610056 0.0024315122521996876 0.0018634782869740285 
0.03204196485347828 0.005118049772295259 0.5029366249864077 0.002813525710569692 0.44851864412770337 0.7457878144474387 0.0033830288314616146 0.0030086364847306374 
0.013445102599889215 0.48326942742074025 0.49109411236767997 0.4359432453706999 0.30937814008312986 0.007488092630946185 0.5245097944799543 0.08788162859189637 
0.05841054339684916 0.01381215117143729 0.6031108392194532 0.8280675752538706 0.08302013655900363 0.023986975420857874 0.027932137337824833 0.022894548687270765 
0.001873380294136237 9.827417334922642E-4 0.0010220069314552174 1.0053258567324066 8.597596039041547E-4 7.74247647978122E-4 0.0012485189442147774 0.0012152728678136832 
0.0035635687741036436 0.0123256367659423 0.004448387097653145 0.8760520737001481 0.029219432536785227 0.5114331184287005 0.002357692071712303 0.013414311203098155 
0.003963446508581425 0.001291968874239975 4.209156012626235E-4 0.857286989356107 0.0036207707764548216 0.002795400100538534 0.5182100278595599 8.981861255837671E-4 
0.006100856196203474 0.5171105340733678 0.01761311056841426 0.8615245005517328 0.005183708580933518 0.002038443024943475 0.021895187514666816 0.004208650060018852 
0.24719373884385554 0.3989157674586025 0.046836821637853444 0.78836549598742 0.020522468490381016 0.06930813517449205 0.5702902616985751 0.08205803859156774 
0.5408744255587925 0.011787839900630773 0.004677717201222631 0.8594051908901768 0.014269355756597659 0.004191525141765043 0.004532541207245183 0.005478475427324297 
0.0024830965867046833 0.001111203565098722 6.039400773791095E-4 0.6449032058265424 0.562083227795686 9.573301596582903E-4 0.5256628534824296 0.0012401645665568754 
0.0069444210571384946 0.30563729389759314 0.012606179458460213 0.5046133764696928 0.006643467429464554 0.6033613556894396 0.5484789244400468 0.003961274483297067 
0.6051269641702405 0.02127415033718513 0.03705647566631075 0.5237316523281331 0.4034751952917493 0.04606458837783262 0.569342563060511 0.057426408512127214 
0.5628431986615026 0.5646362515375674 0.004279808211354462 0.5084340427706537 0.4078930281669132 0.007665923087823736 0.010394593064783091 0.0042121449772880406 
0.510192979597574 0.546618991022346 0.0060417801456642386 0.46048474817471213 0.08876985511067616 0.5116656770830902 0.010184833603275288 0.01196734228385693 
0.16211249877717201 0.3915678316082435 0.0025292951617260167 0.4566135026940729 0.5414196138731358 0.21262959125996989 0.5479590225742393 0.013093504850918236 
0.002315308161523142 4.985740561014918E-4 6.784549631933696E-4 0.0016544431643730007 1.001419965493965 0.0012165725324491054 0.0021280763894369805 7.98016663623765E-4 
0.026050753900014708 0.022141036209683558 0.015578658990114869 0.021542683360678255 0.8500458053038475 0.02492192975691046 0.558187915286462 0.010025369303861272 
0.01025197660048637 0.04195572467864608 0.5465469350674769 0.3337384205111238 0.7803557234774017 0.01654228366632089 0.006802611675676541 0.003843026733202978 
0.010370269409021892 0.3577551246574864 0.0034942569672060443 0.502509632348973 0.7503014889305419 0.26324895028645967 0.007252444897479848 0.004695956100290153 
0.02161086853333795 0.46594786203775923 0.45076181608391525 0.028743839592016415 0.7837007470276932 0.037916007434882416 0.008814391285977064 0.01219160314243513 
0.0016455056915250412 9.938661398838486E-4 0.0012611862124693495 0.0016271617360201311 0.7220010743432412 0.6967666342062953 0.004712688282181574 0.001685800815957985 
0.032486044453693436 0.03458316779231399 0.0108717019830916 0.8202248061536184 0.7211234284326082 0.025032089044220638 0.024035248029737066 0.026700160817397248 
0.013254699997121106 0.6409489851944215 0.00464381876413576 0.0038385000849890153 0.7800255274662445 0.019326024383080617 0.00729262141367638 0.0012724537896989388 
0.006335081330325185 0.0030310927315612404 0.7514806389063962 0.004795257812836827 0.6703314573350069 0.005110652521417374 0.0013849377153251979 0.003295407855003668 
0.0021388773229961836 0.40260271698126976 0.008489859953774869 0.2492538619646393 0.697416299045521 0.016693248821411367 0.546267929727749 6.517068649588905E-4 
0.04599564228912082 0.03509417959499748 0.25364917015166516 0.7339504594333115 0.769318040458796 0.5389579058055872 0.1148018734445776 0.1208874417910437 
0.5533222887653025 0.03497023578307662 0.3243452784940152 0.393646844318945 0.6701116960151845 0.013779931544564266 0.0034761802989180064 0.005255264383048061 
0.0014009175423018278 7.787104561483407E-4 7.329959852125871E-4 0.0019930801069830474 0.0017418491997012273 1.0021148939476519 0.0018906722228435313 0.0014822354106238588 
0.052257657965664006 0.0650063206090733 0.04569137992726719 0.03765039283646532 0.018939177874237254 0.9071549048233702 0.5753287682955375 0.07924106437238146 
0.40719806665879366 0.008321028207514299 0.4324713055826014 0.38391641900591056 0.007725301781147773 0.6942105032325697 0.19573322414279118 0.003535259651770643 
0.016922507707888272 0.18056144427616325 0.29256680208652674 0.42692649441406016 0.46015551224443163 0.8240807021870089 0.07522023282684617 0.008564527091766715 
0.02117558272538518 0.5039748404537897 0.008564096670555844 0.008309367003168337 0.45575678875779746 0.74519110083209 0.004340110134808692 0.0031094987259669502 
0.4236005777602125 0.011152629172926668 0.011175841701701767 0.005769979959095512 0.38289344760365174 0.8367815184380544 0.004338965406394594 0.0026414863081785276 
0.005465920464227095 0.0031332309347222747 0.0026356911060011743 0.0050677205794936245 0.5655925423237874 0.6264698959815432 0.54649349459391 0.0017016180079111212 
0.586494171912144 0.037067544628313034 0.008661586323958666 5.260296333674969E-4 0.004687069787239503 0.6086536412115422 0.5495712834227838 0.007448000829558619 
0.45428730659620614 0.015368208008314106 0.4341331872687858 0.39163008644484687 0.005252545996642425 0.4189045978414913 0.5446826126475542 0.0038357568956341247 
0.4336888939872236 0.4654170048899605 0.004460445935552586 0.39624356338635425 0.02729628473669906 0.43739455901984164 0.5309282731041424 0.012511634867270268 
0.04295036744803184 0.5960178187934277 0.3506484406971123 0.012879816244966745 0.6131008432374537 0.10196707039721455 0.5834325139963913 0.03898883948719963 
0.351129689797882 0.6805455825674283 0.014972131358727723 0.01891557273546067 0.6755631266455516 0.017924346550924262 0.009517293619041453 0.005447703945699806 
0.0017055091698725564 8.641769484628064E-4 3.439682546946078E-4 0.001745780305314761 0.0018911862745757436 8.946674127752733E-4 1.003898033048592 7.359801250993155E-4 
0.0906513475866479 0.050993356909276304 0.6015538510454499 0.5359795462077416 0.3387425625135917 0.4147713525980845 0.7105770571155045 0.06547203963896495 
0.02571940094408399 0.4800075316323871 0.002420607976763371 0.006842779877093502 0.18912804074011383 0.0011541672965432101 0.8636306401286008 9.849562810605363E-4 
0.30844336161645697 0.003617900983585661 0.00393086117089904 0.5876564080613752 0.004561660432563015 0.015165283768532014 0.7591490150699471 0.003052253095725675 
0.03726747214283627 2.3866317391776448E-4 0.4189954425766157 0.5835391911441375 0.018495990714584343 8.38980647557745E-4 0.7021591599769886 0.0018985410707345806 
0.3906702348584349 0.03279981134406674 0.03163732603842467 0.2830334887756319 0.025606078595341558 0.47489576453793353 0.7666774877382935 0.017568847837384396 
0.0036501651631026416 0.0038486808431300082 0.7229051674325978 8.375443896003168E-4 0.003021070193531293 0.00290592267975937 0.6968731979824324 0.002705576400114958 
0.4465520220571067 0.005627772463293542 0.49743610648369035 0.004105751596633744 0.004283295362850572 0.004220271370385157 0.7570561407969353 0.003058238416369765 
0.0011977553692538456 0.49764101392931054 0.5511605846272754 0.006495214379720962 0.002871866940260004 0.002775470548049068 0.6772489227604999 0.0023963411947041813 
0.4022144136311358 0.38743020429410974 0.25429836707382825 0.33083821193038865 0.30805278177589424 0.02147393996169221 0.7238624795946405 0.012652747680404475 
0.003330075884460718 0.010115642459749235 0.003218294042686139 0.8628659887752522 0.010795811551622285 0.00620783089497978 0.5355826364916255 0.013276977214928768 
0.00450402027661459 1.2864019086658826E-4 0.004012130627083745 0.0018084566488017644 0.7186014997843534 0.0010987489825970466 0.7022464806773707 0.0019355798494834458 
0.4736262182599044 0.47670358727610695 0.10268076948680054 0.7901246589457455 0.0756336066986026 0.6033615212828644 0.07152951482689145 0.27022475745961516 
0.36721022800424225 0.6537913872922065 0.7482190031913891 0.0335079816470949 0.06075164297425984 0.02627261405433885 0.0153165765127709 0.13757957161572112 
0.4502310132304284 0.08371132716573482 0.20784098170070417 0.978126597958938 0.07751070976031324 0.02448851501528197 0.07453687087986655 0.12164238837914566 
0.07304647588427095 0.633901227231361 0.015664582361571585 0.9047749690497368 0.02139273240985513 0.06729665328903275 0.012152376930937599 0.1454782916467422 
0.076938763344693 0.7435769588638705 0.10670156323555961 0.11030471764543125 0.5829590059902905 0.05099655026720107 0.6027079183110178 0.1952038465299209 
0.6777891534360515 0.12162411187571545 0.6869355218982416 0.5589539396999869 0.4816725096031488 0.18624184502856558 0.1589677690401266 0.21671646626834978 
0.16472909141638487 0.08766735036602107 0.06318394024636739 0.26889150650584465 0.22051311534934584 0.8912146226444666 0.6110466892094073 0.11213628618538252 
