0.2645857841660382 0.0 0.0 0.0 0.0 0.0 0.0 0.0 0.0 19.76905568223335 
0.2641212919417399 0.0 0.0 0.0 0.0 0.0 0.0 0.0 0.0 19.781777087629752 
0.2088139296701478 0.0 0.0 0.0 0.0 0.0 0.0 0.0 0.0 19.78284846926425 
0.1972069927457599 0.0 0.0 0.0 0.0 0.0 0.0 0.0 0.0 19.799068795931312 
0.002732624621732701 0.24576508952999637 0.0 0.0 0.0 0.0 0.0 0.0 0.0 19.750783431831955 
0.0 0.24275538034899027 0.0 0.0 0.0 0.0 0.0 0.0 0.0 19.77036039229037 
0.0 0.12137769017449514 0.0 0.0 0.0 0.0 0.0 0.0 0.0 19.95980616582898 
0.002902997808768629 0.12137769017449514 0.0 0.0 0.0 0.0 0.0 0.0 0.0 19.959441022299988 
0.11978267927780914 0.24142036258094288 0.0 0.0 0.0 0.0 0.0 0.0 0.0 19.580050017970112 
0.0 0.24275538034899027 0.10176226329104254 0.0 0.0 0.0 0.0 0.0 0.0 19.582957604226667 
0.0 0.24275538034899027 0.0 0.039180780120895924 0.0 0.0 0.0 0.0 0.0 19.734141977521773 
3.666682081635791E-4 0.24275538034899027 0.0 0.0 0.0 0.0 0.0 0.06284893567187644 0.0 19.66881778033003 
0.19016588245446409 0.2480211047342119 0.0 0.0 0.0 0.0 0.0 0.0 0.0 19.389869473044225 
0.19016588245446409 0.2449022596441593 0.0 0.0 0.0 0.0 0.0 0.0 0.0 19.549912838189265 
0.0 0.0 0.19698481951882318 0.0 0.0 0.0 0.0 0.0 0.0 19.830810566806534 
0.19016588245446409 0.24704913893932828 0.18637172148812586 0.0 0.11734255249031156 0.0 0.0 0.0 0.338070648301636 18.64405876388009 
0.19016588245446409 0.0 0.19268401627922116 0.0010870380244828476 0.0 0.0 0.0 0.0 0.0 19.498246588251398 
0.0 0.24704913893932828 0.21158672173350745 0.0 0.0 0.0 0.0 0.0 0.0 19.450877532057564 
0.19016588245446409 0.24942290114291482 0.21147865994250792 0.0 0.0 0.0 0.0 0.0 0.0 19.0836003236143 
0.006920164056531144 0.24704913893932828 0.18637172148812586 0.0 0.11734255249031156 0.0 0.0 0.0 0.338070648301636 19.156325510971005 
0.0032456353715019206 0.24142036258094288 0.002839414880182281 0.019824352233359543 0.0 0.0 0.0 0.0 0.21057922096920287 19.381196921780425 
1.239279234236059E-5 5.622911070936939E-4 0.0 0.0 0.11734255249031156 0.0 0.0 3.302066761954478E-4 0.0 20.13783234904647 
0.0 0.0 0.0 0.045648426558667195 0.0 0.0 0.0 0.0 0.0 20.168809372713643 
0.08881999181623744 0.07382872332793944 0.0 0.08227046205066887 0.0 0.0 0.0 0.0 0.0 19.774445116442003 
0.2010702603015142 0.0 0.0 0.0825030348914565 0.0 0.0 0.0 0.0 0.0 19.658974241654423 
0.20121199337129989 0.002734096863984536 0.0 0.012508123644422442 0.0 0.0 0.0 0.0 0.0 19.78810430145685 
0.1979490731911506 0.12140972083844001 0.0 0.0 0.0 0.0 0.0 0.0 0.0 19.58781305056542 
0.2010702603015142 0.0 0.0 0.0 0.0 0.0 0.0 0.0 0.0 19.79210282877 
0.16641274178376506 0.004668497161378674 0.0 0.0 0.11734255249031156 0.0 0.0 0.0 0.22613812123764684 19.313027044794097 
0.006676293143201247 0.002734096863984536 0.0 0.0 0.11734255249031156 0.0 0.0 0.10243832762256999 0.0 19.915770752375465 
0.1322928920830191 0.0 0.0 0.0 0.0 0.0 0.0 0.0 0.0 19.94289443588131 
0.0202777438115261 5.622911070936939E-4 0.0 0.0 0.11718221935507996 0.0 0.0 0.0 0.0 20.06385836658738 
0.0028181500579432047 0.24275538034899027 0.0 0.0 0.11734255249031156 0.0 0.0 0.0 0.0 19.693922550947118 
0.0 2.562824717188156E-4 0.0 0.0 0.0 0.0 0.2163496638449832 0.0 0.0 19.834321028932965 
0.20139933194425944 0.002734096863984536 0.0 0.0 0.0 0.0 0.17156980565080032 0.0 0.0 19.455832908513283 
0.0 0.0 0.0 0.0 0.0 0.0 0.21550523062276325 0.10598664812397807 0.0 19.810398762980853 
0.0 0.0556261995807745 0.0 0.0 0.0 0.0 0.0 0.0 0.0 20.123351601499795 
6.595698775688441E-5 0.0 0.0 0.0 0.0 0.0 0.0 0.1086391952864333 0.0 20.034896418289506 
0.19306906306368318 0.24142036258094288 0.0 0.0 0.0 0.0 0.0 0.11036925390181516 0.0 19.187123936764348 
0.12343686531308243 0.0 0.0 0.0 0.0 0.0 0.0 0.0 0.0 19.970383625238192 
0.05237651803151498 0.07426816019454918 0.0 0.0 0.0 0.0 0.0 0.0 0.0 20.02188952502101 
0.0 5.810063053497086E-4 0.0 0.0 0.0016012683150860543 0.11853489540866642 0.0 0.0 2.719038337868805E-6 20.097594935327738 
0.19016588245446409 5.810063053497086E-4 0.0 0.0 0.0 0.10948901989599864 0.0 0.0 0.0 19.70756250653203 
0.0 0.002734096863984536 0.0 0.0 0.0 0.006426668043333472 0.0 0.0 0.0 20.184043903432897 
0.19016588245446409 0.24704913893932828 0.21158672173350745 0.0 0.0 0.0 0.0 0.0 0.0 19.022070428533397 
0.19016588245446409 0.24704913893932828 0.0 0.0 0.0 0.0 0.0 0.0 0.169035324150818 19.142722780036593 
0.14730024634086178 0.0 0.19698481951882318 0.0 0.0 0.0 0.0 0.0 0.21818918884743804 19.14416151984431 
0.2010702603015142 0.0 0.10176226329104254 0.0 0.0 0.0 0.0 0.0 0.0 19.611769464428303 
0.1062784377958895 0.0 0.0 0.0 0.0 0.0 0.0 0.0 0.0 19.996906526748596 
0.19808995566714338 0.11961461502009273 0.0 0.0 0.0 0.0 0.0 0.0 0.0 19.58074142100786 
0.2645857841660382 0.04888880436963214 0.0 0.0 0.0 0.0 0.0 0.0 0.0 19.720388233356775 
0.002732624621732701 0.24704913893932828 0.0 0.0 0.0 0.0 0.0 0.10675921923126425 0.0 19.60875139124824 
0.1121089902213768 0.002734096863984536 0.0 0.0 0.0 0.0 0.0 0.0 0.0 19.972094473465667 
0.2240550821276707 0.06237187269520466 0.0 0.0 0.0 0.0 0.0 0.0 0.0 19.690628777991478 
0.20484975400389602 0.07382872332793944 0.0 0.0 0.0 0.0 0.0 0.0 0.0 19.6694961855156 
0.1876520861528329 0.12137769017449514 0.0 0.0 0.0 0.0 0.0 0.0 0.17052979107225913 19.26855813026818 
0.2240550821276707 0.24130584866754684 0.0 0.0 0.0 0.0 0.0 0.0 0.0 19.469648561059863 
0.08881999181623744 0.07382872332793944 0.0 0.0 0.0 0.0 0.0 0.0 0.0 19.909422602111203 
3.666682081635791E-4 0.008335066931420351 0.0 0.0 0.0 0.0 0.0 0.0 0.20378366258833225 19.799240982309424 
0.0 0.12137769017449514 0.0 0.0 0.0 0.0 0.0 0.0 0.22418803719424124 19.663419395090465 
0.1903175525321972 0.24314370155069073 0.0 0.0 0.0 0.0 0.0 0.0 0.338070648301636 19.10441839865598 
0.19016588245446409 0.0 0.0 0.0 0.0 0.0 0.0 0.0 0.169035324150818 19.71307867257025 
0.19016588245446409 0.12352456946966414 0.21158672173350745 0.0 0.0 0.0 0.0 0.0 0.338070648301636 19.032534893134848 
0.006168277148003313 0.0 0.19698481951882318 0.0 0.0 0.0 0.0 0.0 0.21057922096920287 19.462122185254717 
0.0 0.0 0.0 0.0 0.0 0.0 0.0 0.10670091807732777 0.21057922096920287 19.646932158277796 
0.006292843901745633 0.24704913893932828 0.0 0.0 0.0 0.0 0.0 0.0 0.211934736001684 19.37167971431722 
0.0 0.0 0.0 0.0 0.0 0.0 0.0 0.0 0.0 20.197412647191946 
8.66902204524814E-4 0.0 0.0 0.0 0.0 0.0 0.015339672414971695 0.0 0.0 20.18483056749776 
0.035638219271220496 0.0 0.0 0.0 0.0 0.0 0.0 0.0 0.0 20.169264919595417 
0.05237651803151498 0.0 0.0 0.0 0.0 0.0 0.0 0.0 0.0 20.13292597930867 
0.005062902658330057 0.04888880436963214 0.0 0.0 0.0 0.0 0.0 0.0 0.0 20.13860913510612 
0.05582091194202422 0.0 0.0 0.0 0.0 0.0 0.0 0.0 0.0 20.114020499175435 
