0.25274175302550006 0.0225601272700996 0.010164784032158966 0.06264656473435994 0.12945142828525955 0.3155588751126068 0.7046691727209432 2.371835184798813 
0.24832931119936144 0.019865185344507697 0.030167157905280725 0.067404732289029 0.0964876145538786 0.29214896972976717 0.7293912730476417 2.6977378594094557 
0.2497356477277292 0.01801121792087692 0.026629067852955504 0.07358404748494768 0.22263367150240396 0.5452311772329929 1.0764792243176584 2.3854595347051983 
0.2492131774401493 0.01780389050494368 0.034732139781995346 0.08189983798250727 0.24224539758319033 0.6837104151400623 2.1220376327936026 3.4123051403812696 
0.25033365161809473 0.018473315514245338 0.052335544073328494 0.11436432437350219 0.14145300530199167 0.6096627437036297 1.8588988222794094 3.352808172278057 
0.20760133592134944 0.029698713760196827 0.02387078055904939 0.07494548557185617 0.13821419161082069 0.5025567800728246 1.5128945156397813 3.189166068708387 
0.20271605146332305 0.02670212030474143 0.02509017797614883 0.049150584473334445 0.16572267399810253 0.44705328725163723 1.4734006695842552 4.7526531824187135 
0.22004888757090726 0.02576037631717327 0.04559358293274316 0.08426105130490975 0.11977729370581523 0.6861621542174547 1.2359530895210484 4.278671251654731 
0.2429295809080432 0.018620688889885186 0.02961284009143019 0.11119918741697711 0.26704349859366905 0.8699752740888398 1.6980486720765184 3.74993553855419 
0.20785295723216377 0.026334876025541586 0.025243493829232327 0.09463483374465266 0.2546388713631799 0.6524618827955204 1.4382059187137235 3.5637222199663783 
0.19299171659106124 0.032739628074642015 0.028226989146991156 0.0647431553648921 0.185585339109376 0.3914488464535558 1.1333934501217586 2.539817147832055 
0.24400471431583948 0.022282449049304282 0.05146521672918791 0.07178750816931737 0.24862711147604097 0.8750264586665604 1.8677955615684705 6.75880295129084 
0.10423942142237749 0.05556329677893449 0.01772116737780712 0.030951904565820924 0.11389614263386973 0.2940064508409485 0.6655767577914238 1.9650079885418068 
0.10382216992276098 0.03612995715163187 0.03324056079371301 0.05485877489045594 0.1575456995924111 0.46561335903038525 1.136143760075017 4.008131451378575 
0.14557485901911127 0.04739142533636886 0.01679167866700517 0.03689385363091084 0.13610337161676894 0.2742852597332086 0.6681551722795921 2.0530389168466856 
0.12311704527194363 0.04211609803013983 0.02707106355615007 0.05404588675223612 0.12920818701402395 0.3639539896910221 1.2493263254586044 1.5873957994892196 
0.10343633322456333 0.04718865381928051 0.03295474113198094 0.0629950578011992 0.2647642542578513 0.2528281667494641 0.9367296997078711 2.1365842153231416 
0.1342252004758085 0.04541105002310719 0.01254833183335147 0.07073196903177345 0.18571085973299511 0.2956008517429577 1.7014286704581698 1.9701449475014836 
0.10378190477782197 0.04040581970132835 0.02568146942518734 0.06324434274453639 0.15417554786816326 0.40263999721181887 1.0865075166795346 2.230971982875491 
0.10224426146364157 0.047376412290671896 0.029321933822628286 0.08758474638284039 0.35347882523356483 0.36257997994935504 1.7323076627605676 2.0709459802109174 
0.10552926272210773 0.03900010271499167 0.020348471679146243 0.06665967910520498 0.1304020620709975 0.6162029203634609 1.4404678940103164 4.093485995379061 
0.1725624664147808 0.04190344871515908 0.0220890620415252 0.05429259765587148 0.1301020838255993 0.29875133771275286 0.9656580266377499 2.3717659051747186 
0.10339973646022113 0.043799257581836594 0.022832957170593554 0.11546545557856526 0.23189939060138945 0.6748424567205158 1.3791114688640502 2.57676983347178 
0.13231726029578045 0.0455549289214676 0.01950795358058672 0.062150248765915815 0.3281276691440062 0.45888328727407707 0.9119153946523499 2.1769259082344874 
0.17096986951509266 0.03236290248173447 0.06476360617568898 0.1628409890452356 0.32768329702629867 1.066828207706644 1.9622653820617764 5.870888944482964 
0.19143477315553814 0.026632873719383363 0.0815189802930138 0.11448537105846532 0.5149598240447824 0.9367042596175598 3.226322258222628 8.573778894145864 
0.17299323608990413 0.0361471285359495 0.04506023108389567 0.08617598863761577 0.2657020319924143 0.5943688468881297 1.5207751580624826 2.5855214371086896 
0.16520129900072034 0.04091868913448541 0.0467049589885267 0.06951130325906543 0.11453562872817002 0.6502635640766655 1.2662952726011982 4.743407877076271 
0.10172140841828554 0.040988285168832427 0.0453638623489194 0.09796095480109016 0.24284167759076658 0.7670133474501867 2.101079270807796 2.476195203360913 
0.10359805793316182 0.04034080867818059 0.05363762352399156 0.07351747876454143 0.4848046437252803 0.9695229225983957 1.3535390170615718 5.345687780406904 
0.21222488612811952 0.029566335380364028 0.059457255145049064 0.1664348033466451 0.20888505375755007 1.389721587389269 2.521459329329812 3.814931516365114 
0.10911070666738414 0.03511980115121534 0.038408703013227984 0.052877906542771094 0.10166204108651425 0.3993861438091515 1.6000747168302123 4.870247562673723 
0.2084129539205115 0.03261867161820083 0.047978105571680356 0.1107912350836549 0.2252522105691385 0.7618632919049971 1.3645459305454073 4.376818862099774 
0.1987037788276093 0.023472820678364113 0.03140128884503183 0.20752144001464096 0.44738478594058134 0.7290019676586865 1.2497046855680511 7.77389602128646 
0.10657690717252126 0.04212647188493148 0.030555304955376825 0.13333708377850997 0.1405930843302733 0.8455056363637456 1.9275632373320524 3.768906046726486 
0.20496413253618195 0.028617132540050896 0.028391043818478276 0.1326111118975868 0.2065487612815077 0.5424000110580901 1.3304298319119703 4.730101827532167 
0.2505790466112725 0.020857167530912886 0.029267622733161677 0.17335760811169088 0.2190208706649002 1.131107779997293 2.1795069065239483 3.0306827661124704 
0.24148522470309702 0.022891471857323247 0.05088627728505005 0.16574941992445996 0.32868977054082915 0.6331704693156539 3.0741640805315322 6.232625316158404 
0.19350596371473203 0.03465830517430403 0.027524007211318344 0.13623266843749485 0.19487159101153945 1.0939947330924915 2.042019277565588 2.7134683990241966 
0.15878681701530584 0.03061509925261761 0.040777781319417346 0.16915289769073794 0.3223842229371901 0.5995542942099963 1.81746661755647 6.287777112656578 
0.2421565062737966 0.014801921433112736 0.03544692636721185 0.1646476637193053 0.3545669456976662 0.839842863128022 1.9817648931499994 7.469944265335844 
0.10303631278733313 0.03587015150146061 0.0288112404569444 0.09993197559095604 0.17723756282262362 0.5446875666361644 1.7519258480082938 2.672459524075909 
0.10618288099829858 0.04446105597322608 0.019912358347547343 0.150724222776 0.4831545673948629 0.9071064401733697 3.0531570561027044 6.096333727994588 
0.12830810682939373 0.04020316187937237 0.032085870943149415 0.10589958409277031 0.26198384447934026 0.5981114011616204 0.7442768085998839 2.097559226589899 
0.17066817314707503 0.03893538212026015 0.02482207127105109 0.06912404538532999 0.36549407196597816 1.072393275969702 1.2763924864298215 4.997522022270527 
0.20195892414540617 0.027990027801029084 0.03400676898053595 0.07980320151773897 0.33090412335263786 0.9483191953214984 0.9325809582226094 5.267739451836478 
0.1014381017196436 0.0405298887395275 0.03612598969267964 0.05570443386005743 0.27271636044649794 0.6349569699374717 1.185473460506102 5.157857345171651 
0.1720858367902803 0.03635404677958068 0.019411856576386197 0.097001012346674 0.27925622776244374 0.920719401215159 1.7287713661575648 4.0900681739140055 
0.10182951156346964 0.03732406795709157 0.02498967785309331 0.08219772309650794 0.2766990638173884 0.7599974635013098 1.1195564012611785 2.684096898991029 
0.23832992367341144 0.02153905260644965 0.04366165518838208 0.12994163175379828 0.32776674326191424 1.0825976894225429 2.0802273135350666 4.445433896142009 
0.20729218807243885 0.03154659857533444 0.026238863553620734 0.11453935226319184 0.2517363362893306 0.8805263886021294 2.0817338462411703 3.0489118852593005 
0.12127543062501807 0.04462036666139518 0.03579499364680617 0.048798125883893914 0.2583794392064207 1.3558065580034513 2.4928222132492963 2.1008727087928056 
0.10118788676473058 0.04422914092698039 0.04546477254686152 0.1160195786564819 0.2696250115412282 1.0282175700612812 2.5103599765493367 6.7412678633772 
0.12043796108007962 0.04129859688581679 0.02124300175686285 0.09603587827882103 0.13388010743731465 1.0770797891195516 2.071744788839203 2.744245418741162 
0.25675966746701706 0.017674248152958497 0.05713758002839455 0.15715319514459655 0.1938271888820957 1.4094152596073537 2.5400840113701713 4.283797899451989 
0.1410229419367351 0.04077519128177136 0.021379213504343453 0.05075989088887324 0.1298962429289268 0.751173404662434 1.30222237758747 3.906117889011479 
0.10682330319442891 0.0390320879051764 0.02528615339189016 0.0905852315533063 0.15515292056477323 0.7320894988616803 1.7384782159657948 3.452741312751972 
0.17739705004740697 0.03593357966600697 0.02585659587449768 0.05037637614722881 0.17260871410143896 0.6988919982597088 1.3041114770954294 3.367783210233255 
0.16254161840428863 0.033713189746856054 0.0302625942316468 0.06689476497330481 0.14561304520564167 0.4695834596857198 1.1033904901120575 3.6686380052894183 
0.14673984152429176 0.040573602725153854 0.038056731428842173 0.06557842506697778 0.1306490292010295 0.4805854229677433 1.3873265967000625 3.8604050396731937 
0.14435500751901256 0.04451307800259224 0.022124383699602918 0.07350376867834972 0.17341134756429155 0.47867432734348697 1.31081752940373 5.470094384712098 
0.1753014821852278 0.04148274737003171 0.03274771263074325 0.05369908818410652 0.11954682760727005 0.4018197333067751 1.0744938463682205 3.672760975508584 
0.200065650094415 0.037413250913232075 0.013595243293294758 0.07959716972324317 0.16166549635348587 0.3986420469754227 0.9012871919616982 3.1019206187828856 
0.10552381733245436 0.03220258707066152 0.03874385778009574 0.12705313267245266 0.4981539475822614 1.2968149171307652 6.646511459707823 7.012680289549469 
0.1118748329945403 0.029588674533994073 0.03680046333842368 0.12157442423226146 0.6704929501964128 1.76370684882792 5.188871397956027 9.447638131034042 
0.24471711106777255 0.019200723948034997 0.03407673207504845 0.18303121161844482 0.29637525982880336 0.5917938885900814 3.844864637361974 3.629402808513959 
0.18571826903996982 0.030058494327243633 0.038720456787126344 0.049917710270627164 0.09068950491620423 0.4449470068710203 2.4387717609866604 5.360687611124054 
0.09769925967587897 0.046172529777108305 0.1240147291064058 0.08958905320804629 0.7570806136489839 1.8677299368465774 4.98047253463915 8.712658205412914 
0.10886563589638723 0.03338609091764516 0.04924575024551825 0.179072594602128 0.344255396233806 0.9209197993684495 3.1554385413345445 7.89807606234571 
0.10272806285246826 0.03492485018500634 0.0295082403914618 0.09206357758453858 0.19154804033400594 0.5832588399362263 2.0323182814072207 3.292582220567253 
0.10044084883555555 0.035142472802702676 0.02966757600150723 0.14350042068672203 0.4442867996887875 1.0224334111359419 1.77364927358109 11.93096303371584 
0.11221191891410115 0.04453851974993772 0.02423890519895049 0.07482213107028675 0.10608867197790268 0.5873376786827789 1.0119377614795428 7.267051146893964 
0.17210561255820805 0.03476292376194094 0.02272633626076997 0.06508593488360964 0.16309424282497043 0.4825991428520005 0.9570978602851616 5.320536709517424 
0.20097209884607373 0.029813939120151 0.018584731491946394 0.09983927730007396 0.16351864289010357 0.3476131178037851 1.8958191026727556 5.802054883189417 
0.10960929553543777 0.03999720443102559 0.03817564161653421 0.05256328768557778 0.18532448133523985 0.46088079187877623 1.5641056431191878 5.2602269727383435 
0.20662503305346447 0.03082185114424234 0.03553431064571835 0.09916267622281796 0.1593359471512323 0.6607243143449965 1.3505664227326024 6.029859984224482 
0.21123410344226123 0.024917237846087268 0.044122810535821795 0.11711644981373498 0.3590292603990672 0.9694036620835065 2.0351353081992327 7.406304220664383 
