14.291172469483875 0.2538180192759183 0.5742090851964381 0.16834468032521244 0.08599742030654224 0.5730123206723072 0.3405863267327911 0.12977502658524018 0.0885171571820976 0.06520976945427512 
0.8209152076207757 0.12237561962484625 0.457543126105575 0.22304753833076713 0.2918657529286308 0.37369090565583196 0.4743867553222595 0.4418975384782384 0.2907161525140737 0.17403158180121459 
8.911395646925985 0.4194841312460087 0.5183997053753052 0.1394137247467157 0.7640067345028511 0.7741388455016504 0.49603491664999466 0.1273772181602402 2.7952301600034843 0.10849966058813088 
8.72824284717142 0.23696656385967757 0.3421122729708707 0.19036778094118262 0.28389384672328766 0.8504501274734366 0.10700071209972804 0.23474799365382532 0.2910541580591577 3.4261383901591995 
1.3005446859658962 0.9591275381638923 0.6438247550146236 0.12405510628950214 0.06735925543060609 0.6003139864965013 0.41967135432046726 0.06050451318719667 0.0750894652578946 0.4227187209090045 
1.3093846343151778 0.197233331604474 0.6795932934013749 0.36871742119926393 0.06790289516082623 0.616671682006778 0.36764745322914233 0.09409817423980135 0.09361171496275997 0.4642919405020096 
2.1517848758826275 0.20285976745591114 0.2956519165037992 0.27371795080562533 0.489407261843546 0.7743088214835486 0.31626851895174146 0.26906052952280135 1.2122770590604228 1.0065761030615878 
1.1366832479093891 0.45846545756540275 0.5386070115806119 0.343637649128603 0.07789979797986504 0.5204248224606881 0.7780821851636821 0.5795366536341066 0.09102858147076959 0.10872855742455394 
1.9995145026208339 0.38554793090889367 0.5018937154014835 0.5027178964241544 0.21984538520524968 0.5324460382048706 2.1674270424622213 0.05310830700938951 0.1061705265713066 0.599460693580905 
0.7597942972620806 0.27577689177621034 0.6593005306620903 0.14780644217659494 0.23930691771943008 0.6210602547811623 0.40342374098104894 0.09801418093296531 0.4400577549335364 0.07148127295504325 
0.7129328263461777 12.828883709234944 0.6759219478877097 0.10861849484562638 0.13386158195559877 0.6298510629205742 0.2847657871165578 0.20022646175583042 0.13824006341157785 0.1251212969859138 
1.6524450074691663 1.6169428701967974 0.3911617681414804 0.16075175051609233 0.1739204233082121 0.7881417955486655 0.3669843045860203 0.5321110715424898 0.5289551872378886 0.6990048195755456 
0.3110106911570655 1.7617444307678463 0.26433562698979224 0.14434190804252908 0.10783133031957184 0.36905859839070004 0.22027359303889615 0.7920395690672616 0.6581596114887525 0.09547901412652506 
0.6528695509513112 1.6723841674347213 0.4990108377075243 0.1842398898394883 0.05766733896544645 0.5443775013295588 0.6084189610488089 0.07354302458481342 0.7569435082411052 0.1013544540327301 
0.6760847075535474 1.5711322374323673 0.997188492591101 0.12432485416962286 0.49070517167276506 0.518996048682145 0.3435809112666512 0.5425829295371676 0.43159949651401347 0.11132508107268446 
0.7374995089509907 0.9373260896739846 0.6178750362551556 0.10091178717057776 0.17994222327113618 0.6050229969578179 0.3970162647930894 0.08180785898641474 0.07390362829030943 0.0874116449906043 
0.5830629861867704 1.525282830726944 0.4844460309062034 0.11854314434769278 0.07286277479272431 0.46907939245945607 0.6396497722811049 0.5835479017714181 0.11414140933408426 0.0849785721631437 
0.6083798114075348 2.4997628857436878 0.23116867896951188 0.40409968133535773 1.579363178875166 0.10981380991394618 0.3641619450467456 0.10042209147122858 0.11140666336795513 0.5974747110847106 
0.662956264730041 1.6320927379455288 0.23466248782782628 0.4357781318789706 0.22196393134396925 0.5845092752782199 0.07161402912214304 0.12339484446153864 0.1503711525909277 0.590414237239407 
0.24453815529721196 1.7784314204620286 0.24489900508673262 0.3139032441196852 0.07428415395177236 0.9155608304655942 0.20753621491568838 0.4380978398910047 0.9788147538741271 0.13254692227931675 
0.7543828572601674 0.3569068159376225 15.908805228453382 0.16076768918194073 0.16637248424704165 0.614453379200008 0.374206033574411 0.07470499548752824 0.21295440973429133 0.11711250459150727 
0.8788899614940514 0.21500582975288401 3.1727693960402816 0.18409252759776437 0.13442697250616642 0.5394641801585398 0.36227719954634907 0.5646612414912249 0.5953200256299775 0.4341382451246077 
0.7064348005263638 0.20347254060983616 2.1272371154255514 0.45473265439027366 0.06730139113644859 0.5769093905615227 0.30941240669241465 0.06293856599482246 0.4420675151411703 0.11537036612396656 
0.5140066804755566 0.5025037623353399 1.994453197501448 0.14936664098078284 0.2937643811730153 0.8372584699420166 0.4308274656008299 0.06951047276777847 0.10297841065109767 0.6333333439556755 
0.6028760431025721 0.4564032631826025 2.291741413160875 0.3599386829454384 0.1813693262375304 0.48227944755002683 0.09612169725207334 0.4984170790325307 0.10672778532383952 1.0918651721547938 
0.6103890489078736 0.2427401293695919 1.4848101469658987 0.2587616149928124 0.10385058202227573 0.4777206146185616 0.5631191197972958 0.5706922191943512 0.09069076975155052 0.10030040004595114 
0.23154509742166793 0.572652606205201 1.5496847731124466 0.120130046077102 0.1668398503520108 0.6408801549412794 0.42938646756014487 0.5594779124367307 0.688164546982881 0.08117704860320168 
0.7141710126773625 0.2180545667174776 1.1742992639634628 0.14346002729075344 0.06818016134991575 0.5777231896893903 0.3464252632970027 0.06375767413793869 0.44909586840319143 0.10439182444832362 
0.70229098282406 0.6533710270742848 1.5316720245131532 0.45495427799715515 0.140666490499799 0.6193579852977462 0.09898548937309895 0.13257201066820415 0.0864286806357221 0.5893648185992344 
0.3960555128380995 0.3618020371691846 1.5593670312654295 0.16850288076427894 0.07863742695276389 0.44538431373379045 0.206842355699799 0.5878810899898809 0.6855541917222678 0.8645855977570398 
0.7860842654213712 0.27222601004103275 0.6195861441810955 4.14915446846179 0.05657761863967517 0.5978083241189198 0.40725998188017776 0.06051911545539573 0.1393833408655648 0.10168520847947515 
0.7015727467485976 1.2941910242108687 0.6946565303961424 0.92297056158239 0.07235650891852706 0.5989358701266075 0.228251493305339 0.14289299510716777 0.27314568641625375 0.6177704708509121 
0.5601109006869146 0.41238585059659755 0.131063908664764 0.8543716049413521 0.5384119181224352 0.09998224493059624 0.23800495465520843 0.05651352484042135 0.5607052190825152 0.589842209639599 
0.35740992326227583 1.29823418820916 0.2854919940394156 0.5983976139501981 0.24001561503251675 0.9976212574698168 0.3879934594996207 0.062240681598397726 0.24383134071323453 0.10722558656768957 
0.6957553099910121 0.2588893621069934 1.170647152174933 0.5053456717169273 0.12730537528604868 0.5711340831129001 0.31997045537150104 0.5655497487563595 0.425281515867841 0.06922940078520683 
0.3220512262121833 0.6113647092245262 0.5181997066727183 0.4283417295286497 0.2218813855135007 0.8667870011744747 0.3555135463715696 0.5477101229095044 0.09807073480915095 0.10553514608600825 
0.5495781531195374 0.8777456009857467 0.2015386270011628 0.46363417779239124 0.43101281374758776 0.13151914295543382 0.16513377493915105 0.5185346075605073 0.27672911150648705 0.6163402220303281 
0.36183479545449027 0.5671068997395188 0.3300543501740947 0.6045681946634752 0.10910642831694922 0.46279958602717597 0.2693671832183311 0.6200392133138675 0.7564112371451587 0.15509463550329528 
0.6762730329787645 0.6152910849715214 0.9564517109215498 0.2316204824814597 0.16208940590778226 0.885587157617707 0.390912353944122 0.5400754399732107 0.15559280735488046 0.5732843110068826 
0.6830521946210346 0.21381059867518298 0.6272574190183077 0.13232144066417675 0.06818090858900913 0.5784084168315189 0.34644069718310505 0.06375962560798717 0.42242441361874306 0.43996919602780654 
0.8504671211301728 0.22835689865104583 0.5174645533162232 0.2082878448610267 6.194335601734774 0.3338690859975254 0.13310294699659542 0.10395322622958586 0.285070621586053 0.3021588363080414 
0.6613841264548057 0.263818886168396 0.5819331041408027 0.15474220067534386 1.125839859603132 0.7507420761372626 0.3840461918799971 0.5229410226244248 0.10468489435888959 0.4056706686411269 
0.7633312313735139 0.1834930117380362 7.709051829926935 0.1601515998934938 3.6845374759810574 0.5948979738019853 0.3500853993082825 0.07625252893052958 0.2118768370819228 0.495155401236156 
0.6362623868813123 1.2285744760348782 0.23726398709843183 0.44106323365248473 1.5132592305911672 0.28492729672791217 0.3630363743417284 0.09812182507729034 0.2840367420816371 0.6037295814277837 
0.4736359267835202 0.22559079278073052 0.39110066666645876 0.1298341459103983 2.6848774602048158 0.40016244314672383 4.436467726714655 0.11681587555777578 2.1555425975695828 0.10755507046504306 
0.6722137735278595 0.23513789638943827 0.49539684180122356 0.12466156758659731 0.4942868922264416 0.5203751628017524 0.33267065876955726 0.5445732882193973 0.4341850403444913 0.10579179812745663 
0.8592806875478024 0.22985122197275104 0.38243448055522483 0.331519610774635 0.43504408093165287 0.41444730096128024 0.2787939955193639 0.330927317695717 0.1760333219049977 0.286686968410936 
0.714466775277786 0.29361052066361204 0.21591161074535759 0.45935119977874056 0.5610851163871522 0.10491280404140278 0.0752458790670784 0.1062319817850115 0.12271511678021518 0.5205831681197057 
0.5892677946221403 0.4034443103830543 0.12363098975836494 0.34047578719909943 0.49142425515854676 0.10648170396247361 0.06534174397931243 0.5776933727620674 0.1670456210206003 0.5752019303586868 
0.6433662244430547 0.19450413833349295 0.2820689021901881 0.2760742038526914 0.46437471116813944 0.799203255608411 0.12992766104683168 0.26913314104148073 0.4528206180383129 0.32510426877063936 
0.31238062032463604 0.32693683826924647 0.3581539053520627 0.13030206610169712 0.22177394777738452 9.569488712948125 0.41505843637205336 0.1282387385410417 0.09771423020586285 0.21691080773295981 
0.6806708295771394 0.6157305646297201 1.066702351588636 0.24432963544686948 0.17379057507712334 0.942957116652988 0.4286947192925452 0.23386241726796056 0.107155773375265 0.574682695337107 
0.31637864783064296 0.35295413475191717 0.709444768753091 0.620960553834877 0.12255649021015107 2.1359980495297544 0.3784380944500102 0.8371634789221181 0.6265705981839125 0.11377020931320533 
0.7194360159780611 0.6320652521662917 0.2359679636206208 0.3801736060544607 0.16036136108081955 1.252745174320435 0.08455939417652258 0.11121292652378575 0.10040687328284058 0.6336415575447547 
0.33062812419167786 0.20549881331546585 0.5171040065064554 0.10026330640727683 0.17922329881365462 0.8684030484292625 0.5039300291023533 0.40810231356868526 0.13079091859123368 0.07905569799832335 
0.3697882350149267 0.5132786488204404 0.2930753629205863 0.44618955037799507 0.25104593886100834 0.9905522767225671 0.3877442009453789 0.06224080145104393 0.10872515286518979 0.10692760713172814 
0.29994984339326 0.5328373145359186 1.5745203386194129 0.10461373892243042 0.2059059058007924 0.9700248547174146 0.44383969808981705 0.09525484520873737 0.1486102944862002 0.1049946703389608 
0.4146654513177225 0.2521904648334079 0.3860438479811822 0.11214818566026687 0.08148246532114599 1.1575200205117435 0.506272766641009 0.5197124306444358 0.6592408151591573 0.13346940566322796 
0.5981196579059691 0.28215715364107014 0.4480146342664413 0.11016582823460724 0.10581225390315588 0.7974841471384045 0.44367234583891735 0.0664922896686953 0.08054445386187391 0.09963145579176574 
0.6524412645632354 0.39002074260168584 0.20581320127199798 0.41043889216675744 0.14871890329385984 2.6437656682245985 2.406079881922918 0.09626598451706 0.17962202174144687 0.6346008676370525 
0.4611041901259748 0.2114831026469861 0.35934943067658853 0.11008106983124435 0.09709810458894734 0.3702359662164782 8.2339562943546 0.07585514915759572 0.14115212234241312 0.06811788826957989 
0.4810712050376385 0.6021653786456211 1.4616270788637789 0.30566438485247643 0.06092047050367228 0.4482500635319466 0.7759383549439345 0.4478354671213487 0.5812242704134556 0.5804056311691994 
0.9119631013366787 0.2627691696279073 0.5883533226839663 0.1718748217908646 0.10858624624365323 0.6403477456618774 1.862081367259517 0.07986236259357772 0.740693070123439 0.15009601070314443 
0.5955206230582504 0.34328341802786555 0.5404363213332596 0.12709932088231915 0.1836227597514617 0.5284717178967324 0.6981680019706279 0.09341039462177252 0.12456861393059473 0.398835680348181 
0.635092088317025 0.27308397953102304 0.6279364893779378 0.16417119012480602 0.204695801805215 0.5122793729287192 0.8747551961299467 0.5705221205139772 0.594259424580287 0.11907395479662668 
0.5759156089232504 0.2744094079208551 0.18790859393387427 0.36696110117638014 0.14799373795962528 0.5948024114389712 0.584084366379624 0.514805582096048 0.14350817492382684 0.6393906770719693 
0.6695658523266934 0.26206607072122623 0.5938958718702735 0.11107927027489804 0.19431195670564108 0.5412169482706775 0.588348451849277 0.050556957695407655 0.5149492292680788 0.10147394302081462 
0.6864771610043321 0.8057370632222824 0.6155336471803061 0.17390284713198803 0.08102447828924926 0.5925044873251895 0.38044065163294427 0.11126456941997145 0.4501536892694402 0.07752373106187 
0.30108811683778186 1.0353323137742965 0.3958675750064185 0.22868094364132902 0.14366149713734444 0.7899244869940879 0.5512099439063702 0.5737320633561607 0.731248390065992 0.08413522158816474 
0.6125043840485006 0.338408937680614 0.4173331096532254 0.1556851832530915 0.15147301537313787 0.475188870351376 0.32097611729584163 6.700630298079996 0.18797604031658982 0.09865697053410308 
0.6307417532015237 0.7824683489741221 0.6131997354729095 0.14444172743933423 0.24496510283424233 0.41238183371415227 0.5105214880891471 0.5448394691353545 0.13661155078767984 0.3256053384129963 
0.7222550295838523 0.3111020571727313 0.2948351277279937 0.46049678959049317 0.5551385233873096 0.13290090720218523 0.07492774599034331 1.6005843094692938 0.12215008890103327 0.5113108660076497 
0.3823017432672764 0.2888234917438144 0.5362562024605819 0.10078910257273979 0.18719106156465304 0.9323162217940782 1.6008895087003066 2.030055317352477 0.0694596627053683 0.08691352560653101 
0.4122031892396457 0.16345851800053193 0.22668437186196086 0.12656037110121074 0.05232973607730803 0.2619892467106602 0.1766062736525268 0.7805569909816251 0.6869992635499698 0.0762889297148599 
0.7130861485275037 0.46788562652438914 0.48493384527882355 0.3403840531557198 0.08222048060873885 0.5238601915762777 0.3661509225882931 0.5808720426833877 0.09546999239486267 0.10859303736303029 
0.7150932033087907 0.5857599143277284 0.5022625276014301 0.18045950219872509 0.14556743054337995 0.5777371527972405 0.3084082055245032 0.5720530774485793 0.453563146645741 0.069675491070961 
0.31634525781523615 0.19060612050451975 1.022609745320367 0.46951242029825224 0.07683924207197206 0.2737029182216951 0.1682812809902339 0.7791146264619558 0.7197480986577546 0.06642493700800119 
0.6786741134086263 0.28761241862145537 0.6165268732044906 0.12310408731668684 0.08510633030448571 0.5166007052933865 0.8776513669220871 0.5625225618676907 0.08282981745096869 0.07896657128534441 
0.4828909578623215 0.19021464683704806 0.3196898113508869 0.16835645261740795 0.15892561886797435 0.4054887501963447 0.42490756402490476 0.5697071707015993 0.6794808800737668 0.11506059383323546 
0.3347714677173251 0.22387654696119946 0.31177314316183 0.22698259980892183 0.16871581804989233 0.3193691357655303 0.1909168191681652 0.4356942471154713 5.757854976755811 0.09695061808219825 
0.7972726866148497 0.2825230868253835 0.5139122091605288 0.27755740540555107 0.32997733233672055 0.28529404111576684 0.10222262950613446 0.290244754954817 0.5532483709363146 0.45428433171344157 
0.45773760274585873 1.5994595360141584 0.3598099105580108 0.1777746909056457 0.06343373726852491 0.3967575282424772 0.4349720128588235 0.5192385902109132 1.3274660473318254 0.10514067503926706 
0.34011445133905677 0.5774236502914287 0.25152597249272907 0.17798095658009724 0.13042010565862425 0.7076752288014169 0.2923748086793289 0.5328902412679973 1.2579465943867074 0.09620529411646102 
0.7510317785789193 0.2585306170073644 0.8077256871753641 0.19920259542941549 0.20190107139032737 0.54481169766408 0.4064903272226346 0.05894530518942509 1.0818842397038109 0.6134762008692929 
0.40587050022796894 1.4828614140845033 0.1692089678414022 0.39354224791522524 0.5195544221230342 0.12646543571943186 0.10348248193588372 0.30459634083801185 1.4772187592926391 0.641910533895431 
0.8009838480255377 0.23523851188640515 0.17093573918954208 0.3456858904343321 0.5324242691680614 0.10366849182595679 0.2363899772000344 0.061928249234992905 1.0170086624612105 0.59548913511608 
0.5353529678929851 0.6644566507057171 0.23035712467430774 0.3366798726413162 0.10599058300516731 0.4955550719495429 0.11841376953792165 0.09779691927888398 0.6442351795168946 0.5714159025298519 
0.2983998695391556 1.0366938429210169 0.4098202892101749 0.21080268588652504 0.1481006697450114 0.8122853006691907 0.4990266051665137 0.5389826004661062 0.76387315131432 0.1170725859835896 
0.21664180118165222 0.16571054098625945 0.23673708141815528 0.1265921148043821 0.20417822438581737 0.6845377869481943 0.34810738192771834 0.5358242828610397 0.6486578200920471 0.6083988795748037 
1.1277679890562977 0.2012049617572154 0.4663160884513931 0.38399108969046 0.1498292596053828 0.41365221839708277 0.3880449695620306 0.29091351020813877 0.28300607466432703 6.789992397010405 
0.8405855362913599 0.18289042020524232 0.5250928261573582 0.3380688301239866 0.2974303185831632 0.3959860761046969 0.2836429896622292 0.25477695037983833 0.2234770495894305 0.6798739552792563 
1.1684324204378742 0.225502761849192 0.46507586548603286 0.2617844092964827 0.14777161876495848 0.4201927429185558 0.4038992558867924 2.303036899924095 0.3304822418615312 4.244592665455212 
0.7358131109180036 0.325229816525347 0.1625727880907532 0.40932191959821196 0.3589011524519192 0.10682482485667522 0.24871285070226723 0.082279294902086 0.14500360729954248 0.6678277410734517 
0.6665463851758671 0.3278508132962361 0.23539206853339717 0.436248200659104 0.1072052807853251 0.5784400063588853 0.078372171428383 0.10298387159697611 0.0861500028563968 0.6136597068494061 
0.6399770396777904 0.34016279496729146 0.20541641145243306 0.3684841543997698 0.07416704500142227 0.5975071269099914 0.056549075881830904 0.06995569361293949 0.5506576362422262 0.636753689600985 
1.146831224058663 1.266326641302062 0.7286284104733297 0.41770388228217903 0.1265418860027816 0.5905519570269432 0.21707370690526076 0.1580829661492194 0.27143555487659954 0.7763711420009679 
0.5704823557546018 0.27298717564949604 0.1892088958183407 0.374990898774046 0.059367696024983124 0.5854905285787748 0.09576435667468763 0.5378013808484381 0.1433386332247096 0.637932213907406 
0.5387846326514965 1.2238366147887392 0.19575251930786425 0.33485815273706054 0.44013385994786886 0.11228868234669298 0.15360245633243244 0.11134273230047592 0.5709027766177812 0.6483483333738475 
