437.3379983960503 0.7853952082633326 0.7853964747480985 0.7853977412349067 0.0 
479.04010314580296 0.6263994423653502 58.89223440143757 357.51125869586684 0.0 
383.0932320544019 191.16897923674654 0.7853964014275605 0.785397722904754 0.0 
357.0852550019399 55.75508410688486 5.544514351106737 0.679552814033665 209.4485856011777 
308.1651416794462 0.5934639956509965 267.13082871013694 0.7853976779310159 0.0 
245.35822861046066 1.936809851246358 0.4631155363779165 286.4782128454795 175.72353953277806 
296.46319142991484 230.57924489771378 174.4788503201275 0.7139846098272548 189.79698146411488 
272.5719444626822 0.494607794310089 236.5520439626006 0.6548969521066114 238.92035123698233 
185.84889269919998 0.4517851688236678 128.94236796191365 271.1575629193073 228.8936287785406 
256.95752446923854 128.19090777201782 0.45165395153071053 83.93921289572422 399.8071726526367 
194.41691352517321 0.3370763942388286 0.33707690086381875 409.15617501074234 0.0 
112.8924356687045 0.2341989943828491 116.93030138015213 341.9264786183734 0.0 
292.604764605796 0.42656921737773185 0.4265696706670894 136.26009684502193 431.3465763066742 
98.01356666657533 15.851343190086572 256.72887115251683 175.43665889745986 0.0 
110.46870819519823 0.8624444537790612 0.19886278583634603 380.8133480425383 182.03951395879406 
149.4026013910193 149.40260139101926 254.6744777261624 216.56121250096908 277.8973918467867 
133.73085964857123 97.05407615140167 383.5600926077055 0.7139985813941195 191.38528438222468 
153.0214231030387 217.24899549355308 0.4516432192743986 77.69894920931503 369.98187026473687 
0.7853951681172874 434.3972355364752 0.7853964518074635 0.7853977354997422 0.0 
126.86475187347911 392.3984010881108 0.7197009262571702 180.18501667063302 0.0 
0.6862354790324384 439.51048063109386 244.34090948700913 0.7851536587757384 12.542457309015184 
0.6453685147432842 411.8335757852958 0.645369307152494 191.8070064244855 211.6503308987962 
196.62741136098316 428.4555634742994 0.734826243681092 0.7348271363867959 177.87996108107617 
0.5402839172485582 283.1956451019947 157.4850851539832 253.91325636671317 1.7588642334560973 
242.85739070652846 325.68225876915335 0.7853962065235134 0.7853976741786903 0.0 
138.52152551154612 395.29395286001204 363.0531873987886 0.7853979005999965 0.0 
4.7208537818932275 370.9113936379711 0.6638103664040834 0.6638114293007658 234.56861213307982 
125.33551593374779 262.68013917019795 161.84563677934398 260.30595928238205 0.0 
0.46310759194621487 264.5055255178106 0.46310830176232454 308.83361915673026 189.43399204532554 
10.16816216155226 314.95530708216256 387.78464319868164 0.7853978399986214 0.0 
0.4958600157324406 194.52591798195564 167.79835450185635 3.0633544795156387 170.07943157418651 
168.39239110343829 227.4990586376642 6.277851975567427 338.0228572834843 4.66084079787785 
0.3262090261358394 195.96431542982765 236.2031604082344 358.35023430366925 0.0 
0.42335616149024197 263.78381187409974 32.49639806203801 123.78850070545474 391.8111529004676 
304.9494478507841 237.1892068267974 0.7139833378039513 0.7139845571055059 177.05954427092132 
179.29565721505313 205.72523267759018 319.97915880775224 15.429027519918579 0.0 
0.7406048215343564 156.44491755188977 130.14792676157796 428.31715376625834 0.0 
0.4693885590077555 0.6297014090926749 800.8023487790775 0.7853980374855242 0.0 
62.77759967870163 0.10013610734290174 485.21149174310636 0.7804084678288329 55.41229044159578 
0.0011656922285957307 0.6932337691390275 412.26468385427825 207.7563457229021 70.9449157843671 
0.6538755663982136 0.10559525913845161 312.47210054223507 199.119726163418 0.09131503901136676 
4.761703408523529 114.73865876814423 407.18838095532635 0.7601134715574872 110.02666584714987 
53.62587471128149 0.08221904138488215 406.53449368210335 303.7680336403541 44.62484239262676 
0.3107578942219946 152.29472336671765 353.361700559011 0.7851518347538492 9.628660420805826 
30.01360061876075 64.25814419099649 297.54422165054615 239.10278369925717 0.0 
9.252920683564707E-4 0.5017097231319454 272.03634719853903 327.643674077999 0.0 
7.074780746927232E-4 0.5148481027535572 374.6671856743531 422.8001921468961 86.81433921303122 
47.366232629173176 0.09383910075755512 163.4573705421127 358.05214261218214 0.0 
0.38780959895702655 54.21638394780266 187.21441229304395 410.18870375366095 0.0 
0.612196469680462 1.2903590280823471 137.8947772657365 415.09456904336685 0.0 
46.68615702735907 7.5258301849839215 123.70989566472798 424.9409090340498 0.0 
59.188407316944314 124.7548844227369 0.24761568878400234 415.6429472310798 0.0 
0.75896549040047 79.31815787170716 0.1569682958199874 388.8607853344127 4.196003600161826 
0.24253313984240346 136.95503296275822 0.24253352014291735 412.2650915616496 89.30970551023886 
60.33865784309701 61.76206187346275 0.15588205536224178 423.5661711612351 48.930867440340414 
0.13402017056841395 0.027542624930197084 0.773388765054069 1181.5683646729024 0.0 
0.1645367358383086 0.033834254477916964 0.766974982309927 954.1849572894386 23.765490739581274 
0.06485146097902043 14.909439877210284 38.859492024145766 616.7953783345366 0.0 
22.912134289926584 0.036967145179876634 23.728370208108476 485.66921262388007 0.0 
0.10943008721818775 23.570883016821274 24.41087124361994 500.8585766949207 0.0 
34.23723991086999 0.05276843120822873 4.215926485566297 508.41390390896277 0.0 
16.21282844204042 18.603369450972938 28.098623356144657 468.715519627145 0.001403139046802854 
0.10231853428406405 1.5641569096387243E-4 0.7756929691060201 511.810921647548 44.75573623889976 
35.554597200325965 0.06252610496362154 0.06252620164932667 445.18864760778973 0.001332717846492402 
0.08153837199895798 1.4895427371651183E-4 44.63461863854944 427.4620466112022 11.188347851958046 
0.4089521343322542 41.23606105660026 0.06235201311538548 517.8011019383051 1.708288683829877 
0.06211904439550622 40.937067058438174 0.062119115912724246 513.9902106431393 45.08936055892184 
0.2784237612332973 0.009974950038616254 0.7256636298591458 463.8642083325882 67.09939069227227 
0.0016497640768959817 0.8454862774234435 80.43616668305192 394.3863076323123 1.3833004897727508 
0.059702854752800155 35.645856283387175 82.74742138813927 460.1888246612496 0.0 
55.14792438153776 0.09806386918682038 57.11214338183278 434.4888887036302 0.0 
0.0011558037061201614 0.769306954286834 0.001155805010555964 512.0545319784281 105.27062421366924 
89.12775856455467 0.15091550089437702 0.15091571723858468 455.1977208114884 0.0 
0.0011473804650351152 0.7545347243916308 0.14104295773747536 504.7884909346985 109.31608649769895 
0.37801248989838343 0.6667208397414415 0.0011288929102191319 520.3423217086887 116.4865516856422 
4.809169170669231E-17 5.583762150389882E-20 5.583765914050725E-20 4.142035184807934E-14 676.4461360737937 
0.017049367512634566 11.405575326841598 0.017049386561105564 318.8076283322423 417.47848732751316 
0.4458636385226228 0.07192001031755459 238.69023882657845 69.8243526137868 332.34528785185597 
0.236095032597284 4.7478270191278325E-4 0.6108590841074119 325.6603437155087 215.58821611482384 
108.20062091421325 0.2712707317566915 279.9828195342493 3.33422750443368 270.8313318075446 
0.23171618988510806 137.31637949032685 318.7575720602056 0.5856787764790147 310.10384051764595 
90.36939566243608 0.20177244279638326 236.40137807112768 303.40155146392044 256.10703799627754 
0.15076017490782312 85.50482743329837 223.64152375304346 287.0364183986834 242.29101747755888 
0.06397244007967587 36.19461918724633 273.66401646470524 259.0609702379939 232.69520645362994 
0.6584096445372722 0.0012633854984192908 343.12888554825093 0.6584120687771693 223.14817548152294 
23.938304376395035 18.96666741198556 0.04827290719774129 450.6921198150851 207.029079855089 
0.14662263315890936 76.97309725206232 0.14662289916692278 377.4537639879757 146.9925285986435 
0.2957108908651795 157.94881727067 190.37219498962702 288.81277568363754 177.15531457855224 
0.08950743915689521 0.25508014382716115 0.7035765598079489 350.0954411159495 102.55852203312143 
0.28256479817605495 145.48312841320848 337.6011260350984 0.7139984802953748 168.46133185731605 
0.007759620827720925 3.7018632671622997 347.44344541503153 0.7283311737670342 140.2152182258776 
75.25801881372678 0.15510743656025583 348.72376126589984 0.7352691891884061 133.96153496439328 
0.6740122631907821 0.0012121228828153848 374.79142749676566 181.76960869688037 131.2344918385275 
0.031869494198765766 15.649775866237002 118.1225455020089 358.4924645433184 77.66491071000442 
