20.76716783103807 11.425578844705285 6.101616138763414 4.1715530761128905 9.952926413462212 5.8621931749091525 15.436764016572404 12.243839900260891 
10.4766938958894 10.59966740484086 7.213082087717522 2.7341321632662767 6.5676680578973095 6.115419458215085 13.36489501859134 7.878576382141284 
11.043699211851322 11.147826742996724 6.616258659030272 5.5062859509162205 7.771774093258709 4.4659733674468285 15.432818300270055 8.341834107111799 
11.51576962523736 9.411117944148135 9.18689502246415 4.66928063779416 8.461867352664783 5.9049664061281195 14.64196416386785 8.64505763482621 
11.864703601245862 10.024282156715289 8.097380969866949 3.785958282192763 4.890397545634053 4.361359831687435 12.586609174847865 14.914770226548066 
10.283267964519176 12.562782844121411 8.191268570188909 3.911105791237931 5.8136682432764095 4.108464359344061 14.694783272877935 8.371975610087881 
12.604405230896369 9.722861627946667 9.756212045268068 8.3127098176094 5.954924828141068 8.993057461904256 12.389507684906214 10.50758251427262 
15.554605079341778 18.409368615073635 6.3981363708411845 5.196788972034106 5.305464519949547 8.095673477169584 12.342527811295923 15.470975604134019 
10.125361567640597 10.744622998949925 8.560924702014328 3.491901684251849 6.283284518590399 3.7079173156573395 15.953597798043674 10.050915442676454 
9.940016205182356 14.008296111355065 7.008940297972791 3.059001137667513 6.638062712161311 3.3492410873814946 13.056069409354205 7.753203372745574 
9.467855793919037 10.97929667649257 5.726265228540254 2.650295397682697 6.275360439960616 6.786469128307772 14.298464691678761 9.999462333580883 
12.075501853754353 9.724610994040876 9.3369116989196 5.748589415055955 5.406063806187566 5.088196914423098 15.610149428619229 8.306339158088102 
7.391574040669375 16.927879802791722 7.382851524633891 3.05009213950739 6.664791981705279 4.416988047137546 13.145077296580588 8.903829782779882 
5.783513545306986 18.356531202964533 7.250004841915973 4.136634955202537 5.825842178580434 6.473401285542147 16.815502912450995 7.601050338153627 
9.371034391882207 14.849769080654065 8.386913793550384 3.6434067150522 5.516876756399803 3.317894268987845 13.354016143207208 7.9097365161860935 
9.89027843106522 15.0064942498378 6.768065592611891 4.307668572561933 5.621692798427476 6.934789686866629 11.966937700404301 7.626826385037649 
6.294194750456834 15.699400774454354 7.259197784119846 6.731657228098147 5.623905513319209 6.856996936629012 16.20820211866604 7.670498658412471 
7.608173469526459 14.647628570259878 6.669991547367308 3.7325326539474446 9.268613549160087 5.193794986294418 14.721963610978174 10.067984429262653 
9.389733494947153 13.550447016908247 8.434830703179736 3.0473486080507013 5.354342284818009 6.145983625650022 14.047768235735626 8.933788179586843 
9.022231436321023 13.520411977179496 7.159040472399112 3.551919985859515 7.6717758182467 4.3562293481889975 12.083159969993078 7.51336799905009 
8.606861029941268 12.56808522295933 8.295625997918174 5.721871050306389 6.886515616531609 4.569613484501442 13.738731208196842 8.677416139816236 
8.290092977752266 12.07628627086096 6.36905986611479 2.91097784938865 7.793002018815092 4.142628309139787 15.179088968190655 8.397050445310514 
8.693308154937856 12.645834443731669 7.625470334625722 5.465018068344793 5.334793951583958 4.9450217691484015 15.343722785393211 9.249614410231011 
6.423510955246506 12.20122829106749 8.394323227952661 6.113415770393377 5.616132406715414 5.080989653736223 13.685756653146903 8.026004940046214 
7.358814427880112 10.348186736360711 10.608948682987798 5.055277333550173 5.4403498030979565 4.532496380195845 14.583142459785963 8.678691404926278 
8.421945740746514 9.169019195474327 10.53212170922999 4.685633446245963 6.094417942103171 5.104020899189712 13.855179011755789 10.327295974266343 
7.5139777194384525 12.84017569435552 12.550160541145654 2.886649482712935 10.816995847867876 3.4042338687678755 17.73079106596888 8.22429306848411 
9.187282593939369 9.909651326567044 9.376861479041162 3.2374238418427623 6.035147848454594 6.554292602709763 14.813899930775278 9.101751509314035 
7.768979244849822 10.10927834523064 9.141004754552906 4.635392403838239 5.721004101686295 5.11252165614718 16.38093561088669 8.315374117224332 
11.345269461098663 11.385491325307607 11.390003030128424 2.8087372171184763 5.965440480763546 4.380800717268288 19.335185518380406 10.45502884635349 
6.6619484480186015 11.402666066758888 8.766862347810143 3.7038043646454066 5.961893509789921 6.394824023125958 13.474900190437214 9.200828021935605 
8.889323334895668 11.795146994435385 8.678642642277236 4.82937577956804 5.949247968244544 4.702859563326084 13.117930042889537 7.840058490063383 
8.60109429971681 14.061884002024119 10.680441419364334 2.9150959809549697 6.507580783481981 6.90186383886322 16.82079339975277 10.070482399011961 
9.644262763745646 11.087537270839395 9.092832184007557 4.689508334340132 6.873371332137152 5.110494122748571 15.46176385001962 9.638651270447845 
7.901408120486165 11.91569497876997 8.76540326750448 3.7759021087818154 7.481368788263198 6.090973194108371 14.563657840378864 9.61158360996673 
7.948244776796895 10.573380067998256 8.1127537895109 5.568988662078199 5.41448751547634 4.567789089995258 14.945628756840948 9.591189801004157 
7.156943703030895 11.677601996861439 8.23756879281841 10.485239140208321 5.655043620592027 4.313490856960714 15.864779599712843 7.634838999457268 
8.014764633527928 10.752707030135443 7.69523584165707 4.860273032048071 6.736492460806881 6.0774474576244915 14.195793469629937 9.125767051167655 
8.26374392306268 12.256578270464706 8.468905171470213 8.919821593437874 6.44438320950348 4.720470508438838 13.739476539701595 8.348948025142324 
8.09100899059456 13.580158034546619 6.488899581963908 9.190759066420778 5.6742850521013075 8.129301464966407 12.719664015104273 9.024023787853611 
8.329617856687133 12.975153575700237 7.640558980820063 8.238989525864106 8.77373281163445 4.889586927370426 14.395163906723846 8.54697500866598 
6.751169389413568 9.501592482041811 9.310430978169745 8.110142639478067 5.255319256345343 8.27350940631918 15.872450180834344 10.513128599463823 
7.700291982701409 9.698163921454746 6.850132008212349 5.371272822223289 6.201835425474364 6.062417355476726 14.43596325754485 7.612001086344366 
7.820535500440853 11.048397700629604 6.933310760636511 5.34413910051814 5.483369746594681 5.447994216785335 14.381528182832454 8.648923543721265 
11.091189320095516 8.788950701137122 8.528886478458901 6.193631933842728 10.479867083756012 8.54443442652695 16.07863589652628 11.840030576276057 
7.302776864715127 11.596545304275264 7.125017435783717 4.172681986446253 5.569399660951787 6.1464793558057185 13.829006403904245 9.236533200118542 
9.901301748489963 12.187133194543717 5.816657477968596 3.03625855520799 8.607503402647426 5.8253796665081605 15.20531509219897 8.905552958473095 
6.197909432006757 11.224418435822074 6.615517170315967 3.2609694481997455 10.850658507180043 4.791608331914508 13.349972390983238 7.435759585040735 
7.25703818821389 10.375708459942054 6.951762077114419 3.942504797413112 8.180991391486177 4.298687756148332 14.416623887684406 10.223074216748941 
6.772605509455018 9.043184884214229 5.295742272005806 3.280781369805457 8.89444269929694 6.384295958689802 13.932512775337628 8.335176835809968 
7.959070552246712 10.422423614384343 6.850189863753644 5.919956275915875 10.502848667362022 7.636760490009731 12.827211953173169 7.382683578037229 
11.6787141425258 12.045590719944958 6.030182910794312 3.0483866895984497 9.926808526691456 3.98132588935777 13.21477288180702 10.58752937054384 
8.006321101521419 10.669879549561085 6.358933395646098 3.447230955947304 9.009004492054688 5.161877127015839 16.66900623708318 7.836887079390777 
10.896923532977405 12.051891604950569 5.707642986646405 6.53531124110553 9.739630761964582 6.263904498836649 12.27636113197056 7.776710229990455 
7.131035440295551 9.22720837938922 7.352399379910726 7.0918944609728545 8.408244937083323 5.06309079244631 13.132173209578113 8.275952242698175 
7.332791807703853 10.576879822080294 8.318469495616071 2.352376302858953 8.310375878985868 4.6099719726877915 13.236514203727861 7.509727791608903 
7.287699226403471 9.67325391694899 5.832572327684593 5.129075926410261 7.728844166951334 5.307043576711428 14.485089129625637 8.737837517935969 
7.459894480205923 9.653636218653974 5.902687676982764 3.1301500478145363 10.366653224539618 9.55327205963666 13.626021342830729 12.55138629333416 
8.70702039018506 12.533041759528615 6.8659181062634165 4.826077743290402 8.405585763249418 3.97025292647353 13.156761619187138 7.702596948703963 
9.985998810363451 12.621776084628234 8.895398652007788 5.362833560966116 7.017396946605215 15.219210516113872 11.799796701239238 8.298621340853597 
7.974652345512717 10.837185785180578 7.592093615655807 3.7704314637225194 6.486627865134917 7.313126056248231 13.62140328090375 9.271118392120142 
7.92546872658723 9.084655633425259 6.455752886644277 2.82798255098056 8.652417340815113 10.335955416479896 13.659156036134231 12.572291615903941 
6.830987713140463 14.213831847918398 6.263516253898354 3.960372917886592 7.037948220154368 14.731974830774512 16.015932024308416 13.126863785278658 
7.672135697090941 9.396444034762562 9.319283324161374 6.765156700686863 9.734742724017119 10.050445657301822 12.470645293069536 9.40962680197366 
8.166594262061802 9.457658399664385 5.831513000621845 3.6784846794485047 7.819623800620402 7.965134040319844 13.67083600831743 7.880279011768847 
5.857680434180739 9.02003025890865 9.55141183474018 5.305727215508835 6.597203634172266 8.447585777806331 14.103374569753235 9.884091730851578 
10.447360291141626 9.602506990145807 7.3019389634769825 3.391508884456033 6.634244890760755 7.369017521507947 13.92056954438769 8.423385025075682 
9.437912304730434 11.494997517091225 5.693300442841367 5.980346883897887 5.774145341366422 7.5029018209149 12.564079281401805 9.877017243718274 
6.751132663329263 10.935342936738662 6.8011962497712135 6.024079664703371 5.692503459136429 8.118225500079662 15.57322657217507 11.161808240154942 
10.2911546915028 10.258206630502304 5.886247864822684 6.102448239506339 9.986641579551085 9.231171940649459 13.608233781038594 12.24504309781329 
8.29031887088799 11.155189101960648 6.767087863254028 3.2855122772007026 5.755049076961904 8.58302027023871 13.020729638843449 14.857212911077882 
6.957794594775555 9.827927757319088 6.584212456454795 5.442783234698247 7.015031234646969 6.228222173376725 25.849083959930965 8.102612172146758 
9.234519633508272 10.669465158991137 7.06595396018129 4.295634927729592 6.089623319006426 6.793948866842936 15.356583576323528 9.165995023832856 
9.43966053782504 9.368031898554694 5.539270406986804 2.8131392664925654 7.213497114717117 5.724266037210323 17.702551892107337 9.682417391110338 
6.192152989572929 9.320031683762531 8.39778884795965 3.1010181634959797 6.218381177510632 5.687754963296014 17.335472843745208 9.412958995831492 
7.4100284946396195 8.951972447378143 6.254633211682743 3.7911210915330944 9.14838694557946 5.102038734767245 18.08451868161714 10.808807720280742 
7.550272573095 10.381928294028672 7.780696768820774 3.3001747950052347 7.920432491171893 3.761469015502746 16.2602423636025 8.578087552070615 
6.978235770647982 11.085773547739667 6.633344558875938 4.307622631873121 5.970075239288642 7.038998952372044 17.107404060726125 10.364725913141069 
8.239576168016722 9.39850231212796 7.616443993628397 4.140974725839324 7.50279451779717 5.216931732560571 15.54852136607767 8.374439605296184 
9.385920137500557 8.906435817680652 7.431070661060985 5.367388628616405 6.981466134634595 7.493512415976046 16.11586824679607 8.820627596486 
7.221441738650312 11.922566754078277 8.104246098400097 5.050491883449142 5.92045297701095 5.138200721766331 15.222687300631303 7.763757568946623 
9.587400496310847 12.807544364247 6.019338846083722 2.766911388353299 9.400796099322397 6.441275661730437 16.218526413364152 8.016788630373844 
8.511543931916346 11.947041333564382 6.1075914694536335 3.795313366407238 6.531910214390202 7.117737661771875 13.981391864230964 14.548902601111951 
9.345333771667969 9.398044223711587 7.1498440370720004 4.690371300261398 5.542561619946193 4.318367499477521 15.756182569022302 11.695763332727575 
7.589858963009374 11.18365059027894 10.14440130592885 3.615394724976587 7.673745249907672 5.324475689599863 13.701931201542667 12.02300655135029 
8.595932257817848 9.601194512661019 10.810763828455766 3.6965893496158446 5.351895799388898 4.13946041577236 14.62980216976836 11.239456905254075 
11.579169697326536 9.026518165015117 10.191469771591938 6.508502027782261 7.432247387425121 8.231074173743695 12.963145185485716 12.847425210707641 
7.201059546741983 10.52925957721724 9.717155652537265 6.400617596152149 7.083070604881961 4.979140458498249 15.121258846265068 11.632261002116785 
8.244413335313052 10.069163635722699 8.785198943359452 3.9168033994208677 4.402189753627982 6.320320658230855 15.700320720570021 10.828472027537858 
7.348185782186574 11.85011585319346 9.91012813241735 5.386655181227802 6.907621327500826 6.965062654850431 12.972914747205607 11.96256624393307 
11.196738231139694 13.374945831824556 11.84539532484555 3.2350973125370768 4.610391631020961 5.081462500643743 17.08283162586679 12.487536954108425 
6.648402853909132 8.631016809713149 10.583287351788666 8.577760688628647 5.156621440088129 6.547698897413413 15.522751881505025 11.739391842070713 
10.541848369099197 14.009557647169457 6.829156949324736 5.870490721456978 6.290616866782108 4.023367399551769 14.947016122577192 11.319643551723296 
