35.73510325192976 7.567495814060636E-4 0.05040827403547611 0.037586188539028405 0.023024272726643098 0.003652868202505161 0.036396879716246985 0.012992882397447622 0.005382769121030197 0.004104042933549319 
0.11452462221539085 6.506281055190404E-4 0.03293069133600688 0.03760236283927316 0.027127969017846174 0.005731655403883481 0.018090016396919633 0.012691005586710703 0.02975558918299186 0.0025635711052365232 
0.09375319318340058 0.03474325625493499 0.04628639986099714 0.028565187220400686 0.025223800847864627 0.011763107494173418 0.04490037532984255 0.017284895159254035 0.006384810415483957 0.004401350366854378 
0.07037371500483737 3.848182341941602E-4 0.02765357113390103 0.05167291343155657 0.025833320415840126 0.0071857962378589855 0.05670267534728563 0.010137903973301037 0.0024780909017433662 0.003473788759675885 
0.1700510052165405 0.03875885937303542 0.04136764628686444 0.04161156936968551 0.28313936093848696 0.003000520044965327 0.027612094944615674 0.010915163765901965 0.03209951015567405 0.0031292578413310707 
1.867639508833868 1.1721720015701256 0.02567870165504687 0.03221146612456652 0.26811387587144014 0.08936753319195792 0.2820699947442555 0.013145055018438599 0.029096622336066975 0.0036744908275341843 
0.1660079439544617 0.002356452335186622 0.03204005987337581 0.047295808911642465 0.02114899375765232 0.05166508455780902 0.017235143147754567 0.0442930589475803 0.0061579321576249 0.0021464240909205984 
0.3533873355545208 3.0733991027116894E-4 0.048255641639809874 0.07011568851516843 0.1547021465423387 0.05960208977818233 0.20159388634250638 0.03979902044739847 0.10930034583345877 0.19130548525930943 
0.043972646923030094 6.706242006773933E-4 0.03237414479379748 0.05211581672242283 0.03436252900815692 0.006224647795522137 0.022689382227164254 0.01708910986898421 0.0047524339114961775 0.0021544299028468093 
0.009290724774348141 20.513958464601874 0.024156979624260003 0.03241440695084812 0.022189293507891332 0.0017304441990783218 0.03444867254277919 0.04398156095762964 0.006815665372434163 0.002785596581434719 
0.014177683620070151 0.20131169390052253 0.046599601106874035 0.043930571664813574 0.030273391428924087 0.0026618365061757635 0.024624912914918827 0.08643247915618614 0.003717278440725829 0.0015709771979372789 
0.0054552747490991494 0.4942272372274613 0.016427947408721263 0.012596761848580544 0.010003276236933662 0.08548660628987138 0.014891359558690045 0.030240340645707187 0.03411037152504964 0.1947441950104982 
0.01081021075207102 6.170316378535251 0.06991700700807671 0.013310167764177146 0.02805935211073169 0.021793052700958777 0.013240901742356662 0.23187856780871705 2.0394153249782803 3.562792403388077 
0.00363066794512858 0.0927031273256169 0.023600995871887926 0.06554150438588578 0.02779529260715027 0.0025031095127382077 0.03875468254244693 0.019033972075027352 0.005032410599740483 0.06573760832673577 
0.00782877523631498 0.4405188833254762 0.016639626720423108 0.018599291887171826 0.066305061234872 0.09023942235349729 0.20480447240788466 0.030237390090309964 0.034081802237267325 0.1961883711375294 
0.013400622853682199 0.20164379522410372 0.046635395679842206 0.043857045821442064 0.03022372486410061 0.04941748184266698 0.024635821217751007 0.08545984751359179 0.003771216174465553 0.001560981887618452 
0.01191905606028964 0.6832905311304853 0.02658774396897856 0.0509215829463101 0.025869298391014796 0.0016546672339747698 0.6427148121958561 0.03382970843697488 0.005697494277383097 0.009377402712017332 
0.0042696642069894744 1.803005828467622 0.030684417603554483 0.060633565270245215 3.8841974278416243 0.15578039042746908 0.019943616846236703 0.04584231990982457 0.0034091464326911 0.0028647343396239807 
0.005428219560578285 6.79261341060115E-4 42.797220582671855 0.02235704187008949 0.03801890328277773 0.0024733619428504742 0.02450648279704512 0.01543162756228142 0.005438037863757461 0.003181669575052401 
0.08798231519296877 8.466940004780759E-4 0.14807409773798008 0.06397561524534341 0.025647767010113863 0.005151303162636603 0.01782121258974232 0.01670749364292589 0.004630228346337452 0.0019310151786923414 
0.0037623335594316317 0.03222194161595434 0.061443899407114096 0.04347070524197029 0.034996240266535375 0.0024380531957059175 0.012823257088243395 0.01770776102271632 0.00582607863634301 0.04018465500045436 
0.05185288954142445 0.0017803852384211186 0.031051440148337092 0.044580877212813244 0.021824922007785075 0.0035091639381579875 0.011220501008345726 0.02181588221976339 0.03405936181775785 0.0027658340599692583 
0.05535953776647454 6.850240453015068E-4 0.03820692352554898 0.040762740831867046 0.034286275785747625 0.02261597369869945 5.235132724224502E-4 0.014019417495770656 0.034191920559615153 0.04222652822685693 
0.006989240755092276 0.0012033275837772235 0.033910348742833135 0.03009254811710628 0.05620503459145482 0.01958132464865388 0.023119754524776624 0.09238313558300962 0.00673196759790324 0.0023291187165844895 
0.0014979182176773603 0.002352436451319167 0.026329217759929042 0.03197058034198781 0.02751672132223619 0.0020166332934085595 0.015209532291407217 0.04595615750996155 0.027117079018689864 0.00430775183528088 
0.005063555857382383 0.02911958902345834 0.030501440820843852 0.04439135341662236 0.02059246516364209 0.034977720449434965 0.0165321405831321 0.013086451810706917 0.03350539184812974 0.002590317666471955 
0.003374187556018228 0.13793130991015365 0.0559645659685744 0.15081628163874647 0.2591681391813949 0.048259513593673746 0.033886211271394705 0.03301070003676475 0.0034246120651203757 0.005528767495240223 
0.006021400691741976 0.029621677912104606 0.023719566175956316 0.03571800326740817 0.026201602976350533 0.005470230740532546 0.01757088279969957 0.012083168154827429 0.034061330598281835 0.002379072462717684 
0.0046735770842018685 6.537920670998617E-4 0.04696825242563111 64.70274215133986 0.025948152439855293 0.003985421224437127 0.027497874947515072 0.01573149941576917 0.003852752305656337 0.0023511956322750656 
0.012478370486322079 0.0013990576517473791 0.03389417468536325 0.043414381514918554 0.04480400438213125 0.0027970952080353393 0.0154002309279563 0.019079966891542836 0.003042254097234314 0.0035292635408746874 
0.08199570692666246 9.593495069622609E-4 0.29994692153003877 4.022477388377475 0.034854510134405874 0.0012141276999030357 1.2921836559081605 0.05452681391689844 0.001944293514179013 0.0562596394980175 
0.17179862233197654 0.062212715187434695 0.02490034413002233 0.36748913573793424 0.011801869516227366 0.019078350745295035 0.011974812096050332 0.05130494212026169 0.04254286075238414 0.001832591927513138 
0.010454538584975557 0.00997065747043645 0.022695892336293377 0.08241402328868058 0.11542931716762353 0.002838422037760329 0.03789313667284329 0.002809683856575802 0.002330185218846627 0.0031669803257017536 
0.0041122550578512225 0.03222577124854825 0.02715092241816226 0.08219739460214245 0.03461731416822324 0.0029964653214619103 0.012822633159539477 0.01868063801114103 0.005825646510119641 0.003998946848118548 
0.007180643912223644 0.004531005369821692 0.03322407061381614 0.088764419468162 0.1213659358445318 0.018654051855662677 0.022536026507320825 0.017641976003447996 0.004609751983800609 0.003915879968567023 
0.04439842411680235 5.611860080610804E-4 0.03820484908182768 0.06427554074299079 0.04267570935483034 0.007558507721388412 0.02811300460161264 0.002098577776737236 0.0047524339114961775 0.0018104224083093385 
0.0019065129715755114 0.07096015080797194 0.01548759114176309 0.37833911180302227 0.035295440443672735 0.05335087733494033 0.023520131164033866 0.2988379567508738 0.0064831910753923505 0.0707727111370309 
0.0040898384997103306 6.532874484768546E-4 0.049266789660151175 0.04910796190080052 0.01973029038265349 0.0022817296124673994 0.023239950575775603 0.01700283224088891 0.008966479669212412 0.04089520602319012 
0.007585881183834303 5.181983364790006E-4 0.05493155977615921 0.047019155939976916 79.46929416003717 0.0048273396774198354 0.009764005085162397 0.010240406321924616 0.0043536337253130344 0.0019919865247388026 
0.2514806753796131 0.6836351981409431 0.6053442861419134 0.05115142405070338 4.304645935769429 0.0024623666212917235 0.022341359954748723 0.03386781826067182 0.005648509140362392 0.0052381696002062935 
0.042158003527041576 0.012627074642987408 0.04260711383477037 0.06375994365081482 0.27777847096608727 0.018648062137822694 0.02332706209174384 0.01958994975997548 0.0029953616319630663 0.03577765049792083 
0.006994902589302932 0.008511378735584567 0.02859822054759189 0.042966573673454606 0.15209031254718705 0.001873388138210782 0.017443613423328605 0.02843277366789717 0.01807320126102285 0.008136975001134108 
0.008139913493349832 0.0021666609324168438 0.12032988846530666 0.014680019035405412 0.24015195395038247 0.00249227153863741 8.043198737332408E-4 0.03427042541887373 0.0025892395337704125 0.0017025639387383835 
0.005141782264595577 0.0021418354521009868 0.07444298320423764 0.008967756999555009 0.1915772310362129 0.0014911484770798477 0.019274294211432445 0.058457521300352866 0.0023730760276683876 0.0017025639387383835 
1.869127071000384 1.1721717623816958 0.023619074251487633 0.026325754037121882 4.475739813812917 0.034131940973108205 0.27744121817088857 0.010666248758731388 0.03401748197518514 0.0030514960653162827 
0.005182715085899752 0.02912300724819597 0.02472214105762247 0.026331284574000274 0.15106166316034353 0.014583293423886248 0.009988627527209162 0.023536641030032966 0.03406890486808069 0.002109730677028848 
0.002476064055734194 1.787615539738074 0.039734114705090355 0.060853713081874684 3.893984987639034 0.15359716691364697 0.01997338111660017 0.04569353845957371 0.003629452937497009 0.0028623598826350988 
0.0576820419384421 0.06658204209273735 0.025626092558410977 0.0515485425565986 0.16303455512082882 0.001960709377070593 0.02276926183506864 0.03567405460707519 0.0054479965507427865 0.00734141448896267 
8.185795995220384E-4 4.720320871124704E-4 0.021545964192793286 0.026783728583013578 0.014512891059028825 10.369106850975474 0.02722971274513688 0.01550581210009713 0.002779559236365752 0.00922714577207177 
0.0021976353159055377 8.56644053970005E-4 0.035670816276961864 0.04050706815134293 0.10518407337123988 0.05185383927401208 0.02172232537376031 0.029012850358267096 0.006056930067999103 0.0034596526794465343 
0.007977797171210034 0.05814474223764938 0.015334624344068251 0.015557967630490721 0.06472916714009976 0.08186932849550388 0.02193366266272135 0.010650415405137002 0.03589660050664161 0.0064723455845918185 
0.08609791636220697 7.268295798897359E-4 0.032441968802207594 0.04658815818064427 0.03899684946381734 0.04994124189360627 0.02262644900744689 0.02912490435589643 0.0035370147824901367 0.00249532463930881 
0.0017629692317796934 0.03104071071159233 0.015739442073228603 0.05075024974906512 0.022888119334265433 0.06351644341367252 0.017933778396312532 0.06407739598122902 0.04817647109032038 0.0025388574814894913 
0.003736228343180021 5.616590545825027E-4 0.02613274106730718 0.039941715607193444 0.01769110860234172 0.05087846719295085 0.015790959218917877 0.05540487702962978 0.006174114779484572 0.11259452081355942 
0.008417947225946326 6.89780255175006E-4 0.04260299435384132 0.0511150370967713 0.047166578826399935 0.027020113144923415 5.191502866761444E-4 0.01724428983227268 0.0067536677740248205 0.04224516056418964 
0.005090676483200113 6.498780124855961E-5 0.022095498085901465 0.10992713292214255 0.035688404301911385 0.029772917580744775 0.0010724996952699256 0.018784918612083635 0.0068493703656162044 0.004075505398110395 
0.07049912245957499 0.363640664433373 0.04849520848577782 0.14402816947081262 0.03760349841560671 0.2594410990669967 0.026037814863539822 0.003837058346352516 0.0033981873298524856 0.002913658577917646 
0.0075234247605501245 0.00432729814308542 0.025310844700460456 0.04022293411182233 0.0210515999756963 0.017477916355001392 0.023277964724008518 0.01688036675848193 0.007714032176534184 0.004192356513117044 
3.7762973166316987E-4 0.002452908242318069 0.009223829081439462 0.00428235830851086 0.0010875655312303062 0.001079952677932051 33.621229486783974 0.009198456336233528 0.003496494087363111 0.0024358336775595142 
0.07252269384319861 0.029606441315038243 0.04943444699216752 0.14187726718528354 0.24176905599406096 0.0020498363144226643 0.0630473832986996 0.006214135082796526 0.003391469543846587 0.09005523910020123 
0.002256599876790455 8.521648782302397E-4 0.0327689319468095 0.03229941843668684 0.023413712117645414 0.0014700576395890118 0.11042489209828069 0.05428042371543967 0.02765142973677625 0.0022703771912076865 
0.007085886962551517 0.001194775086331344 0.04482936761082165 0.08789801860761388 1.4711147614806859 0.014995146606100365 0.6177794653009877 0.017052974609948954 0.004172485556063234 0.005097309245225894 
0.0022424679629638516 8.496265700661595E-4 0.02916384066592643 0.03821899633748573 0.016354017550042583 0.0013298110337888218 0.03929118064521535 0.012868090891460895 0.027456407521543404 0.0022703771912076865 
0.007888179427099896 0.6836498757851399 1.8501109359336236 0.1487513313541758 0.0204357787253893 0.001048805804700881 0.6351675104290234 0.02152724981802947 0.07207927385153547 0.008931874640175412 
0.005150232563034243 0.0043272516508719005 0.028074113310620943 0.040170530846371184 0.02134024349724487 0.017453165345940255 0.024235571047064582 0.017117937317650756 0.006464267610275089 0.004223152933190607 
0.002465989241240706 0.040266386906602614 0.05010988826232183 0.0691420859322662 0.016344701115665355 0.0027845759802352923 0.021166500948481874 0.01628135723491895 0.009685821521324458 0.0024052449620558776 
0.0088500441988549 9.507097292875118E-4 0.07178283762951863 0.02522372197314998 0.03449272696756786 0.002897921264066524 0.022863301719284905 0.016485797345465937 0.004097042338257037 0.0027404013059797107 
0.00169972635454325 3.9517525501891185E-4 0.01668501390846709 0.015320646439569216 0.009910449747991575 0.0015037379037507897 0.01346679507131671 30.616500967446164 0.005527554890405317 0.004475978009358081 
0.0062012927835836205 0.06658575631953251 0.02252872463458596 0.07358344385934898 0.03589499317899247 0.018829375553649587 0.02391479179016223 0.08588155946084938 0.006273633440769698 0.07088876699331521 
0.032920120268118656 0.0011773012363751236 0.02095116187437835 0.027964999598892707 0.015484261685207529 0.015791652601974255 0.015961997979298266 0.07428252483603172 0.034048211392101894 0.002141146319858191 
0.004700766434798797 4.575578886812829E-4 0.027975987568555058 0.03437565122160211 0.016662944264163336 0.033107406226052405 0.014113619087946018 0.041693602012461146 0.033504306172580274 0.002455226821131363 
0.05786042476836052 5.557803585577273E-4 0.022349711762614324 0.03239720603091868 0.12075539384829664 0.051680188988927796 0.039628506323588435 0.059459752765490474 0.0024618829879141293 0.11259452081355942 
0.0031778438966017326 7.885520421811251E-4 0.022350009160507948 0.11074079685410033 0.013317445854859687 0.05002027964384743 0.012111612569718398 0.0428607758666501 0.038437561048037944 0.11287736320101933 
0.11651548890924274 0.5150310284935339 0.036543774650239884 0.07307324041137696 0.036092909409364035 0.0021938248072650495 0.014499359023377437 0.0132607314421684 0.29422379958068196 0.03238171785994319 
0.0027640024590470423 1.8079266230298405 0.05840281223459212 0.0589638885871949 3.8754721665226386 0.22278668469693397 0.021464685311784228 0.04496092443964238 0.539663939104892 0.0021607403533764574 
0.0029055708559235782 0.06218319589560173 0.028239992085145646 0.03943133659744085 0.019592157336243997 0.020171534208724765 0.01690875771839897 0.011859675435717908 0.04233136887424835 0.0022453733436425182 
7.150022952106464E-4 7.332959094720597E-4 0.01013300339753616 0.0021623407034259165 0.0022485162388943053 6.859948143357982E-4 0.002373711529180415 0.0020542543329514283 17.66071228266286 0.003136853685965355 
0.051105937339957344 0.002033658415146848 0.02219447464581802 0.027658430304642916 0.03136239163911026 0.009976416665850626 0.009285831216134768 0.01757802863575783 0.07161195531331777 0.0028933660972862664 
0.07217939879739282 4.18158268220186E-4 0.04002186373986734 0.0829234423065848 0.039231074863329655 0.002453621138999901 0.012865647394009553 0.013247895420905582 0.08245535494984675 0.07347745957115631 
0.005808767247627214 3.6905648743605884E-4 0.19646376172127375 0.30281888587164196 0.017014868666093128 0.06493263374867075 0.01945470351013064 0.5447525646286928 0.5336637201572295 0.007858024624091292 
0.010192530505845905 0.029190567649089512 0.06391333485621672 0.1515369566832171 0.0338440942995023 0.02160410374094428 0.013239480553590009 0.23185646938042145 2.039407872539371 3.416936062596794 
0.002933444632030815 0.2510909229215426 0.06377032280932779 0.09205667579450279 0.006957392969200832 0.19869233944602757 0.016918928530155843 0.05578559850204488 0.5318524043157048 0.00289073546098212 
0.03738815466817025 0.0018796238682199603 0.025258680921407064 0.04602856961826822 0.01890763455927827 0.0029752221619630554 0.018062853962307036 0.01289953704207709 0.03401420416801621 0.001996035107737824 
0.004277348734248864 6.495129828021374E-4 0.03904669471426916 0.04568406283655995 0.033140201751554715 0.004536079758027929 0.02117893204135687 0.002786642298461047 0.029453844978420143 0.0024387384664767064 
0.05159106453937011 0.05833333490273836 0.026374015388630594 0.03565324676478948 0.01864725703055564 0.002808979856716498 0.009323536789954866 0.017495976121635812 0.0716065694250508 0.002765813000411352 
0.004847409909633597 2.694397385859734E-4 0.059979652226466 0.10227831326336272 0.16164172270032368 0.002542412165527154 5.305347822221354E-4 0.019646709141749177 0.0595113615388313 0.005421647708619975 
0.006163959598703213 6.09128477246425E-4 0.04479215924005986 0.03742910435541248 0.027633253758820888 0.0019197659934753679 0.022404452573800415 0.03227099922492634 0.005292597230829119 45.80751808770332 
0.006373746846865418 0.03575484171523202 0.02326345384500694 0.07916074061226767 0.0901454916555907 0.02025948932093316 0.02269393805783819 0.019345852004954544 0.0029733108339665163 0.07127440739244163 
0.012409513350429105 0.0014725239302327464 0.033540089021759804 0.043304200456107514 0.042981116657813484 0.0023964744388793135 0.015577097158917835 0.019919766491507222 0.003042048255751104 0.0537716203031233 
0.007391387863782901 0.0348957488283396 0.061473398596761354 0.07921995166138684 0.027942002940810135 0.0024887292712112066 0.03047211161025885 0.017325767942624203 0.006443194787414522 0.08775913642791706 
0.004714219194223127 4.674661151748312E-4 0.02923528341733061 0.03602141079204587 0.07247119640598863 0.004586253143576831 0.01757363067045149 0.012340683781371976 0.034060582493933005 0.07494878416953898 
0.1048450009864765 0.0038054773584016164 0.04019817284689069 0.062129585254712724 0.03859247290175337 0.04817465930983269 0.02263284144067184 0.016868935410962058 0.002047539946988357 0.1703002473434814 
0.005047653093340038 0.03203378897103362 0.0235672841039399 0.06555021426689775 0.025938528289252482 0.0020937263151200327 0.038746329878029825 0.019108274816214393 0.005032427545266005 0.1764581930187017 
0.06882014893138906 7.617130473650168E-4 0.03319900507822995 0.04862966686310847 0.020672060339384183 0.001665121355486888 0.01790662526549213 0.014910131406995361 0.026697237802318276 0.06768150961206315 
0.005349351706863502 0.06221279186487238 0.020064996490557815 0.026978379276086303 0.09457253489281034 0.019062975575347217 0.21330436100787534 0.05130494212026169 0.04290560741469396 0.18920434888042512 
0.01879784214417981 7.619657864464958E-4 0.0291907423694093 0.05167291343155657 0.02567051774317898 0.006904694503169148 0.056669619055979045 0.011363408970881757 0.0022173606340537204 0.04511892946778963 
