6.799314910651691 14.110204602229325 3.270701257932415 6.201362361260858 1.250755322682434 8.552216669993689 7.377513022324041 2.884557095274121 
6.4788424698108 14.36631434629405 3.1761244046323167 6.3570568075286875 1.3909385797933906 8.586673107378362 7.335848417375848 2.8215377721864368 
6.8570607512229005 14.234531427922633 3.1994576806166535 6.268683336745697 1.3400839617779265 8.636518773369131 7.497674585552373 2.7485855291595906 
7.041593719992867 14.098856837782401 3.833320159716407 6.338930443480292 1.8071241689025823 8.682551276664599 7.642445532932881 2.714847458950429 
6.547225465393474 14.31644748807223 3.2374467575196757 6.152696721490938 1.2280088979375303 8.409305094639688 7.291249504094651 2.941200884659161 
6.450259058197852 14.075771281063636 3.070131412046339 6.1635612492986835 1.2160392330550591 8.335639811577543 7.196604576577741 2.9894184249063978 
6.4248064118888655 14.159873759187288 3.2312216418968833 6.168914480252773 1.4636578758588288 8.497422972573258 7.338742472335647 2.777484320296855 
6.482919060716458 14.247625303672265 3.2558000175348694 6.291822277751388 1.1822827786348562 8.673225756157324 7.413028080331937 2.786768971314913 
6.4675017906237136 14.265891442192544 3.100217908830378 6.2928177373236664 1.3352441096793688 8.507019166901994 7.2531178123267965 2.9592031204355607 
6.51907763950969 14.210716962941826 3.1646983094274104 6.445879043507997 1.4272665851138508 8.754045286531124 7.496788842933818 2.420430765046845 
6.39144619187882 14.072577746267187 3.305886209581295 6.1629578890545735 1.200461277183944 8.312243002432254 7.172804374515735 2.971830040888065 
6.462894862800633 14.321632525514081 3.205575229992064 6.254824510003168 1.2776368791980701 8.670246170530588 7.531584037773572 2.657140490554636 
6.310543512093301 15.486671546946749 3.313336661710992 6.340763631025869 1.1830285525769757 8.523520467724996 7.425575125015962 2.9217246489212454 
6.371558691902867 14.433216441709098 3.4156095777297613 6.410002753108484 1.324960203632238 8.547104828855828 7.414511003162269 2.771843020574809 
6.390869750450867 14.737651177331017 3.4503573442497917 6.259193332207591 1.298222544278668 8.778241654463034 7.550713525556548 2.627106401720928 
6.321083729901091 14.52205296875242 3.1700403300303774 6.2264315495886455 1.205890025838832 8.597391588463216 7.373148778492136 2.879987793807966 
6.086349744101821 14.520823314329729 3.1799435164782124 6.234571832970722 1.409109273100443 8.812929942068243 7.484522884479319 2.6038958254055826 
6.138895696384296 14.429161498314764 3.2207676459344956 6.137494057440872 1.1440708816975118 8.728629456274742 7.317182227854778 2.965644960570957 
6.1174270617624895 14.399539220456308 3.411868744926297 6.122920267817135 1.198768788152125 8.616801070555308 7.276034259638953 2.9339396358520435 
6.106673645211773 14.394566487999448 3.1464212462269097 6.151837942303287 1.3771636931211102 8.674004652755007 7.434606709459694 2.877035600524302 
6.134683139876356 14.46831909510582 3.200258677682956 6.22963301136771 1.1732487459507983 8.962357891412115 7.520133638509149 2.7687803329621654 
6.222171151459624 14.32121738508307 3.1328661046960273 6.351024591942156 1.2068816828260918 8.582999828937343 7.34148094231876 2.7892160814282887 
6.341529717567532 14.358770856772372 3.921713410429694 6.561220350391983 1.3257860662176835 8.828473657546272 7.479285299312082 2.628353062785661 
6.374014148196209 14.149302712618537 3.6611994664203773 6.318680606751305 1.3491668591455688 8.682587380028707 7.475727228937861 2.6693545567447776 
6.416999592139117 14.260051728894862 3.604718270925251 6.2790095360583456 1.4051696737739838 8.649278215016425 7.282956056715984 2.8293197978921403 
6.065960504007917 14.13852580292679 3.47079992249375 6.343370595845418 1.3249017028380095 8.323779338229087 7.306765308476324 2.9752932114692188 
6.428874535404652 14.240808935860768 3.5729463494738263 6.226461683108372 1.131951791483675 8.507584787059953 7.229465252054527 2.985385002307554 
6.057155851083239 14.377118310953048 3.577530636337137 6.308226542812412 1.4375320509107379 8.666141516505432 7.425582612833913 3.0996665760370847 
6.41240116942174 14.142642485970255 3.4144044708216184 6.301497767644705 1.2852805211783744 8.495322538863977 7.332548418685316 2.804278648789494 
6.101119950313433 14.287108791045448 3.4270021250531393 6.394567021103428 1.4093166483164727 8.50942217109514 7.313962966223661 2.9217016232146547 
6.38269270591786 14.1425437180087 3.3746549514567077 6.1834465436510735 1.2295295529842856 8.26902573050673 7.195996189152858 2.988660711993213 
6.216378603388723 14.136027643457949 3.3428525058942764 6.265017081644508 1.2648281960271481 8.518086824221143 7.3574170786304105 2.8723295475166855 
6.234489947421132 14.44692725229848 3.2552544615368046 7.957938929173819 1.1455475444520564 8.476917711458398 7.3499666001433495 3.028158978708792 
6.1277669932712024 14.143071606814715 3.3822135304359895 6.562189438749366 1.4023013729505736 8.782178141662017 7.413255642883295 2.39200510109095 
6.38770868108394 14.220777069915618 3.3152162135126035 6.611070711283399 1.2981095615245353 8.698920629502048 7.463652041953093 2.7283016473695834 
6.13932977274883 14.107726614865411 3.1790509889745517 6.466739894161473 1.2784512498408727 8.438782523707442 7.259274459098355 2.9595539325644467 
6.3757678622675 14.083284419000709 3.394196918425766 6.617501558749839 1.5403867871767591 8.748240549166539 7.622879896924382 2.5104781540440566 
6.169372072570836 14.035632357512222 3.4971900558366693 6.556870290555651 1.3129321452302185 8.585183675739232 7.476282084491316 2.933183338331236 
6.302074448145248 14.196683100986775 3.165620110248558 6.4471075598844685 1.2622607034673807 8.534014575226093 7.333763922074153 2.787214734301683 
6.265319466677698 14.174038135302823 3.2287911951051784 6.490031450284568 1.1421443924094823 8.434331534917792 7.2434409178001555 3.021293321979563 
6.353741201201961 14.110603157530337 3.151492395320261 6.220871212660709 1.669238283642307 8.538363017474966 7.390060665049178 2.8700485225411154 
6.08924903974547 14.288991820937849 3.533737514959479 6.615458383669871 1.7058506868843413 8.725881417145487 7.508856517334805 2.4929270059310795 
6.122258915962529 14.219592958153346 3.358918437352552 6.315723068300342 1.5775593308710336 8.470569275091039 7.533570319112573 2.8700417202976998 
6.083226048569294 14.033591009299595 3.215449770943751 6.411119941638242 1.449847488034543 8.556613276065152 7.384757669627069 2.77645585725014 
6.17158016017893 14.0041919143361 3.1766533993641946 6.186234329036626 1.4772081996569708 8.414818480919147 7.220031340478822 3.095674745853716 
6.284775145971767 14.177910328830022 3.2804534561340626 6.249051946234877 1.5412669112163124 8.703802507788142 7.34996456223928 2.598568593038676 
6.2230687609096265 14.324906364466974 3.1866800827213133 6.2361969567333135 1.4972376948268988 8.792834831414138 7.442695325340915 2.628733580070441 
6.215584686053371 14.14586527197354 3.18498066063662 6.283035625105151 1.4163050934191532 8.538453429660363 7.275354551769555 2.762489059651747 
6.205563393458311 14.284229155971197 3.171208432275292 6.154339618298462 1.4277429853094346 8.57869436731968 7.337979102868777 2.873591372156405 
6.302476492922121 14.229453250412558 3.2385613818383487 6.19381009643531 1.4558576614208179 8.591678581544166 7.528769414695672 2.8311850491436825 
6.442001696031814 14.179889308488372 3.1198519870380577 6.375733785124771 1.4759390890068937 8.726450587030065 7.43460402569694 2.594712097186395 
6.154834326917196 14.213677668204861 3.252072752131391 6.315629453321854 1.2238670645850547 9.178134261436107 7.488989684497327 2.6562152831207815 
6.197769252067406 14.080153820268047 3.200293508913021 6.2819728274180076 1.2993589717303031 8.711636832602197 7.39217893910469 2.632347859988661 
6.170784722256967 14.12782290899658 3.238068768360686 6.278013511864984 1.3257899194414813 8.750497235551581 7.470984850537081 2.430248070054068 
6.114043992412594 14.168342046563025 3.3746733042429087 6.542799076715683 1.2916750577640799 8.910303460257154 7.536156128047923 2.4812417099387627 
6.320052684325899 14.253517650080358 3.2751061693438865 6.344058959987571 1.2356338562003526 8.710847673711616 7.51682721008642 2.599929815992384 
6.400571329821428 14.06207864501765 3.419704301998589 6.531227339146915 1.2994009697361706 8.724709491226932 7.408367791070912 2.734971913497794 
6.249647546371586 14.328716977663046 3.7798373718022162 6.452714561700885 1.2844597641572009 8.827534147943025 7.309277097136352 2.9040658880398813 
6.3835848645680695 14.1290496768214 3.2479659901729234 6.32954613303716 1.2640607036462224 8.6414599834836 7.417523175704042 2.847843388732917 
6.206440040939494 14.077469235605143 3.237455297987834 6.334083707210068 1.2834213969475479 8.604677009264119 7.34084072705796 2.7847762022212663 
6.257646299601347 14.221432679717418 3.1722444301076598 6.148966118088841 1.3086089794668025 8.593251071321193 7.35641112758128 2.8757286520011154 
6.418795260457746 14.227502759848559 3.425599431428662 6.316597379807451 1.415583751040304 8.663296658575053 7.4542908844069675 2.6335383187083092 
6.310961842130426 14.238061746725712 3.2826814866236305 6.241817645681055 1.1850817726853546 8.726812179025519 8.094709373778251 2.6404767209822686 
6.1267771088214955 14.129023595023371 3.4434121742177957 6.438092758211892 1.5437443330653706 8.592601148764073 7.673763601149835 2.699999152837208 
6.341129730903854 14.128444196619624 3.5689796100624562 6.402027468684333 1.265198406957342 8.560016806998817 7.995923000509537 2.8265393425672896 
6.108109072199706 14.118938928860139 3.390199154812895 6.4470878264449745 1.2001853755483904 8.707074483558696 7.779993156821368 2.626565192384937 
6.154777654247593 14.118033474367078 3.3111512368970852 6.245035004759192 1.2240899435130423 8.409290711975135 7.622055504307417 2.9418491500803525 
6.3438607296779805 14.155050912650939 3.184045149270365 6.236857276933364 1.7113348902676264 8.81790690244571 7.713792678726257 2.432581809129224 
6.147399196504989 14.152354465783796 3.3652130334769232 6.305427577718344 1.6823909747841994 8.588238697924025 7.670129457534143 2.778034114693689 
6.2934368810151575 14.065707494455905 3.232530826879649 6.241995551062531 1.3911256688513352 8.709377335175878 7.572157176035837 2.607669134352034 
6.259458962799794 14.088537164146734 3.2186109674265326 6.206629319050509 1.1503107032491673 8.624144914157174 7.530661004155245 2.7692657596681767 
6.196040943896553 14.084576093908655 3.1869209933805975 6.46262441359514 1.2458510062755919 8.668075593172953 7.54308375838955 2.614950742721133 
6.147443215113341 14.042842548020054 3.271463828697547 6.1836412753973375 1.389228320022809 8.7075550006674 7.547188964070686 2.574910175638988 
6.129566231683544 14.192641169276218 3.553575777598059 6.532813438783576 1.5485932647164389 8.75259161731 7.660225132164717 2.4859290105417724 
6.095521837106238 14.079632226655358 3.068818733648289 6.113796361545155 1.1727428444324217 8.329907516503766 7.218839761892298 3.0172053729388972 
6.152033331115923 14.037044968998313 3.1221726445722404 6.352928768857905 1.1537516555135512 8.368796761052373 7.336728661049229 2.956547284331864 
6.115991053342428 14.199113617142416 3.104972795049121 6.292488596905567 1.228724957092165 8.348879789219453 7.2549198154237 2.954727673188608 
6.258556120846397 14.078366276546372 3.151022776998031 6.129665608843313 1.0978511476062394 8.43417174417191 7.399180680639328 2.9221506427997155 
6.114325088471502 14.278110173032557 3.0885526973552624 6.1088963552738065 1.179129622050099 8.541024695625412 7.337739091041112 2.9711312065570343 
6.05426252174988 14.321888599693056 3.4041457052920667 6.300566489234227 1.5037225317792942 8.585614012986978 7.447607344124498 3.215210540050319 
6.282685137400165 14.243879292240065 3.200639201083845 6.441554936204329 1.1303847198844277 8.377598277351733 7.279991942805905 2.9602405812327603 
6.214653602498574 14.297968595360167 3.3368691539405453 6.1719584229722 1.4251377288240559 8.532758918530721 7.260173197801902 2.8866739188110455 
6.130851601048755 14.08990533798815 3.24686828022007 6.280206913638269 1.339633704382119 8.538964809383602 7.3331834480406535 2.7978227548359254 
6.3337897889610355 14.308268704930436 3.375201397733757 6.154039444984487 1.2751798129356497 8.629823675681637 7.247090551320732 2.918051528165581 
6.238187042178099 14.275238560489813 3.1358489289062517 6.367583804096793 1.1980524177212337 8.575340388622214 7.327997225342184 2.782324237726762 
