9.535500835564479 4.227692057027975 12.522212200337396 2.4875562876308184 3.273107254115495 8.79372091646669 7.572580444978564 14.131171787876632 
8.71660041508297 4.454311578928756 12.283527403576286 2.345799541159109 3.6028711344180184 8.975361746641566 7.705992082105257 14.232344249332563 
9.885892807346428 4.605895936008343 12.283874416550756 2.871390958873095 3.324863272524554 8.74824596677342 8.004162604960193 14.075657985591839 
8.819730914703326 4.485651142257839 12.25210324215075 2.119039101274434 3.5901320537603243 8.66546669269944 7.805884673583752 14.194420782459323 
8.711492782060613 4.24325193581937 12.518452768907457 2.1925774577535866 3.496190445251358 8.735108124865219 7.8338210015830265 13.824487738759872 
9.081186179062867 4.926593768338693 12.372788093322207 2.579681228289039 3.981227550640627 8.753772098513656 7.7563087800431445 13.923256481392663 
8.724692539462403 4.544158113951654 12.667049690822326 2.2145453668734003 3.3999339086124283 8.434217053592622 7.673133457914673 14.167259372590063 
8.945557596522454 4.194998119063319 12.330364913976812 2.4333472576435757 3.3739693067933825 8.550016043941971 7.598591575770568 14.516189509381515 
9.21749053315553 4.759636684226202 12.425650541993022 3.119429075889734 3.2962659853860528 8.824122664183578 8.258265018823046 14.028908970268546 
8.893233154155672 4.531584887610239 12.153397126061119 2.6800051875937627 3.387294863845817 8.688223509841395 7.653513650859328 14.094380540313075 
8.750460849560074 4.52487950338133 12.15107577555586 2.408116573571391 3.2690550315639033 9.01546295611185 7.850823262278258 14.171722293490122 
8.805350290839716 4.284378738387297 12.302598485662765 2.423452165895701 3.4007268427576225 8.855893888748307 8.146282158123576 13.868125301029478 
8.514379468427341 6.323427267807911 12.2912353277226 2.1700404322525495 3.417316370424019 8.703885103075235 7.592297118130177 14.428470350448066 
8.571114889363388 4.837943278865372 12.593414883205675 2.385450305903042 3.6088836252571617 8.805926424167318 7.921917656916437 14.177014344268143 
8.545946829351811 5.074518231339441 12.256624716084564 2.4485969120918596 3.6700205070647884 8.921094489306782 7.798814451746953 14.225818869314887 
8.21976900482591 4.991521716675262 12.681202497340797 2.7599699908190263 3.584448523567893 8.83206735137722 7.588300674572273 14.356256443252931 
8.695020652182679 4.970643453934697 12.276241215732428 3.1026351683652162 3.39820135988897 8.443171117990458 7.642752418790327 14.381794452714917 
8.592771255903592 4.775856438626211 12.300076429209655 2.133972925091653 3.6460424944547984 8.54320379067558 7.6024522400309875 14.596706853220915 
8.510738238910989 4.687381507250031 12.24569157920368 2.6837007736392695 3.5638260429383815 8.67907442285884 7.775052637070998 14.101975499006235 
8.649867163369906 5.085299363403474 12.90809428143298 2.8767064096969093 3.2765224221172717 9.199477870925842 8.128824463954452 13.907591780477984 
8.394664082548573 4.734922210812686 12.535293355239103 2.128756295183711 3.7520388130306 8.730756580268178 7.914815590938716 14.240529936845617 
8.33511046929761 4.674563456964217 12.429325233845143 2.4676032008623046 3.610228076661567 8.826141439887726 7.623105498464809 13.987943481436266 
8.640494307116597 4.577764294682208 12.404427654911798 2.4642677769631516 3.5987710584454375 8.869766901857936 7.427522645078714 14.067007615956845 
8.390783014536515 4.585925068104634 12.770691887848233 2.230623482982371 3.336402324850056 8.671059456213838 7.68186015310127 14.009670954824722 
8.389835720850064 4.243823982784167 12.600459565959008 2.4841874440000122 3.431605742965924 8.614370139629859 7.581039197903891 14.074718595733291 
8.365897700044208 4.314316494625296 12.654158810716185 2.2118370294092244 3.456275184085527 8.708420121126139 7.490913224615731 14.121860872825472 
8.630096086986315 4.158552702437082 12.88753692431495 2.689336112767691 3.359920166167332 8.859227344691254 7.504508319157826 13.830349961549992 
8.265734076441206 4.607467448591799 12.69241639864432 2.2421888893927093 3.355249928195225 8.431544393635505 7.847523597484667 13.993261498561594 
8.270301147668315 4.74758223015033 12.716635121305801 2.4377207321634606 3.6504036305106458 8.542312902441934 7.775468623031649 13.89230452194525 
8.249125979161468 4.76371947763888 12.6800285677876 2.591124026433696 3.344220856948033 8.909844362290718 7.665218602874822 13.895887837615751 
8.430752153229477 4.31629367788368 12.855901498292459 2.7993714196260377 3.1847205242382435 9.107377249330263 8.019668471978715 14.192513727913825 
8.484619738149622 4.214257992750093 12.56196280668361 2.518675041853144 3.6440112357879006 8.663198015777324 7.752459585802194 13.906460629070084 
8.279962451046273 4.4194294357938215 12.68703093112842 2.851036061515542 3.3586388010098336 8.647555132731377 7.613112420825216 14.061037087180994 
8.194396348823895 4.9100244339362265 12.839165846482674 2.292419353815359 3.8523888783424782 9.254449495118592 7.717755941273165 14.372890053247367 
8.484154887523047 4.164811109259003 12.436504498192502 4.002091886577728 3.411126176975233 8.89085240791204 7.7611385733851135 13.894369787193304 
8.584025141683352 4.335583462120439 12.394648702786373 2.5722023691754217 3.597044318315552 8.847718677687743 7.594258242774304 14.279899332845929 
8.653339255579874 4.748341818089955 12.572021878645153 3.354213249622365 3.63295628053411 8.620245841156983 7.901957056617698 13.996105928711708 
8.583050366341931 4.325165690646113 12.343794979929346 2.8792699449410684 3.304987226212302 8.824024329364006 7.587088389674472 14.18156653258359 
8.623196465594614 4.547369740394809 12.314531985941512 2.911250814923864 3.3555899264336944 8.725778694713583 7.812800491323186 14.049257545369839 
8.517137541494154 4.247989476031523 12.46712595083035 2.837674277222069 3.451915456029385 8.930293872945725 7.564751324070337 14.168532497113759 
8.675392202579195 4.630444979682587 12.412454095087268 2.780735292509075 3.6929106694688922 8.673165532821624 7.752759427842917 14.01707811342401 
8.436822952292998 4.953479425178994 12.680959402344898 3.332054942192409 3.293372878077334 9.687973767783689 8.46155668516683 14.097468018404419 
8.719455272992537 4.569662692892448 12.328838954459968 2.691504368698175 3.405944871874524 8.90875460250593 7.664118306085521 14.05281865732189 
8.613376812130676 4.362215135442033 12.309486208846607 2.5244876176381696 3.4108612986883617 8.59592895552427 7.888461661025557 14.331520368094173 
9.170029971925784 4.14860292093554 12.895575407216135 3.0340881217468745 3.914880770701569 8.925211139240254 7.83219118890306 15.581104734747 
8.39607792982412 4.375229838971423 12.456724980400793 2.227939101456426 4.8720475075184435 8.951770096514643 7.8366637930660366 14.410226670634337 
8.280014248106516 4.407083557016634 12.206942176037435 2.4542481335904034 3.6992205226514288 8.520672864413184 7.58541943985628 13.974241446301177 
8.37888981057237 4.5499838691467165 12.749071889084789 2.2010432710230923 3.944368376413019 8.687761132966655 7.515309310704147 14.100554795690408 
8.660901355508232 4.272002826282807 12.397689985036372 2.347920308589863 3.8695835437347212 8.7265583725912 7.82665363177608 13.995766419084381 
8.229441599933333 4.265589055219255 12.259445865594913 2.6158583976391445 3.950016385255956 9.059958426240579 7.966484665849876 14.014415453268354 
9.053232179662592 4.107230229107471 12.301640123007857 2.290071301912937 4.005260641453259 8.931638803584608 7.7842712951769855 14.235147581241568 
8.281159050187503 4.180904691658368 12.386345018549516 2.597724547122444 3.9899957926482035 8.651283502653634 7.840769636059411 14.700558203662723 
8.281244133786778 4.540929012612813 12.413687213108412 2.382499171488938 3.8684002200799186 8.612815084668142 8.007390963243402 14.1899412472611 
8.130940248470926 4.191283691062308 12.869864197018813 2.185841079782291 3.9852546342539688 9.127752217172265 7.8648399663953015 14.177669427114678 
8.188998482708303 4.675708894651015 12.841221298196091 2.2335446925119053 4.06041239489868 9.059853526797388 7.67735968873779 14.437025638228965 
8.463702576347496 4.269008077848142 12.823228208482954 2.1874869605298763 3.7013070798140424 8.566342498878498 7.618829353244209 13.887419288319997 
8.517741533973961 4.633059793952294 12.213749375363644 2.344610378930324 3.7610826266626436 8.58821927964285 7.866928054674968 14.305242363443949 
8.46564600031673 4.312493438976136 12.42724941325868 2.2103160150670056 3.4060307864483885 9.130028212649645 7.464439243759647 14.111319959091896 
8.428268856534322 4.3950560515167405 12.598082731257332 2.3571670903340873 3.4451387751537843 9.209370629702782 7.755790280014737 13.871609306195495 
8.434854585978302 4.333387372078383 12.494136796520541 2.533796871655542 3.5598777348439863 9.060542089168209 7.446499414437695 14.059518718917344 
8.250977084006326 4.273213312568875 12.31799861832428 2.681579639063943 3.570955749062007 9.183196496201342 7.765460210747557 14.309273236988984 
8.267932451233758 4.277407563441188 12.447965415655998 2.4091747737650704 3.554931875381961 8.906653825104755 7.531853343369684 13.874835922574999 
8.314969887874199 4.485532480441027 12.667207533414475 2.9001694645820484 3.3428750757880787 9.342592365460405 8.015734009278438 13.996683871032742 
8.37580101562531 4.390168740525837 12.260168847009018 2.3687293489992793 3.3649852799849964 9.089624476642804 7.711889428329337 13.942920749832275 
8.244882343781265 4.283571470404103 13.009332365603198 2.495438423590108 3.4700299822847533 9.194840384946852 7.746505749404635 13.99653530951117 
8.575732920275698 4.379997882222015 12.37554040829298 2.631228464555255 3.334443041063333 8.972516537225808 7.552342311227812 13.875582095782587 
8.405145892500379 4.882783764424113 12.260219747811698 2.5595689853102406 3.4317661173866334 9.095490990440906 7.465678121277434 14.228463625344594 
8.384650517084225 4.201307838796031 12.397234685080257 2.6614481235262044 3.4461154668978673 8.978693108646219 7.498756313202784 14.237585130696523 
8.314366190425226 4.147071710551711 12.369701234813837 2.301012715664737 3.6206789326440516 9.020742521566143 7.787110356431006 13.912424614341091 
8.53995464900554 5.297776087819021 12.349651043893225 2.3551464747354856 3.5140663978945867 8.819646509524807 9.506979522371273 14.077392329777947 
8.460815465156957 4.4916960318108865 12.38009214642239 2.5675618575034433 3.3717128225585795 8.77413040132015 8.022759659203164 14.205678412568359 
8.240819788423243 4.2641775780943805 12.701450115420164 2.454899002415267 3.5774581837682655 8.706382836962963 8.290810234057478 13.934061531581298 
8.687892350133346 4.252886506963823 12.368673757244046 2.4214430570759524 3.344912170979077 8.890597771819545 8.242997152571053 13.932223486454589 
8.712356582524302 4.195950588804035 12.238432857519571 2.629457708520406 3.363717549516053 8.798021972298818 8.33950091501418 14.285183484159463 
8.36029880640576 4.192091431417308 12.20207918407228 2.8574486879923398 3.61904733653831 9.015298191687364 8.370671878345536 13.924419480148066 
8.330073708190195 4.430539619410401 12.603891487503592 2.80963235177403 3.346682747430307 9.111757194424147 8.341151072389486 13.849653363996913 
8.224431169581855 4.241470855986506 12.22871134994531 2.594676506367151 3.749088540152098 8.960941343422679 8.030337509051336 14.03731873811393 
8.44982663797151 4.7092877308930445 12.304343397562835 2.76688365100276 3.364598855095468 8.580187021339128 8.031956315721422 13.917169959439363 
8.67070984764754 4.347239002485723 12.575426020825057 2.8421860520684907 3.7223349609437952 8.462946805720264 8.16559428992168 14.151221160564015 
8.306495507972587 4.650297270893599 12.308932762456484 2.3873328891838366 3.4518497879659487 8.648960071833507 7.85272327683095 14.039884654851127 
8.299083691650415 4.786393740851832 12.741368575651956 2.473414775115353 3.3870923135749575 9.080935552229473 8.09332134041198 13.923191404686753 
8.408351901998635 4.456995205193087 12.250837444817876 2.345106747690615 3.2846889246577624 8.656278664250692 7.6567214376814 14.597720217435874 
8.352294489441787 4.381737033983648 12.403822351588836 2.22322541722925 3.719876919340912 8.943777140185405 8.080844700699018 14.942229453223682 
8.65591617895118 4.410613307603764 12.511802130065183 2.2519801171199973 3.52553751029462 8.58532202962979 7.415688595236636 14.50100105550536 
8.509046307288404 4.395720822162877 12.411169561352875 2.431458590960082 3.5551729716317517 8.550868390315074 7.788723402711736 14.450907032509573 
8.65196490801777 4.429963999561844 12.477254515081956 2.1827379647752063 3.6594781285998543 8.610119039024323 8.04878453399574 14.569795148467746 
8.660791527251437 4.514645148320436 12.132234279694567 2.223279405572722 3.793127969239855 8.538972478853399 8.013907801952152 14.52389798156818 
8.761183441502727 4.619331933912763 12.278226138130641 2.2117376584384494 3.351745425003295 8.764133746481871 8.027662594230348 14.44697457270481 
8.520915343652137 4.515875292633274 12.18611153495784 2.3766501489070717 3.837945524590637 8.824360517906927 8.035824058230938 14.35944051979967 
8.554808394328237 4.47097587567398 12.466883868722578 2.4391300842123513 3.5302526839288157 8.696706524353965 7.857213982409727 14.236311278148898 
8.465570051524619 4.39019706759892 12.539764329381098 2.2002090026651153 3.631382394159558 8.947703153725493 7.934374744194415 14.062915027679386 
8.384763860222906 4.471723019623364 12.387132994351012 2.4384315834389416 3.5493358927632332 8.773160357915636 7.860125839653309 13.92504117728409 
8.55336407623794 4.179992466660457 12.422915254935512 2.397150986197756 3.572233085556265 8.962603727956239 7.843079696216281 13.900912216709656 
