33.39480159826761 0.026668749519742112 0.015526458991923682 0.005959870626943143 0.007749301323389464 0.0018756674315441647 0.01203710438304067 0.041247430645539304 0.008040151766625089 0.04768082824711823 
0.10320671347182102 0.014518851256661275 0.039464278620896055 0.03342855719548204 0.08930567320781294 0.005976530540788409 0.031205733615265453 0.026614809489479932 0.030436664441585812 0.03836107376571774 
0.11129468272545084 0.027899127557258378 0.02836285306561427 0.009300588910499825 0.004162997103576321 0.00229071521812935 0.030107698055225226 0.05602475328244217 0.0045714029897547855 0.06553020274991916 
0.1030449951883967 0.032192858114170206 0.011653932561495875 0.03621009154198658 0.02520842351104079 0.0018384296439969713 0.03300877348465316 0.026057564723937183 0.016276896208638935 0.03836107376571774 
0.4717871575579502 0.05409092041159225 0.12916005273435904 0.0052631518207961565 0.011259637782937433 0.0011967475331760426 0.027268032358577183 0.04046591010145345 0.32920647107456136 0.037045901504982263 
0.06029396938038481 0.04369165170352614 0.025213116832922933 0.00927672212306336 0.016042464341915554 0.0032617504855858457 0.008792430833542985 0.021808626298587822 0.013255441215342632 0.039116223254897685 
0.10451624242635828 0.04033726414840087 0.016592772691008544 0.008392817610223225 0.04413535063459747 0.024049633075581327 0.008765793159958343 0.03611229415252506 0.03246175649617803 0.03957315837742315 
0.09814717166021936 0.00733227756665848 0.011085828913486554 0.015495365835330554 0.029937163120825512 0.0033870396299971327 0.06759600915329075 0.027726021201320394 0.023467450526446994 0.038345092829469636 
32.950070732858514 0.009186051043755571 0.017900171728584 0.002894162306629297 0.0052605189660343225 0.002283814508704068 0.003465603747990027 52.581132954591105 0.0038366491498357086 0.03768587551363608 
0.20915065493943674 0.022965927715229244 0.030128476906928377 0.022430799297220333 0.006375554693641475 0.047696680820540634 0.03192808316895185 0.036989375542942966 0.015127941501742978 0.13016931022907985 
0.015805592998816738 41.18363701888994 0.011463259235723796 0.011097718750299232 0.0031609656945567163 9.255434169750402E-4 0.00962654640485144 0.03761407779433082 0.012299805756106107 0.038794472145383264 
0.018745237877192615 0.02309390287194313 0.027720346132149302 0.009320419078536625 0.00920138776512516 0.002783609319219222 0.007760635092772548 0.02110833280579578 0.013534037508381972 0.03835652594528044 
0.006014622474260433 0.06013603261997239 0.012076830002344609 0.004880199686055527 0.005930263055272133 0.003808120509809808 0.012253138618677644 0.03795432392416835 0.01427185037981005 0.05724510682243325 
0.03258280140729937 0.29377055792594636 0.00551286660138532 0.007159936301649558 0.14473092428528264 7.579843265671885E-4 0.15071527561595566 0.03697338873998543 0.022637236893074914 0.03852432144639147 
0.004372855107051016 0.10416002847576758 0.011582231905466958 0.0018226740856644502 0.09750682515813108 0.002641924183888883 0.011162999025954948 0.039074166938214264 0.016198616479733082 0.039035897376464075 
0.007297255021821795 0.04089212032149586 0.028314531433829462 0.004390890158053845 0.005821253266986554 0.0041885159200538685 0.010588874784766169 0.03648747844494299 0.03489052861416725 0.0384609629185502 
0.010064198528589564 0.053661177369655914 0.010528963232045324 0.0049241563709787875 0.004973233586316506 0.01638288327923207 0.011326137865503256 0.027944169871574318 0.017627438142601017 0.057112560343910476 
0.040067276489614605 0.06149466032691246 0.01908371936773064 0.0038105555399524935 0.007431620475582042 0.002780151587899464 0.028603818715266502 0.03639725409100343 0.015125082269782247 0.0738154539060452 
0.004500649930331293 0.0404131169592164 0.03796936256194795 0.011469712483948657 0.0036858845518806995 0.0031982631715955657 0.006860163100295403 0.05573686830407101 0.004917578231114735 0.06580471307282225 
0.004515766129165163 0.15616101531662321 0.002573352790695657 0.007457493297787597 0.12016294255403576 0.007012124237583141 0.007541327269435287 0.22063338951129463 0.016051947896210284 0.03896272434995666 
0.0031451289834426212 0.009655200359342643 55.48338782367756 0.005898725328701978 0.01417225517035877 0.0038645932728040237 0.0058419546853033955 0.04147123026617601 0.01148447283563929 0.038401845525263385 
0.004480818425692366 0.03953205138200318 0.02525023814040101 0.007986216155608522 0.008848072896122241 0.003495787318894097 0.0293194635893183 0.03744413991781118 0.0338884423049505 0.06336852278443668 
0.05095237252637522 0.008091377000159663 0.16605778246894679 0.0035137599449211196 0.01303414204756044 0.01421642006479544 0.046788951625003385 0.011938332243154019 0.012557903958225959 0.03791937579974056 
0.010791416301468904 0.026862823822799108 0.15354033835849176 0.006824765656066347 0.009441020207985394 0.032222283860888226 0.03831140892314007 0.020338008504717595 0.034471664443345436 0.03838527424338374 
0.020738921150574564 0.015599508713027573 0.12367567062201583 0.007509692254947509 0.008788442972963783 0.0032152898313702266 0.007927335364286988 0.07949929774875715 0.008032083726699219 0.09988134882917088 
0.021321573896213215 0.0149126471134084 0.13132692198064141 0.005956096510150314 0.01330610472134266 0.002125335524519438 0.00941287591980135 0.05638565182087256 0.130343840840137 0.04784511671196802 
0.009907933128473904 0.027660907585001244 0.08288300827768458 0.001264809662014382 0.021148838644778373 0.028816759791577124 0.08138017328391764 0.03895667059613513 0.13134377937711222 0.038347668865258644 
0.02757327689282705 0.021210072176511087 0.0296887031045334 0.010701617342439183 0.010840492110890197 0.011750164587124232 0.00798542020385393 0.022937271556892045 0.012640791134226732 0.06479927852364128 
0.022183362101229967 0.012889981989959873 0.02104534276408143 0.007308889514552988 0.007377615282767464 0.0018972769664027415 0.03430326726319381 0.02182119103252752 0.01338136735921629 0.06428785309829974 
0.010391829636343903 0.029251336717545574 0.02544621077989003 0.004207381913032588 0.010167475812966096 0.004210801060470091 0.010334640386129192 0.03756650606766104 0.04920129613976604 0.03731675011414663 
0.010668721189683242 0.01226901899402352 0.016446020012005274 20.694504379352168 0.006880422339569372 0.00323626297486784 0.008986827739203824 0.0362228274659199 0.018571356490912877 0.03723447957514781 
0.04271103333096167 0.005827147490201964 0.006730162812255918 2.9115234012251614 0.007941618860835933 0.7965767650975516 1.572179237025311 0.011999645005404338 0.012641129100729238 0.044583327193529955 
0.037177024802504746 0.03103080768950852 0.030695478496673596 0.06547117273735319 0.08442564510652825 0.0021072156364779853 0.04141028881816123 0.03181120857600086 0.023823103157654436 0.040942647558747436 
0.010189492103948346 0.04175420280909819 0.13067559383395655 0.050066403262371745 0.013261620432189368 0.0031473870812592283 0.010444057797537687 0.05880208781340042 0.00489298920337609 0.038360450377015666 
0.04159674701240325 0.07262644276604849 0.03204753521724293 0.06712755798040172 0.004175758298313961 0.0021835798863139018 0.008460603130765125 0.048600923088627936 0.0178382075891425 0.04156798816997598 
0.010984781659985881 0.010945115386390753 0.01573894247272821 0.01955343933853085 0.010348643517881442 0.0011190615614967544 0.028286860096879342 0.035012620140488275 0.014646765423262879 0.037039573636938605 
0.004868931170355287 0.04034532660115812 0.03881572869723449 0.026071942615551538 0.004258859631526486 0.0033505123372582725 0.006742566148687491 0.05602475328244217 0.0045714029897547855 0.06551996324342042 
0.010370000219053236 0.011695778096361206 0.016016529298207193 0.024572244579494237 0.004978043267606027 0.0029494787741366248 0.010257866896831336 0.034584666947457494 0.023366294088260704 0.03763353577070262 
0.009154977315812848 0.04576393166076398 0.009307192983454844 0.034488458591004814 0.005446996198420859 0.0013532093884246793 0.009785341771438904 0.02799494838562134 0.03328939152907091 0.08573755616270928 
0.01818747003180028 0.010890226655458985 0.21564111359892763 0.06691372287397622 0.11074895424385027 0.01709725108372808 0.0083489203365804 0.028548259621102082 0.014700622211063911 0.08342286745787694 
0.009262867154393107 0.0033335014812964697 0.018079240218963875 0.0037122272076044096 34.0902263833663 0.00136700649943053 0.019091551894707626 0.020495490558690665 0.01477111257997161 0.039736852685858144 
0.011741810180108697 0.006355765355524231 0.011808531023164842 5.918074994574173E-4 0.08555206741041527 0.0030850331180191097 0.0122556657208821 0.03844321346095663 0.016388222116454004 0.06497209436103032 
0.051321823367760616 0.017810714395924382 0.02808821098850874 0.011726124954381493 0.08152470086417371 0.002310202732938987 0.015113013254587674 0.04474262899408951 0.025040649490847375 0.03857959056716629 
0.010828941689562478 0.12387956433544742 0.024722509912534774 0.028535031180107917 0.23238658870909967 0.0233577380334289 0.022782786704825704 0.020395845057126875 0.16122358455486724 0.04960671104789424 
0.008422761361096268 0.009297568051292464 0.015876287510964666 0.001809746755993209 0.037573336269704265 0.003627699223317099 0.022182300587004485 0.036722312385707084 0.014526267113397252 0.03820285804452396 
0.0072401197148230755 0.010307734923581292 0.007317691182158598 0.005846045936265948 0.11309119182016197 0.00711848414182501 0.007738472697412575 0.22191368224319818 0.01670687064517482 0.03858252992823429 
0.03684854515861329 0.01376634815809066 0.11405891135575905 0.050149509647367974 0.10561148247156452 0.0030661384258283617 0.07699883633146785 0.05895611135313645 0.0062761986053872405 0.0387510394788149 
0.02588547797798586 0.005090134822571082 0.012828828194159056 0.0023771469045681566 0.05628373825757665 0.0019644941035776783 0.017396259477388452 0.027606706585627923 0.1005370003165002 0.054876246707510117 
0.008139858789865272 0.09888343075953586 0.11240878138657968 0.004093856207660226 0.08874285694690975 0.0035620113010360896 0.00925851010032932 0.04329513829110613 0.1351183034796109 0.06397322124307249 
0.016580492597297516 0.01655514921036988 0.007232925477371157 0.008743870993608814 0.07703550606769524 0.0021333904467720852 0.010033841479417688 0.03659005762999874 0.029479289513817952 0.09963137941802222 
0.001794000927008862 0.004481074434331392 0.009096803636717861 0.0019660714212395695 0.008505066028165283 10.887767611428837 0.00449324913651733 0.03931157644552337 0.011981281296467769 0.03762334522383086 
0.04703092673626485 0.003711881352267574 0.011788754460114128 0.012047992193715499 0.0128624330856147 0.8042436220250754 0.046153983237472135 0.011999313709262308 1.110337545005285 0.037970745874492354 
0.01014215343226226 0.022454063350188493 0.011996542858236512 0.05119076718777457 0.011795280319278928 0.051036344080171575 0.010749708248918594 0.05157419543078466 0.02887270812825424 0.038181774280450456 
0.009486795092666672 0.008169298233731286 0.12379475610030256 0.0025679177509303304 0.008007673888074333 0.09029421206993467 0.005417654993233767 0.14634245037293592 0.013670028407970321 0.09985222193777395 
0.020321844264860296 0.013548821630395022 0.12854645093649514 0.00520005181851646 0.011924960721977159 0.09233394489738266 0.008683802903219295 0.05292807660512057 0.13607095515780965 0.10003499467428943 
0.01916693001079638 0.004338132154530249 0.006153489123139936 6.373539052556808E-4 0.00913849656430251 0.10182918787750571 0.1335477884772541 0.048828624672020836 0.028665271773253558 0.038306204187909476 
0.0266440500729982 0.022102995292907893 0.028321621435159046 0.009788273431462179 0.00985447813226006 0.025137603809460854 0.007968725736642722 0.02244505528080942 0.01338136735921629 0.06480641698425647 
0.01091913180999892 0.03034299809988145 0.16925514327271338 0.003457972413013937 0.00910447622441885 0.05083364781804728 0.066222477745951 0.013199048630574655 0.04919878259446839 0.03723665282486372 
0.03623128712823459 0.014221524210727643 0.022335928148216697 0.009388777188143904 0.006458231358772574 0.017097581671358452 0.010025844610621087 0.04371645152326879 0.006686888923530792 0.038621846191190884 
0.0170893375038514 0.004302835809777153 0.005178686142127403 8.584192135892021E-4 0.008339846258903902 0.10212747326963108 0.13398061061032854 0.04940635151684025 0.028827767577693793 0.17213351395544113 
0.0037602714780724084 0.006704423938710651 0.0076369098493907495 0.0019147065894888993 0.00502840986520693 0.0012126017413771279 26.211376898588444 0.022526770929107886 0.003758229955276215 0.03841639153139953 
0.013721812029463272 0.01644608978372323 0.019968839332208464 0.0035173105731927494 0.006784589995127949 0.0033820922093074097 0.02854860397355633 0.03690553892650382 0.01469901818425374 0.0377440246236489 
2.7301583071840025 0.015342137944273575 0.009572644978979581 0.07931367965860071 0.616993376093463 0.013366564213083815 4.582217473099182 0.012023206741858368 1.3852155305340514 0.17582294117907615 
0.01672753786203287 0.030112105075267168 0.00890865014794592 0.00343105958246302 0.008820820786870076 0.004266208001643718 0.0680852899278219 0.013523957766975058 0.049200670749427994 0.03723665282486372 
0.010783471658555598 0.006370604206345367 0.08139250308462061 0.0026653913665814744 0.020685493804138182 0.02400443457857198 0.07466949810569232 0.0385158423399016 0.013368004846251452 0.06577629707820407 
0.022660491105477062 0.0038714211397417415 0.37980887357725424 0.0017655198801126734 0.044156033677430144 0.005391071242040462 0.16271947292546252 0.04857065889837926 0.022950516377279653 0.07553247758218479 
0.1156714839856064 0.057256179802041784 0.020760459690634246 0.0027409473038567185 0.004540150887581782 0.0019725216935836476 0.7595146471861575 1.8394684645706318 0.03255841267809429 0.054440167960705714 
0.051498587230588984 0.006934156681010583 0.010459793611687305 0.01140624030661048 0.012230895372914566 0.015337638054236082 0.046935949541541844 0.01189578610162862 0.01348520235254904 0.038072357456587276 
0.02305870316221166 0.01736155573592354 0.1325367858723071 0.007861886480915166 0.014198723636491117 0.004512042737345228 0.1038284913583652 0.023246958865137956 0.1361245381868327 0.03844372643421984 
0.002830354638389398 0.08678463092769019 0.01335101362633773 0.01983436303071385 0.06384688173187712 0.0029317238934783336 0.11864623251963839 0.0369092659956436 0.030129936174787018 0.13111254222544888 
0.007651302313716728 0.00874961452112857 0.016286611083449996 0.0026527557583498453 0.0065935840857037145 0.002138180890452489 0.0038369776622599267 52.56349042417536 0.007735936976838577 0.037685610470087144 
0.005141061186011485 0.014752882564077814 0.47079460639287024 0.019321076490370636 0.04053551324139068 0.0013632858932287498 0.02519308707780768 0.957805562024697 0.033960065336717894 0.13062088816245143 
0.10326769376126946 0.04862166339701939 0.011676160139540613 0.007049058296120954 0.01753836160975264 0.00179876118380568 0.0806307432855528 0.2652858574756606 0.016349733151853743 0.03836107376571774 
0.009111990379611282 1.0157526102789727 0.1180484340335671 0.004628615760319444 0.6001386563516307 0.002382293886974666 0.010769291328842936 2.460986903556076 1.4280776469789696 0.03815672261951847 
0.005451285202896186 0.025035822401884 0.021924620610828255 0.0015575408980971202 0.007547207392083161 0.01242312180298026 0.017057807986558583 0.06737705519659551 0.023450342442085916 0.05386677320426663 
0.00992346985301183 0.0651090685434062 0.017520937528293472 0.12751273582492287 0.5947459616047454 0.006383161338061035 0.007829594886460609 1.6985887191146178 1.4278217313871109 0.038399600680733295 
0.005914042964282897 0.15401086535230998 0.0023563276041014443 0.007632030019282705 0.12070800997852135 0.014879114751434063 0.006830045898191403 0.22556836218309181 0.013670097861918912 0.17071344909699182 
0.004591423571168028 0.005574709599654429 0.005703434430620498 0.002619834620471512 0.002240070582945308 0.0010380541625507782 0.00568951650992096 0.007968767660283177 30.911711452605637 0.03885074805127453 
0.00834092735554102 0.018565893649352287 0.005336289922610506 0.005788791757417227 0.02457084886005395 0.011107640385818624 0.02772244137511785 0.020251650592776643 0.08046942332078609 0.03829341802302876 
0.027305158887066784 0.010296937544055034 0.010518803995873809 0.006478047087037434 0.005500555573145115 0.0011098997173394217 0.1422248626026018 0.041247424567560455 0.23634836016149052 0.04767442050018673 
0.006041649356347821 0.03145631090000975 0.015374527302089427 0.033537884641522964 0.00653568976110238 0.003865515056302808 0.009714745786487275 0.039658934222375965 0.07032637371694345 0.07114281304390266 
0.01080292968712045 0.026052648686701336 0.00741666678174248 0.007176616121624395 0.00652427816579136 0.03183166987614441 0.028161637989367577 0.02026891511374201 0.07896107554241358 0.03829341802302876 
0.005496263988579487 0.0443888519884119 0.01006055932473798 0.039185837529390706 0.01026672920799629 0.030861716266418614 0.00890936705626121 0.04064602352919276 0.05167653817376605 0.07114082520750084 
0.037560497706441744 0.017467753601451422 0.011285747510888872 0.06466966720466541 0.003913462058337478 0.055990899194179815 0.12080777247894676 0.036087791836699 0.03285600111003311 0.04101252384984111 
0.20448591874460204 0.057959614121386664 0.029104287414330195 0.019953499119111665 0.00424541939867785 0.07065781348781186 0.12578709062127436 0.035743993688185476 0.01717838646654728 0.13010227512889022 
0.21203297048883837 0.02441965043077703 0.0326287203290105 0.08355738565293602 0.0032828363314060297 0.04804871661089223 0.031578016862837475 0.03647269620726789 0.014201186729879647 0.12763390601441005 
0.14359857466590936 0.013434063199304708 0.013096045311256604 0.07158868216048386 0.0038009150700431694 0.055801548891693635 0.1270965499411875 0.05662013154718518 0.004573167859667653 0.06582654123141683 
0.007731537175533753 0.005588165408424198 0.012804072496156442 0.003037576677959489 0.0026565773549653377 0.0027071972320124233 0.0038740053476215026 0.014802505770075455 0.009233610266997353 19.37992949391219 
0.010984698529468925 0.010945092450153291 0.014910499920752997 0.01955340251100538 0.010348574646437014 0.001119018695146584 0.028286873168829954 0.03501200183138835 0.014646774196433506 0.06468519571897628 
0.012865396889452154 0.008137641437888551 0.014903028870790397 0.0225642093912036 0.011553337912764463 0.001113111575471645 0.028399981167499016 0.0350272267063651 0.01466311790793161 0.10032322381619282 
0.011293561777624292 0.026413552541303675 0.02260669498445531 0.004417869770764547 0.005591305276386394 0.0027831457967998087 0.038783696671914836 0.03620162436332114 0.013504301932738137 0.07392010293239684 
0.2062896100812974 0.005078633170547312 0.006692020058983202 0.013315420003388164 0.058068977414637894 0.002990256725391158 0.03275354381732345 0.03764651566435211 0.013940260803285084 0.17190236619560678 
0.005842630099523585 0.013414386071887063 0.018788053679261597 0.01925041637496234 0.06816472610582842 0.047448595347709746 0.010454959688869593 0.03646212194715189 0.015975494646949272 0.13107479052346763 
0.02597508960073277 0.005084369357424217 0.013805855124670112 0.003398612470612703 0.048462613306870725 0.001536453781522193 0.016392887631270312 0.035989944872503364 0.10054145885381466 0.10399511928107769 
0.111193249379417 0.0033827449062534118 0.01713088290482695 0.050996196142690874 0.013306422395748493 0.0019231412652312165 0.010963706668613456 0.05174758138319042 0.02837645628466469 0.1001547756114077 
0.006888995279148817 0.07472669137117616 0.010247724877632043 0.021579833855979634 0.062455929656380554 0.04748727012261283 0.12569648568751438 0.03982526380092814 0.01559120138776431 0.13113936933045256 
