8.048493351028851 0.6410436703607797 5.654322535417463 7.229313032226223 8.022492345712868 
7.2950687086991035 1.1720626720784901 3.6450349948249867 6.794632099925393 7.167925292016195 
7.492828683882379 1.6870483114705914 5.598303718393155 5.208533723929812 4.623803062394412 
6.750851193290307 1.3716789970429273 4.1527089892139655 5.683091751243951 5.321119190563839 
7.024732026178933 1.4578856930298412 4.850343898748852 4.723001114225529 6.219027566665042 
6.844346049783252 0.7207713031399446 5.7375957446664 6.493818489978568 5.431430029612844 
6.823372667894731 0.6864386064381418 5.714207853874584 6.472080390059172 5.534759092193185 
6.78744876604213 0.9530098161373496 4.189984297275761 6.364677356490191 7.0961629885286515 
6.724787177643273 1.2001363610576776 5.1548930488652225 6.430373623285787 4.344206392223088 
6.665364180495722 1.283097984837449 5.132643607604047 6.348855355677855 4.093490541925819 
7.8055182666585505 2.3947175239275147 4.646605147466694 5.20360269187472 4.694948739001386 
6.903137178255791 1.2851188121284927 7.53892262060035 4.806584423007823 4.399591951521016 
6.7976192847598265 1.2090001869563671 5.509773926162091 5.058897019711627 8.017469446198515 
7.11038226878204 2.0859935459951426 3.0642736083184055 5.946209101872369 6.299908299725071 
2.3281888718238015 7.979262971627944 4.53909349114326 5.083203405406934 4.586318524196315 
3.6219016263348762 4.706007848954759 5.53057273957315 5.173714609949438 2.926575255891937 
4.935659430745872 4.179867654481902 5.886254718975071 3.509291742955134 2.8127017837532233 
5.048082744443216 4.2653087106825085 2.7912036342006146 4.149903123519618 7.840208048231574 
6.329170412615131 4.889382024863061 3.95174868744409 3.386240925037927 3.571374802094031 
2.73294353818745 3.9824628011490932 3.49913716741989 5.808795703373065 7.549044424982169 
4.358161070886571 3.43830132271534 5.514954520859636 2.622106593105348 5.321806906596099 
2.7955650844358173 3.899451901576277 6.420346978908879 6.515361780677896 4.856008743907131 
5.895718694775884 3.9949855016658478 2.7571710960494062 6.708663280811505 3.572238410346764 
4.451698077508701 2.9061313491166754 4.551165584003412 4.708572579122289 4.57669430918578 
4.643927635731355 3.6321970454319934 8.221286385986815 3.704368195101245 4.872380151769133 
4.2010333579436185 2.977374965910618 4.100402206478954 4.984000814570893 7.881683427899879 
5.198598353166747 2.662024246743967 3.076794962285576 5.582887638513228 6.223821118167513 
5.553032985248458 3.265217859593972 4.732009763760434 2.6047631690030304 7.483171517944987 
5.071445545608925 3.3630556341417344 3.715892966841814 8.482302022462346 6.204136679420547 
3.3484203016336176 2.390679846698991 6.5748974713878 4.710281605603056 5.397964135231488 
5.182141245383574 2.9931994033943714 5.3961558681449855 6.275142867277738 2.951864359371818 
4.334424757904184 3.2057479750095466 8.325291303022285 3.2862614059639235 8.344996435134957 
3.789832105570325 2.450510356719634 5.38312952660899 4.94091775568586 7.830492889663374 
7.078490463383952 3.70286055358096 2.7646981979636234 4.866876672764814 4.040037254773987 
3.3950847395738313 1.4173941259973628 7.203071874119693 5.586476665029434 7.244939732352085 
4.484633436656982 1.389084425678045 4.967660607959574 5.685426918688847 7.395586455955409 
3.7034478602477625 1.7574165472142482 7.450475910329815 5.859759508182132 5.277355622425245 
5.529966693881333 1.4333911727862212 8.581928272318326 5.334973426295835 6.941585332727588 
4.26002435857044 0.9996543134546907 6.345882400784415 5.537698954036868 6.8503900384944725 
4.722303259319037 2.017515359056104 7.6626419344422425 5.0037693632945235 4.325962074264622 
5.951766245592004 0.956841215263551 8.240239039457158 6.466508131442222 6.105293325348553 
4.847333856026996 1.3899531990138165 5.217787787809405 5.763736419977455 5.104636296352443 
6.718625015542781 0.18756217830958144 6.896789565857376 6.383412847912483 7.117051730149969 
6.68429223522575 1.4206950315754636 6.8777716752153335 6.136045329052088 3.8366369016298028 
5.337038265201971 1.2815008201539289 5.771583934612506 6.143481840390571 8.160063111768496 
5.744611942556414 1.4258959887663183 5.470538485288351 4.673661168817582 6.154059027973497 
5.804493413688406 2.857659407566461 6.2633807133292265 3.6814927664802517 6.645677805768953 
5.435279365299554 2.70366824316992 5.8593192005067865 6.438627226734493 3.298707371833492 
3.533456867078894 2.25141267058749 4.700433420505309 5.808406069486961 7.675425340279873 
6.877701091286248 2.622543886394609 6.381416972603848 3.6734979397488434 4.737776637353783 
6.766360219085644 2.579350283584698 5.807035749712639 5.462951935786014 2.950987350955128 
5.2345320560268815 1.8981172591077002 4.315055757029049 6.010197900680038 5.322877317598517 
4.6003672886283375 1.6613979018051763 5.058961891533097 4.64337974994998 7.358947044635233 
6.0114362481276755 1.6265612733963781 4.69726499693951 6.256114368658498 6.445473803119309 
4.444452480182685 1.295863300702392 5.553071200639948 7.084797588010818 5.144828783639464 
3.440204151419193 1.5654725599334487 4.8400565639233974 6.8926286652244455 7.120747423493799 
4.814451195652388 1.3322234073298755 4.661496557428528 7.010782360756466 5.319703124511709 
4.903482553314418 1.607845668272099 4.71423140751056 7.220652576609981 4.223520906487755 
4.212040377950211 2.131945877439024 5.368677651589022 7.679365624954619 6.529922559507904 
3.1507094872210035 1.76646358728502 8.045237961620494 7.842166726110039 8.101711440121294 
5.693299558819792 0.8721461158696704 5.206975835957727 7.620053374857618 7.917579770566635 
4.8240654564146 2.025638524660156 3.7428239165356487 7.131995526325854 5.179102919005386 
3.793731385871714 2.1065836651318657 3.439716143817893 6.8682789700315565 7.09559184965846 
5.1224813187373215 1.6893556357253399 4.991302336116153 6.999651617192437 4.650439443346518 
4.437446239784594 2.6308402607890975 3.0646677029663563 7.7763536923089225 7.3746926939732145 
3.962922470073783 1.93966305094696 4.938803271565374 6.810902147860231 7.894178134712297 
4.8643018538838225 0.8304901956344098 7.869504158158048 6.826619906907352 6.365333396727604 
4.935149835575046 1.427789665976891 4.78172328667585 6.3496766548569985 5.42144074725205 
5.829052591377043 1.9357983917306982 3.049462096043147 7.405446391311196 7.325978881424462 
3.3031403326400115 2.1701470616472895 5.752727885474142 6.51570931422771 5.572069442215307 
6.573904782496773 2.441623280761509 3.623660642951302 8.247081668688738 6.032091493959267 
5.152463286861049 1.5798596115314298 4.370119937227679 6.556236463927506 6.220390693077237 
5.9881195857301215 2.319514174240313 5.844315091048497 7.779426465538519 3.3267962003921943 
4.066482194752142 1.9281170646685892 5.663188411128447 6.801276028686269 8.262474456961947 
4.685849040691809 1.9527763179829702 3.6798844318335813 5.784069075310061 7.040702526876211 
4.008925297432512 2.2636638326404137 3.7061511919748344 6.018436935919663 7.38629759003081 
5.0281348483033375 2.0118129255650823 3.7329196770658273 4.537329211711635 7.17531834070388 
6.1218985223709526 2.27483674134984 3.046155992011237 6.109346585887768 7.967187824831719 
4.891401170878041 2.4307674634311236 2.434366815045082 6.9585319280785765 7.188831823794668 
6.881235412640095 2.9674889591572455 3.481564929525364 5.039799958046938 8.08918917954308 
7.032569525933091 3.616727849318089 2.742523117691757 4.999702711296016 8.02483063014686 
5.079301484531243 2.1118575765062264 3.8050746387504155 4.5964491121272335 5.909677609281898 
7.153359031462139 2.7647438768356594 2.102732609562916 6.840479039574992 6.198677503032919 
7.259979786297274 2.2233018317016304 4.54009001032282 5.478552545239379 5.890189481156751 
6.980522196727856 2.046164791982704 3.328642466389895 6.759446776299317 5.4848914464753875 
4.93225073057832 2.269245677338678 3.971713471995514 6.458803485096118 4.628623014097403 
6.737716769994175 3.125315333966618 4.064206422043585 2.894772337022674 5.152948142893128 
7.295467992830341 2.7668106342762018 3.67880118719288 5.417604149978211 5.824661662687133 
7.442227957319185 3.1581833870673433 5.289686522585954 4.340567468747771 4.096928738764729 
7.350399901022119 3.624393951034897 2.85719866434288 4.903496633658106 4.070435807321081 
6.6761634225367725 2.1873090965122497 4.420714214948047 5.710424615148767 3.7364107554905153 
