0.4303088620035824 0.04742680088665667 0.064722249074987 0.05764698380247129 0.06093970274751234 0.3772909683978257 0.2496540898818052 0.5504241459626441 0.7365101868598799 0.6135311785642217 
0.3464325966518727 0.022393326891676016 0.048762310181202626 0.05148168131756678 0.07754028196697374 0.39460512266449055 0.19133627260019262 0.5166538304222832 0.7471153515719249 0.6036643586961854 
0.35644934227267566 0.01769801394458297 0.04090455042673686 0.05564109937251765 0.04618473174032048 0.3899617835644521 0.12287636827114398 0.560476047681798 0.7580713042079885 0.6088542210492187 
0.4233003999358723 0.045903601562095636 0.08698417269245828 0.035974190771436536 0.07623760043676946 0.4199285996958782 0.19533908472153153 0.5246966281041725 0.7577169376169921 0.6624200549478088 
0.35040085669471827 0.06822347267246995 0.020297690618619187 0.041955064371304446 0.12427612829260654 0.3898737823127617 0.18801937117433726 0.5100103210235621 0.7507442596533415 0.6414151161591436 
0.34398771930467376 0.03800547379283653 0.036991467313357056 0.06947894122586032 0.08690579901429299 0.42650518997612125 0.20930289842482155 0.48864835943105533 0.7578672116805077 0.6024049882175503 
0.3771591604074455 0.09399194476375305 0.05305221025419983 0.09775868910350284 0.07014538205915845 0.39492098458137154 0.29169285374578946 0.5498823179276167 0.7060038312535554 0.653690480089772 
0.37243946830033947 0.03979842871888324 0.03925944589086981 0.0765133984243596 0.07934134622722942 0.41351433174931307 0.28739575351087937 0.5838037018624553 0.6851066712806092 0.6172269851008132 
0.29664233591020467 0.32567374613447336 0.07539690763826619 0.10875545423904963 0.06948710130730447 0.41070686382757804 0.2595263761714559 0.6129162575259184 0.6962296226223159 0.6953915272420735 
0.3462516857854339 0.1607287497216125 0.03901370193394434 0.10633051142980125 0.09341163878646565 0.47335249972210036 0.19203934174927292 0.5195154842280802 0.7446196151737878 0.6585555275149111 
0.3032054234388203 0.31038688435691913 0.05795490057838341 0.17948667982983654 0.12674656157404926 0.37305145637626014 0.176667915529695 0.5634771905029381 0.7907187415168343 0.6004973995534744 
0.28736293753560427 0.12543415921102885 0.023804932300993877 0.028655205120818594 0.06346540165096594 0.37294856370887125 0.21706473628322728 0.48037837031118846 0.7482173745428191 0.6519570741078188 
0.28838517522549684 0.08997760607643032 0.029434867235575278 0.025482762876618822 0.0585827125085363 0.3757836413476421 0.21503270154183493 0.48201092200474066 0.7479944386444625 0.6090656343269774 
0.288957362018137 0.15343575847457228 0.030977363102374315 0.07604935585488998 0.04999895592240315 0.41792910982213904 0.22492564563699746 0.519175446557142 0.7510370804154088 0.7299576915054359 
0.31281280431160663 0.12432997051394457 0.03938664438234758 0.03467499848640717 0.08394928016065369 0.38393793452921265 0.17467512951914055 0.5267748623364596 0.7772167351250804 0.6730623950424148 
0.31310866324986203 0.10148764936532512 0.03955310035025459 0.05752671024478597 0.04097396533033097 0.3532316807714408 0.12585650302131787 0.5498421459810416 0.7541907048874479 0.6469660080939514 
0.29768076599656873 0.1285713149872591 0.026392138875077728 0.11087812045227091 0.09749761129033546 0.4116157814808387 0.2867756257842479 0.5890343417550362 0.6911396998904333 0.6308176011176039 
0.2811903564162364 0.08134432763635742 0.04351481929415309 0.02258992223061085 0.03497995786076409 0.3640154083201518 0.11449113189391058 0.5547849515704567 0.7530632114383577 0.620693015328443 
0.3207299373973379 0.019720944607409936 0.11637980894900025 0.048827731984073364 0.06740365541515989 0.39345545312337826 0.26504863624517366 0.4508382319566909 0.7733862220118056 0.6098433861322323 
0.35632859344081314 0.09376900150012002 0.11557603546625285 0.1165034337361419 0.07646958237154541 0.41056578650686865 0.21571542380318645 0.4933775921916668 0.7716606318991656 0.6057352806771722 
0.31131504357052525 0.07893731696734321 0.09475564597922237 0.06695810581289874 0.06926841941920113 0.40174418702797576 0.24547126585098888 0.5241241279929115 0.7284487767955458 0.6106913498774896 
0.2917301175073804 0.04810933534067156 0.11170048210873326 0.04530956075727273 0.053723023237586764 0.3567213726131466 0.16102559929883992 0.5424393187859874 0.748190943018097 0.6401483659453402 
0.3360562746086564 0.07507149736116937 0.0875818284225498 0.026479142540639912 0.050941906745969615 0.3765846244532338 0.16660687996698356 0.5344929473900125 0.7685388429738471 0.6175209275055448 
0.32621295368594994 0.03252961974993869 0.07491973309254964 0.044615392002804774 0.06291755472007111 0.3710793438530455 0.18022102139785007 0.5186737236013315 0.7576165915475733 0.6084970055895714 
0.3875040400028777 0.09026328800468655 0.028555080676774505 0.6236226101337011 0.057129330452250264 0.46286173390356017 0.23335201505113023 0.5754765143636582 0.787007373896602 0.5977810099418903 
0.4091261752341725 0.0914404160517759 0.021130139961076454 0.19489516172273372 0.06487108906108378 0.44346652125031827 0.2228773544300718 0.5376260359083614 0.754414670924605 0.6154304903568483 
0.35678876135315013 0.08095465595832356 0.10537614540064437 0.15610182077138077 0.07300727687996328 0.3665473560484492 0.13774184296201022 0.5442401326873888 0.7760080939053541 0.6143548560126283 
0.3192538376197675 0.11963291323154908 0.019675475558999164 0.15001686425042932 0.07592220375618476 0.4147306844072989 0.17240732804402015 0.5541878476887778 0.7457147278261056 0.6457706135200609 
0.33205119295931035 0.02813796509981238 0.024885694017823833 0.1031043046136089 0.04220494767307638 0.37102307348349106 0.1483905739145097 0.5426042141789749 0.7489954127851027 0.6244523323741298 
0.29440988584630673 0.029214229572863085 0.033426865440138995 0.10923549637898802 0.0810277758533636 0.40311776541533406 0.23614155425483724 0.46761020803801323 0.7439936660415588 0.692899930402933 
0.521677373954961 0.05042000711625544 0.055264595055945054 0.16172981555474641 0.08210808645781664 0.3939533482379832 0.2406842102741234 0.5066636610289446 0.7917058096711712 0.6205979077153726 
0.3137224368887566 0.03733068805228535 0.054004870146794774 0.07539432660636644 0.1255949450981756 0.4058025529669852 0.216961611907415 0.4951768102743373 0.7802158365484343 0.6985941023148811 
0.3229212381514213 0.019258574373637243 0.028038638592728017 0.12718590600317217 0.13781960692174683 0.47992441559012117 0.27577765317504727 0.45458071747002016 0.7537656508965876 0.6954470867180443 
0.3134900320687668 0.0837555253268439 0.0525527023102806 0.046075880318738174 0.11671079545547897 0.4450185292012705 0.17930449320919534 0.5495926327499305 0.7427058404853359 0.6487660006857754 
0.3167509165760658 0.03933544950969625 0.0885273906353436 0.03719045469601985 0.1091798929600506 0.4056947502757755 0.206430643504809 0.5561545302818941 0.7324229967161727 0.619396672419906 
0.37069432349483505 0.05423004266442828 0.033422408119836794 0.09830585558438718 0.1463191410248324 0.5562392992070402 0.33420392648197933 0.584823379121794 0.7216488512863773 0.6182247490423011 
0.32315940702934076 0.07112612681354676 0.101334526466855 0.03824214136016838 0.14187779682959328 0.3998024984036033 0.27043458284136035 0.600389644146579 0.705159093270282 0.6836840498872371 
0.2970026610387662 0.08205039739659462 0.03027042970116741 0.09074050508833446 0.13659101483452357 0.47363148345504064 0.3016340708863893 0.5939750961431726 0.6954734050511345 0.6624202902225458 
0.30329064588294524 0.02923048116539106 0.01409654561524279 0.09384503974796567 0.05974732843212965 0.6951165151487879 0.34563324515583527 0.5211523625853665 0.7485668180517405 0.6436398644794195 
0.3382907542262227 0.09285998203049077 0.0524408930221927 0.11450318652345261 0.05253387188892882 0.5755282428220915 0.17279547091889197 0.5683571174352503 0.769126204297876 0.6113520993231635 
0.28774417076669273 0.03049476355900145 0.031921601036638776 0.02468681629538882 0.061763903523861866 0.5013476540135746 0.1916383809802376 0.5260237688202974 0.7570052372645846 0.6440723616524479 
0.3616435989945968 0.028192239658716797 0.01714397208811296 0.09535688317665979 0.08271138803526584 0.5193137789690838 0.26573474093395605 0.574620316775906 0.7872854526750176 0.6072318088619837 
0.28282870404428256 0.05485758845619476 0.02968217551260368 0.032731061523110436 0.04743013951770462 0.467473294424164 0.14403103972162212 0.5631769129889079 0.75435596658198 0.6578594892338184 
0.2857599876090127 0.020076559993014345 0.03848898507581794 0.08150176852400576 0.06073148033897302 0.4540064940341132 0.19032949049910655 0.521571064302213 0.7448480126175142 0.6711174821215627 
0.2929345542651559 0.0797374558288717 0.013139094626296931 0.029642191321089296 0.07033254542110172 0.491308441230057 0.1797972565042036 0.6974352411305585 0.6797880380871434 0.6570976974727082 
0.3093014159353215 0.011800915980817363 0.024859931748135014 0.1051539433474481 0.0911420782873247 0.4366642111615561 0.14390099601322062 0.5855144014046114 0.7536052691235562 0.6930907295296656 
0.2858816263514703 0.027742257931449577 0.04131714942713985 0.03363857614968331 0.06300668253505828 0.40650527040395285 0.31677502113572953 0.4555570411713591 0.7533375619689476 0.6261921747464039 
0.29772350794784036 0.02547305095971334 0.062294968406723356 0.049305232905383405 0.06631440199470254 0.3903545344438724 0.2869472722764443 0.44819608274970624 0.7647285400197843 0.6696801641190344 
0.30357991535289214 0.08801251845316484 0.07923017534468146 0.11417317985442327 0.07395079521250694 0.40372545469299975 0.2066114980081783 0.5341774558741291 0.7450210031887401 0.6299304070465569 
0.28394753972413406 0.048740743549307984 0.05491703325062164 0.04222585706699131 0.08221017895295997 0.39266881767004874 0.2784462753544908 0.5713271742697916 0.6866002673106012 0.6090808461142692 
0.29527516845725854 0.040528686530009635 0.030011222603240677 0.0825866887703664 0.1085498072262093 0.39321247499897183 0.29063863944525936 0.5838532924596783 0.72474738427145 0.6015574219939553 
0.2845352964213347 0.07086985999645254 0.03074806929609664 0.041226574015269024 0.07285027947148585 0.3682818038719264 0.21071773832050952 0.4894370430264551 0.7434223249026185 0.6545223078275358 
0.2957764385487209 0.015243363164965633 0.034686025541658186 0.02075290476289421 0.05131805960927556 0.3664781835286295 0.2098317844321771 0.53365105878567 0.7594203114716778 0.6350500082443515 
0.3010206637244437 0.05840699909403591 0.02796515778119363 0.024559362557470262 0.05656288503211199 0.3705838676033928 0.17954275754368348 0.5198601094067677 0.7490530966183311 0.6090028364904692 
0.293075679391545 0.011473365634215377 0.02583522050584631 0.04810622432261552 0.04952328471836618 0.36290868589447506 0.17528747453270466 0.5168162294733452 0.7447710507245622 0.647960210258196 
0.2974117476821098 0.044935243922889 0.03480302029761258 0.05975309110553936 0.09803191720379024 0.3947523380619478 0.2047460703878801 0.5856803515623632 0.7266378949701512 0.6423451012966024 
0.2996545420843269 0.0299952132789203 0.044922490246684266 0.04127455063375511 0.05129521493363294 0.37241485824352955 0.18239619569486112 0.5068558301720131 0.75003682281837 0.6328316058757882 
0.2938107417246515 0.020216031594781074 0.024053831096893658 0.03735821558178226 0.04209385403967519 0.3696849810558225 0.15371033719894714 0.6685595284731721 0.6914409620353493 0.6086446491173104 
0.29625318574764803 0.06771233800665763 0.0620103953989088 0.06236204825307775 0.09449917692473557 0.3784627990481192 0.14393481145408935 0.6380902765033047 0.7158550607024595 0.6316969765195095 
0.30028011956689044 0.04548638308997127 0.0997803588694792 0.024150294244412302 0.04612191117323038 0.3503006865331981 0.1286308618240649 0.6072118656511867 0.7332239401056303 0.6262550106356575 
0.3218943335379512 0.029666871857583956 0.029812329732952586 0.059699008207481856 0.05716437252749629 0.39263125696820783 0.11942495372706341 0.557952148331454 0.7599292803062528 0.6041854159794133 
0.2864490227185645 0.0766976045060836 0.02161251103347332 0.035089512026049485 0.05930635499744803 0.3437965420354334 0.12176503341348277 0.5517251320050836 0.7388197822059862 0.6509721815352725 
0.284312991304945 0.020367288791510122 0.0276430044906636 0.04044971847126216 0.054616160642134856 0.3598189550468514 0.13332738208287845 0.5591631742304961 0.7634550002921132 0.6887724103079185 
0.345349237421071 0.0523799022311918 0.08730632309104709 0.03564237962912691 0.10880160201094831 0.38853656424618 0.11997644469932488 0.5750612460390332 0.7516282672617454 0.6760344580761404 
0.2892334309160376 0.052559735155371455 0.03226696135791425 0.02940463409170864 0.034319610989030205 0.35093643021291243 0.11013340346197278 0.5548887975997839 0.7468005667216232 0.615228605203575 
0.3520275457368303 0.09209292408031712 0.01766054333876909 0.03410635203461521 0.0394824651974966 0.3729610474915257 0.12011007629506125 0.5660602464950776 0.778461068499211 0.6088612345634004 
0.33033305421354575 0.04062911964982038 0.07490719638604793 0.023214977446478657 0.04935020748809553 0.36260515372774105 0.15952430341689408 0.5326332643822264 0.7746017489727192 0.6197887314969058 
0.33921541409137773 0.08051856096209267 0.02213753073185877 0.02552958722707494 0.05147282980506515 0.3625966372073885 0.11930410567867204 0.5655684955133333 0.8380494756778261 0.627460595860831 
0.2890507138764528 0.05266612313488558 0.08376319877379076 0.08953965629976982 0.05540536788545799 0.352562583800328 0.1971015832456357 0.5438151065096907 0.7878288578949159 0.6783095214916278 
0.2945597194105683 0.04341255449253998 0.023997999311875635 0.0750289733242956 0.08930529599462289 0.3898371536013855 0.16551447561394636 0.5272368546016906 0.7551006194544596 0.6442885198198841 
0.28559398516483314 0.065144634098504 0.07372712031944874 0.06820950362660878 0.03910033849171964 0.3957701032515644 0.16777658792026887 0.5466484612143889 0.7462301812607524 0.6833003948345021 
0.283536183958193 0.08477356650629043 0.08145814463482826 0.027158826227037934 0.035718103936140465 0.38300864164096166 0.1375140324516811 0.5777997575492511 0.7496422935153798 0.9281756395648671 
0.3448522373346467 0.04423145850648043 0.09051537624774397 0.028405878863431905 0.12400531121535824 0.3928184051266664 0.20698410425513625 0.5137557190099963 0.7501578715148377 0.7234779440616582 
0.2937965582214335 0.055498315785279875 0.030930566005086743 0.022279826267497936 0.08089134068667199 0.49609633507541595 0.2447382318954862 0.5317652184120386 0.7793584845888897 0.8173920767699772 
0.2908787714892538 0.07953296584208745 0.06329561048924585 0.035330022052072016 0.05058622465671729 0.39539993178269134 0.15356275291427554 0.6370805121856352 0.7099498977384635 0.8562872479743644 
0.2910672104837383 0.10156154941928085 0.06994310839927215 0.03248506440972603 0.07754241976182315 0.41909219853310137 0.19059953134613855 0.5336651707119064 0.7550564938376526 0.775113256585291 
0.27920440680366065 0.05626716525800723 0.03153985464262063 0.07674054012392155 0.06506812415917182 0.3969606488678602 0.20316296645825743 0.5039364126093983 0.7410844095725309 0.7235127784567982 
0.3182022091617137 0.03600863877750101 0.06364289420360472 0.05086581414642008 0.14319687415652155 0.6080963874853645 0.2892664784236258 0.6167989270406407 0.7022413247533297 0.8235377327402023 
0.277584139516496 0.06344056629488588 0.03770025788072075 0.05885230070092588 0.05388601417887712 0.3522306345319537 0.12786223484271184 0.5589495431490445 0.7466687118344947 0.7005022707947399 
0.2869971652518548 0.018766275782174727 0.015632281069466177 0.05643068674256067 0.054064945520091265 0.38933876815677065 0.18470189128672782 0.5051565255302992 0.7449345542324075 0.6775425316217026 
