1.9266087666877993 1.2150984361802832 1.7379959909006253 1.25681778702472 1.5841859063219799 
1.747999964561082 1.200983025995536 1.7213131805579567 1.1091263449929085 1.91790013189077 
1.9244407680768347 1.0104813768438614 1.717510696076277 1.4528302451636008 1.5925008628466484 
1.9250625223425444 0.8927702866727459 1.9250625223425444 1.4193731056623025 1.5379816523500403 
1.9266066870401395 1.416207855887838 1.793529423782574 1.258894861648942 1.3111879198010647 
1.9265548952297253 1.4693434029020507 1.3703690668856479 1.4921461091251853 1.4478061067762922 
1.9217962338099248 0.8349289879192934 1.6320101933613584 1.4470134883040304 1.8588703291787236 
1.9238230440120205 1.308985530564917 1.7203307341805094 0.884463623516915 1.8594608959304924 
1.924585301161657 1.1819563777507123 1.9092090550247791 1.5208386975788535 1.1617517731306262 
1.9283312303343147 1.1710353978734271 1.3457116154492614 1.3399154473459411 1.9283312303343147 
1.9224188746159891 0.7585371566047148 1.9244091459176567 1.1678622606146094 1.9244091459176567 
1.9267564097667935 0.5487388851067294 1.9105743750954385 1.403065211065616 1.917928534203973 
1.9243426541189657 1.4092356404204371 1.0789032468088615 1.4280262736880522 1.8603861928315977 
1.8708112257467453 1.29021186242394 1.9313376631166466 1.0899948784765778 1.5429950227026763 
1.926979570175987 1.0145513955680796 1.926979570175987 1.299894513921316 1.5395132308625783 
1.7995647268525106 1.441035003470851 1.7611665364473297 1.1266030209255966 1.5641722398069269 
1.748204534560038 1.3028917470505281 1.7163265159054406 1.3922247847983922 1.5373275382860236 
1.9266585466171642 1.4705647239106932 1.9174415714449968 0.47085449320259043 1.9211148512932121 
1.8949519323084756 1.7733505200366386 0.4358686573438443 1.679169410765724 1.9205343604841014 
1.7306737916457855 0.8468796657610167 1.911724978654649 1.2997070723886368 1.9178790473725364 
1.31665580728575 1.9251095260084932 1.9243746980005163 1.0994055131414977 1.4348925595977156 
1.800878443478697 1.6412294388310211 1.3430471209660457 1.243485095370908 1.675969165757876 
1.9118698036059427 1.890274940928877 1.3330291442578341 1.0276428204859684 1.5471397161776257 
1.924445120257118 1.924445120257118 1.924445120257118 0.3592076114957697 1.5652375087613484 
1.3066266794824413 1.8355576027338112 1.7382599117375843 1.2570086392499225 1.5844264705537066 
1.4915212142636425 1.900890635368602 1.920678724000294 0.4776658875745399 1.910279468246992 
1.328004663063715 1.833802149270841 1.5413837066869795 1.13316129593601 1.8619012690134567 
0.9071721446721732 1.8789378462721975 1.68476124480527 1.3096529860713089 1.9182657326972992 
1.9087908014000508 1.8443070074712085 1.0832897998424813 1.3247496034784614 1.5376993207626015 
1.285870463941135 2.0240982683420827 2.0684050512956724 0.9071739758081524 2.0029383288699054 
1.9252845357725703 1.8619649438794292 1.2105107942250906 0.8432611796220988 1.8605498029036491 
1.9103511025869437 1.8567395324749751 0.9295168406685193 1.1845132377376033 1.8251436326206816 
1.9265834833091906 1.9265834833091906 1.9265834833091906 0.04965222240100492 1.8769312609081856 
1.896540343432481 1.8555965738078455 0.7587507663545858 1.5500089435292934 1.6449136079756197 
1.8874622562565326 1.7074039565734158 1.8914572172714441 1.0171044921594241 1.1988242617349263 
1.8733539748428631 1.6688893186795537 1.8844121946409715 0.8308962574435869 1.4444747861623282 
1.5163341198942335 1.656150253409027 1.9074245769923552 1.4543215968574137 1.1726507023526391 
1.4531753960347076 1.6143054873751208 1.9261219939500487 1.145276988350217 1.565608110090101 
1.805940892202056 1.6421579817544176 1.3956302146694612 0.9570694071884022 1.9015834055647465 
1.924252090185886 1.6602158006946717 1.5803719218646288 0.6488069716632624 1.8833615763350948 
1.7001322681652136 1.1295992702658502 1.9256730596078997 1.4088182142163976 1.5384694261762377 
1.6158032201171872 1.291691135015748 1.9169371401901563 1.301598390799071 1.57106583328916 
1.2923924222934124 1.148852603404699 1.9254242047831038 1.509810420098258 1.825217168552942 
1.4542954077368453 1.320367839224049 1.9270359767970469 1.1032174528590006 1.9032272305712454 
1.0969877189536124 1.3798169745808733 1.9271438563149768 1.4217142137437337 1.8829126616667111 
1.7133876629536773 0.7597418113042337 1.9087484470665623 1.40172430744594 1.9160955778356505 
1.663459626564548 0.6349129112844183 1.925810324176001 1.5532481105030356 1.925810324176001 
1.7255727865248183 1.4688516057676388 1.8875370900007422 1.4465527423930595 1.1795559882761275 
1.686239001532372 1.3798194744688905 1.8795577807849522 1.5817585084084465 1.1793501135210982 
1.1572142805964818 1.6211028033736024 1.895459035042086 1.110288013019986 1.9194404511474614 
1.6499481180767028 1.3430297845854398 1.7305558053276993 1.4107104615417292 1.5656717132634868 
1.5659313227283955 1.5200820699890747 1.7532944541526034 0.9845941840576409 1.8825661234264461 
1.5341431142939157 1.4452809838329228 1.7284173189739866 1.134899215158575 1.8610974156335343 
1.4741948906975897 1.3717334604241287 1.6982004684785206 1.2986562549175733 1.8611115718964049 
3.639802413686283 3.639064461356525 3.639787500771521 0.011225896730193488 3.62932938220061 
1.3584621902603262 1.286228932793922 1.6539507317690008 1.4879113460865554 1.9202664481247411 
1.7063885379275552 1.46715718217677 1.5485479448926043 1.4134056043266188 1.5659920582297633 
1.554978006452511 1.4877003562408213 1.3033586042116514 1.4325136972555892 1.9254206407055 
1.578300596805701 1.5151858728110172 1.278878339376637 1.5088891847196513 1.8241788221090345 
1.7154076392477613 0.8873068336786855 1.7601944542152312 1.898295957404539 1.4453180659788774 
1.2772397914703522 1.1407786089151497 1.4842479970975302 1.9282497465271056 1.8824828420982846 
1.801218110828129 0.5187067790613089 1.9315413027500723 1.9315413027500723 1.5431577156107066 
1.8657291169530748 1.2073919982843817 1.72420861102948 1.9326264554330423 1.0005496400321905 
1.9251786916519316 1.2294290572296713 0.9361527511703813 1.9251786916519316 1.6847755749038107 
1.0862231782475726 0.9097108503088404 1.9064412431440978 1.928303545181752 1.8825353638447453 
1.9258100084159944 1.1349120261269625 1.3173388428515118 1.7866003181901686 1.5385788380793404 
1.2011958583067919 1.8183920311566097 1.9246540547462516 1.921783320723359 0.8355411976567346 
0.9145090899973604 1.8712831526075508 1.089268683061774 1.9246515747023245 1.9132339246884715 
1.9324336859645985 0.008876559013404456 1.9324468687838263 1.9324468687838263 1.9235834925896498 
1.2267187111676414 1.5139982862456394 1.757940017509806 1.7528400673630664 1.4462042291676274 
1.7702697455633858 1.608597861246895 1.3596839573113737 1.7599246037036673 1.1980817575697384 
0.17171464181364424 1.827815820642973 1.9181419962699553 1.9263978008882807 1.8615209439382696 
1.9162363302884378 0.563841546042136 1.5588277995030144 1.737210375347993 1.925372017060527 
1.7994499489775253 1.906541809328004 0.26747424616098664 1.9016372988182901 1.8232761929921006 
0.8199004858872512 1.7579729526797074 1.9251710663259467 1.7545495927144634 1.4476146960088943 
1.906675564487066 1.8307422060648688 0.9955587343794727 1.7719313107532133 1.1992675186269985 
0.7616781557902681 1.7524609699411728 1.5671097035237844 1.7410237254859484 1.874635529879469 
1.9254485511499777 1.1745132269253065 1.0224674309931043 1.6627477220363422 1.9166172734951799 
1.4983226634620281 0.9320199954924142 1.925006415932137 1.6022589789165649 1.7424176099254036 
