3100.580498490354 0.01244902235593318 4.3861770720105095 0.046198203256110223 4.745208145934932 
35.475344443070846 0.019881248690869557 4.387257432869379 0.041743170722267985 4.721860613009464 
26.840633267935527 0.018779999049412948 4.593995969615866 0.05397760013824743 4.516277738199953 
18.151092220268243 0.026013811962479396 4.577805140235718 0.050598743799312076 4.548115831580298 
44.08569556644893 0.15093308587896712 4.726136896945104 0.030326843766103603 4.400721301220817 
10.102060933200885 0.022426359815108293 4.591266416700633 0.05326857851881431 4.517830541714337 
9.845222273242104 0.046866602567972905 4.592742383137917 0.07109529499488623 4.504535929468942 
3.611761590789649 0.01879118484772935 4.59791186048166 0.05265112684797175 4.517815181440424 
3.6678070963565506 0.0285930171078782 4.687037585694933 0.03088690663396381 4.446658077135351 
3.70778753841007 0.053867373879894924 6.298111448404094 0.026662293802660244 4.608015193208117 
3.589214540444974 0.028805068333624857 4.541772646520953 0.06332754786013287 4.56070379621235 
3.524917030331349 0.02895391159073732 5.73483676175546 0.032813474200063905 4.508474699645338 
3.5274126787238 0.047193023388921604 4.552469673549363 0.044736240904748426 4.558147914345874 
3.5222883045996563 0.04891537446599495 6.542479690942417 0.026347208736543747 4.441538828961481 
3.622011468237447 0.1243701474849756 4.3281577628831185 0.1502835290068895 4.798386705620263 
3.4701204181786056 0.03186270280782521 4.601144714726354 0.041854016265152234 4.524521985345185 
3.730544019360853 0.04671287269084402 4.643670614386363 0.06586154662422461 4.434058676256516 
4.183218386692124 0.14624789232227497 4.400742748928941 0.4392083176739542 4.734421698432578 
3.479635177838383 1.6471212346653064 4.382385531959691 5.026664649455688 15.418952527287864 
3.5366395778763597 5.515512201038922 4.674477266921089 0.02487767011913282 4.438843402823477 
3.6663659499257517 0.14644019096415256 4.686178280933824 0.028441960030088857 4.445373889695753 
3.684125005020763 0.260962250771146 4.420326064873127 0.02268241418757602 4.730758044968545 
3.5967192750033297 0.13571826673615323 4.653310747527245 0.03553446600540262 4.469015994799931 
3.6137573020999625 0.14945430552801658 5.745396778208165 0.03423358131053271 4.480693515943733 
3.489505942061507 0.14267712527527124 4.575913744790179 0.027130627291098712 4.554713849559812 
3.4581940444102592 6.637366558958751 4.321972138238816 1.5256475692741374 5.111306505251036 
3.5161824050605834 0.14099739328943048 4.538191564569545 0.03869435202331417 4.582853507750664 
40.3690235775496 0.46644370785613276 4.735707705299342 0.02959125302510942 4.385256535715688 
5.284300298783792 3.1379701274338343 4.5605694202331755 0.9697582932913943 4.420146576712473 
3.5427335595560674 0.17383217407694243 10.047868724868941 0.023306680450876926 4.546493560119425 
3.521854161533421 0.13872308403786468 4.414667773453629 0.021248092172456573 4.734216756529995 
4.648061144540198 0.16990139030094262 4.2900668872043415 0.031986121528769645 4.840502406609891 
3.4922885748124606 0.1393112459971274 4.665446667708987 0.06621794408905501 4.432054939501725 
3.971217213507246 0.04377733942502521 4.692218214814413 0.02896125182129724 4.413427104544024 
3.536042385959406 0.07351642634760251 4.538549923365577 0.03244356519429037 4.5741166877250645 
3.487392169645111 0.1304945403545123 4.305969768006789 0.02622298420983179 4.836837084853235 
6.37033715063634 0.06857641153963367 4.578946175590296 0.028942439816664653 4.580007725635683 
3.625153583287399 3.074516503865286 4.209698235542574 1.86732482531622 4.929165231126695 
3.516510069153177 0.017136079976726844 1346.3633567381587 0.024236465285693558 4.919694138154194 
3.5369302446785933 0.016024709754575497 17.610077924671373 0.02960945014989392 4.795927022655286 
40.483972180177915 0.023620503323876725 18.888318519534874 0.046538079360281565 4.4764503398569016 
3.5342310590398283 0.017259423965535193 17.60919177911141 0.14801023444856518 4.796533931431125 
3.448720049537437 0.012802382126753727 226.96443618039353 0.3226566765459248 29.06189388189333 
3.519865649642738 0.020852223508086194 6.560398204000704 0.0515611080743413 4.432849781649762 
3.6139969535113896 0.023015418535556713 5.7546663799731395 0.03418303180377478 4.481334760857758 
4.164703824835374 0.019251046533880975 6.299300629218593 0.037896654246108614 4.6393693453222795 
3.510345292097327 0.31401591471179957 276.1127571828767 5.82406126390619 4.416857884108939 
3.86680672906961 0.026947555641014247 6.323095839541577 0.029242853343636764 4.608014332496212 
4.825962737760913 0.013689254159555755 6.433308064607017 0.06523999996596574 4.484828553650767 
3.522607784086274 0.04058546871958275 6.590395927425638 0.031808358945373205 4.397669008274117 
4.554702172131993 0.018705011957302682 4.617625092299657 4.999301605345769 4.495304309138364 
3.9397118353080116 0.024085583008755976 4.638360414068203 0.21420359125184021 4.4828381109200865 
3.5380401045423815 0.04401165583015243 6.573205598425893 0.3257301324170288 4.415556805848805 
3.7524259349831492 0.02159683845791527 4.359024788844516 0.29183002802107294 4.790980716432806 
3.525954301967814 0.0357850789776821 4.44081980004417 0.2215772154026429 4.645265982330574 
3.5252550309713793 0.0304392710601834 4.6363985524297755 0.14942008824536462 4.479663957312998 
3.5323314083542683 0.023403491559939215 4.449785909912888 0.16027232853772702 4.651089031560965 
3.6169390394445835 0.019849305582030137 4.586236678868458 0.08865799637528365 4.511803993951548 
3.513495714377544 0.021259011503693505 8.706844214726074 0.15795627911704457 4.608798146581689 
3.5388740242793966 0.05035490129162846 4.43522892748756 0.231777945806543 4.706006146921101 
3.514825093035987 0.45514123731642475 4.3296764091174555 2.006432890029866 4.7620275162511465 
3.550827403036395 0.05068117175774926 4.582436170035014 0.20031552455201984 4.537533817868594 
10.377807690910261 0.02042008391586595 4.365252225633892 0.15651642085524528 4.759287248414983 
3.5313064567009302 0.022823974144836574 4.335858448633512 0.14475203722928007 4.79697169562776 
3.5263708146300803 0.023505259439498 4.638715441930132 0.06631546589575449 4.4635969392975 
3.616817346447118 0.022407111475420204 4.5029419754635205 0.08088777534355321 4.577549856114601 
3.7705605253540107 0.015809230848803476 4.27616953067863 0.14173324549592323 4.866556711246361 
3.4744293466109286 0.01152845529627668 4.136642643310535 0.014911920793572493 29.20325519128442 
3.680665088697833 0.011043766809285142 4.242740500645134 0.32396741347503466 29.033665884183232 
3.6162749635395266 0.014973257109467184 4.182112727307019 0.025430819174207035 4.956598470668532 
3.5754039290327806 0.01471029187507631 4.280897237818122 0.030278490534086343 4.8640033962161 
3.507774294548791 0.016038667858644412 5.439007419778298 0.02486428593340272 4.804048012813537 
3.5388971250961228 0.018591039143913787 4.439447718556493 0.02214203321757363 4.704559456362108 
3.4453233674705492 0.012957851265650766 4.243119913258681 1.3020655668518337 29.065113873193436 
3.52934113716724 0.016305061863007942 4.323302445155953 0.039184013482725016 4.814196606935701 
3.5612326095043585 0.021280683986989773 4.441172411815668 0.026045958492591507 4.701401711230922 
3.510749428966934 0.02274178800002947 4.430265684939902 0.02153850028732856 4.715260665063533 
3.5577202560797527 0.02861718536675064 4.4329904916407585 0.018349009829535134 4.706800188317129 
3.4580720651382197 0.017755023971661534 4.391216258339357 0.04372552897867783 4.738080244013912 
10.375358512473623 0.023642542657684 4.428823587180125 0.03342955224927918 4.705478469562747 
3.6858077301110104 0.014929203877385418 4.5423729193741 0.04231119439287807 4.582576988362667 
3.4558321239457093 0.038730020705882086 4.428248565112822 3.7511118197003244 28.792974319114013 
760.8552008519598 0.035933591857346 4.361987244475055 0.022703955584675 21.779917802131834 
3.539521431830203 0.02341929695626562 4.589462175900492 0.02925953852413273 4.5424428364186245 
5.7614750453051 0.027054867801576885 4.527955751734499 0.0398580626895561 4.600799224496152 
3.7705390052759737 0.01503498900471105 4.246939072339644 0.13814576141759627 4.900038947954483 
3.967544918233605 0.024635187214363877 4.563952675944723 0.05099406306377883 4.54673411805422 
