1.877090690157634 1.877090690157634 1.4199565201255557 1.500348103382067 0.8338767568076454 
1.8884235180265643 1.8884235180265643 1.481661149316267 1.3538311833495946 0.941354703387267 
1.86889863189039 1.887728056464784 1.4299333638084617 1.6810230223782925 0.6833291513172078 
1.824208757919943 1.8873929563900185 1.6360574421062872 1.0184488492042025 1.183867145186145 
1.8158503158181092 1.8882000212945056 1.704541550368281 1.460708202213334 0.6834999954837925 
1.6830812669680895 1.8876581371963193 1.1212613115056325 1.6956771511663107 1.1634885480944366 
1.8866018526192267 1.887393431298631 1.8765470804897797 1.884135188168314 0.01489757650929764 
1.886055609351726 1.8885801752011564 1.8873239244885016 1.8778371114172263 0.01490769833394393 
1.884142205076832 1.8870878563013807 1.8797626585344205 1.8842600852136904 0.014292587423136266 
1.677277475790815 1.885684670753951 1.7283162046740974 1.3549929678378816 0.9042552759763601 
1.6774941675471573 1.8866932198326354 1.7461195121299793 1.6599373955025758 0.5806212700338207 
1.639454632516223 1.8884121377453833 1.7250176623568654 1.773144725690789 0.5276193926722725 
1.4516300066175372 1.8874621077072506 1.6749471169099317 1.5479851483439646 0.9916458126236313 
1.888238646537452 1.8882464434008763 1.5610638010401778 1.8057200737254648 0.40971696270852703 
1.5947212586228263 1.8875727265739544 1.6965944089630804 1.2086953386960957 1.1634714019874381 
9.383438899315806 9.383438899315806 9.383438899315806 9.383438899315806 0.0 
0.5844888357977863 1.8876938140558144 1.8790814572343812 1.7610304425992762 1.4416083688607517 
0.8680526277006686 1.8832782839096958 1.8633703447462708 1.739075314334066 1.1988903366628725 
1.103262963461725 1.8899417266137848 1.8903302581687127 1.813964139537331 0.8638219448932971 
0.523781544940297 1.8855538789641217 1.8546785341979881 1.4966088072280828 1.7902853853243668 
1.2425905996390938 1.8677148699719202 1.850613445712301 1.3443807974259052 1.1889198666690592 
0.9351323960746831 1.8649568698156707 1.8395198110306141 1.0787147921402735 1.7762499690990279 
0.7203921892636015 1.887651417361433 1.7390443856012263 1.8884129406267731 1.3181508296540585 
1.3772433143993237 1.88748223016797 1.8742570179205493 1.5493208801005849 0.8626359200784873 
1.3027930924737119 1.8856730801923494 1.8842425996332863 1.0402348572835418 1.440975261503426 
1.4554786097310508 1.8838387339113705 1.8880393447678911 1.1605323820584563 1.1642683086027958 
0.15750197590639325 1.8802100214006772 1.8369244633310136 1.888505083598626 1.7908787901577938 
1.4076984743572036 1.888207365133958 1.8884446829252024 1.8417997235399208 0.5276284857445248 
1.5800401271260616 1.887969681996561 1.8881047880872588 1.3747409601206144 0.8215635950185394 
1.5033039337218133 1.887787674438662 1.8745201806354337 0.7852413864600015 1.5028143837881651 
1.3936935336604128 1.8843816275826164 1.7120196163165977 1.3330467099053254 1.22766589936717 
1.2385707649351088 1.8678064224304187 1.850592523612543 1.8604152870324075 0.6773544285550188 
1.7293947992564611 1.886206554118596 1.8819166801270373 1.7028408973858042 0.3503271415783137 
1.6962691945240733 1.8865856336137214 1.8225411708410781 1.5468610720018394 0.6014630809169981 
0.9924715701376414 1.8816529923402263 1.5693138502058435 1.8795950556159688 1.2276449269682532 
1.2044787776594705 1.8818052082112326 1.6613412792956848 1.1351519509809909 1.6627760131564964 
0.9127891979582926 1.8838469925638304 1.560038338328237 1.8885227615225484 1.3088937557172853 
1.1066942041133028 1.8847027217411807 1.3620132639411306 1.8882074994093445 1.3112123084324196 
0.8126792076723462 1.8759702224006898 1.49181536371851 1.8360552087191049 1.494287258050979 
1.1900230103645801 1.8872491334575805 1.432564467151333 1.8775448526404221 1.1634345594991893 
1.2805377182668696 1.8872052631467864 1.023398849573127 1.877795161253473 1.4814672269259392 
1.3246904075583747 1.8871551281725751 1.5099888450077226 1.8875914335997943 0.9409399200607103 
1.148518609031297 1.8871159280761045 0.8354606901722851 1.8757352989508045 1.8035606381038827 
1.4892991550208539 1.888917773535921 1.059198060301614 1.889178485867798 1.2301204687450051 
1.585358707837039 1.8772503737355235 1.1940334151019487 1.8497329922897712 1.00454540882482 
1.5580403450514926 1.8867855382887462 0.6557543250858066 1.874362603661053 1.57220101398954 
1.3597927283660483 1.8770588994787611 0.6663185409151462 1.8282948811719058 1.7801719543180952 
1.6709484581514606 1.8883752556024933 1.443693986526413 1.8751451857415669 0.6753381363880397 
1.2723681332402483 1.8854942042875102 1.4735129162287746 1.7233427195658626 1.1990679693676882 
1.6324621595182007 1.8898912377022958 1.3603758330523432 1.8136648597078304 0.8636794258220808 
0.7539740877015929 1.8772046073359163 1.4737901418810486 1.654594978646169 1.7912283108176 
1.8861233870201517 1.8875652419227449 1.10492763864864 1.8687021218922133 0.8029425782072297 
1.877926333697558 1.877926333697558 0.9012761668037991 1.849926177522462 1.0046503230688548 
1.885713713848743 1.885713713848743 0.44228036151349487 1.885713713848743 1.443433352335248 
7.265333542877896 7.265333542877896 0.3369489836584879 7.265333542877896 6.928384559219408 
0.937295485540262 1.8810445190554204 1.5683899948951598 1.275561065037916 1.8874303548429194 
1.1995850552474652 1.8873923594156385 1.4262052511523509 1.5976937214202538 1.4404879602517988 
1.5171137378639892 1.8848477123021765 0.5713440838636589 1.6886572027329947 1.8873209122542731 
1.3320735929217329 1.8829576414676688 1.1132540088523306 1.464049775324235 1.7611039966853241 
1.3316684273704666 1.8867099544696553 1.4663912547816091 1.1032300500425365 1.7621262007958782 
1.6010347621197087 1.8874336935570548 1.2907966351284952 0.9927060523100795 1.7810430540882727 
1.8883211786205758 1.8883211786205758 0.5675140842612125 1.4480602519211352 1.761068021058804 
1.6939434736702788 1.8867700882772318 1.1647045305122534 1.1392708493986803 1.6623923925083859 
1.7844433317396897 1.8873262876591492 1.5101360522287572 0.5590719585320767 1.8084950030730074 
1.361999656137862 1.887333585607562 1.5350886797433194 1.325912583441029 1.4403602249012353 
1.6325185900819665 1.888465686698895 1.2556956514804123 1.3362182670391807 1.4409645514951253 
13.949679600649196 13.949679600649196 0.0 13.949679600649196 13.949679600649196 
1.8777137133761832 1.8777137133761832 0.423963425532703 1.8360352941437663 1.4954287070758971 
1.8602840875036022 1.887546468451937 0.7125276179137026 1.6450489819450616 1.4448498622152626 
1.8892993359472998 1.895463630554704 1.0194131591019244 1.3313870897120053 1.4463072693611516 
1.8783752210631408 1.8783752210631408 1.4858633311072413 0.8327182769794118 1.4381688340396284 
1.6610275016783234 1.8719707179075766 1.568436848236833 0.923233466396752 1.47066100668866 
1.794148326531329 1.8872805595381699 1.8339164921060847 0.5939132786086427 1.4401066203112367 
1.3652234203347715 1.8858840036851034 1.5360335766698285 1.5673904347784031 1.1990327716504818 
1.4976709130284112 1.8868220295864746 1.086747508291382 1.587196110184977 1.4942653399059385 
