0.0384889154124366 0.09068047139241742 0.048973728362476265 0.0 33.85773776023599 
0.04042042805156143 0.09068047139241742 0.0 0.08302605908180638 33.87344454256952 
0.07237810741029804 0.26860733849306584 0.1655006132018464 0.08076648091348204 33.849173746963075 
0.01944859041039848 0.09068047139241742 0.03967916963992124 0.0 33.8595744812158 
0.16472099220855796 0.07643933306970041 0.03844070998334814 0.0 33.85472778620087 
0.07098378059042432 0.0 0.048973728362476265 0.0 33.8688402949282 
0.041554534368369644 0.0 0.0 0.08302605908180638 33.87280930653922 
0.0028806271797918725 0.1715206440195658 0.0 0.0 33.85458705416173 
2.5099144577822585E-4 0.09068047139241742 0.0022311348490546834 0.0 33.86604479975723 
0.0 0.26860733849306584 0.02440394677126534 0.0 33.87132254053589 
0.01944859041039848 0.31394757418927455 0.03967916963992124 0.0 33.85249106330126 
0.0 0.26860733849306584 0.03691002612512051 0.02078659058130583 33.86891942906191 
0.01621568386056893 0.1344862623619818 0.0 0.019411925254580353 33.87368171163736 
0.0 0.3183346406922105 0.08187875890944696 0.0 33.85896425705381 
0.0 0.26860733849306584 0.03691002612512051 0.0 33.8711090718923 
0.017424401646060517 0.12751666113116045 0.0 0.0 33.86651313603284 
0.017424401646060517 0.12757030924380786 0.003046356005231843 0.0 33.86258238729145 
0.0 0.0 0.08170039828014453 0.0 33.874785254392776 
0.0 0.07564007398420003 0.08187875890944696 0.0 33.868151551641404 
0.016626511788874865 0.0 0.16786905314286926 0.14478418041856855 33.84465322931089 
0.0 0.09068047139241742 0.16786905314286926 0.14455079877189903 33.8585315218395 
0.0 0.2322597879209809 0.16945419579898058 0.0859332399306858 33.85630172046054 
0.0 0.08737545349930542 0.1655006132018464 0.14531711724351482 33.85795790954948 
0.0 0.0 0.08170039828014453 0.08302605908180638 33.865521597693544 
0.0 0.31804429855907657 0.16945419579898058 0.0859332399306858 33.84751048424692 
0.0 0.09068047139241742 0.08352592248506951 0.0830603487899566 33.862126943583135 
0.0 0.09068047139241742 0.08170039828014453 0.08302605908180638 33.864857516972364 
0.0 0.177628748589445 0.08187875890944696 0.0 33.85996411287556 
0.0 0.26860733849306584 0.1655006132018464 0.14531711724351482 33.84632055274522 
0.07237810741029804 0.26860733849306584 0.1655006132018464 0.1426608440336672 33.846815177598465 
0.0 0.26860733849306584 0.03691002612512051 0.0818281491059345 33.86595941086629 
0.01944859041039848 0.31395852239245414 0.03967916963992124 0.08572914030679613 33.84475613611495 
0.0 0.23304964674681017 0.003046356005231843 0.0859332399306858 33.860133726596594 
0.0 0.2322597879209809 7.506026615899941E-5 0.0859332399306858 33.863579084177985 
0.0 0.18600062002390771 0.0 0.08303531715349877 33.8672184924342 
0.01702168187217623 0.0 0.04798096018284426 0.16198611466782253 33.870472505289314 
0.01702168187217623 0.08947222633061358 0.0 0.12029582091716051 33.86833698396967 
0.0 0.1170343102967557 0.024639963393010333 0.14437598117079276 33.869366700629385 
0.0384889154124366 0.0 0.048973728362476265 0.13243602262286558 33.863592157136786 
0.015923314542614975 0.1344862623619818 0.0 0.14437598117079276 33.8625885338306 
0.0 0.11722335970335962 0.024314256209876817 0.08572914030679613 33.87287143627211 
0.0 0.11722335970335962 0.0 0.08572914030679613 33.87453928732647 
0.0 0.0 0.0 0.0 33.8747860443206 
