9831.177460185829 4.0736265923018365E-5 2.2324132977968327 8.43515493810259E-5 0.012312053314043997 
110.31775227224486 2.8644021153779967E-6 0.6081920557729602 1.1920970998760204E-4 2.353340495380528 
126.36377897884464 7.778552321907825E-4 1.306941345289575 1.9773326607400764E-5 1.2853391173589053 
107.45246195609272 0.0014228106893279732 1.3184083095322274 7.95254534951254E-4 1.3085262368230086 
99.83535689480536 0.0015572623709008806 1.366622641341459 6.666683315869645E-5 1.3034770151688622 
81.00560309742993 0.0011160104409643275 0.45350430773663675 1.3623533408001753E-6 2.587595207074009 
52.25465091391079 8.273859023061982E-5 0.6721301936290263 2.0889618337780453E-4 2.259103381438949 
56.46380869599352 3.520724078526713E-6 2.0935073011025827 4.6583803351767236E-4 0.05322052852356689 
36.20808960501932 3.7100106308853676E-4 1.4214095064818923 2.7871486713063684E-6 1.100008283321164 
197.55839728089177 0.006427877275625543 0.2751858584976793 5.19546872155188E-5 3.1600010571008164 
24.082010526026295 5.466825373816823E-5 1.4029556873738254 6.920145011086408E-4 1.2151312241293586 
24.442647125883724 0.002571438447484608 2.161284031333178 4.249529198770755E-5 0.08587654390278952 
7.547790907094224 4.256819980422052E-5 1.9839483296312133 8.573787496197288E-4 0.05244773683999842 
4.503110615600002 3.639325834163926E-4 1.4387232653534607 2.875311995847256E-4 1.0978321652839838 
7.333896273465498 0.0015578965016937953 1.3464611930162516 5.047664831782522E-4 1.3028344253175161 
3.455352512356676 5.330980663920785E-4 0.8934830394355046 1.769486954738139E-4 1.9397408765074275 
3.660080156036656 2.7719446880013675E-6 1.1346569912409648 8.687433018958589E-8 1.3459794453192995 
3.013870960014178 0.14169696421726463 1.1987498279614923 1.0297807163778836E-6 1.1655925278690489 
1.996008994835633 3.4710254398859415E-4 1.2796295140169383 1.9953866954491815E-4 1.4011857670704628 
0.29386258792564174 0.01978572412696791 0.28738415661558614 0.005508467898051665 2.9850775170164034 
0.9224271285859676 0.0037978420162193666 0.25182868929967717 6.901639287441125E-4 3.091911135912313 
9.749512736402362 0.0067454149750803905 0.08026041268927352 0.0039043790392713734 3.1651054871236832 
2.5021117531425925 0.0016709701419092503 1.569804603907585 3.4749615376873205E-4 1.0311242043002773 
1.875698246480965 0.0014230029599607728 1.0101371103009964 2.5941549169068226E-5 1.8548036658092242 
4.043930531625059 0.0013155840230359398 1.9134300734985261 4.896797094323542E-5 0.09166993627534341 
2.1258233318016413 7.89001655847956E-4 1.1595680436883107 2.209288729732786E-6 1.5786149513024053 
0.9779291583082937 7.566676710524272E-4 0.5346446598890602 1.3554402143289546E-5 2.520573536206955 
0.6971419038235254 9.389671734037035E-4 0.01176059658655694 3.684520809297658E-4 3.2545156781575892 
4.369400743490854 0.0013256219385043813 1.9581144064858702 0.0013136461516355814 0.027348097239005734 
2.666019853825453 7.674283694484732E-4 1.5624627790059962 3.5223642459145814E-6 0.9678846731234506 
1.9688595367244133 4.154194103385285E-4 1.1575733538824766 2.2135715076730756E-6 1.5788134227732256 
1.7068422882445022 5.329479303239738E-4 0.8943898852845243 7.138877261728048E-6 1.9385620990877723 
0.01996979156564713 4.3064733215950025E-4 0.03167049362518876 7.848928792026297E-4 3.2520577555086856 
1.980276806056353 1.38010352166062E-4 0.9634787368721655 1.7740562728833423E-4 1.8254787283545415 
1.6522855872978737 1.1382486870411458E-5 0.8380120417939388 5.32983108894636E-4 2.1099277468102735 
2.769073404324709 7.252847005833256E-6 1.3777063279853385 3.9877292290783277E-4 1.272372713585927 
1.45983236230972E-4 8.427901101507922E-7 224.44397091700958 0.0 0.0 
2.812986012502795 4.234687345834285E-4 1.6760222861274412 3.0436404169094557E-4 0.9574875967019443 
2.7635590377991535 2.603970230659805E-4 4.392811467256538 1.3167281086120816E-6 1.0211442364853276 
0.9989268786072331 1.4391439343630714E-4 2.8283318911282285 2.66649362615682E-4 1.238008616849307 
4.308698266713275 4.5242825413690374E-4 2.487087954567259 1.4192610470752356E-5 0.7426277080170692 
5.229184785059606 3.1636540803767194E-4 2.5880403656051088 4.2464198495859674E-4 0.008484274310045994 
4.620420568722127 3.5504615082782137E-6 1.4554214200783058 1.1145789058336603E-7 0.8035892407140133 
4.287829594925672 6.455258391772772E-5 1.9909391739049882 4.6250795324585825E-4 0.017696514349924492 
3.435912261976563 2.2569552330609244E-6 1.6171474673049453 1.5364096910162488E-4 0.9718233707414862 
4.583351000889396 1.822974497611404E-4 1.5887563947509558 8.771943279549373E-6 0.9814961707508474 
16.058710761279485 2.2525405378559615E-6 1.6251505624693963 3.196140961291639E-5 0.9716010008704545 
4.3939421799839575 2.601011299113393E-4 1.8315794200838007 3.5531715668351324E-4 0.5333713628778158 
3.74075178624487 5.361573321825507E-5 1.6525472421410532 3.8392610487956807E-4 0.567560024743676 
24.186781050956533 6.259132579158199E-4 2.167347909801895 5.843298446275935E-5 0.07920433703975323 
3.406289854030481 2.0154657780390954E-6 1.5263826906518367 2.7738990814305805E-4 1.0946493789127416 
42.957517073826615 9.500499946931672E-5 1.9055071323623358 6.25446661447585E-6 0.5332279492697801 
5.099469716140982 6.53946389892518E-4 1.8088357510610225 4.3919986698818134E-5 0.05026778496308868 
2.60358457226172 1.8980172024994E-6 1.3925131010735812 1.305175269680224E-4 1.313406122300595 
4.599921795436397 5.613368873004148E-4 1.5289706060124897 1.262727553349129E-6 0.586208692588557 
3.9098073179166537 5.691035897339466E-4 1.7577763539364542 3.8619814086641205E-4 0.33741995059980756 
3.804676977036112 6.930217242674841E-5 1.9696814626330441 0.13103762045501458 0.21173034173491814 
3.6962395339636815 1.300704830474114E-5 1.157984005873276 0.0035922485226849584 1.3398122901419938 
110.88740097722162 8.090956191795168E-4 1.2159573477256247 0.006050876432927512 1.3221459038955101 
6.662603591872821 8.823611042682122E-4 2.688659731614766 0.005349940595402107 0.007911007131204385 
206.3250968517687 3.279267511978865E-5 1.784391655095429 0.008359879844436053 0.0651550201130806 
3.716789993016301 3.144589655833463E-5 1.1635724385405986 0.0014384373078214494 1.3317351051117978 
2.062574512758951 0.0011526503053824072 0.5130838027028979 0.0019241632246049143 2.496207279578158 
0.03358599270562551 0.0019672517678762562 0.1393040367015155 0.002672390262717359 3.1965280662411537 
4.969075491079899 5.7132732316998344E-5 1.9000269291073282 0.0013031439006617684 0.0916544856555441 
5.046294935963104 6.650764884380103E-4 1.902049109991591 0.001303228124680745 0.09164553935667634 
2.9086008527384117 3.283398307889181E-4 1.457630399332334 9.062868727487197E-4 1.2160254297371182 
2.210708010888738 2.0459863388751815E-5 1.1263975978856537 7.943740236551324E-4 1.3838421000792427 
0.03180043386947573 8.313638754039556E-4 0.10658039428158939 0.0011295107150138715 3.241942665713686 
3.750008692349297E-8 2.145501862105452E-9 4.443208003325141E-7 5.091373443403899E-8 262.84656421397494 
14.282942371513935 5.089390203789615E-4 0.4702592946207196 9.619733836189399E-5 2.561939987136513 
0.002672301227542167 3.0622092731635534E-5 0.010850512560332934 2.1586334734665632E-4 3.260479370452339 
0.7769323056089636 1.2699273640687667E-4 0.45182429088618414 6.999099617200133E-5 2.6188082825142254 
11.359880613042215 1.9484327713163506E-5 0.49868777452335883 1.0440300437169585E-5 2.5909499711114408 
14.548583047923936 1.823335282263362E-4 0.47315542578635306 9.804233293541382E-5 2.5579270792440254 
0.01617815809167251 5.036694928889887E-4 0.006936465225841242 1.795623925025752E-4 3.2597849771074823 
1.3386809944219042 1.7247497196568818E-4 0.6213586766932767 4.42276159453769E-6 2.34504907286375 
1.6643495189425628 8.567655807346822E-6 0.6090880021918472 1.710407638822192E-5 2.3457840241259347 
0.7765314928198691 1.7884324348673374E-8 0.397707300236891 2.53268586153666E-4 2.608795950964196 
1.1324549324519757 3.3444801775180463E-4 0.6791997293080481 1.4109953823605155E-6 2.280657392033088 
0.06302125149720757 7.387501303457507E-4 0.36028030156350166 1.1019309961922138E-4 3.068867238346964 
1.8727809412707863 6.859475311547721E-9 0.790268819622196 9.9646973772392E-6 1.942889175025277 
4.1427978096615127E-4 2.5645836644224392E-5 0.03971534893866583 7.858460395027175E-4 3.2517638576892867 
0.01227941613174507 7.385378753015709E-4 0.06552741005950245 3.9637336053583116E-4 3.2562981476262927 
1.2971277146681341 1.8237468210542017E-4 0.6566004817574584 4.173120180453368E-4 2.3646382255887177 
1.2619581246286515 5.685285657111897E-4 0.5563830134599282 3.2847873866282885E-6 2.4638878718115578 
1.9720129292522233 2.1085157330998053E-4 0.833608617619244 7.284041171052833E-6 2.0394920656751125 
14.359789261733944 2.072821161682649E-4 0.8273087448985743 6.229260072830651E-6 2.047649095658151 
18.82734300898485 7.1489171830878475E-9 0.789460458065549 2.3583450013803593E-5 1.9417943366591537 
