10.309647615667847 11.059826116792507 3.109462100474422 4.109338859714882 3.1439177720633604 2.081151078125586 20.373085265112337 2.923318925812587 
10.20454842718796 11.0535225713129 3.02934815194975 4.037521722467345 3.1978256899576607 2.167411771532261 20.285516657094803 2.9513430160253558 
10.196633360705908 11.159896839820153 3.0691331036946696 4.023038055256698 3.182017738968454 2.108683471430729 20.30571617711314 2.970462494447027 
10.253011203417334 11.081258830555685 3.0403913298713747 4.048735837375751 3.404965977446489 2.1411906581718676 20.315483969240418 2.9508956255754426 
10.1849824024017 11.041382875160114 3.0558648023567083 4.102791364771311 3.1561100469952876 2.2357334939208466 20.38309413828746 2.9329590683889757 
10.124405268627559 11.032156604460303 3.0766071815130998 4.075976633085574 3.1473949827704364 2.184343206537385 20.280831153034157 2.940004882193233 
10.137433196645537 11.027873552318063 3.0664405908576793 4.103611559735083 3.189398402243507 2.1161894854963785 20.371763214802534 2.935929767002419 
10.118209056955495 11.068836063780433 3.06996011488754 4.098861904875185 3.19216172984574 2.107603050987654 20.301597517183968 2.9414354588097646 
10.12778230145667 11.031972126370833 3.0431926158930613 4.02625444139543 3.1791372629638732 2.1888325806605575 20.281387892477856 2.9993956530624795 
10.166109114078873 11.000971120351716 3.0954446859386957 4.209616681439511 3.1331977444709835 2.1196553850909665 20.303573769499504 2.974959112930372 
10.124356472396082 10.979444359381493 3.0745533526376945 4.054654171051849 3.2609105870739534 2.1106482345250113 20.334876720184614 2.9462481499607494 
10.106867562843975 11.253723247977302 3.1409135398648402 4.087726816008916 3.1872599799659755 2.1191877392751315 20.307739511856287 2.9658032028582966 
10.110835549050519 11.098825350366388 3.0504697707870885 4.103292044478659 3.1702266320850865 2.142813984520886 20.34678305309229 2.95915653042701 
10.11470740192168 11.17410514526129 3.0241389742581166 4.062877089430928 3.1913820209846433 2.1104911012158376 20.304747064354277 2.9877557937896535 
10.053186063731438 11.192868721268 3.181510759649824 4.13457331305942 3.1842562890520005 2.13247754167491 20.316235846873518 2.9586423652608325 
10.103626576713621 11.139446514903643 3.0579025475206985 4.120229741198419 3.211265570805725 2.134452632106217 20.268437779927176 2.947660975860505 
10.135659980940572 11.133652691987974 3.051553951229557 4.049357206396176 3.260613763694022 2.110417886392237 20.299945943499818 2.9276671364316167 
10.101422909718556 11.179770648557948 3.1503140906014813 4.0884702632267516 3.1975680528253614 2.0954210369295403 20.303616731259456 3.0608734645611566 
10.075135252293864 11.112025034459148 3.067522213868722 4.12169913284204 3.1996973367721564 2.105984131889111 20.31369825398627 2.938130558912669 
10.056996561929093 11.145240105576551 3.0785260506571963 4.1698549193030505 3.163072739900756 2.134350061752772 20.27856706906592 3.002741707239562 
10.030325324291931 11.16956401372354 3.2060238766492857 4.105719550657831 3.24779840185054 2.192613020606011 20.356762782382948 2.927680871615274 
10.020977558964285 11.089965563158174 3.1396273536784456 4.063352075712159 3.131977515994076 2.180224883735784 20.301665604024247 2.930754705972192 
10.105421759017679 11.173263143700684 3.095868211684176 4.054184823320049 3.1477094402531747 2.172379125233733 20.30244066071756 3.1645027809235637 
10.100573768666726 11.039940332963718 3.3050147195171258 4.109313752797773 3.303093110850419 2.2126171722340975 20.28685966495529 2.9241883341718466 
10.107997142274847 11.032535585336882 3.12739961210453 4.083158551736148 3.173528450618379 2.1684479941602395 20.326126674029684 2.9160704256969483 
10.050585066839032 10.99710148664962 3.1640805554748397 4.104027812314634 3.224514881199376 2.1339102528358094 20.28564935234051 2.948061221099249 
10.038301748962732 11.066805485462732 3.1449488603160622 4.106743897723086 3.1390760587963573 2.1514609986703874 20.355058132767358 2.9327831892603777 
10.0898452952783 11.007634246134415 3.174916180411868 4.143513932118231 3.16579357629819 2.1635144690674815 20.36826184770886 2.985454224945266 
10.202308220785875 11.000165557671911 3.2056508309149896 4.205084498940562 3.169095305334552 2.128208757708277 20.41162669600047 2.931840723061695 
10.03558864208709 11.048019756325525 3.123081936825 4.0985191845924325 3.124697918964516 2.1772864140063963 20.29512458113604 2.9567850759536265 
10.035205072931051 11.043137062663375 3.1857932675344047 4.198676806638878 3.2209731307432197 2.2002132684237914 20.402738606107757 2.9159128328154003 
10.078003624203781 11.020878607727207 3.1093966477597226 4.029511848559231 3.1743663510737252 2.163304437965925 20.283689528519854 2.961056405876172 
10.015509232794148 11.068231789585832 3.1420179420503738 4.09582249669145 3.222226935352068 2.142265797054621 20.29984225838348 2.947601148908263 
10.064494826243159 11.036891366206422 3.080758919778465 4.688821918081703 3.213331900957739 2.1020319509295105 20.32714980008589 2.977009796887279 
10.081318557701712 10.99911551024399 3.10812919435401 4.07470982237353 3.1998941309833615 2.151324611560365 20.324872318013593 2.9285213107753068 
10.062996721834649 11.040485573841933 3.059254161515947 4.164504987708481 3.1560160261976424 2.1547619466671737 20.297615680935554 2.9182114089842246 
10.052635130438532 11.05407205030652 3.0695026609551683 4.174954013942798 3.1820539159952763 2.108486173930219 20.314922897616615 2.9335312762570647 
10.133744941926958 10.981436759803165 3.1510031511195313 4.227424285922521 3.175975341241398 2.1388198019953015 20.399687151861077 2.954655195610526 
10.065233469061972 11.141746016456514 3.1391971755703674 4.222777381321962 3.1425385301336277 2.1425662095116467 20.36842756378476 2.9597002217065205 
10.000219291528529 11.03562370215272 3.1519314150596056 4.185209038820996 3.1756198409285616 2.2038460746099773 20.318865350233256 2.9587242061131165 
10.029846980000324 11.019107292238484 3.051398466768719 4.138271962124209 3.182266698978244 2.1768486127326456 20.358868305612482 2.946092724232451 
10.082401810416107 11.037509984283945 3.0817503547560343 4.128473331382082 3.195960636831213 2.1185308285322813 20.288741081242243 2.933468561402571 
10.098049768046613 11.119544687319088 3.1456691969459047 4.161109041664007 3.183769399438292 2.1180559616193073 20.35752859922165 2.960267212108719 
10.174996935117123 10.97368644176615 3.1533245389674263 4.1553789881229175 3.22679577413296 2.094435155146463 20.41178966448784 2.9540657307011045 
10.048349777226612 11.061058647395265 3.095428034243661 4.059576509032757 3.212114769543919 2.1728168047497447 20.370812416490995 2.9405892054577336 
10.041865137854458 11.000939586800367 3.0912123752746727 4.045052269086544 3.367502940600737 2.108279453852121 20.273094532408244 2.9602122006201483 
10.074155258187762 11.006375048019754 3.11215705221849 4.085034500434482 3.366589848899177 2.142961166202932 20.312344202057165 2.9560222036591854 
10.171250439763957 11.017859754691104 3.0906946010725123 4.028747244307856 3.3960989661120986 2.2019637366559963 20.34030878537325 2.939157127500688 
10.07525133477825 10.98472496404734 3.0907987760885325 4.018645957294308 3.302593902897649 2.1251238313034952 20.29024469811827 2.9849278289479577 
10.019434702548805 10.990267154643528 3.056354782859449 4.1496606730333285 3.336913567591753 2.1460932702987336 20.39753448739715 2.879693811897002 
10.011948553425283 11.032149294158868 3.105856741265831 4.046673633165932 3.2862745059059315 2.1476327210161927 20.261985249665617 2.964877455731262 
10.018418714510988 10.991119953360311 3.105054923483703 4.042802162730015 3.375148745690644 2.222332284207407 20.378202837558995 2.983559947744524 
10.066307110488925 11.108006967370153 3.1606065558265066 4.067291399434519 3.335768622086611 2.1761062427315827 20.282280400527405 2.9340695988387697 
10.067645347893576 11.003350107441975 3.093676326983827 4.0693188391356845 3.3113885692547034 2.107810652144985 20.28311293051832 3.04845574992855 
10.00799274736539 11.028978663354435 3.1151497643743307 4.101915525835305 3.260977593124351 2.125463743010266 20.316892212873224 2.9197948944977634 
10.123476139023989 11.070097951677589 3.035541929145685 4.053260684063257 3.248046997876185 2.1125147492558893 20.34748408481317 2.9643395937381536 
10.02744297524407 11.012207509139316 3.0930004340912784 4.064432924138535 3.230393473414142 2.1250365644708764 20.280045732074438 2.944093611695891 
10.032822931529365 11.020170399187231 3.148528988782219 4.119846996901624 3.21646603774695 2.3345506518689123 20.394406261630284 2.903717250136941 
10.026174009889266 10.98931782505083 3.093337551686961 4.067307634826372 3.2117049208639017 2.2064112387183745 20.268068377307277 2.92465157715099 
10.106765588752385 11.03202944635645 3.0417327589460648 4.131493037691773 3.1643636498351175 2.2444828380651067 20.340934743373914 2.950186908336499 
10.014849742837947 10.999701516426414 3.0922068404867398 4.058924345496112 3.182853155852768 2.190402768218639 20.278532874179252 2.9448519508615085 
10.086321411389735 11.030061427646462 3.0907112960745584 4.056207867348227 3.160605513240319 2.186611942257898 20.27015830354701 2.9396202292475033 
10.00611518678988 11.008425562917125 3.085172131136205 4.086722203155003 3.2512715915848287 2.2162515988634697 20.37081714608533 2.8769403271196516 
10.00105855022198 11.04817820757101 3.114675077020599 4.162292458016746 3.2452882989259835 2.244022291239926 20.382591154577256 2.882220266271089 
10.154837861533291 11.036618047807687 3.1849428993778486 4.05978838994086 3.2411216467717123 2.24296091960472 20.29620220002896 2.926017087574687 
10.157857902099076 10.988853811114655 3.0817980307963477 4.0555473463264455 3.3048839643719408 2.096190096783884 20.53986036371798 2.9688389391812615 
10.099480782653693 11.032649838338997 3.075155162880743 4.032199380058404 3.219117430552755 2.16609770716675 20.433222602043518 2.9179412374030624 
10.088858758378523 11.060462000319097 3.05407590205915 4.0809643420720745 3.1967153564632365 2.1875859777288484 20.433559988006884 2.8819094189644403 
10.044181950028662 10.99213804817137 3.059180910548094 4.098676028482841 3.1726410995227434 2.175037589554133 20.390698143259844 2.933594435347211 
10.156316578128099 11.013482320251402 3.0793732701061742 4.169041205780679 3.2079503351903353 2.11363798856803 20.45190471356135 2.8829737569930423 
10.017354904959811 11.086696575303943 3.0851362940855043 4.130864735049938 3.1908851442779866 2.1905852717115732 20.415536934516183 2.880876640997511 
10.199266335951728 11.028761315015055 3.208395312066449 4.1675061199448145 3.2238540368414816 2.156605552632763 20.468500020663903 2.87798912899646 
10.050760688191207 11.016202963660028 3.092174558704298 4.0638034655620245 3.199447626404375 2.185569236179643 20.413818150543385 2.8746243173829917 
10.18408795583029 10.981449773308347 3.1735950521525207 4.140387433038141 3.247977856207665 2.100001271355972 20.43759298543475 2.9647602360175553 
10.076716850948333 11.0616360554059 3.0871832197468456 4.056299775167756 3.2003619368263627 2.1667048566893867 20.37391964455476 2.947584478715541 
10.130864164829308 11.040954280752823 3.0435700737907023 4.066238281967036 3.1980318338660654 2.1092983714636975 20.366205057238187 2.9494848759487446 
10.05638087742852 11.122299976845738 3.1019414222911537 4.058300789191384 3.157066036504902 2.1828267841711417 20.303862567043776 3.2674348889784435 
10.075769825602768 11.035485161540588 3.0722959655244337 4.077279326529177 3.2005461749666253 2.122934585844445 20.31357917354043 2.9291357053934144 
10.083742403107248 11.041002192139421 3.0898278246672897 4.071646207301006 3.194055636427035 2.111327892963443 20.278140157762916 2.9710273794219555 
10.041223184926181 11.017443239939613 3.0813781473737714 4.044210558431248 3.1697117236665195 2.1571174889804023 20.340392312701074 2.957171005557208 
10.113394173873923 11.092739829731894 3.07036686987849 4.0423402758880655 3.2353515192794235 2.120922822543028 20.401756404655114 3.017253869211843 
10.02374561508813 11.0705702472568 3.085662645095989 4.086394438745747 3.218780240781887 2.1557216627700284 20.28854123133647 2.9585832395159537 
10.085304519148396 11.042467626577057 3.041212628513135 4.092414445565969 3.135326036564244 2.1460544223303457 20.32899593092169 2.9294101012942457 
10.06315805721452 11.019699171009488 3.082745225300248 4.117481715644789 3.1719908600499305 2.1469827846967613 20.34380451537327 2.942521881252177 
10.09867133306516 11.057599259840611 3.120224876847874 4.126839006889579 3.15937588586591 2.1288405436651736 20.283948188478846 2.9516433134076054 
10.018866898485832 11.017112326313077 3.0489429308014904 4.118608947118303 3.196263735542309 2.1664920064501514 20.280118529437445 2.9304178703159183 
10.013031812102271 11.072301854402152 3.076513044949101 4.102141604427985 3.192233988183477 2.1093954647877298 20.272740389498217 2.981126322657333 
10.071794266099158 11.008504571153939 3.078647823669063 4.138179819222436 3.1348831507920436 2.158699628934564 20.26468508849513 2.9471362086261985 
