0.2636389977413978 0.0 0.0 0.0 0.0 0.0 0.0010014625617295267 0.0 0.0 19.78602995910252 
0.2636389977413978 0.0 0.0 0.0 0.0 0.0 0.0 0.0 0.0 19.787885287389397 
0.2636389977413978 0.005276396790456719 0.0 0.0 0.0 0.0 0.0 0.0 0.0 19.782202488679733 
0.2636389977413978 0.0068491041011929255 0.0 0.0 0.0 0.0 0.0 0.0 0.0 19.77963994404445 
0.2636389977413978 0.0 0.0 0.0 0.0 0.0 0.0 0.004115505498876093 0.0 19.781457913289284 
0.2589070634300643 4.1189398847349064E-5 0.0 0.0 0.0 0.0 0.0 1.946799657185452E-4 0.0 19.784694662539366 
0.26494911948023014 0.005276396790456719 0.0 0.0 0.0 0.0 0.0 0.004012950738972828 0.0 19.777496473710965 
0.26494911948023014 0.006062750445824822 0.0 0.0 0.0 0.0 0.0 0.00411443446515003 0.0 19.776783332761813 
0.2589070634300643 0.00523599297600295 0.0 0.0 0.0 0.0 0.0 1.6746341830798844E-6 0.0 19.780929788557387 
0.2589070634300643 0.00694411714861342 0.0 0.0 0.0 0.0 0.0 2.3109336767752602E-4 0.0 19.776902354329774 
0.006319870720963886 0.3109237806385211 0.0 0.0 0.0 0.0 0.0 0.0 0.0 19.82733466271697 
0.006319870720963886 0.3109237806385211 0.0 0.0 0.0 0.0 0.010563941070405706 0.0 0.0 19.815666463180268 
0.0 0.1748546467990703 0.0 0.0 0.0 0.0 0.0 0.0 0.0 20.09454411062014 
0.0 0.12404881936637771 0.0 0.0 0.0 0.0 0.010271461441482055 0.0 0.0 19.96091854302189 
0.13781849843480026 0.30320992268703795 0.0 0.0 0.0 0.0 0.0 0.0 0.0 19.553885782977392 
0.012157640076083519 0.21540946699749636 0.0 0.0 0.0 0.0 0.0 0.0 0.0 19.841779104653362 
0.0 0.08742344928697468 0.0 0.0 0.0 0.0 0.010271461441482055 0.0 0.0 20.047514988143774 
0.0 0.005536583938492212 0.08689669872100225 0.0 0.0 0.0 0.0 0.0 0.0 20.05761278406154 
0.13807609609035948 0.09991177963483767 0.08870144222029992 0.0 0.0 3.088880398816255E-7 8.74741301555623E-4 0.16656420936120153 0.0 19.359963037838465 
0.26494911948023014 7.74822512094304E-6 0.08870144222029992 0.0 0.0 3.069828272660933E-7 0.0 0.008462104365429712 0.0 19.623400379056772 
0.1357881327970255 0.25146207135233184 0.08676164931995839 0.0 0.0 3.088880398816255E-7 0.0010014625617295267 0.0 0.0 19.374768661855008 
0.0 0.0 0.003942743745271149 0.0 0.0 0.0 0.0 0.0 0.0 20.210363942812517 
0.13807609609035948 0.0 0.00199984448761248 1.7365675617262962E-4 0.0 3.088880398816255E-7 0.0010014625617295267 0.0 0.0 19.94313316058237 
0.25680138394603114 0.18634600410672125 1.2982675675869034E-4 0.0 0.0 0.0 0.002630160955913858 0.0 0.0 19.41516378042339 
0.0 0.13689509453245108 0.0 0.0 0.0 0.0 0.0 0.05683463532767863 0.0 19.86329661972926 
0.0 0.3109237806385211 1.7938065811738406E-4 0.0 0.0 0.0 0.12409424111515799 0.0 0.0 19.59824510598937 
0.054098919358330486 0.0 0.0 0.0 0.0 0.0 0.0 0.0 0.0 20.133359836735032 
0.25797696041481166 0.15166660484548752 0.0 0.0 0.0 0.0 0.0 2.3109336767752602E-4 0.0 19.48462004989082 
0.1986314135390373 0.0068491041011929255 0.0 0.0 0.0 0.0 0.0 0.0 0.0 19.814886893684776 
0.0 0.0 0.0 0.0 0.07998894444375537 0.0 0.010271461441482055 0.0 0.0 20.06468126783146 
0.03787545510459123 0.13750606864983578 0.0 0.0 0.04247327594848027 0.0 0.0 0.0 0.0 19.833352825987873 
0.26288409049408595 1.9002609484098843E-4 0.0 0.0 0.04003751695051751 0.0 0.0 1.469546871529853E-4 0.0 19.7306950483621 
0.0 0.13689509453245108 0.0 0.0 0.0 0.0 0.029647191730600153 6.512584052043418E-11 0.074966613584623 19.801257493788214 
0.0 0.0026294679927844665 0.0 0.0 0.0 0.0 0.0 0.0 0.22147813524157428 19.80397373557602 
0.06395646584976188 0.06544862745023114 0.0 0.0 0.0 0.0 0.0 0.0 0.0 20.015241436648814 
3.400972312058364E-4 0.07139162705336558 0.0 0.0 0.0 0.0 0.0 0.0 0.0 20.097109105249803 
0.06683926567365572 0.0 0.0 0.0 0.0 0.0 0.0 1.5428197171368614E-4 0.0 20.10588102260305 
0.19673136060398033 0.10784098975330199 0.0 0.0 0.0 0.0 0.0 0.0 0.0 19.62822216169623 
0.19659187773214765 0.00730288725702264 0.0 0.0 0.0 0.0 0.0 0.0 0.0 19.819473574661448 
0.0 1.9002609484098843E-4 0.0 0.0 0.0 0.1563235309233755 0.0 0.005393441923122855 0.0 19.902132655304374 
0.13807609609035948 0.15166660484548752 0.0 0.0 0.0 0.0 0.0 0.0 0.074966613584623 19.514471779374823 
0.21003292433272636 0.011318664545835447 0.0 0.0 0.0 0.15226964648499913 0.0 0.0 0.0 19.544203234777406 
7.846978893498781E-4 0.0014701608421062926 0.0 0.0 0.0 0.0014312547810474757 0.0 0.17899384148308015 0.0 19.90035349627113 
0.1377426623391516 0.0 0.0 0.0 3.4761923773449026E-4 3.088880398816255E-7 0.08832135964760739 1.5428197171368614E-4 0.0 19.800359234785233 
0.006319870720963886 0.1748546467990703 0.0 0.0 0.0 0.0 0.010164324531815311 0.0 0.0 19.91353400355955 
0.1426580973074438 0.0 0.0 0.0 0.0 0.0 0.0 0.0 0.0 19.928979113831797 
0.0036562099327344306 0.0 0.0 0.13592937308530004 0.0 0.0 0.0 0.0 0.0 20.170907143804158 
0.2636389977413978 0.005276396790456719 0.0 0.2192541891761034 0.0 0.0 0.0 0.0 0.0 19.37006939159173 
0.0 0.011318664545835447 0.0 0.0 0.0 0.0 0.2628113968082373 0.0 0.0 19.773900883737895 
0.19656901452323833 0.18438604854317472 0.0 0.0 0.0 0.0 0.2439810982295448 0.0 0.0 19.406647100911414 
0.0 0.0 0.0 0.0 0.0 0.0 0.10018903813064257 0.0 0.0 20.03120270958306 
0.0 0.0 0.0 0.0 0.0 0.0 0.10070590466235932 0.0 0.020780182744197573 20.00605024803986 
0.0036562099327344306 0.18438604854317472 0.0 0.0 0.0 0.0 0.2439810982295448 0.0 0.0 19.419017136836977 
0.1986314135390373 9.714584255326123E-4 0.0 0.0 0.0 0.0 0.2439810982295448 0.0 0.0 19.398969100251005 
0.13807609609035948 0.00694411714861342 0.0 0.0 0.0 0.0 0.2438689234688564 0.1667756865508336 0.0 19.174456208423994 
0.19620700703057747 0.0 0.0 0.0 0.0 0.0 0.10085109608078191 0.0 0.0 19.645080480922843 
0.25797696041481166 0.0 0.0 0.0 0.0 0.0 0.10070590466235932 0.0 0.0 19.605294168651252 
0.13807609609035948 2.913436940657785E-4 0.0 0.0 0.0 0.0 0.0025242901499614476 0.1667756865508336 0.0 19.61301366471875 
0.003509266549613647 0.15396411364798082 0.0 0.0 0.04003751695051751 0.0 0.0028647498389074606 0.16752418576090167 0.0 19.51326757511809 
0.13807609609035948 0.20454039685111172 0.0 0.0 0.0 0.0 0.0 0.1667756865508336 0.0 19.21699234667811 
0.25797696041481166 0.00694411714861342 0.0 0.0 0.0 0.0 0.0 0.1682487674513554 0.0 19.442253260289068 
0.28580174523639673 0.0014701608421062926 0.0 0.10211252363563417 0.0 0.0 0.022810717848419815 0.17899384148308015 0.0 19.235285598861733 
0.0 1.9002609484098843E-4 0.0 0.0 0.0 0.0 0.0 0.010669992838347788 0.0 20.20063863413593 
0.1480993034078371 1.9002609484098843E-4 0.0 0.0 0.0 0.0 0.0 0.01078688384624571 0.0 19.90515457372791 
0.0 7.74822512094304E-6 0.0 0.0 0.09285691491028536 0.0 0.002635070248609539 0.008462104365429712 0.0 20.035437355457038 
0.19928647440845346 7.74822512094304E-6 0.0 0.0 0.0 0.0 0.01026367429953791 0.008462104365429712 0.0 19.80248085444246 
0.2589142274664683 8.946406567958807E-4 0.0 0.0 0.0 0.0 0.014513886639788143 2.3109336767752602E-4 0.0 19.769308561841903 
0.2589070634300643 0.10784098975330199 0.0 0.0 0.0 0.0 0.004030033526958632 2.3109336767752602E-4 0.0 19.581974694665874 
0.25679670683326267 0.00694411714861342 0.0 0.0 0.0 0.0 0.0 2.3109336767752602E-4 0.0 19.77880338842395 
0.0 0.0 0.0 0.0 0.0 0.0 0.0 0.0 0.0 20.210912803792233 
0.03710864854042829 0.011318664545835447 0.0 0.0 0.0 0.0 0.0 0.0 2.373556012957157E-4 20.14913103254019 
0.0 0.0068491041011929255 0.0 0.0 0.0 0.0 0.0 0.0 0.0 20.20511658872557 
0.029065455470108997 0.0 0.0 0.0 0.0 0.0 0.0 0.0 0.0 20.175731085178473 
0.03660043604910221 0.0 0.0 0.0 0.0 0.0 0.0 1.5428197171368614E-4 0.0 20.161792089337652 
