62.21235570968407 8.227401120297628E-5 1.5865530647985638E-7 2.954185836668273E-7 9.010045121309471E-5 1.402452287562225E-8 0.0 1.1825463111087754E-4 0.0 0.0 
0.09054682929733013 0.07008684085587777 0.003991741504488776 0.016090586275221776 0.027795894754899724 0.020180676895907673 0.01885896793662258 0.04952258069948547 0.0671652203098227 8.157075269221802E-7 
0.8905846964916878 0.0031689419684127473 0.03856505351497828 0.004990526757646199 0.07505709046612427 0.026389975265003845 0.027500352481063063 0.11086027214125473 0.024733806748172778 0.042480455822029084 
0.5635907870292897 0.04897697945836396 0.04199467451431574 0.08738906606745672 0.002781207931020905 0.015443603445104013 0.001246438979095017 0.18694938949561912 0.007413314405424467 5.730596509582747E-7 
0.2552071225235591 0.09895373822969562 0.031111438073726405 0.0038715569252109855 0.0592926083639053 0.0010183536053324058 0.038369963751544875 0.042935084950346446 0.06766437589932844 0.0 
0.12422229258847046 0.037657361396572456 1.4778604321096503E-5 0.042754023805651575 0.0216034646315162 0.019339756275501083 0.03861033911762456 0.12096306270655995 4.486507321568736E-5 1.2052249292063229E-6 
0.11842133524673076 0.13848797501782503 0.4422188633794404 0.052788075755496607 0.00668486490132003 0.0 0.04525022437918732 0.06503833403034312 0.015060813285855021 0.0 
0.10287219498804674 0.1902538025664069 0.16836286455189495 9.465782596929489E-4 0.04120919768548973 0.023589663112842323 0.016717010579731517 0.07302695387943718 0.02781605857421521 1.9679116598091442E-10 
0.12549895450268855 0.1979191815897621 0.12934928107271637 0.0068021146852514005 0.0026601622566062464 0.004932694572106767 0.017055125439418874 0.14404648394508912 0.03177261170049121 9.218849468326674E-7 
0.26131562913408996 0.6217558711911033 1.6076736874497257E-4 0.004009682744305536 0.0029898185514905884 0.0030806346796686678 0.02140200765117203 0.08891819418833155 0.26400792044078186 0.035334011515061575 
1.1042012586571028E-63 25.278671645909913 1.5587290284109958E-7 0.0 1.4290238596073514E-13 0.0 0.0 1.1768464075510314E-4 3.201978640014289E-14 0.0 
0.0035142281745341656 0.5216789959071212 0.012761236616993308 0.04093076004857929 0.0010206490613780157 2.7111969160153166E-9 0.051167501750796485 0.06725918930687662 0.07362685253490288 1.2062227585052737E-6 
0.299095577442568 0.9408756488019524 0.014766960962294037 8.494768717165024E-5 0.44734629879561455 3.1361852742028224E-8 1.9962858120777365E-8 1.08237079705346 6.443178459755268E-8 1.2955297450527854E-8 
7.358387625487663E-65 1.733524730964185 2.075030507197888 0.4527979273523184 0.0038782541334965734 0.0 0.0 2.1712334809225194E-4 0.14504490676793738 0.0 
0.00421201371338679 0.14385098132887905 0.0034131803680961166 0.013784887951474367 0.02418276682338084 0.014602758482413214 0.03852675030746499 0.05152607017667333 0.0636644370784262 7.574652827456657E-7 
0.08743680814449405 0.2294917409197149 0.11166389256826319 6.575915442293805E-4 0.04306380310496894 0.001832556201666893 0.00793707806975848 0.05850964384082204 0.11867418115450978 0.0 
5.76763340000173E-65 1.4459866129404142 0.04866625970939434 0.21461971572827276 0.7250982993799486 0.0 0.03443317457069451 1.0264822505335836 3.2390944987537746E-13 0.0 
0.010529135752946358 0.1506953115903647 2.1094443671278392E-7 0.018260849582532525 0.01468521373985914 0.001929366486632762 0.029664796415566845 0.11954826740166997 0.14989082150851554 0.0 
0.008819858980674639 0.17354575560311955 2.4398084314149378E-5 0.08318792584246396 0.019656656204929304 7.068919233473592E-11 0.048778127718636606 0.1656219431564845 0.0048835013397223745 0.0 
5.586308583945684E-4 0.08448672042439909 0.0020850038295963753 8.865236052560506E-4 0.014461680886793591 0.0026159757358312 0.01173767462099791 0.18990073019434645 0.07777272978048665 1.9820874475412608E-12 
1.4359231213137994E-128 1.868169180465459E-64 137.34783721503734 0.0 0.0 2.1081432927753368E-8 0.0 0.0 4.4778701040599236E-8 0.0 
0.004296976222295915 0.0013830623990108975 1.3806825990573324 0.04042913714343212 0.03236189330907685 0.0 0.006883672684732982 0.19311128466108407 0.02096833496120406 6.629619365683487E-7 
0.007455625842213225 2.3921399648275726E-4 1.2732976695854925 0.011876800459644043 0.0014645700080074292 5.381786931014507E-4 0.007400166722080657 0.28581187798745683 0.09745423380386234 2.7115456041320937E-7 
8.553951816131882E-5 0.0020782126338109957 0.8814510746465564 0.010195182140921133 0.0348502187182345 0.011223100626778695 0.022264224773736335 0.055004136478728836 0.11806460710263743 7.681872009534203E-7 
9.750750169442479E-5 0.0021404632735330677 0.6099412044115969 0.00641505698784102 0.04884383239568829 3.283701752667702E-11 0.021634202702150843 0.24503552045709237 0.020020970042981565 0.0 
0.0013035973427253024 0.0011282886395203133 0.6959299348506989 0.0083524021749155 0.04469202210910573 0.033196552390153115 0.00906080697633849 0.1312278674397735 0.02081849229316383 0.0 
0.0023768175013461745 4.1384742346202804E-4 0.5621292280358335 0.013584192843992982 0.015846968764907567 0.0014993571424977783 0.004171087052729926 0.11408098910999925 0.1461804854421676 7.233975899001956E-7 
0.06721003976677287 0.09005636323671821 0.46323440783216596 0.023826088430580684 0.0014067369878365762 0.01801704743977091 0.012436128670159283 0.28019425725962416 0.010968036735253714 8.723189405224594E-7 
0.049362116801176595 0.0868671057230359 0.27239944427792673 0.021313975581044187 0.0423232372141542 0.007340637733134376 0.009137858311486427 0.08280848691690253 0.020011615943762155 1.6344202923898102E-18 
0.08309134511558891 0.10143240964921592 0.2812530481296954 0.03969092041004776 0.007331890811323211 0.002365808953740954 0.036630599954123357 0.056161118502148104 0.04076233154994733 0.0 
2.082887768175273E-65 2.014890568372257E-64 3.746793735208798E-65 5.328516614449448 3.91021571160366E-12 0.0 0.0 0.0 0.0 0.0 
0.04636194580857033 0.14953293025601191 0.7179678715030802 0.4018123334926854 0.029905227110056748 0.11362559857968958 0.0 0.0 0.0 0.07989082828709969 
0.008860668219317793 0.007600951954110765 0.05942611662194877 0.053163474897636925 0.024409390507980088 0.008477575117201592 0.008957210751597146 0.07240770267949265 0.039205972097577334 3.70801328088861E-12 
0.0068631826046518666 0.13769913572797585 0.01915709848700615 0.10153653276795216 0.023393482828380417 9.876030471820978E-11 0.05418463132053464 0.19491656308615302 0.006147084256345516 0.0 
0.04842108684296438 0.13938908666393748 0.004097554334607846 0.11666050875796251 9.218643488247639E-4 0.03447319609513384 0.04606492755352111 0.06921506283305015 0.028783096732372886 3.3683319298549503E-6 
2.1905428230718065E-5 7.283755718577228E-4 0.31273201596811867 0.22327990951739943 0.23910369723178018 0.010399744448909735 0.03744924699995233 0.11580613449790099 0.10283607139957834 0.0 
0.01727348332647552 0.0969464290323335 2.4973145673286353E-9 0.1094808027564647 0.12253913921310675 0.002019297826001925 0.019471163875998426 0.19842015340120622 0.009659172509838786 0.0 
0.0041224132594382505 0.0054417724411511435 1.536992584189629E-6 0.10592029871406461 9.03919987678768E-4 5.087380151960478E-9 0.004762562961384465 0.11298968416644396 0.1289357849564071 9.005590833858736E-7 
0.0034114834117071648 0.0030898834981445077 1.0400193440992662E-6 0.07590574547881394 0.014379892787206673 0.00996174318917866 9.861711586569003E-10 0.3992705026951033 0.007287430494578919 0.0 
2.328634590396198E-4 0.00543387889115647 0.0028974597801638617 0.036494483782027125 0.013373804939632283 0.006234777928504493 0.0172805512428294 0.15494592227274062 0.018044923916059233 0.0 
1.469062694578322E-70 2.0236150837971074E-70 1.0133636140634588E-64 2.9562064245565733E-65 9.386605737287244 2.668918654682771E-9 0.0 0.0 2.1544182623029213E-13 7.909268378649434E-10 
0.060217909971349924 0.06504894067659028 0.1323790295475302 0.016553443366715312 0.04036547687953123 0.007318215416505499 0.0253790136513059 0.07927205269000172 0.02449604991464005 4.5021664504352774E-6 
0.05297238184279868 0.08124712515774361 0.058103466367357755 0.0032695218073998194 0.06133583828427396 0.0010485064156955388 0.020816041349357665 0.1678520989893909 0.021597776326038657 6.284020462477841E-7 
0.0029274684336288975 0.057591257332420515 1.8686714273009054E-9 0.0378519670067466 0.0657230581725619 0.01672475684968889 0.011038222935220804 0.10191558761968295 0.004273602844895449 0.0 
1.6777825124547093E-4 0.004103856910803278 0.015714877028873763 0.036302882462886536 0.04541495351315087 2.5843926625288876E-8 0.01883992150932288 0.14905674169446387 0.01735945180429477 0.0 
0.03417259807959749 0.024254710660163464 0.23908344553265873 0.0438620082863298 0.03683096528935245 0.01363601722969397 0.0 0.08657918317964179 0.04986091939804161 4.021585853307281E-12 
0.003155886205610464 0.08320421850485638 0.035450763920411785 0.011099579806612995 0.024490598872707936 0.01633741713633209 0.033719465482866987 0.05168785122083725 0.07188259374543352 5.975401892124349E-7 
0.01852013406979024 0.014342853657215148 0.12809708941949227 0.027178906348136307 0.018972892012663577 0.006167023772618267 0.02577376654989972 0.06780005501437315 0.03689803541853815 3.36678214906099E-12 
1.345729002939817E-5 3.5312781581165663E-4 0.13738291459179128 0.030428045830596433 0.036353140869572136 0.002905679637924134 0.006213042897158416 0.04446897372174573 0.14978774252072302 0.0 
0.05063563410784676 0.09467624595355671 0.0859400008140486 6.018838934581446E-4 0.024556939724086225 0.01227481985972431 0.01723765958198988 0.052104414110712934 0.15293091735718028 1.9893167565703434E-10 
3.5916947769787685E-66 2.9858435208467574E-66 1.684086092995569E-65 9.58778086520963E-66 5.277069166427967E-67 2.899338625084308 0.0 0.0 6.537738587072042E-19 0.0 
0.004517277894108998 0.08473917061507683 1.2930840560029954E-5 0.03388633310496706 0.01942699432513022 0.016253279490411582 0.030901360322776884 0.09718124805364887 0.0038675617805393582 1.2737072423587229E-6 
0.024952418030529076 0.01755807584746555 0.16097145708830854 0.01995464327015485 0.024720133207334634 0.04097268064719189 0.011100205253246804 0.08053689968936677 0.04022015927444656 0.0 
0.04348274332226344 0.00836078633925846 0.03800049417427182 0.01672303106646814 0.06266187393244298 0.039268394154909465 0.012888039542652696 0.09634757031116109 0.019829873368399784 0.0 
0.11698171548795695 0.22751657680396253 0.13086055269124067 0.006906452460635599 6.54224495716707E-4 0.05568443774253092 0.030891589929320288 0.09341869058161484 0.04729550229728361 2.1513382784896335E-6 
0.022799050181919436 0.021966179198604417 0.16195624208494414 0.03272411422657983 0.026060200509004636 0.03200122668566493 0.0 0.07732664290974092 0.06879629727997687 4.074857512213401E-12 
0.06294118184736398 0.0055885506854821505 0.10895777420874347 0.005958598635344479 0.022180716428703003 0.020729372239405585 0.02999808066718837 0.13025273097839085 0.02553157193305384 1.1247186500515097E-6 
2.1043839282325048E-4 0.0046835727849174405 0.008997126150734107 0.03463593855186963 0.028136368812948797 0.02552985636063372 0.00957451189278288 0.08037523097775447 0.02324922296999098 0.0 
0.05049832790742592 0.12156617611393183 0.06276132300387766 3.598410428356748E-4 0.02087525337299925 0.02971239453702869 0.010917673713178842 0.08006187657323438 0.15611013499304924 0.0 
0.15648436763223245 0.16752519658353615 0.057097542327810086 0.09214311994180999 0.005265031454470735 0.0372427508438251 0.0017421129731575663 0.11714696143681116 0.01210429945937769 1.0000413433044875E-6 
5.9739046332298545E-130 2.778666773261622E-65 5.141830860665344E-67 4.521611654625113E-65 2.0081270369859255E-65 0.0 6.718991888780349 0.0 1.7234497819742896E-13 0.0 
1.4813674516668506E-69 4.359470574783728E-68 2.759904638148202E-67 2.661215037584718E-65 0.5798593790004353 0.04790299555453419 0.5229055196528226 0.9953357390423817 0.04471910962378935 0.1392223094778097 
0.030541543526456504 0.0340085973761633 0.025751242301944147 0.007460753233178373 0.012713881955612788 0.0 0.04933335794565352 0.19726734057115555 0.027018441097173905 1.1793620168494945E-12 
9.129437423504986E-4 0.13733841400920507 0.0033737717238683366 0.011236046405102748 0.01901417389305109 0.014002340541273087 0.05381887228500718 0.05071726962134861 0.06849671097096163 8.966869875185224E-7 
0.0427414199902889 0.06714318826261126 0.1262112376251324 0.014043472141400629 0.02262374105397483 0.024120864860540072 0.05144561270059502 0.060843501961049005 0.02662908467703624 9.438745702721877E-7 
0.08563363462192812 0.09960860819260652 0.09288566186470441 0.0336694652312112 0.03583688402821196 0.0 0.05714013442194899 0.08880846150425241 0.00940278518486596 1.0075143553779317E-6 
0.11567100570538802 0.053711993642356 0.40410139748263596 0.0043170229533527 0.03298726263156623 0.008356563576856518 0.03828254440818327 0.13121925020318984 0.022885046140594646 1.2596742910881595E-5 
0.02825764553333281 0.10279692149683747 4.105230406759773E-9 0.014368662579150614 0.04308414037551935 0.002882552515900981 0.03852246810617094 0.09411019577457251 0.029069021309595284 0.0 
0.01150481014604544 0.31006236494015266 0.008609863362896444 0.033908548986804475 0.0019125094629656191 0.01644386438792651 0.07164593897040376 0.07124316958360852 0.021382267774392314 7.285891762451694E-7 
1.0931574500935668E-6 2.4630747423587255E-5 9.942973799811572E-5 0.008325457664164674 0.007353272130254085 0.0010472525734295498 0.031722835759996 0.17307628344125003 0.05646958606157478 4.14106003033604E-12 
9.883826110004375E-67 7.447865311464207E-66 6.6718718662004486E-65 1.0136138659864853E-65 1.2316052126085832E-65 2.427695173938835E-67 0.0 33.39293050964601 0.0 0.0 
0.11127973962706696 0.10803180454626024 6.164038853641327E-5 0.013074947542287853 0.01920786984819354 0.00472084031938989 9.22175693402746E-10 0.2736331986980798 0.02687948774574768 0.0 
3.499280154687732E-4 0.00680276282375131 0.028612619297546615 0.004779577475969528 0.015171473283031188 0.008985741605456371 0.012435367649164841 0.2844630245679099 0.018434670880901147 0.0 
0.3134859932488154 0.31733114911451094 0.030974743192142214 6.417231557939502E-5 0.035277907667906235 0.021375871484666444 0.0 1.0366534873149877 0.12681457670726792 0.0891560625155192 
0.1961124191739522 0.6779424293908203 0.016015324464707156 1.6198669970000372E-4 0.1163649271071968 0.10768913942318913 1.6076378520621723E-8 1.8760426333353761 4.9231324621999934E-8 6.885125929691546E-5 
6.646089681532477E-5 0.002121147627837692 0.006899081818867291 0.015185290937614473 0.015589487455045632 0.0020990544443428866 0.010008472780146173 0.23359792407943947 0.058755114601212174 1.52124416036549E-6 
0.0063205632690742815 0.15930614972241627 2.042595542170928E-5 0.0013291304518717431 0.021715371465457493 0.0035014168570265984 0.01763019261005815 0.2573396133473615 0.005419715134884367 2.7261132837541056E-12 
9.832790186669039E-5 0.0021013181930713398 0.5762083156793134 0.004966074108726802 0.049534961666122944 3.0486547439130716E-11 0.019844942018234987 0.25114835667542457 0.020039562189132762 0.0 
0.029645670840277076 0.027392646618483136 0.025567738950288087 0.007633650691469432 0.012548338257263399 0.0 0.03008756228469294 0.19979601531687396 0.0272483460261644 7.987280618227288E-7 
1.275377600322391E-4 0.0027100697784045308 0.01052038226004752 0.020207869055437217 0.022168336062211483 0.003248249125166327 0.01272002468581402 0.2590061789300423 0.0038589208134822235 4.226305116878397E-12 
1.661032930971044E-206 4.278232995769257E-195 3.1372124518588376E-195 3.7726779152436535E-130 5.756827430110143E-66 3.365563846522771E-66 2.4533396430369635E-65 1.3106664757249982E-65 10.968540620344275 0.0 
0.0020303810005646225 0.049869819932804135 2.7324270417999067E-4 0.02209925295386805 0.012453100252393972 0.0063682078650239855 0.016216329064887253 0.1804760779422837 0.01744813474538632 0.0 
0.0035372704864321523 5.684535185488547E-4 5.350720972983163E-7 0.008944705194183049 0.017197441621102275 0.009635201484878474 0.003359413633291399 0.13697197265538022 0.17128914338688728 0.04466073480477449 
0.055818095690187974 0.11568762765570849 0.08649906638263219 5.991371241536927E-4 0.01998656596643274 0.009225370549577446 0.01520309336101541 0.052060376029209564 0.15444785383321216 2.127745979977222E-10 
0.006279897593122898 0.14236794488054952 2.6747894579786804E-5 0.04302785799328512 0.0010356435155318196 0.0040347561661060755 1.4452014622569445E-8 0.0812194806159876 0.17667422163889368 1.839315900962045E-6 
0.005208573062262755 0.08270951342364459 0.002958441703222182 0.0011626321708938148 0.012184488032354007 3.370382546920477E-9 0.05444203655253158 0.03126848920804206 0.1424091810499854 0.0 
0.009532747601473652 0.021653778775902913 0.04860145293980723 0.004353790914075206 0.013349209162867455 7.100256619100572E-4 0.003386793700784298 0.2358543385941511 0.11647488743218655 0.0 
0.006743847994092589 0.006031406555173395 4.0485059396104273E-4 0.05846144562872007 0.02424493673101946 0.014234505281756439 0.04732046699909003 0.049430769657313835 0.20221151409922786 0.041585477361895294 
2.5751943624321975E-7 7.449267749171102E-6 0.44667454513008353 0.0853383930220105 0.02246141708929536 5.5966323995410084E-11 0.007309122277121126 0.034618801195450605 0.24926372089201312 0.0 
2.040684608936808E-4 0.0047021411071103076 0.017586275829827788 0.040898938233844204 0.0020038836368197347 0.0027799442674572737 0.009641720382443226 0.2723380454839593 0.06924196803450476 3.1607914112624973E-12 
4.73040424890196E-138 6.565208013256925E-74 0.0 1.4502638467105252E-70 1.7988973803618738E-65 1.2996090133424376E-65 0.0 6.086537603290994E-67 1.0998463019667549E-64 10.01172336945065 
0.16686121803823237 0.03962082792665233 0.044680804937776396 0.04326484942304105 0.04104959717369097 0.014877867621361725 0.0015639157608826693 0.27270280079705683 0.013896714157387387 0.08641440475888712 
0.19707360151909634 0.10251381246499236 1.5550211718994629 0.02089277476410076 0.006107866798772181 0.0026812334783195314 0.03266535435696263 0.21623100433984507 0.015233304408291409 0.08040925531824127 
0.004457198435990387 0.050020264033504035 0.3704466952528133 6.681912626554558E-4 0.015059252898186907 0.004321073856730936 0.02088023562226642 0.2522355052223522 0.02126462349271557 0.11853298221200005 
0.3748288857679672 0.1366731974394221 0.1003006936536458 0.10028590094752607 0.006274306911046374 0.004355619739442321 0.002037807616863568 0.209661434753385 0.014616787775717874 0.07195820480975161 
0.23594602279622004 0.2664026151917072 0.4419195110984758 0.025777047157102276 0.15491304121007463 1.408270253746475E-8 0.14206196984902356 0.0 2.6840086856467894E-9 0.09689144193441991 
0.015270252450643384 0.3167911638509769 6.594667916816132E-5 0.00889658077224083 0.05310385720760625 0.029020321631798903 0.055897253366308984 0.22095779856334352 0.008793394842205147 0.06872993364945365 
0.004412231308338672 8.002534713008222E-4 6.302383502616638E-7 0.019450330254686395 0.01981066304017418 0.012712243952703026 0.018841662194256217 0.20082487901033647 0.07513822375315947 0.03489220105523282 
0.01610300716778166 0.0027032156173516114 1.3947868963190935E-6 0.04770820942893085 0.1005026002995547 0.057516497798466674 0.019393213224567777 0.0 0.23039941991664709 0.09674602289798706 
0.15872881465022826 0.12316470390609342 0.04910194914097868 0.0010869064069428766 0.07962224182539888 0.027785245997666717 0.027189742528657978 0.1297774574573409 0.020897939530287353 0.0429057865294036 
