0.48396606385422714 0.31994434420887524 0.02826276071534354 0.08718558743091506 0.37898986940826274 0.4115568904495618 0.08587942028019398 0.48302903391363927 0.38814796363776943 1.0196434921822932 
0.12483438288064379 0.3267591298194639 0.06178638943685452 0.02822579869377896 0.29114150807287814 0.4228616866105566 0.12159431969365722 0.46222992589629797 0.2984647784643453 0.9365613796583261 
0.11442349987093067 0.21500272773071288 0.015982070674646694 0.10908891184288473 0.33862540701127997 0.40072983881643487 0.163097933364197 0.45250181401386624 0.2872779833209884 0.9534377651313283 
0.11196669180410813 0.27977056077156764 0.06790296873647825 0.06785251668193314 0.32072022268084954 0.41146036222145466 0.13815870318770865 0.4573950432500069 0.29730141911291075 0.9494801740278019 
0.05096264394115652 0.45011348172710086 0.0632275811817968 0.07365327448422995 0.2577798609804785 0.4816632269990109 0.09062995000334345 0.40642147625334457 0.3616228923723995 0.9353602311450498 
0.035870110394562574 0.3805001166745696 0.04724590787702135 0.10052915406455867 0.32670886336929983 0.41793189285487203 0.11437040789744712 0.4631336713199895 0.3042267953128511 1.0162464711001056 
0.0454251571851153 0.31388661446888044 0.018747387825107174 0.10184575416983219 0.2681450563136816 0.4252855390938344 0.12407694566782629 0.4521605209802765 0.2977359007170127 1.0276818072313973 
0.01384664965816426 0.3291250708499843 0.08192706402206525 0.13600005520273264 0.2763899923455274 0.4217070850776033 0.15567364048162619 0.440927720799163 0.31967318135161726 1.0020428375133994 
0.0641995357208757 0.29285291607625896 0.08901244787587173 0.1071121836638203 0.2884253258290346 0.3601840477016879 0.16011008852235134 0.44205082417072594 0.3050708204352634 0.9342453227770502 
0.09650616312216466 0.30662311240455653 0.01375718694161193 0.09657441631342296 0.2933531841007452 0.4370273912223972 0.17117566413226465 0.46394276861320105 0.32510829073546105 1.0198661783250016 
0.032445525809480055 0.26374037575071574 0.4111376698406901 0.08030038498073291 0.3207302984905992 0.39789889770274584 0.1678392508944096 0.43611591580385844 0.30304181363464894 0.9778176353534311 
0.18735494709512562 0.262802603615577 0.17540172047843106 0.02475426129832025 0.343183674963498 0.4363245606974068 0.18106700056085867 0.5023350303040429 0.23617561479477295 1.1085326650706382 
0.1734145768458804 0.34427221812965786 0.18793118695178745 0.03747415401926405 0.32497213788862633 0.41464653373797644 0.19282338001381563 0.4873405162618335 0.24651203152883694 0.9898532800387994 
0.032859365919775556 0.2555513493091437 0.13195156583496104 0.09702659755838099 0.311726417663924 0.3615753268185481 0.1629829594149687 0.47926253154815324 0.24994521964603122 0.9737793218918129 
0.0196872711473535 0.29622295090255946 0.1380368054759691 0.12426298371121551 0.2500868216035155 0.4066719996030512 0.12551230932193624 0.42016690733279005 0.35228458080919317 0.9901658817630167 
0.07224896885139545 0.22187324331432207 0.1315201297749074 0.04605648836685819 0.2573464355474662 0.37236975753915647 0.09770590102906504 0.39222534062767556 0.35914054576428606 0.977902919836934 
0.052467049992610995 0.32340182561167696 0.12039594364840536 0.08381602080523196 0.2644943755637704 0.3661939432606392 0.13819112998924543 0.5175408584146778 0.24472779178443235 1.0514958503211556 
0.08256757078984692 0.22335370673255542 0.14578937832078212 0.05687093358469026 0.26177975281812405 0.3827494553155036 0.11014621473587542 0.4919283395049272 0.29756313893547615 1.027256294868978 
0.14027096981964735 0.2385880390322581 0.01996099795152006 0.6850227688385876 0.2700188003740609 0.38509632945084893 0.20331062088257645 0.5160426757169074 0.26947253642233 0.9314807577638959 
0.06315709050580308 0.5591557818518653 0.03992651347113109 0.5131417776853707 0.30185359216474134 0.4547235119806245 0.13632886521309384 0.5039801571020055 0.29142276560218483 0.9346791145930888 
0.08638133368957714 0.24939465496734006 0.08076722078857151 0.19985650953128833 0.27145862011923005 0.3939458669300224 0.18633022502237404 0.5395188482677613 0.16276990817257017 0.9355515860619318 
0.03172725840920168 0.272796508431073 0.028379583222274338 0.1459502526525558 0.3212405624088992 0.35286403076366246 0.1268024157774776 0.46156522822879786 0.3011776683083653 0.9392561790239512 
0.03617600381730939 0.22446772306120147 0.1268235734474104 0.1701964755766263 0.25654322455076367 0.37507658515681525 0.12528943009369853 0.3903834121335757 0.35593913517595754 0.9839155375710862 
0.04074450629462051 0.2995699679894619 0.10554062391612937 0.15424374689250994 0.33875105361048685 0.4385546201503765 0.1550148122825011 0.5630048369102538 0.16041756695815937 1.0052115531341048 
0.022312970834450316 0.21589591611207326 0.03277262450530177 0.13302376773816138 0.33987513375649364 0.4762332587204249 0.15540598116716348 0.5170598017790424 0.2514707001741199 0.9380508250981083 
0.08749496108632086 0.2443551419102142 0.058345913222945384 0.1516465035741499 0.2673667389623735 0.42872009086138363 0.16781073703185362 0.5172461466338536 0.23543325405188328 0.9524542776202413 
0.052858220154873105 0.24420676144943831 0.040345710545387437 0.023073048796334754 0.6768573071907447 0.5164967520100697 0.14046960095853206 0.4221797209549617 0.349709807993431 0.9614883630465227 
0.04225023580713745 0.22212280569781642 0.028174903449840152 0.05534112004613756 0.4428221249983749 0.346546967256239 0.13142162677625324 0.4949041688463396 0.3043598487690018 0.9607745456429277 
0.018920053833723978 0.2083889337310523 0.09865217983711592 0.060692211487495276 0.4549956535244156 0.3977064702477524 0.0869406979670097 0.42976436554756225 0.3558946851268053 0.9450106279078344 
0.035304788471326246 0.2807912967137291 0.10082258186631747 0.029391815270760808 0.4184859221762406 0.3709371438418629 0.10796296748421025 0.463777327675838 0.3269813658927499 1.0011010622627183 
0.026265305038328024 0.33058033103702406 0.06399214862845813 0.06190050058724432 0.385725628807851 0.40895311860066563 0.09992698926255843 0.5217000147195123 0.26833721745570227 1.0131448280887922 
0.07701859607244624 0.24887891325858416 0.05629751626404901 0.05109631086680934 0.3707963602277767 0.47607034383813546 0.13982575681810924 0.4912797104883097 0.2512887548164442 0.9807030255079475 
0.03209302490388282 0.2798500379855085 0.012794933778952949 0.07705335413975936 0.3985649657477621 0.4532023656542431 0.1854633496633667 0.389076716817402 0.35179482418417785 0.9555980036302122 
0.030670159309487435 0.27290294993772496 0.039013451892547506 0.037915258346691134 0.3465930679487607 0.3746098362974626 0.16337440277527066 0.5008546729236005 0.22510281801819623 1.0421080979844881 
0.13830807520232613 0.3358223476034213 0.061469885030699764 0.060028025785875225 0.3813952940629118 0.39384298482050584 0.1449441907798394 0.46909507677214834 0.296281301920305 0.948282903768786 
0.04580298447570335 0.4355949071822197 0.03713127443005871 0.09368715863019186 0.27573550682560943 0.6524524514667355 0.16261631788966538 0.532153036062009 0.23290789812192098 0.9734914630555638 
0.04311202671416496 0.20878224268994705 0.04272149841166367 0.061467992364218654 0.31682503147811863 0.5136466561840606 0.11548072319732948 0.48501344413868375 0.2973134783420156 0.9712932018831151 
0.041258782429222866 0.20823881069432285 0.05107920944971567 0.035013416269292316 0.33150604953803514 0.5547616981813652 0.1953168652972596 0.46405901600636157 0.31486731359261844 1.013112523558684 
0.0731247506135615 0.24971737447071551 0.10565756672383406 0.04675321489151945 0.26611031091699805 0.4778447519425352 0.13303516978533172 0.5058325897651007 0.2561546933621629 1.0018478104806685 
0.13719688836015695 0.24798829001318035 0.0767415784669243 0.03064361819480125 0.30243875564243256 0.49558670495835955 0.16363881998287155 0.5323549886471401 0.2171795411436607 0.9709238112406012 
0.013382435801336861 0.2567535936735554 0.05474090685908706 0.024960534342149274 0.26287717955541523 0.47892355360704775 0.19261775039599083 0.48073302364181303 0.2739828272016188 0.9511492380796799 
0.023127063858944374 0.21354063665195328 0.03497887968341756 0.11997201147541002 0.33994907922304685 0.4737936550937475 0.16410993501509424 0.5117398038372362 0.25690784962982455 0.9424241119325492 
0.022738134037979384 0.21964091583764087 0.02256144722023912 0.042917332527685786 0.2838315483512449 0.4879593560239093 0.2407072465102752 0.5080531176989329 0.1683239261044365 0.9949024737067618 
0.01815401730648607 0.2598847475023599 0.018793281898502125 0.07668228847557651 0.2689957664059506 0.464543731771453 0.0963491129571181 0.40355395878931954 0.3490808990733009 1.045838351396383 
0.034705639728915154 0.21547570050811954 0.035492840809060136 0.04644052695268302 0.28664528082096935 0.4084861857672277 0.21366385718902633 0.5177307144868875 0.1612381886146532 0.945683106081035 
0.021146556284618458 0.22365744463837575 0.05551694583691426 0.04187955849983527 0.2573774798689186 0.40324187801321454 0.1737548969576716 0.4965962983515292 0.21649594142659026 0.9549976772191818 
0.06608681674043577 0.24994237979164588 0.09194928799216281 0.0699367545152979 0.2783974881029178 0.36909621031584317 0.1848440767959736 0.4977941062981419 0.20804233268198666 0.9594704652922877 
0.11003457884364953 0.29560293759997586 0.10641656999654649 0.04189802428880356 0.2684286375706141 0.43309049782682735 0.22524861713553104 0.43765416143513514 0.26306121399401666 0.9356688041653317 
0.04004394213017496 0.3096122781052623 0.03348516982829765 0.0844434955316889 0.3254265008969258 0.35199103533377796 0.20879353464595163 0.5504721631329237 0.17676103527512085 0.9646193494458932 
0.11482632140135306 0.39689950208533703 0.08587161190014057 0.06111779290843758 0.2780692590462915 0.40612843026498924 0.24298645801002725 0.45844145498889843 0.285125749629235 0.9276797506291741 
0.029906377744794994 0.23841478816521636 0.02188577666395415 0.1025578977659808 0.3423878505395395 0.41623309812371034 0.2189418750168668 0.4988346494642945 0.24342637404729345 0.9646685397236935 
0.11069749918668632 0.21489519845083577 0.016188551688384664 0.10174955426030785 0.32191280339899697 0.3927542324200525 0.17892058168424324 0.4497402143652137 0.29210198913475866 0.9449799887480758 
0.032848842463780364 0.22683628789703084 0.048011232977578026 0.11466526485834642 0.3355575967614081 0.4258247391705 0.17407009793840444 0.43704902294644077 0.3180219001354899 0.9501083272584796 
0.06172333359499894 0.3159625210055431 0.060297642042945326 0.029920788039272898 0.3015954403318671 0.3693599850564916 0.168083522975253 0.5002576154431124 0.22443604165552827 1.0425290348758374 
0.008507619071198411 0.23188502415997334 0.032603243107362616 0.037151191361849925 0.2930085264752198 0.3820987092639838 0.12342194299934546 0.5652336291193272 0.15325562691966085 0.9556872880920603 
0.11712373772835093 0.26812796862701116 0.05827396016401684 0.02542312348510427 0.286152149510921 0.40976373027548096 0.11150222169591427 0.5418941577176529 0.16113999621396458 0.9281815833061988 
0.032801389373068826 0.251223215184979 0.03989126702613968 0.06707193347463111 0.2926407296105863 0.42483763473368674 0.11717200807342365 0.517681532254494 0.23318455709675245 0.9516599530536898 
0.17230423221715035 0.32103722833273424 0.04665953036205571 0.12388657453640105 0.286792900057003 0.4350353473960152 0.15942531549230718 0.5594504108814385 0.25863769777155127 0.9646777373723758 
0.02532574784246882 0.26554102893577997 0.0411493376828292 0.05349618932425091 0.2727229065521103 0.3841254387496303 0.10466308215307099 0.47142460544181886 0.28983103082578143 0.9351585340788757 
0.019403625351350557 0.2132498107947484 0.03311350923152205 0.03353943085243723 0.277324315549375 0.3607478445873218 0.09268799695870214 0.45545623117573986 0.32568943909232745 0.9558540458212988 
0.10699905652490821 0.22250414229455925 0.021537095220326704 0.05462850786982447 0.3165699506468359 0.3479222224234273 0.10977819492694402 0.4576356820210697 0.2896125926726027 0.9605819904850547 
0.09106538375167994 0.278003249543786 0.10616871293658332 0.07357456939351756 0.3060965135893321 0.4179357973494569 0.10408892088436511 0.47374795132257097 0.2975434563436371 0.9464673551763931 
0.013911498510264152 0.4937770611119855 0.034158836120658634 0.037391229996675115 0.3607986746781268 0.4175569989397973 0.12554241130876762 0.546478523883599 0.26426140939295506 0.9578213449184403 
0.026071536029188117 0.2143199400170979 0.040706904263254316 0.033898845829716466 0.2732580564146244 0.34380654085634743 0.07159636436238034 0.3815778268160965 0.36934650339757047 0.9495092386063052 
0.07638498557330022 0.22600259556156924 0.10497813130036059 0.054961361951862894 0.2473502762378456 0.3566044458582395 0.1099427456761825 0.3887042392534624 0.3692820025873531 0.9853877411305294 
0.0358749541850223 0.283930583992909 0.0466862102212647 0.05605186877407987 0.2461511808255109 0.3979165976260509 0.07688689788739088 0.3571805316051502 0.3763367845676201 0.9399361684484245 
0.17858757308019305 0.2565842333227563 0.038637820876110174 0.013935103390841756 0.2804544909908238 0.35154922444216335 0.06682374746783773 0.36853062969122974 0.388515655965236 0.9297572988474607 
0.017506584177531256 0.26583546798445806 0.023594848752574445 0.0773210860927731 0.28369076247452585 0.34442011386321403 0.10000897679723669 0.4163267915793294 0.32171367378747123 0.9341194983751507 
0.05153800088865532 0.25009819375517256 0.025031939146580775 0.02357197064885759 0.3173835214570442 0.37322108231650236 0.13006545215054255 0.4120927751883686 0.32095058280219374 1.020686797263812 
0.1171854525540557 0.3411642437304507 0.07860051676859948 0.029711627171953768 0.29483138912149576 0.3616985920727899 0.06468910642369637 0.3930534683097504 0.3662799644212552 0.9884726718105066 
0.05671158900517091 0.43646528092058 0.0250630929252091 0.06199399930365894 0.33050515628349714 0.43612307274126455 0.10003817709345621 0.38048462414636763 0.4005821579582771 0.9718986289194557 
0.029217872156358557 0.26004112036762617 0.04570797020097546 0.07323004129580019 0.30718290339686705 0.38891350588576185 0.1556729250029973 0.4488853541529372 0.3180560254890079 0.9440809492856542 
0.03596547394632624 0.2797687728323249 0.05808831250694071 0.050412259692850084 0.27401659144973367 0.45384431753122495 0.1484477384264793 0.4430196740211592 0.29499273167594575 0.929815193721516 
0.024089543352376494 0.2516619026055058 0.04705417984212873 0.06289933319829229 0.30276754700029673 0.39651923614227225 0.15134865304223324 0.5098579958756537 0.2653727656231035 1.34699110260439 
0.006471477450254048 0.2546852798982988 0.0223654848199977 0.0713860499371203 0.31462436520205656 0.4398704039281595 0.12153985113654293 0.5168261608621227 0.23841902702181203 1.0572051466033223 
0.032388668713261334 0.23035797651312231 0.05106978193883752 0.06533534915267773 0.2834677036136366 0.39700699075974666 0.10804064940018011 0.4933268680509172 0.3201738348884698 1.0945741200459496 
0.029109947839557875 0.2530787696393782 0.015066945323613178 0.08463463834766645 0.2746515813501009 0.4257034958067542 0.14632554651117965 0.5102100820664655 0.22463327383341952 1.0614285930855902 
0.03367458684759282 0.21600026371298134 0.0821785830693516 0.04775894472072826 0.26899014586374476 0.3631841411155701 0.1377288132623505 0.5138982215771057 0.24902654352959472 1.0592844996406001 
0.02467593013797037 0.26458946360791197 0.089652690778891 0.15044562897975475 0.25368438371822105 0.38865124359758235 0.15683013399952156 0.5299059644554094 0.2828601553833718 1.0934114275646318 
0.01555303669949726 0.2573098995936803 0.008970618398984845 0.06077957108747846 0.26440453658491664 0.4265282028990699 0.10387941954134067 0.3825354378499459 0.3534452324485891 1.0738014911158138 
0.08635459275623718 0.21899056034617564 0.02191277408212296 0.0858482115652446 0.39599977253972535 0.48646300022733685 0.14248964663255337 0.3836484260876126 0.41330604551995703 1.1221127687528196 
0.0342256863312169 0.21283997912064143 0.045216521356124716 0.05763197167514407 0.28710924787767644 0.41210355770796375 0.21371508469207098 0.48802168766359544 0.23575113622830343 1.0622913255796247 
0.040478951682301104 0.24942429550671635 0.09543684062591942 0.1280129461919416 0.3399330834502404 0.3868673980179402 0.08390840082766286 0.3798381768964339 0.34773833898760254 1.0769071660957144 
