0.263099634560693 0.04584469742445406 0.2710190481833704 0.3661865669408034 0.13833058359480496 0.26979725750262934 0.09185154540292259 0.4295238494780483 0.8036047557997701 1.095321682820659 
0.23743098217579547 0.02743738131172614 0.2920502188838002 0.42666488738676156 0.06441732170481408 0.2552099571496414 0.12352402458403107 0.46262945521916726 0.8525356755901201 1.2188594531079953 
0.2256157547489559 0.04029902610677226 0.28346621652611065 0.4217858257368495 0.08110193114958728 0.26333641861952833 0.12349273453852139 0.5852135701877397 0.7973902646622839 1.1752632552356366 
0.12120222959055978 0.025875403577348424 0.3137979276764105 0.35591305742690516 0.04593497310112546 0.298053447752557 0.08750702899910857 0.4723802054583427 0.794332098446324 1.0871686542663772 
0.16128713724001836 0.01986063801963525 0.36782937251723496 0.39851074472830195 0.0982007256226766 0.3668462196104271 0.15630460425280196 0.46749065845149695 0.7731169922846215 1.1756748312468472 
0.1034596872122073 0.049621367817677224 0.30511303069607726 0.34694732744255535 0.08956694721780775 0.2917455407274334 0.10802610895220739 0.4568672307619522 0.7810496495124458 1.0984338037077341 
0.12463017187149016 0.03272804927801306 0.2689416299418586 0.392269180072686 0.10536762354578526 0.3603929399855517 0.10156066101993984 0.4469383093438202 0.814278965501497 1.1472473928519769 
0.07951603554037519 0.04275282933526536 0.2887570180787332 0.3529622204941091 0.08077728267009993 0.33641198171178693 0.11576663268299694 0.482655500255781 0.7678095242931093 1.0625652490398032 
0.08315350230057521 0.07925073942865324 0.2676639191979533 0.39129095185808355 0.05292911676971744 0.2808752921637562 0.12309559984108595 0.4907917032014183 0.7666234497125034 1.0983679385296008 
0.03207138662551919 0.23092273762608317 0.2784003013265013 0.37465539767387235 0.0488732184837551 0.25694532619550475 0.12176269187111735 0.44404978580631804 0.7937376906797933 1.127717735420943 
0.029726284466251206 0.15293549381138777 0.28962999247757254 0.3868537001732754 0.05691702289356296 0.2725623097438554 0.09959625323375523 0.4630974487208055 0.8047238174807754 1.1893478279023824 
0.016591328752073285 0.14615885928502462 0.3029138554786529 0.38557755463897586 0.04136989881673026 0.3472909331211059 0.1322294212377411 0.5329792035966048 0.7629720007181688 1.1144483983529527 
0.08881120236209272 0.1425086850224948 0.2928053842643144 0.3878599778818014 0.07356632091511409 0.2667842596675063 0.1340281927350454 0.44592522275851504 0.7965383120253849 1.0781981400118776 
0.01777699550233981 0.10986442386140197 0.2696772997007593 0.38098039844433357 0.03645363429967518 0.2761161833927588 0.09592016778354774 0.5415075828447664 0.7983113220802451 1.076773699122511 
0.03961932475557405 0.1158461497986683 0.2724284199045733 0.401210796796976 0.05779849390914765 0.32781747965713326 0.16239518282126647 0.4596024588382528 0.8096000004738733 1.1033111523394101 
0.02778833072838224 0.07908007216850263 0.28895874736364363 0.3550033329659098 0.050327283681626284 0.2652262923931148 0.09980732583864452 0.47083523022457124 0.8026627761214951 1.074094514615748 
0.06777234360568425 0.11016521413355142 0.29597629332236 0.4034921594164545 0.0759283997334238 0.27461354346029665 0.10775240733901958 0.5004666808677043 0.7783484939254022 1.1058672545503354 
0.04407060041754939 0.09095360042043674 0.3329248069694924 0.4120113322449753 0.037272151749462676 0.2629530088049428 0.12752000466888316 0.4388881543093879 0.8006357742824746 1.099020101300876 
0.0745639221326589 0.1095416547439176 0.3031436661954142 0.4365087887093597 0.13100776755893867 0.27971371217826985 0.08924039313246168 0.4221574755172586 0.804830553226564 1.1099631895768196 
0.050003793097633656 0.04513755100965641 0.6611744566906177 0.3671434088557253 0.053960845730564796 0.28987647335912337 0.12584970643722762 0.4643256065293446 0.7798495284767877 1.108950870278034 
0.054321238815322206 0.03528543582033916 0.33414491172468785 0.4026314405550536 0.10653594399376702 0.2640472089949673 0.1542716960428573 0.470903527874481 0.7708881026286424 1.078798027131156 
0.014544349912082841 0.03408911610943739 0.35685156996708034 0.3618526756423151 0.0672429599909036 0.27030340687355725 0.17051815836499565 0.4884999468312743 0.7982238595072433 1.0945615721501236 
0.01733751865320426 0.03708129596564257 0.36117580107229275 0.35046185817133507 0.05161377252737248 0.3911758306659133 0.14536336918863738 0.45748265884254136 0.7915273577290345 1.06048442170789 
0.04470357461058664 0.047715994395310206 0.3639669593019981 0.36849466347489923 0.12521324805366646 0.24986835759683765 0.09777179471186012 0.48251785901067457 0.7983412987352324 1.190027466738412 
0.022304873712303552 0.023632943976067997 0.38967571806994733 0.3718344849688541 0.10105365645775102 0.3025967084562534 0.21468845349127166 0.5660156747737534 0.6866438031457914 1.0691873787672228 
0.07226415789610469 0.0674637077067051 0.3551473565037964 0.40053915057216655 0.0370972953687031 0.3490652140882562 0.15374694276733092 0.46193609253994483 0.8031026003473585 1.0771580309449722 
0.09190242528725502 0.058307786621343734 0.29729811281539037 0.7346615560508518 0.031275221431459034 0.2795274566234565 0.12935991016286388 0.48524335911617617 0.7998879462042355 1.1788776183606622 
0.04599392296606929 0.07600027182084064 0.35671447555736935 0.5002436455655765 0.18031118883681468 0.39199842776337057 0.200583482019781 0.5755987054335918 0.7243897124214871 1.117807141073273 
0.016014340408967362 0.008073994879254795 0.3430614892316481 0.4361887491655815 0.03526381353987406 0.2769322623930033 0.15786703719756184 0.4195593069893234 0.7982117274591787 1.0756639727859962 
0.012421106372082245 0.0420757317361117 0.3186158342482767 0.4184973293251609 0.0698301937721311 0.26640915831516987 0.12991403368635956 0.5015470131473434 0.7608594514502021 1.0565801680788083 
0.06484919944894937 0.05442762048367105 0.2973609986423052 0.4194986986560146 0.06388763918159852 0.27594010275648795 0.08417792814714864 0.4208333135693755 0.8066016143939135 1.089432908703396 
0.09017394951408386 0.034235304438726966 0.2752732395795839 0.4399518738536563 0.08638783456457028 0.29816193138813096 0.11820204570763965 0.4841885372911894 0.780462792820735 1.2015782313413887 
0.009703322404349062 0.06893892030194158 0.2687042242544015 0.40584866698686367 0.03902837259064924 0.26418962150132025 0.11575559704515262 0.4439754416556507 0.7962138634430337 1.0564440044982915 
0.0816969828449694 0.028283747669747845 0.2822233007961481 0.4151496988584318 0.4538951194068011 0.26875530884826626 0.1367577770763189 0.5454594712725257 0.8123222389929844 1.0788538845065574 
0.10156516257718438 0.13259378481177972 0.31467732271379806 0.397811948420699 0.2797009976487494 0.2708923582774894 0.15944174264387012 0.5060521652324244 0.8263285855747815 1.061593645611738 
0.09228868837756114 0.03773939098341946 0.2805573062267711 0.3506690287167417 0.16276407330501355 0.25853243154313615 0.15718352292746984 0.4259182425887498 0.7908635183300307 1.0692815791643118 
0.05477814071493345 0.1163880083467279 0.319102423291594 0.401948673499594 0.30009969875033926 0.2920661243797529 0.1949722807674245 0.6608161996895476 0.749415256219993 1.0723492850212246 
0.08460571934772593 0.01180678377004107 0.3295367136164341 0.3749658591484542 0.16058640811712427 0.27720101621741194 0.10550305459755593 0.4242569193395007 0.8027096054127407 1.0650577782494755 
0.047598017320391685 0.025206160461425473 0.2797350216168767 0.37323287523149395 0.10993922282643898 0.27510107220192426 0.11266427510681784 0.46653508002859173 0.7720681388648902 1.1309278115431487 
0.08032307955466104 0.06866738436585332 0.2670955103541534 0.35955638324440864 0.1395079777102976 0.36422523686486213 0.1766644978495086 0.4409746651944682 0.8131979149531343 1.1280579819000183 
0.09444763705690656 0.039086188221295275 0.31440565299396395 0.34558145298686244 0.11368288779104405 0.29840707582365933 0.12325908293072597 0.4966457963076551 0.7537262438236483 1.116907264242884 
0.06331006234389672 0.021653771603240057 0.2904677975610741 0.38462782580273547 0.11235203138451656 0.3527845401504269 0.11562535184380739 0.4890939372913705 0.797927004737597 1.1185533442661573 
0.019006380247237147 0.07005033257405471 0.2994387801517587 0.39091651419100043 0.10310783960676154 0.290371563106548 0.11500993290725764 0.4737189901259399 0.7786752341672791 1.0886055093119245 
0.05481629698614198 0.04474784425786367 0.2771070217717869 0.44672321927450936 0.04013446296151878 0.43832723873485707 0.16996636272985854 0.45884486322951684 0.8140755149190453 1.0685287273564406 
0.02554162142683153 0.14732796633939835 0.2873970066189741 0.41371252230114197 0.0658599181828039 0.5257846938012909 0.1903217563433609 0.45351488410166385 0.7897734531714022 1.0734434105883022 
0.0708997690099266 0.02785141234627945 0.32114194353612524 0.3577353243960089 0.08231921905864548 0.44089382403971566 0.18153506602051583 0.5290094045871948 0.7608035564416813 1.1113088749022038 
0.02259661545127677 0.008117093893843933 0.29190282862612354 0.35221323757259526 0.08389690314137402 0.3470977616618481 0.1083489424842529 0.44191872988658615 0.8106672728045077 1.075960528991925 
0.05024498356724047 0.009318392082592837 0.2946129162165603 0.4193355216902773 0.08379180251366411 0.34488155491085204 0.1161304522186788 0.4670595518556668 0.8097485263518327 1.1171938243462467 
0.03705828006754879 0.03885798372487282 0.3183860914803579 0.34158171176930086 0.0446650597118485 0.33186667607982606 0.11852244262151113 0.46765245134373834 0.810664317622276 1.0618906258133638 
0.0585305308277097 0.018062134567221045 0.2837593968856501 0.3645716214536993 0.04872151106079137 0.33638265034088344 0.1524841004823871 0.5272596766672313 0.7771690685046972 1.0593703366346134 
0.03169238405510289 0.07836744442812592 0.2750334218653679 0.3808388303403012 0.08306524485599578 0.3620525712452299 0.12270356080053595 0.5258313515453507 0.8090263196080346 1.1632883553910713 
0.0396711715007558 0.08476187784163289 0.3002821944487495 0.38296856763800274 0.08524487484533748 0.3289138342318556 0.11957031868881321 0.4835756101595885 0.7854051493098062 1.0818485309478025 
0.04361644645878702 0.10717216379744529 0.2712420774412609 0.4349571748761774 0.09498394244104671 0.2842173326122471 0.24763828923360948 0.4846535816376833 0.7729963512749973 1.1028298272224402 
0.07690233902322832 0.04982778050195382 0.33080663129889165 0.38917664297720994 0.05796295847420145 0.2973313708310287 0.15193671358572874 0.4513503288999108 0.7815684470964018 1.0781295515231522 
0.041596407050065454 0.047661238109593294 0.26598852866888323 0.37240581645034243 0.09261223407722685 0.25717353063841913 0.16359568005322478 0.4294211595250548 0.7900283445165228 1.0680232414624886 
0.07275829465509516 0.07519717737970244 0.303362076669381 0.39611885522431106 0.07363176332045876 0.3672206986721868 0.18848388400298322 0.49708829714685565 0.7560665133339386 1.1024138263424725 
0.027022312108040965 0.046741696110720286 0.309786422219972 0.42755620489715207 0.05802170192395596 0.39206454070158336 0.1877080718068898 0.4950980162327172 0.8044323490255887 1.0670531714890834 
0.015289685566964892 0.015251551735724735 0.2736171499498896 0.33938272953964277 0.05284536305451917 0.28695904207444056 0.131324499096645 0.4714046386548647 0.7741869848890461 1.0711461627296528 
0.015029085696124999 0.022661464035178935 0.2697712032497569 0.3763576520671763 0.04769313478992551 0.2692929649200105 0.1557886313259465 0.5003699943259486 0.7521737200463371 1.0822156165433663 
0.06991292403155742 0.021335094020934125 0.2817210680986958 0.3706862305334404 0.04991808615957194 0.34523078610822894 0.1595558873271765 0.5131245759564632 0.7857813873171127 1.0657097647996103 
0.032333598019716546 0.09898297423767388 0.2721779520217938 0.3950390296655035 0.061165245700172004 0.34083649778310915 0.1743608500870174 0.4468421667279082 0.8029818577841257 1.0949447582786007 
0.08703261766075761 0.04431896835494934 0.2935456117065361 0.3609095077744858 0.18338829200473547 0.26607398374949454 0.17842573460400885 0.4954928919005407 0.7618946299812728 1.058702135471313 
0.0414226666636555 0.021584115356720543 0.2917737994362725 0.3520458141884432 0.05542471518663701 0.3045558740286746 0.16594039362454274 0.7827862157753778 0.6790856012337512 1.0785724839892008 
0.06758774438632609 0.039784063388081894 0.2947663590184604 0.34649951773765786 0.03216236576330391 0.2938387384675958 0.09465364069286739 0.5533677944267774 0.809206006562354 1.0679699869425385 
0.028682716298202987 0.026004769632531646 0.2956312344842181 0.3860605795140692 0.07163681477161307 0.2664683205832129 0.11948925111297837 0.4960387755448862 0.7770386613586665 1.1222524397641225 
0.050227119499413136 0.1302808855492179 0.29168159908601227 0.3953121846599829 0.13939957817535625 0.29951002402975047 0.1795598043073281 0.5620319713222712 0.7598222226163283 1.078261012911815 
0.06408732859571843 0.04309465993712385 0.28463690637873346 0.36656327135947225 0.07167966718550577 0.2766702248026334 0.11705561095985183 0.4789273264275918 0.776951370825307 1.1072789826130862 
0.07104718300831969 0.08300703517196269 0.2876944131892819 0.39727575284894995 0.05155693293590208 0.30049911720819034 0.13367543106879556 0.5011721030338457 0.7569551567330228 1.1685664317323723 
0.05650445041636738 0.04878313332481059 0.27610153579663316 0.3800048249452272 0.056118733402505276 0.2888937249289807 0.12553271388484794 0.4791631103679671 0.8111357505719268 1.0750594049789357 
0.04482399439634325 0.05304242912781607 0.283455759222835 0.36208179958524417 0.045494928343630454 0.2871381457523495 0.13182279854734474 0.4703160078471855 0.7716287679423739 1.1287830001021057 
0.020049682966625286 0.0269654114190733 0.2729239611374876 0.33943171291774965 0.0361691288001972 0.2671457156430378 0.10718923326321259 0.4218058409824239 0.813933392896772 1.0974995208719969 
0.048281192096036235 0.035192649610605094 0.27557017781882814 0.37268910035806363 0.04242831340367153 0.3055944038938403 0.1298405847387545 0.45523652974993967 0.8053766091817766 1.0946760404056 
0.06848488199058052 0.07367551689196755 0.3024847219145011 0.3922602977357411 0.04077520638251591 0.31785043894384446 0.14233544296348621 0.473049787971118 0.7940022591121527 1.0722311287037414 
0.08704702699284404 0.06515016431653503 0.29128681408540846 0.43293838643355187 0.04836525341357811 0.27433149295634784 0.12268550857307922 0.483194491143603 0.7924495517687087 1.483207817630241 
0.036894523378881994 0.01445230075534463 0.303206309269174 0.3625157837944604 0.05229547779252293 0.26279390742622893 0.09965894013609138 0.43009117535884256 0.8029731713884065 1.1810932237515692 
0.13396777409949495 0.04796986727458024 0.28945466029281924 0.37542362853223216 0.07076780043911902 0.3015139210577353 0.09007012402302816 0.43894340551825967 0.8091624332089293 1.2299742299048906 
0.08477746593516232 0.09146109198392897 0.28172115160725264 0.36435189495687526 0.10364030161132795 0.29046826140071896 0.0992777238921432 0.44140025251276105 0.8088346861546335 1.2223794377639332 
0.01572221758424609 0.04370019080501482 0.2755365008081874 0.39221267883434957 0.0797977982619054 0.38133951217367684 0.11390733527297726 0.5053819212362164 0.7781525467603752 1.1928129659169593 
0.055119440371970425 0.017957478603139863 0.28140292008481754 0.4038406787552795 0.07014081554424911 0.2616858616048939 0.14230364902547593 0.5809221765442167 0.7287017933611357 1.1933787123813078 
0.06178570891402565 0.08809993637535149 0.2913860336751477 0.3965400835918819 0.04386334573678567 0.30443636993343665 0.126309527873603 0.5065034285688178 0.7558417703175309 1.1846562558595908 
0.03372966359500621 0.01067937192561453 0.2918103825168678 0.35477448837589287 0.07610519405936936 0.2783558527158159 0.11608066260409203 0.4683357258297835 0.7777962486966457 1.141077744212176 
0.09910634738789767 0.01700331815679872 0.30290666716452247 0.41646258039119294 0.13411542731100742 0.2719919093811671 0.11142199797531276 0.5266306023234246 0.7933655498716311 1.1838549429193814 
0.0642429976576905 0.019203589949914352 0.30187899782649436 0.3938308726721519 0.07570485356191084 0.43357249817713445 0.1373485005141172 0.44830339089655225 0.8443655133853462 1.1995985034845194 
