522.6448879868573 0.7853960942108809 0.7853969810044946 0.7853978677991097 0.0 
559.5520312011283 0.7268134136484642 112.72245552556406 237.41039300058117 0.0 
358.8765737147685 0.6123670778391727 0.6123679693260822 288.2115462568924 0.27617558401477726 
377.8122675508328 0.5362605485138943 208.3357671226197 346.4628268908261 0.3157246356804137 
214.56212865139867 0.38370436484589876 1.293679953375471 376.5482123394428 71.1016698563366 
373.2716734940755 2.0197927935520514 269.2976496216443 0.7120290853907921 214.26570567684666 
198.70124561860897 0.32519066791442514 313.8554363510374 303.8397067380143 0.2738235995533353 
368.81025680477137 1.481740371324994 14.197403289996702 7.656921100835099 276.28065904378633 
168.8580207261785 0.31573663954412273 211.70393260694163 0.7234435924061408 321.0895633324462 
191.20805033747865 0.3933966737563869 278.9897156011449 0.6958727112417196 176.99682949343568 
55.81760476947609 25.600919421096652 185.478830597205 342.79403713928684 32.85839045311758 
77.98939464682888 0.13843171580272365 189.46704955964825 344.8694052303289 186.7364081534037 
93.68741187897938 0.17194946629582214 0.29420434459747286 376.4702752768444 180.59656867698536 
69.61545042855548 0.12360324352223932 279.1974536118438 229.3096460766398 245.5466005844767 
0.7853959827944187 509.11762539153676 0.7853969173378552 0.7853978518824388 0.0 
51.16680089597452 90.94435727156703 160.1370372190585 325.6555008139244 97.55785680510063 
173.8533956017023 343.84476207403753 14.06712621657259 0.7604282205014103 99.61225854287152 
355.37690055863715 274.120851770109 0.7853965600023065 0.7853977625484787 0.0 
0.7116672069272033 481.1712522577036 0.7116679853244668 15.330645549673463 224.10504430579692 
3.8478536759473005 215.19637618202395 333.6370955241926 8.29979107521754 0.0 
90.49566892073842 179.7034512819639 0.47298991034151705 353.0576418622705 0.231864748984848 
483.77730964383943 217.30955571865397 20.302351229411975 0.7853978767372646 0.0 
4.9262502381258 283.67092977449266 439.9325052574872 0.7604284460712198 135.24746957448 
195.52024462940452 150.80606518879097 0.49206710006979354 433.40490650549685 0.284639799781436 
0.31413174654104825 154.94683458480637 244.68436002803935 236.91659467236525 100.35653007036137 
390.480583071932 308.9123564424845 0.6795543731481901 0.679555006088171 288.50867366470567 
0.18963918692180928 106.49518061407089 0.18963948759451782 428.0040401748329 0.5252049556189614 
0.21293403820869608 96.6442660425635 152.59914310853063 307.31624219446377 0.3329111052819817 
55.82878628656884 110.4219137131587 373.76281494668206 0.7604282407178433 101.7196754226869 
0.21345346507080923 111.65164918404669 337.61697419873707 0.6798292010200544 205.7227440968448 
0.4794536656811171 231.9767300310024 5.484878977788399 4.9120357970160695 300.89112379372045 
264.4460926599586 69.86498618596114 0.39742975254202884 466.21575829607434 0.0 
0.7853979042939938 4.1764619036689036E-4 1476.9677528753518 0.7853981263825878 0.0 
0.7739131442672721 0.12977771686697365 523.2267274401637 0.7847198199042958 21.75569380754785 
61.89070125576141 0.1397898466045268 342.17549485452116 0.7853974785577894 0.07246292139149928 
69.47943195856138 0.39363706959849226 516.0831237989881 0.7842337431005157 28.384002557388357 
0.7592133513396444 0.0012870627437601317 447.84587535574684 116.18974199677926 23.92770992403377 
0.7791884416350484 0.004602421347030264 416.14419825618404 0.7792033999867057 52.5766146244887 
86.89433492573708 39.831606867546945 510.40713766077744 0.7824172787363176 45.3693705478069 
54.98924129702765 0.10254340579659832 383.27903788814206 165.71035363744232 0.07803676131943685 
0.11062895985816677 56.661201409248456 398.2453887295336 0.7853903964728136 1.7305401426539357 
0.7250826302113468 0.0013657209037038264 390.8590539643059 162.70417947356427 0.0 
177.03266152789382 0.30333598502567244 422.806402265263 0.7853977790900118 0.0 
148.27853130410358 67.04215163129645 491.97050586905044 0.7853978626880982 0.0 
0.6857102127365726 0.0012137413453364517 393.7224458205946 218.17452228914706 27.35078027292412 
0.7193737824483283 0.0013085181457366583 401.76627443616394 167.22935740603796 54.98154786098881 
158.94784076254825 0.9108858192615287 385.6141060824147 0.7792034020462072 52.69592822285096 
0.10207257437894915 50.38255072707152 375.1623017278586 0.7668837418810236 83.67697432811721 
0.0015377304367995843 0.7664807898204163 382.0526468167692 12.366426317460949 84.4998500367676 
241.44403631015805 0.49630029266246845 296.12804955677217 1.8187307076882542 0.0 
67.95159280218952 17.97865758685046 374.5538325659112 0.7585871560468054 102.2113796143819 
0.6139382940604667 0.0010567856277295105 356.6672155839295 275.79016410710005 70.11549398291803 
3.4434338347240107E-4 1.5097105883108266E-7 0.7853980627503734 1791.3807744805404 0.0 
150.9960442843154 0.2748998296823691 151.05944251663556 374.8175480224811 0.24614983609946803 
5.748361467252332 0.010263137397622196 31.847605970574694 438.7082877082287 0.0916705238548244 
31.03073542349853 0.058235865567084946 0.3842406183293347 417.3408219974306 1.7255532198725807 
43.3119928648089 0.2687776274666534 1.049759310537285 380.85930911307446 0.0 
26.069108518774698 0.05075779845759808 38.03928330276506 400.7347861808582 0.26728495838766625 
0.0013181746936366057 7.697443186590824E-6 0.7842325623963422 466.56266277924186 25.43100068157902 
14.468385027709697 0.02784096317677821 43.70565766072916 405.0915505262412 19.304470676563614 
95.94853511407605 0.13926514040797347 0.13926528710467287 532.5360253897312 0.0 
98.50275947006358 0.18971399826371463 0.1897143501245573 395.71320030487846 1.7541464168409384 
19.310155402657283 0.033675476575087834 107.00356955994776 437.0398566524221 0.09385075781932925 
3.6010396749720205E-4 0.18969942811465837 99.93207826760016 401.4871837421948 1.7797332759797506 
0.18943530836617523 0.0011361003774334132 102.98151333379764 413.6959666498949 23.237508626073204 
0.0014068561741441958 8.389757253544745E-6 0.7792021618479019 431.5623828109186 54.524481215181815 
0.07458376207123561 4.519233819411871E-4 39.2172995374368 407.7820344344 52.13379853429319 
0.19668209567171158 0.0012168429358193939 91.31024587330259 350.02741930384553 45.7030716742113 
101.3643352296313 0.18742174480057885 0.31969213569976146 407.30260715993734 65.27418216213516 
215.4560533738457 0.3888437251293466 0.4789334921385033 378.10615764910995 0.24830876432709528 
0.38904635291990003 7.953297500954393E-4 190.3077069309832 333.7411755995241 0.7897637768625626 
0.3925167305460611 5.955899545544177E-4 258.68394848497684 448.3308551743292 0.0 
1.066778942059368E-14 1.291675249034878E-14 1.388745985056414E-14 1.771055695084079E-14 458.1981161055843 
0.6995006410141125 9.83779142961718E-4 507.63920681975503 213.01079177135844 147.65258259951506 
0.007589006831880638 4.867604967551482 201.74128031584948 192.4709575778235 419.52621859498277 
24.209017501289384 0.055916148686861324 0.15852089457487115 216.71364499315496 260.91491106035477 
69.79949587432169 0.15474475187461187 88.28845922786688 197.34553735265746 271.82868377862155 
0.5036583113770121 0.0011669107259717002 217.39342930193845 0.503661014889536 260.1166987156935 
0.005526726307759441 3.528038274100941 96.82480236942921 389.5342674620492 300.406768657623 
5.108889629944071 0.00953672392527713 208.5822948806977 258.96149615214085 257.7432642399864 
0.15142239791846393 72.53312873246657 0.1514227278828461 292.34098761947894 225.41922460660942 
0.0883969732201752 50.057538604782216 373.35443471274806 0.6652088654709095 236.45024193234434 
0.052872560624702504 1.051720985585588E-4 26.580369089392455 356.96663077074834 166.6322176547656 
0.0026430764862064543 0.3331492129264333 174.64539000845278 330.0958432844006 173.33087465955415 
0.0013099826209613218 0.6962092008642305 370.0110991081584 0.696211665718849 193.19250644859088 
0.671964703033156 0.004113126234863809 342.15739313105485 119.8812418844355 168.77203512205747 
31.69451565782535 0.06043606993924763 0.19483495536943823 397.1133928181883 104.63005077630558 
1.975372916031957E-4 0.10201591821005729 0.7600680604914247 396.04852877754246 87.54950241592043 
0.21577245557527364 0.333820462584481 232.6455044710731 396.47261657867375 0.3045969558277543 
0.0010036588717440068 0.5232202449014195 272.76192743068646 305.3532110031193 0.2712998240436935 
2.3620494136693284 32.62928419434262 230.254916352833 408.17634420013513 0.0 
32.47272093993987 0.05522952450925741 228.51329557365514 399.96308873621 0.0 
