98.294892141335 3.7073692356902E-11 0.0 3.1583070448943596E-17 5.4332503456609956E-8 5.808632692662378E-11 4.085397714558231E-9 1.926663454362758E-7 0.0 0.0 
0.34181190798351846 0.14159464005933955 0.030396930085741125 0.00830348767024738 0.05977376992148747 0.1592410407815578 0.009019256212368928 0.00975803001455177 5.332158750601851E-4 0.0014863869432985074 
1.5522500833100301 0.038501244062192054 0.03752199179736322 0.03289959935236918 0.3353539406445856 0.049425497446013544 0.001108765355036384 0.01735474909054172 6.224603102584968E-4 0.0010852754944013744 
0.6402374642357463 1.9030327776829988E-4 0.010332375236960956 0.009166989699805993 0.081195940426276 0.11401753973411217 0.016030160488219997 0.08193454370029098 0.002514180568263901 2.320046615719021E-6 
1.0415113703882402 0.004921603805810809 0.0024624904915093605 0.0026497438122957792 0.5693786870949014 0.012743808550993904 0.0017191226580029262 0.03389138465415326 1.040914954522447E-6 1.6136315295593335E-10 
0.3956924381560064 0.15393894481210274 0.017906864501505814 0.006609387030016952 0.16117827108566699 0.027664695773353724 0.0012260476137252092 0.07368026972740231 3.1948594932586607E-4 0.0015658487595307372 
0.8037076201302084 0.06777939985259329 0.07673649527685016 0.007856231179525533 0.24429929323023766 0.004162104383230163 0.0025232633288644543 0.016914998466418984 0.0027875488611417746 1.3333809128948966E-10 
0.35744601888 0.17240894976545545 0.01748488230653235 0.0030131788070258277 0.21880938680890213 0.03481498593537208 0.011958006441540783 0.009026623818125202 5.944694919873353E-4 9.761509734695709E-4 
0.5626730863371913 9.918266374264847E-6 3.6580641060619175E-10 2.8335564522595887E-4 0.0505119846656105 0.6716273557087844 2.5964050421816906E-4 0.00831199626963475 4.1692026973884366E-4 0.0016076003974597483 
0.3218629894229107 1.0037015508473748E-4 0.04091290936708575 0.018565224811882206 0.08673018714041078 0.024150066204131928 0.01185895221655501 0.0963801922949548 5.107514206304574E-4 4.573729715975851E-6 
6.301552476854005E-8 73.47790079431275 0.0 3.95256919355564E-17 5.6421095190998154E-8 6.204613091514303E-11 7.95024417400198E-9 2.2807652814566417E-7 0.0 0.0 
0.04360710101600548 0.1594090779867439 0.01426115158915802 0.19972975417053299 0.051425218875639035 0.12525475863947766 0.005354147648613887 0.032648136098511395 1.274108473989159E-6 0.0011806966636824056 
0.07715035800111421 0.28122875870484776 0.023851981715703883 0.008358714763583545 0.04943419175127534 0.13807132372180597 0.005862447786715682 0.03306476095675875 1.2962124249166385E-6 0.0011793475416293105 
8.714441132263563 4.20731437410888 0.0 0.7967770759624878 6.773886917680979E-9 7.665052934510788E-7 8.935952490144176E-10 0.1282321604271591 0.09242860251260993 0.050711679243869434 
0.17084780267645433 0.42598483794753583 0.01828164634580493 0.008696520264450827 0.1396257722397629 0.04036920138232237 0.022726470739417293 0.055163557823539766 3.129705048521431E-4 0.059316618154746446 
0.15155716767980168 0.41143075815822167 0.0 0.03130898501872302 0.018553433424735175 0.5883707417439603 1.9952910445754413E-11 0.01144873758819385 7.037218486697628E-4 0.033085267197075045 
0.5084190921339954 0.37774110995747734 0.0 0.042555808226319554 0.12994832996040195 0.11933356513045391 0.0 0.07773860888485294 7.712664686405973E-4 1.230700195329636E-5 
0.07615054630638356 0.2484650107015322 0.02835045497878676 0.0048537060529723055 0.18817690451030297 0.024025555353795615 0.0011675517579721763 0.028129813093698837 1.1929686013511985E-6 1.3364942401350913E-10 
0.005331892837420799 0.273831450277263 0.0 0.002591681372747535 0.026243595236579965 0.2794052301745248 0.012123833807098042 0.09494707010234646 7.566338131370284E-4 0.0337275492537593 
0.5745098955388801 0.23746799236030916 0.029671620690992474 0.02784749034800889 0.17252544132060665 0.04598968877189749 0.016967166093956796 0.0166807785192733 6.048015242134572E-4 0.0012452525303627345 
1.1224979489302199E-63 3.5954296596517254E-67 9.751735547359546 2.6922104900723987E-7 0.0 2.8318319602335737E-10 2.0111743724566917E-9 0.0 0.0 4.906575726467861E-9 
0.053902094272492165 0.14933603594528397 0.05822765405872415 0.13749981774367429 0.08535709501470347 0.1683139041619117 0.0 0.011292146276228184 7.05674842515254E-4 0.03161901935187328 
0.03994203772581563 0.11254701219090954 0.050290015309443804 0.006156647487864909 0.035504204699141687 0.0967829461922547 0.003447639391491623 0.05607787670851332 2.4731392672138385E-6 0.0017372939951303102 
0.04271487169254209 0.1725004867807231 0.07540777740064539 0.010212915398927519 0.06499086782486695 0.06329781028928708 3.8053117657059016E-4 0.0618732095066444 0.09953238518550464 1.738384900404016E-5 
0.0052033572481398295 8.627595969635135E-8 0.07249767627320412 1.6454139253946305E-18 0.15735755918361005 0.029414478568629762 0.007745056174808775 0.06976130200900689 0.0021392804276763166 8.089840687011113E-4 
0.37109581087016946 0.0835975885371616 0.07210776933282581 0.010250428734070605 0.07376838647802582 0.2313146949645166 0.005426905829433829 0.007782933958497216 0.026806504331088797 8.505578016048521E-5 
0.0035740636542084766 0.0012104013316618632 0.12760496348726136 0.0 0.2280852951648994 0.040188151503894355 4.276287325842743E-9 0.012648702755720808 0.12070510638223218 0.10079595136843952 
0.41459518543051543 0.17260752054330605 0.0951408947334791 0.10282790495074902 0.06459930201574376 0.0276049701473479 9.904184290417957E-4 0.03282939151257496 0.015318075663691163 0.001150206973609872 
0.9743393493782332 2.8231421090462133E-4 0.11295151733406442 0.09733337918615936 0.08881496060715559 0.01764712107921254 3.5593383780214185E-4 0.09208386626556271 0.003020346621343144 0.0015848288933700552 
0.017596061532114633 0.427635288897603 0.09651096257678207 0.24339124774141316 0.21378486950409986 0.03542468714556799 0.0 0.012068938246413285 7.286540894540835E-4 0.02967700937669922 
7.085510493907373E-9 1.6115706600599424E-8 9.427783808783918E-9 59.58962987509517 1.4751607978829971E-8 1.8510232232056366E-12 6.579312862970075E-9 0.0 9.815569361491799E-8 2.723706365245696E-10 
0.4222445007099643 3.0038130075066182E-6 0.017056028798105447 0.19162571554638638 0.050518739997695 0.13548774629337637 0.012875071896855366 0.0497859650785103 0.10209265530279091 0.0012210968933336808 
0.023976430237710993 0.10322811627165787 0.03997244010432139 0.2654000406987403 0.09564634168909832 0.05717643362750406 4.251808323274705E-4 0.05148715268226959 0.10115491425429937 1.4276098978009904E-5 
0.0035773980949049037 5.879528167090034E-8 0.048729795770373265 0.12614162985983965 0.20793182950058242 0.03831783699552509 0.009423158873705656 0.02855964796618139 2.1021280852089868E-4 7.845793365368101E-4 
0.07227779966176176 0.053191902914065003 0.027511814629929143 0.07537815351922747 0.22956869222173798 0.02829946206364111 0.0 0.0798193464319784 7.86103848982963E-4 1.0314654725017125E-5 
0.02433928656193148 0.05539744147535908 0.009743081699054803 0.045230804641265276 0.09216499889200494 0.166755158756739 0.0031572614860457407 0.015766216469528402 0.07164271338467126 0.004369797084344765 
1.0353471308240834 2.7117093979657985E-4 0.10822484415974179 0.09904426683022317 0.06269760733287812 0.021698726617747736 4.3438950347356045E-4 0.08839559903474566 6.95436385028505E-4 0.0018840533127486786 
0.02521067322153925 0.08431699835652258 0.012535922646783056 0.02154388878559271 0.09298938666360893 0.18301901193342732 0.0015397260027100593 0.013928778687347876 5.184921585324852E-4 0.003536974559869606 
0.9896483794181622 0.0 0.0 0.057407249290752416 0.02008937479479038 0.38895675309074873 6.047303512841304E-4 0.020559991822131474 0.10731324318334554 1.7701197464873895E-5 
0.004529363504372923 0.01652178760009801 0.008176294779463095 0.02435891710916052 0.14022844875688692 0.05075427653419334 0.012862783182385713 0.08280329734203583 0.08005114395064983 1.6447486317044185E-5 
3.640345099945258E-66 2.9309457299499225E-65 3.4993338347626232E-65 3.017775959984994E-65 32.97686268318075 1.6808313280587305E-12 3.121076566694309E-8 0.0 0.0 0.0 
0.0411899042466557 0.018713554813532304 0.025975388736235085 0.0032000231937587566 0.12421807249900052 0.15120006356290916 0.009884410503082029 0.011653792985464963 5.865160151974704E-4 0.0017242923991463463 
0.12185780118186144 0.2171632892829828 0.02868157168718257 0.005364426471385737 0.33058648554227693 0.045839571286173525 0.011397353737807037 0.021626947708432934 0.002038475963772698 5.405298816891922E-4 
0.07698630799008802 0.033723197584923446 0.0035602005176761414 0.0013664139038255438 0.26334524433600426 0.027253004359301353 0.0033235398715386454 0.053229968386382796 6.77013499560392E-4 0.0016215847327616933 
0.13698370384979094 0.020206176503156155 0.02810187052187675 0.0031035554043154175 0.22090869297867363 0.14827047225690104 0.012793144922659424 0.0063447353773844785 9.586072629041984E-6 7.898336903862767E-4 
0.006568674416698626 0.02557112828937319 0.004813220426536325 0.006969206269312617 0.25503412788462265 0.288192322830077 0.015355666620080869 0.011283083322989414 7.83555954903486E-4 0.005243507089004356 
0.04959126881997448 0.004721192689415232 0.006563085553477094 8.923423534358747E-4 0.2543106000607933 0.38578268782020314 0.0018014491284932665 0.018068740880548495 0.002457135122781932 1.178247551620089E-10 
0.1279715010315353 0.06238977071595031 0.04569784235129757 0.0035833529144794667 0.19917287216210083 0.03498968571214455 0.011435695060628498 0.00944860545062425 5.85017405568945E-4 0.0010055596965123593 
3.657896531469955E-4 0.004686449351142166 0.05518034464060928 0.0 0.19629166349472094 0.02281329383970466 0.001188856150786853 0.053274147160649814 3.5031587113392386E-4 0.0012786094369107157 
0.004050752762393705 0.012715736591824732 0.0035079963354879167 6.904273645816526E-4 0.12267936602289295 0.0989952581824566 0.003676753789187154 0.05805659925985496 6.571219103683668E-4 0.0014747224873079901 
3.995840641790063E-67 4.687630966353941E-76 1.4754366643601447E-65 8.92293036102209E-65 2.9400475333991983E-66 53.1741579047582 2.2348835798011532E-8 0.0 0.0 0.0 
0.2275394196609037 0.0014608376164001072 0.00765409979686356 0.002141685306838462 0.08353948104752705 0.16744417116781177 0.008913998945108931 0.06915626784721608 5.507928763792474E-4 0.0016218164024207023 
0.004535557613462645 0.016803742563184773 0.0019523096101680315 3.0805941436491685E-4 0.07357416027112783 0.290103617334035 0.0010574583175934386 0.027848087907786742 1.2362882594437243E-6 1.2161819487523962E-10 
2.2270600081987618E-4 9.650012953309385E-4 0.03471187983920064 0.008510298790313287 0.052757819555907574 0.397834839909176 0.0016362483811850005 0.009984384580242324 2.413905988776923E-6 3.787581015585395E-6 
0.024761254972535042 0.10123932866379962 0.006270239629953499 0.007522490369914168 0.014895268561637202 0.3524266238127042 0.0 0.0671409878850642 7.49966812892924E-4 0.02253632857175432 
0.35931755125862064 0.0017933270270606987 0.013041018031349777 0.0016779782596401758 0.18072316248613282 0.41815140537357554 0.002296935201637442 0.016858271621133195 0.002448759054678819 0.0020576224184007666 
0.054508400595830696 0.111283776245288 0.02331576864875237 0.001890993787175604 0.11361929453185811 0.31090482317861756 0.014751992896314849 0.01099955121331348 0.0023963827110400284 0.0012130669731911215 
0.004952791312332503 0.23782657534291257 0.0 0.002277800173754079 0.034840427447509745 0.38499198414224156 0.013676942238736665 0.10823746854923084 7.745580515738173E-4 0.03232366706615689 
0.06752588454324891 0.05094233501486043 0.011971716301729331 0.002630203717545372 0.08951357065792327 0.14320908815807248 0.0013251927118792333 0.040503585947298776 6.258752529781932E-4 0.0010512403139081184 
0.0038762116222145083 0.011275652238917255 0.0032566125105348534 6.058432134805672E-4 0.11387135636413091 0.0866519488288194 0.011432089082306965 0.062241193849146004 6.806582864125926E-4 0.0013035189542050796 
1.1999549281088812E-66 6.979555790583214E-76 3.9673279086182446E-67 1.506329055502855E-67 7.538525480278689E-68 6.703998520359924E-65 3.6689201251933503 0.0 0.0 0.0 
1.731348821862546 1.0555580538952459E-4 0.5888193656812193 1.0875475105500758 0.05603969203682976 0.5403641908857116 0.41082976122795584 0.20605596818462013 3.9948562339915715E-4 0.042412886532743624 
0.07151572157782486 0.24327928333356047 0.02108702802041513 0.02323509010727675 0.053528990250420426 0.11218082582623251 0.02037831006123859 0.03383154763961397 1.2636974973136847E-6 0.0011458091432807406 
0.06703859588254363 0.04165748013653171 0.02726347052730479 0.014071661773622257 0.12049122185533051 0.010883546338574584 0.019656417236525055 0.06056441130075536 0.06231998748771961 0.0012902067717485946 
0.9385987502374519 0.035490749879539374 0.029502530608073656 0.039942362413421424 0.10272712483447533 0.2728771587137127 0.03550213870904825 1.3313474357434312E-6 0.0024090886952056727 0.0670415734373278 
0.04139987531577126 1.281646803704824E-10 0.004629249646790183 3.2701833107412346E-4 0.12180419146067578 0.1355725877150284 0.015551136272846865 0.03824211364655981 0.002584447859079872 0.03629252812434147 
0.0025353373226092036 4.784700274358644E-8 0.027976564264260585 0.0024594588962067007 0.07856025859389876 0.12039817944594462 0.012435570162803345 0.024494727582727506 0.0027380470127790556 1.300144426528501E-10 
0.1696932652080973 0.47710451578736485 0.016976025602729653 0.003050071686969887 0.19414575751105037 0.020966021063314556 0.027927710034870108 0.04508236910428865 3.454345648937585E-4 0.06451457807730854 
0.3302746579455439 0.1350075957989195 0.011667813915297764 0.2267864677033705 0.14310444966464594 0.048460314395911294 0.02568273272608174 0.012152510690718961 3.7577285917465543E-4 0.06448581900584296 
0.036659848111416135 0.11864345759252232 0.005103068249329751 0.0020264481485724717 0.3643586360874995 0.051406643085996545 0.03014336276012495 1.2446709840158964E-6 1.9909778115461048E-6 0.07299892699746337 
5.677479549932431E-196 5.914030026719075E-196 6.438759583404131E-131 8.460422793253744E-132 7.440258975640486E-131 2.744097420969355E-129 6.8225887748262505E-65 16.46800419351386 0.0 0.0 
0.06259841209158906 0.7088066368012225 0.0 0.04381417524313876 0.003746448234226224 0.33805974583334375 1.103065825882377E-9 0.26625123311131876 6.747856529571941E-4 0.0496526327459696 
0.5810672931593094 8.99576346878831E-6 0.022187516625741515 0.004902748145263557 0.033562996589533996 0.12541122146814285 0.007254130456929778 0.12837799752237536 6.284112477389709E-4 0.0012557543028257952 
0.009651360683182768 0.007232251200331499 0.006418594217864657 0.001047160818320048 0.04023969725775538 0.18515573768618898 8.83917106972315E-4 0.09823088417275368 7.124673088236693E-4 0.0012007865522367476 
0.0037592724270968684 0.0108346252532782 0.002664936792868186 6.16311365354947E-4 0.12826375251419397 0.08943410393670716 0.010880155436984116 0.08570941191373713 6.71412070654903E-4 0.0012284598933489394 
0.03892278572517578 0.14815416493004446 0.004693606530966208 0.1286754068169324 0.15188332033174803 0.026113899448747493 4.005159225086026E-4 0.08961595172527616 5.560669500885236E-4 0.0015863366705309483 
0.004048975410206198 2.767490517163198E-9 0.03435416287146432 0.0020529149088212863 0.080532904351989 0.16603827779162894 0.0014189946918637788 0.09268320622956248 0.0023736866394191095 0.032616339389891835 
0.010244960496297716 0.039190465791038465 0.01367596223920256 0.10487574118886048 5.210969504686766E-4 0.23847969363242064 4.1633029369506975E-4 0.11179273780947839 0.0984287715125972 1.7101465910368663E-5 
0.08119904980160932 0.05229070241902224 0.02732673174101824 0.005865261770074619 0.17436159852298944 0.012322070256939993 0.00788176512754133 0.10430793258676033 0.06391700319760052 0.0015348618554890039 
0.07166568759248358 0.03112479477054413 0.023731658962303327 0.004040557474581059 0.061640952660174185 0.0980547162431671 0.003795452671282672 0.06215863779447139 5.965758471753605E-4 0.001032332026725686 
3.0247840765414697E-133 0.0 6.696240272763415E-130 3.14004868510614E-132 1.463231820180381E-132 1.6000328083618858E-64 1.3874730673055614E-66 3.3822659335511557E-65 18.33297974700981 0.0 
0.2347446987061715 0.10621598283946314 0.006830326027561826 0.0030584670707696792 0.12775704186594894 0.39677706255124456 0.009334722823701569 0.009250033192571788 0.24507169719267116 0.0011168885337728477 
0.15728957317509656 0.0712301747893986 0.04027909847885219 1.5437778574184747E-10 0.21699119368734712 0.01847801964408532 0.012795647850911486 0.007730233629783297 0.11552458093826146 9.997743902713221E-4 
0.989445072339509 0.00597816163642137 0.02937462096922228 1.5737955001789912E-10 0.23182086931283383 0.026714895322450017 0.011816420166186788 0.008179598680147416 0.12162935234621557 9.488546184892894E-4 
1.262069112424797 0.007308183497151224 0.015215202460425483 0.003932750644079912 0.0578958578335321 0.19247720831863963 0.0061560891744577625 0.040380849574860066 0.09389775469775412 0.038266107287609846 
0.03344196475648427 5.034170903537219E-7 0.004202591733735327 9.095698707850315E-4 0.14926305045351435 0.12991872988263894 0.0017630965997528177 0.022723174701290018 0.06022886022672131 1.166661704191975E-10 
0.6777401797674317 0.007840945473414898 0.05010003578639344 0.010661152008015139 0.06907994733166654 0.14871213405995837 0.00746347191772027 0.006405969380024842 0.027202255037102416 0.001493521063414389 
0.028484491580239867 0.028038245645241086 0.022136948720004847 8.56063640598801E-19 0.015585638255722511 0.2518176543852132 0.0024705777514153647 0.06828356393200771 0.0031071564117884087 1.232983240649913E-5 
0.33612221729858227 0.002359083028711134 0.006836227110814051 0.0021966639811124354 0.10361116374601964 0.22007486772236357 0.0010041793031048702 0.055966639875058954 0.0026145930127486204 0.0016233052093100658 
0.12482248528497528 0.01962673190600819 0.03795384593156529 0.004776628206665479 0.14739407516220734 0.0730318971199237 0.009346352838614088 0.033814585801825385 0.0025965850687059483 7.807654390503899E-4 
1.0066366027049909E-65 6.182573821431354E-71 9.63382196008531E-67 4.2357875502947986E-66 2.0396614757829537E-66 2.3121819107988403E-66 1.997727842059721E-67 1.014526756084581E-66 3.5824488491482817E-68 11.387977883979676 
0.003792291384238249 2.039517103088037E-9 0.044506326577454236 0.00195433213247604 0.11456417571656563 0.13861255866931074 0.0011289054812098206 0.07860582516853055 0.35089606586198907 0.16323840148570193 
0.03141264978651718 4.287255901205318E-7 5.050480026994703E-4 7.825683041089745E-4 0.03772545554718716 0.3444389903148902 0.001746281235595417 0.0814982314594108 2.0387792103350047E-7 0.06238663123486244 
0.2401043269411959 0.08781641679249819 0.008236412165357834 0.0034991265492830006 0.2337614817386408 0.5041206152245965 0.009700050961586305 0.016978019062586135 0.08392854873288799 0.09677416441713906 
1.0480287099338188 1.6576188875375577E-5 1.0336786684059098E-9 4.387018542068886E-4 0.0362935943879076 0.712529958388096 5.171708666929588E-4 0.015442330185801151 0.0018110929473365578 0.10919032627148707 
0.003245558633652355 0.0011499830533933644 0.09516665406217083 0.011060901735567116 0.3831456316684949 0.04515581473198958 0.004434707700724551 0.008657713462710296 4.2924238329187495E-4 0.08634606980937917 
0.07784701521072908 0.011015455926768525 0.01428471529789931 0.009465833342112649 0.11805385436985603 0.11380228521133938 3.4906097423795327E-4 0.05317072179857719 0.002590778343900414 0.03079744546666417 
1.38159889532222 0.04734541009575476 0.02158074373535015 0.012027643414561747 0.35798766076649347 0.008692131698698192 0.001246383403161651 0.043445159199247116 3.908047509586068E-4 0.08542756666389813 
0.5730035909267681 0.2219870465911193 0.014051973795005985 0.0036738538862277586 0.1832026546357399 0.022113515073380084 0.016833639350642693 0.038691841283618224 4.724599110412172E-4 0.05044697525901807 
0.29552031782274013 0.001962965877725324 0.03264296160692965 0.023486697457510156 0.04292006103070427 0.16405934927167426 0.007496794344770898 0.050073965279342464 0.002443360995022254 0.04014418226947492 
