1.0059249517597377 0.0 0.0 0.0 0.0 0.0 0.0 0.0 
1.0035139593636704 0.0 0.0 0.0 0.0 0.0 0.0036577197872628385 0.0 
0.9962996014425318 0.43194309685688337 0.0 0.0 0.0 1.7655940820702454 0.003396493657741822 0.0 
0.78042735058034 0.6767806858152109 0.0 0.0 0.0 0.0 0.0 0.0 
0.7517708450402646 0.7014270242390057 0.0 0.0 0.0 0.0 0.0 0.0 
6.552198165667841E-17 1.0057222092358478 0.0 0.0 0.0 0.0 0.0 0.0 
6.523053993370415E-17 1.0177637286702248 0.0 0.0 0.0 0.0 0.0 0.0 
6.322338438667747E-17 1.0346119532367122 0.0 0.0 0.0 0.0 0.0 0.0 
6.342917750289581E-17 1.0316002228531571 0.0 0.0 0.0 0.0 0.0 0.0 
6.335982060966246E-17 1.0316865816126153 0.0 0.0 0.0 0.0 0.0 0.0 
6.235935044600185E-17 1.0440815483925556 0.0 0.0 0.0 0.0 0.0 0.0 
6.45107887358207E-17 1.0207069600060183 0.0 0.0 0.0 0.0 0.0 0.0 
6.413909727873028E-17 1.021531127084091 0.0 0.0 0.0 0.0 0.0 0.0 
2.462734003395181E-17 1.0275402583109982E-16 65.37682939874394 0.0 0.0 0.0 0.0 0.0 
0.03412338413705556 0.4411931398357492 24.901005991908082 0.0 0.0 0.0 0.00458967430588481 6.352070281352196 
0.22652280280522868 0.8144057726372804 49.515721208863106 0.0 0.0 0.0 0.0 0.0 
2.670551714304044E-17 9.81317909484035E-17 68.37213736337179 0.0 0.0 0.0 0.0 4.551570541144497 
6.347895121407751E-17 1.0134009632842822 5.735145169895357 0.0 0.0 0.0 0.0 0.0 
2.888355843331971E-31 1.2808773045568983E-15 21.247799771076497 0.0 0.0 17.49504133507704 0.0 0.0 
6.363801363175468E-17 1.010787601510543 4.029371440568193 0.0 0.0 0.0 0.0 0.0 
6.387590427845605E-17 1.0188481698444414 3.33123682007635 0.0 0.0 0.0 0.0 0.0 
3.3411244303403774E-17 7.145031727992682E-16 24.93572713028159 19.951804235064557 0.0 0.47702355189049606 0.0 0.0 
0.7453656507704858 0.7078005569425266 7.473139128855026 0.0 0.0 0.0 0.0 0.0 
1.5305196811132271E-16 0.6602749843869101 0.0 30.81865082776175 0.0 0.0 0.0 0.0 
6.358375708835741E-17 1.0285712970468457 0.0 3.795347369822582 0.0 0.0 0.0 0.0 
1.00266883543253 0.0 0.0 3.971346656582341 0.0 0.0 0.0035608342519920966 0.0 
6.535661352718871E-17 1.0092203743185888 0.0 0.3982840319662515 0.0 0.0 0.0 0.0 
0.7797639701731993 0.6757056416725374 4.0584020480655445 0.0 0.0 0.0 0.0 0.0 
1.0381020454560387E-34 4.357903213562543E-18 0.0 0.0 0.20398686974475208 53.25088202130008 0.0 0.0 
3.93692361692611E-16 0.0 0.0 0.0 47.55027925006667 0.0 0.0 0.0 
1.9266437713462925E-16 2.859198758237064E-16 0.0 0.0 66.35885097255256 0.0 0.0 4.879576033841565 
0.6054233681928697 0.5585469987515389 0.0 0.0 42.98358259053064 0.0 0.0 0.0 
2.644715077428878E-17 0.7400991025190917 0.0 0.0 45.067013879799035 0.0 0.0 7.801772090255386 
6.348464103240746E-17 1.0185961745491943 0.0 0.0 1.8001219465608447 0.0 0.0 0.0 
9.53507982755419E-50 5.266254614321274E-33 1.133413140683181E-16 0.0 3.240914346572666 22.616331493081052 0.0 2.7886841791940022 
6.043321951259588E-16 0.0 79.29150012018286 2.799205243806671 0.9866444422451223 0.0 0.25656353313596986 0.0 
4.830189006193505E-16 0.0 77.27446983453174 0.0 0.9979361705812044 0.0 0.30578859070848113 0.0 
6.261276023307867E-16 0.0 84.3361636627442 0.0 0.9538108624949769 0.0 0.0 3.105752168930333 
7.894434997421348E-18 0.0 4.140883114174364 0.0 0.045651241927466765 0.1628980537400682 1.1604901655308133 0.0 
7.985270466658746E-20 6.35450917887646E-17 9.917064378763043E-18 0.0 0.0 31.87907188556906 0.0 0.0 
0.17723856920053527 1.0055942376714297 0.0 0.0 0.0 0.0 0.0 0.0 
4.509779920364384E-18 0.0 0.0 0.0 0.0 1.791018635755089 1.2973824388223092 0.0 
6.521821516667212E-35 7.316156982790746E-18 0.0 5.9395160918159604E-18 2.859381834104995E-19 3.4865063648966243E-15 1.3742978895912545 0.0 
0.301097846793368 0.9724634144162588 0.0 0.0 0.0 0.0 0.0 0.0 
0.7145031800893431 0.7402622417421821 0.0 0.0 0.0 0.0 0.0 0.0 
0.7655424319300183 0.6846544699150914 3.8758915934031544 0.0 0.0 0.0 0.0 0.0 
0.21701834764984237 0.0 0.0 0.0 0.0 0.0 0.9945957101052442 0.0 
1.3935160329584217E-64 1.328300181122879E-47 2.8750749761530074E-31 0.0 4.472391237921505E-33 4.431567462407907E-15 7.840628482401738 0.0 
0.32446716058367203 0.970048292166418 0.0 0.0 0.0 0.0 0.0033159263405722547 0.0 
0.7337794484032064 0.7128624570964028 0.0 0.0 0.0 0.0 0.0 0.0 
6.42494266681867E-17 1.0213671064603826 0.0 0.0 0.0 0.0 0.0 0.0 
6.550002301025275E-17 1.0098667969102237 0.0 0.0 0.0 0.0 0.0 0.0 
6.374583066244077E-17 1.0015043877292555 0.0 0.0 0.0 0.0 0.0 18.57286382246495 
0.0015070559116648512 0.0019710175567633614 2.9440843406694603 0.0 0.0 22.947813136852147 0.0 6.099548744537788 
4.763025725749312E-51 6.5499293447014955E-34 0.0 0.0 1.0458877508361396E-17 3.1651704409842724E-15 1.4309179668774161 1.32796826782567 
0.7801585050071904 0.6798145873082948 0.0 0.0 0.0 0.0 0.0 3.624893695802958 
6.1836301443869775E-65 1.596560443559884E-48 2.8481978621802224E-31 0.0 3.473529321993061E-15 33.057681679516115 0.0 2.2779483816897548 
3.997821678013622E-49 7.989469833769959E-48 2.730243780851755E-31 0.0 4.438318829922945E-15 66.87580119755889 0.00342719533063783 1.258355770349487 
8.629802600645536E-51 2.690332839916104E-33 3.866791131799938E-31 0.0 2.1009280317625373E-15 0.0 1.6540978796217576 0.4295496685356311 
0.4038222204015075 0.9344317229586186 0.0 0.0 0.0 0.0 0.0 0.0 
0.778622879606963 0.6819385626950074 0.0 0.0 0.0 0.0 0.0 0.0 
