0.8764233443424911 0.06870558949115155 0.0 0.0 0.0127825925263402 0.03640734467894697 0.0 0.0 0.0 18.927986978990983 
0.8861262798338946 0.7351141807448646 0.0 0.0 0.024257502318645114 0.02217238258381393 0.0 0.0 0.0 18.200290520144947 
0.8880646968792387 0.06870558949115153 0.0 0.0 0.058823593749020284 0.0 0.0 0.0 0.0 18.920820842331878 
0.8861262798338946 0.047940581015349384 0.0 0.0 0.025255368033530807 0.0 0.0 0.0 0.0 19.258167681412427 
0.8774948156459098 0.4583865166346345 0.0 0.0 0.0 8.193089468994012E-5 0.0 0.0 0.0 19.081249460771616 
0.8764233443424911 0.7557519169539209 0.0 0.0 0.0 8.193089468994012E-5 0.0 0.0 0.0 18.97542714293731 
0.0 0.8531102024520704 0.0 0.0 0.0 0.0 0.0 0.0 0.0 19.089889844764492 
0.0 0.8344082004542954 0.0 0.0 0.03774880178563936 0.03605812690871007 0.0 0.0 0.0 19.114553097257577 
0.0 0.7557519169539207 0.0 0.0 0.0 8.101664338930928E-5 0.0 0.0 0.0 19.478811039591562 
0.8591652406349187 0.8344082004542954 0.0 0.0 0.012782592526340198 0.03605812690871007 0.0 0.0 0.0 17.603591020139742 
0.8764233443424911 0.8353990033469848 0.0 0.0 0.06589495526628761 0.0 0.0 0.0 0.0 17.369555051791085 
0.0 0.3974518864002829 0.0 0.0 0.11420373869306234 0.0 0.0 0.0 0.0 20.412383003739357 
0.0 0.3974518864002829 0.0 0.0 0.0 0.0 0.0 0.0 0.0 20.613953747578392 
0.8880646968792387 0.8891427659262943 0.0 0.0 0.05946399206327624 0.022172382583813932 0.0 0.0 0.0 18.156151432508057 
0.8764233443424911 0.06870558949115155 0.017613115990341766 0.0 0.0127825925263402 0.03640734467894697 0.0 0.0 0.0 18.914634965791777 
0.8764233443424911 0.3833467069279166 0.0 0.0 0.014363742614547113 0.0 0.06917770676502576 0.0 0.0 19.87801899998629 
0.7834424954801372 0.0 0.0 0.0 0.0 2.391286832096342E-4 0.0 0.0 0.0 19.926529491300542 
0.892905411220581 0.02762248124077374 0.0 0.0 0.058823593749020284 0.0 0.09100406603200273 0.0 0.0 18.848253617638104 
0.8548136752839205 0.7421589092174429 0.0 0.0 0.0 0.03640734467894697 0.0 0.0 0.0 17.994757576442545 
0.8880646968792387 0.06870558949115156 0.0 0.0 0.05921712659798572 0.08763103491617824 0.0 0.0 0.04403789951132775 18.710713861130905 
0.8861177319182847 0.02644141598068014 0.0 0.0 0.04735506885053458 0.08763103491617824 0.0 0.0 0.0 19.21320738822349 
0.8880646968792387 0.0 0.0 0.0 0.0 0.03640734467894697 0.0 0.0 0.0 19.096516985403284 
0.03606585252826334 0.08217294411833258 0.0 0.37767571027207114 0.1399234612762881 0.09564249668847906 0.0 0.0 0.009780293889171121 19.92709887034058 
0.4534250244591678 0.0 0.1370284598540874 0.0 0.024152205464600677 0.0 0.13902714110838266 0.0 0.0 20.18805671187194 
0.0 0.0338275317905933 0.0 0.0013848747792744324 0.06088517013848141 0.0 0.0 0.0 0.3287203699738392 20.381627311074226 
0.8619344493870716 0.06870558949115156 0.0 1.2425064753506348E-5 0.010393660295703122 0.0 0.0 0.0 0.32872036997383913 18.700857941867444 
0.0 0.7557519169539207 0.0 0.0 0.0 8.193089468994012E-5 0.0 0.0 0.0 19.478500028166152 
0.8861262798338946 0.8531102024520704 0.0 0.0 0.06148113639092263 0.0 0.0 0.0 0.0 17.33062239675095 
0.0 0.8794525568240766 0.0 0.0 0.05942133607623695 0.0183925057410183 0.0 0.0 0.3220127214145786 18.679842354685803 
0.16547987150138316 0.027186015472955738 0.24600086695557233 0.0 0.05882359374902029 0.03786312246965708 0.0 0.0 0.0 19.84416654523756 
0.8861506627716268 0.02705070357467659 0.0 0.0 0.0127825925263402 0.03605812690871007 0.0 0.0 0.0 19.01942235023377 
6.55764201499801E-6 0.0 0.0 0.0 0.8488355833385025 3.8054699902249483E-4 0.0 0.0 0.0 19.15668619711676 
0.0 0.7557519169539207 0.0 0.0 0.8585727231168487 8.193089468994012E-5 0.0 0.0 0.0 17.874882081257994 
0.8747298928717286 0.0 0.0 0.0 0.8487352881583522 0.0 0.0 0.0 0.0 17.496973259028096 
0.8755722761330474 0.4224369098574275 0.0 0.0 0.8585727231168487 0.04664421417035813 0.0 0.0 0.0 17.252428706340392 
0.8822440206108648 0.8353990033469848 0.0 0.0 0.40103388907600324 0.0 0.1383554135300515 0.0 0.0 17.345176371244385 
0.20754841672404328 0.0 0.0 0.0 0.05882359374902029 0.02199117473962293 0.0 0.0 0.0 20.270693419231375 
0.0 0.027186015472955738 0.05154962788698925 0.0 0.058823593749020284 0.03644831012629194 0.0 0.0 0.0 20.529674516787722 
0.8861262798338946 0.027052872393096387 0.0 0.0 0.05882359374902029 0.0198616253586886 0.0 0.0 0.0 18.96862047076352 
0.0 0.08240942876202818 1.4908219940059553E-5 0.0 0.0 0.7364552548797688 0.0 0.0 0.0 19.627327088467744 
0.8880646968792387 0.027186015472955738 0.0 0.0 0.05882359374902029 0.8107609815711452 0.0 0.0 0.0 17.3910245389007 
0.15233668236428427 0.08240942876202818 1.5145764086622827E-5 0.0 0.7466785083521804 0.7579666900511169 0.0 0.0 0.0 17.878761289874067 
0.0 0.8344082004542954 0.0 0.0 0.0127825925263402 0.7686448289768816 0.0 0.0 0.0 17.704202668426984 
0.8856342302993592 0.0 0.0 0.0 0.05882359374902029 0.7488513419746413 0.0 0.0 0.0 18.16291131568057 
0.8880646968792387 0.06870558949115155 0.0 0.0 0.7466785083521805 0.822011605692733 0.0 0.0 0.0 16.753377859764395 
0.0 0.8541420941059699 0.0 0.06677090591690837 0.0337761172497688 0.7939406923860232 0.0 0.28283378199865883 0.0 17.49059621420821 
0.8761004274392615 0.8353990033469848 0.0 0.37767571027207114 0.8585727231168487 0.49261284288149065 0.0 0.0 0.0 16.30351168711714 
0.8880646968792387 0.0016649865211079255 0.0 0.0 0.013129803430944987 0.08763103491617824 0.0 0.0 0.0 18.95898649863391 
0.0011097462699107817 0.04991716761094459 0.0 0.0 0.06060858646572453 0.04454210454335384 0.1383554135300515 0.0 0.0 20.29342740389469 
0.8880646968792387 0.0 0.0 0.0 0.05882359374902029 0.0 0.22671142220361937 0.0 0.0 18.95684871668761 
0.4534250244591678 0.027052872393096387 4.7943971406089913E-4 0.0 0.0588235937490203 0.0198616253586886 0.13902714110838266 0.0 0.0 20.340519585485254 
0.876423344342491 0.8353990033469848 0.0 0.0 0.0 0.0 0.22671142220361937 0.0 0.0 17.722953128907076 
0.0 0.8353990033469848 0.0 0.0 0.8581742541909695 0.0 0.22671142220361937 0.0 0.0 19.74964469578056 
0.8764233443424911 0.8353990033469849 0.0 0.0 0.8581742541909695 0.0 0.22671142220361937 0.0 0.0 16.030350431479008 
0.0 0.0 0.0 0.0 0.0 0.03640734467894697 0.0637143099557157 0.0 0.0 21.03138149767918 
0.8880646968792387 0.8040709072765371 0.0 0.0 0.0592201667581435 0.03640734467894696 0.1383554135300515 0.0 0.0 17.465366645636813 
0.0 0.759827899881127 0.0 0.0 0.8699596353181167 8.022404371343368E-5 0.1383554135300515 0.0 0.0 19.150744226012243 
0.0 0.08217294411833258 0.0 0.0 0.019261464440493946 0.043144506440901016 0.0 0.28233371989479233 0.0 20.161442962615155 
0.8861262798338946 0.0 0.0 0.0 2.137988219790846E-4 0.0 0.0 0.22149379208076136 0.0 18.720299051869937 
0.0 0.8344082004542954 0.0 0.0 0.05817660463254857 0.0 0.0 0.28283378199865883 0.32872036997383913 18.57047994567094 
0.8880491264894922 0.7364871243044043 0.0 0.0 0.0 0.04580071043649893 0.0 0.0 0.3138519465144791 17.919699823749777 
0.8861262798338946 0.43129250940997027 0.0 0.0 0.058823593749020284 0.0 0.0 0.0 0.12325136879804621 18.707328254122537 
0.8861262798338946 0.4003473132752345 0.0 0.0 0.0 0.0 0.0 0.0 0.0 18.95119192968611 
0.8880646968792387 0.0 0.0 0.0 0.0 0.0 0.0 0.0 0.0 19.11796803366819 
0.0 0.0 0.0 0.0 0.0 0.0 0.0 0.0 0.0 21.064481066656853 
0.8880646968792387 0.8040709072765371 0.0 0.0 0.0127825925263402 0.03605812690871007 0.02499970242824183 0.0 0.0 18.155537797239436 
0.07228221390855871 0.0 0.0 0.0 0.0 0.0 0.0 0.0 0.0 20.664483128913464 
0.0 0.08217294411833258 0.0 0.0 0.0 8.193089468994012E-5 0.0 0.0 0.0 20.656881730651737 
0.16547987150138316 0.0 0.0 0.0 0.0 0.03640734467894697 0.0 0.0 0.0 20.423670812874818 
0.8861262798338946 0.7557519169539207 0.0 0.0 0.0 8.193089468994013E-5 0.0 0.0 0.0 18.636269888522683 
0.8880563332030472 0.0 0.0 0.0 0.05882359374902029 0.022172382583813932 0.0 0.0 0.0 19.003110028257876 
0.0 0.06870558949115155 0.0 0.0 0.0 8.928055586947729E-5 0.0 0.0 0.0 20.680188331614335 
0.1569407051035702 0.08692722465822612 0.0 0.0 0.024257502318645114 0.022172382583813932 0.0 0.0 0.0 20.287587582273996 
0.8861262798338946 0.0 0.0 0.0 0.024257502318645114 0.03630255655733579 0.0 0.0 0.0 19.63364418669217 
0.8764233443424911 0.049694749905862125 0.0 0.0 0.058750385327382755 0.03640734467894697 0.0 0.0 0.0 19.551599422803996 
0.775338893304643 0.06870558949115153 0.0 0.0 0.013129803430944987 0.03605812690871007 0.0 0.0 0.0 19.17564829137533 
