0.40975434291950924 0.06757614981778226 0.04581278585813921 0.20482355165939073 0.2729457611755556 0.2688995141538676 0.25091511750833545 0.4464395567056333 0.8320226395908087 0.6277225152446678 
0.2746506672758154 0.07159379797184073 0.06548734735811217 0.18069308136084405 0.23561609335102435 0.2559115733926246 0.29308889789137393 0.3450424896888221 0.8124037519120986 0.58310858543996 
0.24862380226669764 0.026363120453439436 0.03386608358841018 0.18079488097853086 0.28602971773145125 0.24150281834038084 0.28461377794522214 0.33709762051202574 0.8264659462857505 0.6437999860983808 
0.250278443412728 0.08595678837676764 0.1251106502655814 0.17658642318113205 0.26724177215647404 0.27514317978987046 0.20963800020169837 0.4663977511578341 0.8188915124907308 0.6064667208340258 
0.26621700236250667 0.09688596784662143 0.1350436916443832 0.1815548741211149 0.24260936109210834 0.29513102735303787 0.2863476389900147 0.374083990426392 0.8569804819691358 0.6893984514096537 
0.2350462588095178 0.04378096965408541 0.02540678126814085 0.16095404108889316 0.27297901143688097 0.28881687710367854 0.2671183160558889 0.4045198614774155 0.8253966166622219 0.6435357712694546 
0.2806459774588909 0.06314800362021872 0.07166046595229225 0.2889865663762016 0.2743358654840376 0.22072802893121843 0.22076892729238343 0.4624564418816878 0.7979676899163438 0.603663558039533 
0.24192140453697375 0.11646449672774228 0.16241505574020954 0.17741495128207113 0.2548544170049964 0.2654292085670197 0.27516646693226254 0.3888669211497741 0.7944991791612481 0.59679077274779 
0.26247016573143334 0.03376066019368391 0.08535349399574106 0.21340726908285867 0.2919401188438545 0.23306553011010744 0.24982568096113633 0.4408575343536121 0.8183492681168248 0.6141204134541713 
0.22747973139362476 0.07494803885820783 0.06327173573056774 0.18677663007161738 0.2552297645407804 0.27950321549705626 0.25253624237511973 0.4286324713425558 0.827084153021053 0.6831266753240075 
0.23950328943374732 0.4880775093567759 0.05868176255795061 0.18171609583650172 0.3125653635169041 0.25002994058812017 0.2478410282605681 0.42279313104846095 0.8248649089932772 0.7272034936154198 
0.17140104197688397 0.1608710804766994 0.06658092516019308 0.1868072483558714 0.23315911524494543 0.23229965463981317 0.24706023959276258 0.4670778135169044 0.8075891080373244 0.7243783356079357 
0.1764882895855502 0.1732299524445291 0.031330911615465626 0.18514891415459794 0.31915461752018515 0.26316674369559134 0.2300304677351761 0.4449877985797108 0.7982993478390225 0.602179207981992 
0.14274693795008148 0.1209618736232701 0.027461358994972325 0.17267319156608388 0.28475744675411346 0.2664947730051559 0.17919041137073777 0.5139319857310061 0.8099225254139533 0.6053852591893337 
0.15007401064075565 0.1270945649374674 0.03775995313958935 0.16634921653361695 0.326079811943917 0.3052136277702631 0.2784302675261426 0.3686947024508552 0.8060378711540976 0.5826571874330266 
0.1983320186692621 0.1052232333013973 0.12144389117697535 0.21683134715530866 0.24977341641433465 0.25988164885230364 0.2875479450792295 0.3716285668260153 0.7763137877723209 0.5772776704481686 
0.19058552731178013 0.10412030583890367 0.05662253581697611 0.19522940866222654 0.23701961441466882 0.2888991292671594 0.2673292234955094 0.4745297125501753 0.790056886535924 0.6706134984798992 
0.25041751775374027 0.1307029686295312 0.047850348462811644 0.20077882688006193 0.2752343203462871 0.28420414813632144 0.2975321157007405 0.36807756933107183 0.8064318124843675 0.6776693086737184 
0.25607899388713096 0.07928160822309639 0.5127659354477172 0.19436289285225591 0.24987306490648564 0.259251116395743 0.2413394775157978 0.45514265756249295 0.8049830149357757 0.5895727122458336 
0.24219997327504014 0.03319517460512126 0.17010675713377627 0.24133894533671058 0.28726132744070354 0.23740604804361876 0.199862917782094 0.46962645687194493 0.7887452490095804 0.5998515173654657 
0.27304176355811943 0.0585023822547876 0.21834885259751474 0.19356436330528634 0.34069238260661555 0.24413849597541382 0.248912107949288 0.4782687628429486 0.7958231790741549 0.7986107215862219 
0.1495998422526262 0.03667754552981393 0.08707591901843599 0.17342531981591827 0.22953690599259285 0.2799034934480596 0.22830209727406106 0.4504035763856117 0.84788361715649 0.6382183445089652 
0.19445279364263723 0.07548771370639445 0.12955087300524246 0.2744141074321336 0.24423198294313955 0.2753815761061228 0.2963527237243122 0.43301986205419957 0.7854912661270816 0.6384050357771047 
0.16907895762025965 0.06116196831791702 0.07963440078215292 0.1886001630230033 0.2547222278017408 0.25026278553862014 0.24668924033947212 0.4171459928984072 0.8051985009274835 0.6315870958162618 
0.14208164194366846 0.029269061033811942 0.0825244994840663 0.17457851577788217 0.25931764420530334 0.2267410985691372 0.20079004087103014 0.4583394255723524 0.8547884194809405 0.6743364776378139 
0.16122943876669799 0.05551928354190119 0.11707761929599064 0.24487447418853198 0.30617965151982535 0.2767316673561088 0.2830975000459336 0.34392143015247534 0.811377997102246 0.6134491427372171 
0.20617101651187159 0.041697933184645986 0.12329019186981513 0.1798047364777581 0.3424540915210458 0.26753264839723 0.28025530653923586 0.36652359775342613 0.8049520637766313 0.5893634747119008 
0.20910225535092247 0.04676548701325607 0.09951057132041205 0.21848715316320189 0.22786423382026724 0.3036151286722444 0.24400676613459515 0.41954724452563597 0.8092763613606919 0.6733533744690231 
0.2764693895570655 0.02389244185351577 0.26158281229583025 0.535746290360574 0.3183435921244791 0.34788129195726475 0.4097378576742592 0.4134507703347819 0.8829189396728714 0.735316491345369 
0.1893267916512934 0.042160309876656143 0.05500037102396356 0.2646259349419357 0.2971026259860545 0.26394286631516817 0.24637146028815132 0.4230269059487081 0.7973660821001592 0.6381543102823104 
0.15171135753212864 0.06446723266163017 0.06789907369142963 0.2382199276379008 0.27941135560317026 0.2500412311857456 0.27944178916269635 0.35817815098067596 0.8123837967803433 0.608362966922185 
0.17690354156863913 0.08668100238963276 0.08325991757768375 0.2676659971569001 0.2990949619882552 0.3142546379458393 0.3020740485263399 0.3796855097276959 0.7898331762734734 0.6618932414925417 
0.19134800881738584 0.08700296366688513 0.05496430880982327 0.2483860883020174 0.30574114816252274 0.2406213056993154 0.2736172633574801 0.42860036152148484 0.7880826150942416 0.6979946018098266 
0.2265040083968749 0.08562752491645126 0.11008025763346882 0.23953350224088682 0.2298691099580119 0.2746199461850291 0.23940302469623512 0.42010713727081905 0.8413352072100327 0.6045455322871165 
0.19166353126141686 0.050643169691625 0.04492203790605224 0.21935117027331516 0.2905377053929044 0.24238261321110702 0.25504683776120746 0.4183076981994217 0.8073522501247736 0.6160408828641769 
0.3000860199119863 0.14362600498450195 0.15271827944645686 0.16199421317964927 0.42733730513914087 0.2600579855490017 0.3138779736365618 0.46187468901608053 0.7923703524006721 0.6644866171247101 
0.20219490093758635 0.0689156917441413 0.05832016125086629 0.21731709741403346 0.32045126773184823 0.2798286371579243 0.25572815499645074 0.42350605958387455 0.8011198976573553 0.6452212454169944 
0.20657727943112442 0.062236183200703885 0.045455921001240546 0.1612112920726708 0.319830117069909 0.22819030189558243 0.2501923780136058 0.40952272109668114 0.8360368365284143 0.6335064714888389 
0.2226643730853581 0.05440153268260538 0.051199582161481634 0.20520828781341782 0.34117233151027154 0.23364080198055448 0.23351425709672102 0.4211787338451207 0.804725951449588 0.6242572842275552 
0.22582237712143532 0.10332572290296041 0.07383435875915202 0.16892863055378526 0.3373246798273981 0.2935028711082891 0.29699796574303367 0.3401509823751985 0.8189860302341345 0.5877555794820242 
0.15889795300764092 0.06335266537468005 0.05226441162117566 0.17453218508554735 0.30419199878538217 0.291714017923003 0.29059860524823095 0.3808013205668509 0.813014361220691 0.6346119883167373 
0.16901525890900554 0.047205299075900355 0.07551662786905092 0.2005611641569013 0.3063689233491869 0.2772527979516975 0.29792546222119637 0.3444151383188956 0.8205552089135035 0.6067613735917204 
0.1707378222724583 0.07110707609862317 0.022105408430780862 0.19953452207959615 0.29484003922672 0.2521573259098452 0.2519988157646119 0.414369985440195 0.8185474072645622 0.6054770169798287 
0.26311095201216395 0.1797549904238654 0.17216535012661238 0.17485923791864078 0.3699299364648171 0.2865964806293446 0.20857563449678485 0.5337638102437261 0.7941076221639913 0.62740778842149 
0.19048248345729235 0.09515556940206107 0.09881319047817863 0.16803119634655866 0.3208290332442363 0.3088086872425607 0.2886649638850866 0.3434000661675357 0.8274835851542062 0.5906828691867186 
0.16735783049580663 0.104675910780257 0.05021563671189693 0.19334820733314523 0.28176140355572055 0.3535575734746424 0.3083266176224542 0.3569725299479581 0.8215325414376788 0.6075400442535378 
0.18807166075282805 0.07929639691520085 0.060798223012070385 0.18528898652960632 0.26821846294434537 0.29052422064505845 0.258460803760689 0.40402753963413524 0.8365113199781166 0.574593660542962 
0.23643961635646132 0.06419922807135173 0.02498229106571871 0.17270094979524342 0.29910193692766385 0.34474861385816397 0.29504889723093297 0.352101834351056 0.848248225377413 0.6631646414629302 
0.15515824007661172 0.10384961925946545 0.07356209648515534 0.19925501992474326 0.2905315348829589 0.31369972957304343 0.23995283194274333 0.4420535171525921 0.7955722530044964 0.622345346305851 
0.2188209395363973 0.11167300555592106 0.08056704575203434 0.21114115194195712 0.29479948675129486 0.31133132377382655 0.24647614116334293 0.41226293802098823 0.8077023743063341 0.648875549894128 
0.17624163309087232 0.11189889002593349 0.08716176333933735 0.22834529689087052 0.31037535963486873 0.3286923087186602 0.2863336130494109 0.37740624837358777 0.7951139820721927 0.6418992128426266 
0.20336608969772266 0.05853436470463107 0.06565729079481315 0.2185978400592837 0.2931388111257699 0.2946159577088463 0.2478250171969669 0.4336837585537422 0.7908121327677556 0.6466571740073982 
0.2638292653715615 0.10984205578798863 0.07629499040004466 0.20165286654106904 0.30443900360629217 0.32506585861768816 0.2841716869706839 0.4239018062668659 0.7805335676171062 0.644414613360698 
0.21418376700325203 0.06736858733275002 0.06485475634923352 0.17565651465010096 0.30259242172344136 0.29662634467354937 0.2699297703611489 0.41420292472192954 0.8169303874813926 0.594512026458337 
0.22179241895885726 0.09240382890087281 0.0785351381336775 0.18721853954395035 0.23843820263866322 0.28753077394690746 0.2478716253135546 0.4127335124535936 0.8465522851593493 0.6498212192201722 
0.1751999504400398 0.08411804772521977 0.07379297399936503 0.1726716446973657 0.25709871192848793 0.2436004578317993 0.27716690551823797 0.3929434477320351 0.8248265373035836 0.6141399809831719 
0.21000716954811366 0.0970149984162888 0.07631012697015116 0.19464076745141912 0.23973212877598907 0.2744066122862023 0.25327635055687253 0.4166536295023827 0.8419384529218359 0.6457610362827851 
0.211684820926549 0.04034980880489349 0.06618185712998391 0.20201971421187515 0.2879280317326596 0.24983705285552862 0.29167823704555373 0.39688352132144156 0.8302115487468075 0.5776500538139839 
0.21198617328023928 0.024267814118928997 0.035598811924041754 0.2049006625142814 0.2904671417287631 0.244270372048868 0.2939185572296738 0.3471377870764718 0.8268600604834682 0.6441154317686787 
0.2342254871456652 0.11901845104885768 0.08151308301305706 0.19883997865571146 0.28319595699801325 0.2690355006468397 0.29588004008152885 0.4039544355299053 0.7904713752317413 0.5790011543428667 
0.20028112079657034 0.1003648389467886 0.09289331639497447 0.20120493818635768 0.3175092372744589 0.29292159738301643 0.28628009655580433 0.3468253404358761 0.816919583829942 0.6476599710989557 
0.20693390302359613 0.067889189626591 0.08849051624749914 0.20843152490998007 0.27379360402881875 0.235023611847028 0.25322504225788905 0.4299630827375909 0.8171265160244991 0.5883172678319978 
0.22221496166141066 0.06375937457374528 0.09209890923574873 0.18663888731080228 0.2948193704723345 0.2637134059321916 0.27852935667139 0.3499007814489342 0.8186867647715922 0.6165651320246991 
0.20480239412425674 0.03580540569414163 0.04796027301675074 0.19201387771454573 0.2896197270131428 0.24985690808268035 0.2482318909196574 0.40775447839800627 0.8315655619241841 0.6464128386748342 
0.15503149498318974 0.07616555459192872 0.04190267971234027 0.16440499793183522 0.2847462871651978 0.23416224875548197 0.18735602330514606 0.5460506664554914 0.8056286083804584 0.5915805176636874 
0.17545327749230696 0.08293667561886886 0.07919590609246902 0.22431377345002562 0.2521505905070856 0.2553385573674839 0.20477302735447026 0.4596226416745013 0.7980350538112736 0.6801547623879847 
0.14759465763930368 0.10879011140953329 0.053779214905488135 0.2186291146843346 0.2652171594820217 0.3290183175583483 0.20520798842750296 0.4795490934291437 0.8261405247128201 0.6049247909293286 
0.14134696547047867 0.0235845947413606 0.06510071338517219 0.24369661275000454 0.26376141587101665 0.25100002127087073 0.2571080693830803 0.4447454481016635 0.7832857165497936 0.6149712513051129 
0.14548298151196373 0.06704037981823008 0.04969581417255387 0.21640508327291055 0.2922229388387989 0.22939459697935544 0.24327493414167237 0.4421332350200923 0.7848644466697783 0.5950104317386786 
0.13019064198820468 0.043216333166614725 0.04298811097331412 0.1796440061988618 0.26105565262653946 0.24686990795315483 0.25135859694550783 0.4373571528982501 0.7963318897189874 0.6022800693210126 
0.14993083982376168 0.12603227836675404 0.03121567395595204 0.19621267173305793 0.34426077293618207 0.22339073792338637 0.21864959981015256 0.5072962115846463 0.8690488141726701 0.6897506324650582 
0.19981892121678768 0.08812056184687327 0.07815563653172056 0.17799844283137006 0.24336097198732537 0.24500929409466676 0.23852103332473945 0.46043327778589016 0.7914473573159816 0.5807373902161548 
0.23689628374881644 0.04443785241476804 0.08698954608167953 0.2724578867350067 0.27910594469823913 0.28136946868032137 0.2226249287403581 0.47687000719224415 0.7902901269301205 0.599949938338755 
0.1577123856231034 0.055374052540155275 0.04859441632806666 0.17407025752209218 0.3062572846661473 0.24753381203357477 0.24159406972132758 0.42464085898766224 0.7944729742723118 0.6645578965145815 
0.13596983151315611 0.019992780397813038 0.030023237838751354 0.16642843669063415 0.24765003457926643 0.25546688601601786 0.19612609747046017 0.45803595520459806 0.8677254544576547 0.6967381358566104 
0.1679831429122176 0.04242662967611285 0.03876858091903737 0.21361940274796784 0.2591257091855381 0.24094867214129123 0.23113234723735035 0.41454197829174766 0.8776108686324953 0.647186006994817 
0.18345046392473624 0.06320219354052092 0.05727773301672245 0.19689170471521794 0.2366474989441145 0.23079180665255272 0.2747511037221626 0.40429778544931705 0.8626279211031767 0.6212787125727677 
0.14771518128528377 0.10386106801432797 0.0735705503999728 0.16854973201791096 0.2864920966719532 0.2814633797226234 0.2589573520537881 0.3854429688190575 0.8660219350077298 0.6545689368609202 
0.16283115984866645 0.08083944796237028 0.03510636760540538 0.1873915075713212 0.2686069301327298 0.24033086835904865 0.22095920286464016 0.4834186808858719 0.849917364652325 0.6683617924629286 
0.16620294038612488 0.04102889681251523 0.0569837980520394 0.15666567246804028 0.2768160521396839 0.2643868869533479 0.2474525609378828 0.4116725829946726 0.8405034484723645 0.6082962197259711 
0.21650055152761438 0.029588851371904895 0.015640240856947037 0.1655209218054496 0.254622770256572 0.25364058798806827 0.17956137073528858 0.4920357548086241 0.8508318048315845 0.6058567650328517 
0.20234490986777975 0.05673463863592085 0.01981666213347895 0.16269583273320135 0.2635087615865086 0.2926734196738133 0.20865867472551305 0.4503390053348554 0.8471321275892407 0.6485827523246639 
0.2163641248883104 0.09948311516769873 0.08216915148592686 0.18261080989409278 0.23277321567213913 0.28205651022001443 0.2499081092679829 0.41473970400004184 0.8557509720069327 0.6508120211309802 
0.17075615951237777 0.05823319414976201 0.034398821268897845 0.1880926177410407 0.28621366072964527 0.26158713476215173 0.26440583229976167 0.3753651148301528 0.8370044981177509 0.6516677282052007 
0.1543553620409138 0.06542099360444448 0.04041209868589178 0.16428103257651935 0.2686563965845255 0.2507848946892004 0.28622492920974424 0.4082211488528441 0.8088291449993368 0.6913530067260714 
0.14820929414952042 0.09839687943918507 0.06331269659242485 0.17649917651266475 0.2928877238646614 0.2971398212860228 0.25474076956387265 0.4261563553434368 0.8221510262909649 0.6792050153566949 
0.2081479731330966 0.030911855664048263 0.041673906688595386 0.20656352417430063 0.2955708303487425 0.271495099432183 0.27761242967817507 0.3644918229499221 0.7845836172303607 0.6752970370693184 
0.21235981655140357 0.09387419362476207 0.06652207053663695 0.20856886858683085 0.24215773238788732 0.31176737693840784 0.28425746342314107 0.44572736787517664 0.7695033163352238 0.6765284951157927 
0.16774614827858708 0.0642171226704227 0.036006492219831654 0.18436474100804215 0.2902022674906509 0.25147702027156277 0.2692329673733549 0.384876567503656 0.8328706778411408 0.6514324107210847 
0.21893722353427442 0.0631261430959297 0.024065396438278673 0.1624175392549039 0.276418897903715 0.29050287784602463 0.2518008705171975 0.4001477276306745 0.8416578516014708 0.6611266619028963 
0.14685399249134035 0.08574370676009066 0.051205347890194514 0.18577803712326654 0.2685383734754906 0.27916074271661406 0.31067542234632933 0.3602690769862882 0.8142488628135355 0.6432095231169181 
0.17954866348155782 0.09421408948060633 0.03938092729606084 0.17634699939476992 0.2814235288976622 0.2625529681277789 0.24801088387566633 0.42204571467820556 0.8161927719613709 0.6566413475290488 
