1.0124237346629499 0.0 0.0 0.0 0.0 
1.011675433926355 0.9662813876919231 0.0 0.0 0.0 
0.0 1.0000000031951586 0.0 0.0 0.0 
0.5059460860533525 0.9831370817245959 0.0 0.0 0.0 
0.7947184912816764 0.9706334214795695 0.11454292090146749 0.0 0.0 
0.980406814699312 0.9365923983938012 1.2724437293654831 0.0 0.0 
1.0116641629560537 0.9662813888325055 4.421584029600133E-15 0.0 0.0 
1.0116712206224157 0.9662813880181038 0.0 0.0 0.0 
0.9944536186287201 0.9668587304717294 0.0 0.0 0.0 
1.0112562307634865 0.9662982058132223 0.0 0.0 0.0 
1.0112688374021817 0.9662916630259049 0.0 0.0 0.0 
1.0116645150519288 0.96628138858366 0.0 0.0 0.0 
1.0116732990819755 0.9662813877823305 0.0 0.0 0.0 
1.011674406234877 0.9662813877038656 0.0 0.0 0.0 
1.011672797424855 0.9662813878450576 0.0 0.0 0.0 
1.0116716996883646 0.9662813880029966 0.0 0.0 0.0 
1.0116730277054289 0.9662813878302655 0.0 0.0 0.0 
0.0 0.9038927879927915 0.0 4.341344946759409 0.0 
0.5994256450473399 0.9791380428852774 0.0 0.11458593165003714 0.0 
0.0 0.9519463957413802 0.0 2.1706724934025816 0.0 
0.842929276791646 0.8757983655701249 0.0 4.341343501166254 0.0 
0.9844304608450294 0.9403161681647724 0.0 1.21740341833282 0.0 
1.0034607791740289 0.9585536776161988 0.0 0.36143527289221106 0.0 
1.003638622879868 0.9587307008753713 0.0 0.3531603542197908 0.0 
1.0066879533500892 0.9615212236384764 0.0 0.22253073190422745 0.0 
1.0096177842981922 0.9643180872842202 0.0 0.0917807679844472 0.0 
1.0096850044707353 0.9643837364862958 0.0 0.08871172052099581 0.0 
1.011639455103492 0.9662495550778921 0.0 0.0014881258847284076 0.0 
1.0088692729592523 0.963498485173916 0.11455163076311199 0.0 0.0 
1.0096073377557033 0.9643067522235357 0.08138651835915417 0.0 0.0 
1.0116662245039243 0.966281388528474 0.0 0.0 0.0 
0.7866993522308969 0.9737795557967388 0.0 0.0 0.0 
1.0116724734184077 0.9662813879600898 0.0 0.0 0.0 
1.0116717892249045 0.9662813879820159 0.0 0.0 0.0 
0.20335239551920803 0.9924051737157263 0.0 0.037210384494299226 0.0 
0.9857514194461495 0.9696352049699362 0.0 0.0 3.793308564118564E-15 
0.0 0.999330894758724 0.026648057130787606 0.0 0.0 
0.10881419421186571 0.9963732820572408 0.0 0.0 0.0 
0.0 0.9991776991520575 0.0 0.037208198512176625 0.0 
3.687393784421713E-4 0.9979186825665907 0.08240181998539227 0.0 0.0 
0.19823440843558662 0.9933929164753801 0.0 0.0 0.0 
0.28657803881784694 0.9889005261939952 0.0659427476876331 0.0 0.0 
0.0 0.9979681924302461 0.0 0.09178074770658147 0.0 
0.0 0.9959898304563075 0.18049317424072803 5.0245042238751525E-15 0.0 
0.3621023573343381 0.987931159781344 0.0 0.0 0.0 
0.612545931321542 0.9787636334948435 0.0 0.03720782092430601 0.0 
0.0 0.8433145680083757 6.347993940028942 0.0 0.0 
0.285705205624111 0.9829681178552984 0.299067145022238 0.0 0.0 
0.0 0.8778189590616641 6.049271064947723 2.5297061742919453 0.0 
0.4033581888566991 0.9822568338124259 0.20872088154598253 0.0 0.0 
1.0040243745335375 0.9590127481528196 0.29959571569093413 0.0 0.0 
1.007700473772151 0.9643927248400083 0.17997113591039168 0.0 0.0 
