1.0012032970632585 0.006231917918981813 0.030064348509643915 0.007079443762786862 0.005635893084375658 0.004800573042513908 0.010767593062081686 0.001791653406014593 
0.7448640955492982 0.0035891776170368806 0.015657973154978754 0.431414544664767 0.011878687961943125 0.027336730997107244 0.5467027195055038 0.00922013484161147 
0.6542653900177711 0.005081564125278318 0.7672225505303877 0.009368042477981437 0.006263642232807076 0.008544851921424084 0.008647315982240323 0.0013375160627918392 
0.6744373370371629 0.007141434183189462 0.035437459322568324 0.027820034614602585 0.004776906951577282 0.7058262121213738 0.24916648835964894 0.0032364662511797856 
0.5762723768025304 0.6581237804809995 0.01174642299416447 0.023061771537259308 0.006340462687726626 0.009924099129350548 0.5033685319807747 0.014648159827021619 
0.6617288476107805 0.7567195967163319 0.004155370354975607 0.007225173464908585 0.006542545343942086 0.0037850073245099536 0.01612679223952954 0.011438922275669363 
0.5066124059754246 0.040438450636125556 0.3035659509154748 0.01721626946770946 0.5435351178156252 0.41789959055061393 0.5281636597746614 0.002777454179269175 
0.44959860116909994 0.039833759345333807 0.13283584698011316 0.20023695297996885 0.47317989925521975 0.7370338463828895 0.009694593213880784 0.004932129550918424 
0.5912450059637724 0.08121513220572413 0.21961100956505725 0.7495640741613233 0.4063069690679561 0.4260062118134624 0.6510101005369756 0.12015015575476289 
0.44377504308199944 0.004987340697273564 0.6151832970515176 0.4223548337575524 0.1575111830574365 0.02691166595573917 0.5427842377639113 0.0139391547508874 
0.4374287874145405 0.05537742955129993 0.5872399904821665 0.014541603675886357 0.04777384380647831 0.7411261415464168 0.058167674844181366 0.04598876218901378 
0.4250401727473115 0.3943101130586567 0.7921013831691378 0.03260586816532675 0.016116857205958183 0.025985820774458494 0.5150977547997807 0.011568024837595423 
0.007093006497016064 1.002744335050733 0.009475158111828199 0.004779164453540934 0.0055320795863003985 0.012122651168113422 0.004147782978281104 0.005947455155282157 
0.013242061162704842 0.8604478350276245 0.5288456068316979 0.04596475044391961 0.011468663479488559 0.01314806415086816 0.0077522408791972485 0.0032276453300089485 
0.05739752686071037 0.8744377804002923 0.043758000487414295 0.06030071007978213 0.03375810356277246 0.03184254769446244 0.5527346064771691 0.03133497941766468 
0.003355225864418296 0.7854462106476762 0.004567640353600536 0.006554337443997747 0.4899942536723562 0.405213187953693 0.021060129829084843 0.002735598730991223 
0.028946592578443172 0.794142049485665 0.21970185026414152 0.02116615536743909 0.03531043635259495 0.39601481196311483 0.5371100065334433 0.0180715951011895 
0.022079675914247462 0.705590179872609 0.0057229773615478825 0.059426394377816785 0.00833336171632808 0.72449338026839 0.038807830899436194 0.0037069120311576513 
0.04349866178270062 0.560987872153014 0.03708231583138206 0.5693698144037114 0.503845326669769 0.44646135246069946 0.04199548961111468 0.01910277181672465 
0.0013636393358942107 0.5925721914869005 0.011084957643460285 0.0010275200626792555 0.37415360312975054 0.7277034304317482 0.02067407427706706 0.002536570232681295 
0.152732232390778 0.48298960644733885 0.7235168192443394 0.004730960685051693 0.0024991597303467314 0.014496485007168597 0.498250512991801 0.0013181878514452823 
0.0692697167526861 0.5895502419221786 0.8788145638838131 0.061722886400565356 0.11320261003058585 0.09182846774089568 0.09075002842142071 0.027739520355287508 
0.07269056362841946 0.4539084205614948 0.03763581804577938 0.031033564970364035 0.423570542559625 0.6478930464483501 0.5343084471776431 0.010550433558279873 
0.21763909786500213 0.6228609316359489 0.04242891501768513 0.6116693253517059 0.014904692105624805 0.047281072544878504 0.5114823145214542 0.013861226124389031 
0.004225443941944345 0.0029216498805032286 1.0063182771878187 0.0026810859366812653 0.0034837941286421075 0.0062962180994630655 0.005769485345689188 0.0034860008830884313 
0.4265096927477334 0.15191994616396656 0.6579065870071333 0.76335023470485 0.0911255437179267 0.10218764257407996 0.5207598004825975 0.07321579217758764 
0.018397938736865117 0.02975024094530185 0.9499249476995606 0.00253697666021393 0.4809315985928692 0.026483749998842024 0.032598316646910125 0.02017205734341447 
0.004808702735231552 0.004207407574616264 0.8718312845912762 0.010657481413627637 0.0033329313874441483 0.006698329684797457 0.507063202097362 0.003787938502122875 
0.0034454097709021828 0.0026419063784756352 0.8182305037962574 0.001065785897928226 0.005911405799164852 0.5947721579556503 0.006101579706966357 0.004814153772560748 
0.042146995766959815 0.057488228702278404 0.8866386354109662 0.4565410070479954 0.5923324717099251 0.10115246219830239 0.12595079414463864 0.11177603006678283 
0.035549302370070465 0.046270135991235216 0.7391159543751703 0.4000403270575751 0.49792821222876105 0.6385456530501669 0.11345183301297064 0.09019889115637957 
0.0039426683111105105 0.029588720043798013 0.6446808889796721 0.3783814059082312 0.4794291957885928 0.01910607488625093 0.5262005984289961 0.012537337300927945 
9.684479400599816E-4 0.006720988333735132 0.6179246300050265 0.005092931423881616 0.009888348717529319 0.6346341511152619 0.4980278077115347 0.0017992569514388144 
0.002892386965937649 0.40187983963629115 0.5572190469067891 0.004533973376034254 0.007766650674430067 0.7399738252177068 0.04135861760908994 0.004603365687895328 
0.0014644752066790595 0.006904908566525918 0.783809535415851 0.009346081182182301 0.4916195211614941 0.4049573353205705 0.019569946006353537 0.0022402213019418736 
0.11008997662821937 0.3520927942965784 0.5097150080926829 0.0047315493372721415 0.002497227424082225 0.6252349550356765 0.5053633240101971 0.004335132254739283 
0.006964930525815626 0.0036132611032819134 0.014373719919698278 1.0093976764240655 0.003089093539702176 0.009828011774728149 0.013483056572471308 0.004421122441594544 
0.2526603490349515 0.30307020537391227 0.41861705688177087 0.81649689473921 0.1038639641493297 0.0803024918173217 0.5644364197078022 0.12018374103052902 
0.4727039610543273 0.03925343492255561 0.3950455376361769 0.9698874179325793 0.10102576887026123 0.08466509655400796 0.1110276779170643 0.12102121679030496 
0.010376251769556054 0.5186802069450813 0.0095602679265095 0.8664403696578555 0.00432991739479308 0.018507046090766487 0.011225305079375967 0.014469858919317607 
0.011772210384898004 0.00844670688567898 0.48228833817087563 0.778059950223398 0.46056603127159695 0.0064196937099177944 0.01547820715881916 0.01311739360043646 
0.0046977654093370794 0.011496077628936646 0.008311241810929855 0.7356466706996949 0.6857191372590257 0.013559186292930693 0.012521992044549866 0.004785658195835487 
0.28300752511016697 0.4067792771772879 0.021119637680390897 0.784912082931138 0.01308888930233599 0.42319652859552853 0.007288180139613675 0.016394873038024955 
0.016104322684397442 0.0032283564860909513 0.7091560017395364 0.7484602464782733 0.02833362846643844 0.011440834524441059 0.0318283671308395 0.010598261022813726 
0.7210353650657279 0.006752263640762198 0.03656536846822648 0.6563384407106705 0.0050519036960059 0.011511938931125775 0.24871963478629092 0.004242975570922617 
0.0021959275778941295 0.010441123294356137 0.426790370998489 0.6989266127589209 0.011370262312388262 0.5885312535615286 0.005856263444000574 0.005831164932573 
0.6252698938254161 0.0024850031274172213 0.1680834157517586 0.65674075852723 0.003259649470151844 0.4111146250993902 0.008040863354263674 0.0035753253382844233 
0.01710740701218657 0.04231235734096444 0.020753633883020622 0.7114061864540581 0.005715942789501786 0.7272364770963691 0.018407697582115738 0.029363509661108567 
0.005487355976514452 0.004220230044073704 0.005523503921645855 0.0034186166478283983 1.0028446068237233 0.0071679517167789015 0.006025236697103081 0.004348597361788276 
0.530882745065224 0.14403465266390078 0.16922192357471472 0.5643151992194428 0.7232151078214437 0.5554820188581905 0.0850771575527121 0.08786393295131523 
0.0049205496014014085 0.00411145795876577 0.0052281631706410535 0.007647652692054452 0.8735456733145733 0.0054838617529855485 0.50240272984362 0.004134691037703558 
0.7497120313404844 0.0789860665612141 0.006236669134529585 0.005305760307892742 0.6851237234556115 0.016115302711835085 0.030357814634467822 0.021033048725761505 
0.006596861657455954 0.7312401842023893 0.01152471735321417 0.007202233811865691 0.6889320932975839 0.01576475966484926 0.005185873438700125 0.0014642319492360867 
0.6784829911510357 0.014848813312648278 0.014459942866085438 0.018835176203552035 0.6395996196979077 0.4655552444713088 0.025073661068377787 0.0035559756937171005 
0.08762193698178625 0.26531258426844784 0.6003236363407608 0.018723237663382245 0.6172973319859133 0.4554884488524752 0.0045075230963197 0.008533963809685218 
0.6331462274694912 0.010859786924487353 0.0034780316982975334 0.015415079920276823 0.5877370982609149 0.05851179371213677 0.5680808245227511 0.010376516937005602 
0.0064763034412478855 0.6374425337736229 0.014016616913262668 0.0032223895211656744 0.5995370458789727 0.016069152280691636 0.4964088635274813 0.004919910893619786 
0.003165536250877185 0.027147627792809055 0.007762037264899551 0.011982481532347357 0.700859705160134 0.7263257238716099 0.038666439159793696 0.0018606161552573684 
0.441802014739145 0.005536439256856078 0.2691251783402501 0.31048000208982085 0.6086100588354538 0.011908936780770403 0.5323807000267927 7.052797809741562E-4 
0.0041008809592303925 0.0038781424129470505 0.7448420914640556 0.002311839175516736 0.6811239544866954 0.006071385167512295 0.0036085928985242917 0.0058107086131179144 
0.002828666116130282 0.00207937053498012 0.002357993729125067 0.0028939307578231123 0.002842862900636233 1.0141998430822157 0.005814611297719687 0.002768424306482662 
0.17592260020241102 0.33858828158513343 0.4424038773779719 0.053078892154401196 0.5128732124368305 0.7423606775780938 0.05799914605846083 0.044872630629437346 
0.0077549358445090436 0.07208454457748871 0.3802873363916809 0.0031194208674717797 0.17813619545142628 0.9110474257063294 0.01687317455786009 0.007749734146040794 
0.03235565346789089 0.040741185784922335 0.060991282057446285 0.035821969924286066 0.0208955975193949 0.9330292715162647 0.5182016962246984 0.09297049822432124 
0.09755445942393949 0.09655210861342989 0.5584853107985926 0.03739931926731791 0.5735964318391668 0.8802268833325536 0.0450108085590043 0.12218404117123575 
0.02161505654528863 0.3277930032557723 0.013711072559165125 0.0014662805864400642 0.3158673144264577 0.7423006477352182 0.5184755647767227 0.008141537230083198 
0.004292520264049293 0.005552990297359353 0.014946944682098184 0.5155607505649761 0.4871555660613204 0.7165270263570139 0.0034074597410306165 0.00863355958501454 
0.0072062392700158176 0.003309355211090961 0.4910105835891271 0.5137035053751212 0.01339336832189511 0.7212167338283344 0.007164278450377499 0.004884561687872219 
0.00240887706856459 0.002999999175030987 0.006397704167879585 0.0022260997784479984 0.0017453362395219007 0.7251953631854666 0.7072363782468234 0.0014760456611936975 
0.009603402640659411 0.011412614897431736 0.4472222191196211 0.006505542317891868 0.4080405034388192 0.6428309870581513 0.49553946848324243 0.019647814078505736 
0.0023077453792035058 0.0056769496341653475 0.23780335473399905 0.5529625938489768 0.013204559482416786 0.6496272001641273 0.4960417961742694 0.005844737433041377 
0.010886667194369058 0.0043205988733104805 0.40894065196228746 0.6564435330024406 0.397308806698463 0.007361736234114495 0.5414472675435695 0.01962885930262386 
0.002616503606633003 0.0015218185644535617 0.004745125358127321 0.0019377318800381758 5.217769405848867E-4 0.0067417081055071125 1.0200264615557795 0.002340510520796858 
0.6286980410469724 0.10602676270910263 0.07177953972531155 0.06439269521993889 0.5829343110716491 0.10885940429645495 0.869402330889484 0.1715259310865295 
0.20616504975374775 0.0345208274766278 0.15932324351485008 0.2024562107022984 0.21624899541566178 0.3920806448270847 0.9444194574300079 0.03986716531866337 
0.6986308462560181 0.006337935817826834 0.02289502109145186 0.016025840816690663 0.00597909281141898 0.005739432695836733 0.7295027627456092 0.00874667902658324 
0.4177329014266511 0.03667349407341059 0.05079459410203181 0.36259322552903783 0.47812126247846476 0.04947267444108225 0.7959392747587228 0.03622093594795816 
0.49020450827383666 0.0033454916240930003 0.026875476731510046 0.446910294223305 0.005882040966364246 0.029225239137708497 0.7735660636590981 0.0029191021132903253 
0.004976465124357262 0.19149170753694839 0.07550272278328488 0.33427341260818105 0.5690610787578865 0.02219615808640491 0.778699619581646 0.08462091198982574 
0.4008494508187192 0.07745238697557699 0.5260842279861991 0.020177528009611756 0.312655257931926 0.07138294606578416 0.7720343385461217 0.023025605912748447 
0.029418435972855518 0.02512953037450043 0.348696419994949 0.5798592742357617 0.011562897155276532 0.019629662092907056 0.7653743760570928 0.008181652303094197 
4.8203209178319126E-4 0.005505778084836988 0.4865552111108476 0.006319559766570305 0.008232594682615143 0.5139286172526876 0.7254678027367589 0.0012955211537110183 
0.004355504204213768 0.003932462910147462 0.012001388525850129 0.3688397222424979 0.34947496021415225 0.5167731920191203 0.7026448020605366 0.0056839508903517 
0.0023509169152947647 0.0030403373470602605 0.006364048101969401 0.0022454931296820783 0.0017742122487280688 0.7252126807501763 0.7072886463814743 0.0014359257394647902 
0.06564312230055151 0.9434906661673499 0.04413479938871814 0.047459038764126826 0.39895080334429467 0.10924341290323655 0.0862839605966181 0.16356517571628298 
0.0360379640486197 0.6207264626974883 0.04445910678050383 0.01867646474662816 0.5765024434478048 0.6061256967884773 0.010612877264337397 0.1620147413335441 
0.9040374401852279 0.07372980263659358 0.0877580629403975 0.08791231051822805 0.17530628900411105 0.14532303772213892 0.6677269514272893 0.1711214165924412 
0.6561542913307313 0.7656670704437347 0.041953422813847764 0.02831531451408101 0.40109495419734637 0.11585640183776882 0.07115019383570194 0.15677203807484236 
0.040660916550105765 0.030275981387555224 0.6103346096870236 0.03382653730360843 0.01883417044913151 0.6313630557320449 0.4974279447065149 0.12966171602719623 
0.041085445995844426 0.18062481837222916 0.7378162871817026 0.08382321071526004 0.029321402816421167 0.8329997358669661 0.14506119709472326 0.14040655904009122 
