0.5223916999059545 0.08654411038907026 0.05546329645447797 0.13338661713254868 0.15581567984252612 0.28213757420034113 0.12606622401335865 0.2782870673171484 0.3834086331660123 0.9197611702951879 
0.3089415406923129 0.03652404023979252 0.038234588612056336 0.040718564942245 0.04832179299769318 0.29275858142654027 0.06709613236323253 0.26721060668269003 0.38907496180544415 0.9115696225621278 
0.29368818192094764 0.06542300099862348 0.054985772164429375 0.027156089666447156 0.05310481412393684 0.2909743942083992 0.057083750766425814 0.22054254942667229 0.4163179386197222 0.9146843437307353 
0.27943825244507187 0.02907137893375855 0.03218989871273595 0.04798732039508961 0.03278629358676913 0.25952796923672805 0.06315059921211387 0.1843159099697126 0.43468009600416 0.912800922497833 
0.3352471389203714 0.016660672878202724 0.038949907375310754 0.05065644905601386 0.06038003103681359 0.299497889877162 0.07705791304739591 0.16903023682509166 0.44333496064397115 0.9116869663326795 
0.2758659438543518 0.04839259585247763 0.031312138847982646 0.03060138991182508 0.04925379005778023 0.25672921905911356 0.057713234876179346 0.18212476273763642 0.4260568646936986 0.934790217267228 
0.2615843433339251 0.03684798064707045 0.06706128034698397 0.031067501823917727 0.041162258464407325 0.2622065853996962 0.0508827334665707 0.17234423240186472 0.43603792354017673 0.9223858374287803 
0.26167054291703046 0.04016821371109315 0.05219730274413145 0.03967549303814755 0.04573303173609171 0.2814406435971779 0.041175147533253555 0.2291135906791801 0.42349128313447737 0.9021065186049531 
0.2530093799313425 0.044543886318806764 0.04478833971373992 0.03187845743626051 0.02608088372545776 0.27648599638819044 0.06403264064628597 0.2392202031698006 0.3972372340939428 0.9235735668052939 
0.22630149507548217 0.1135670639885883 0.022210210803779697 0.042004979162255374 0.06019862296722857 0.26820312240865185 0.06035885704335523 0.22342573638260038 0.42049160968983607 0.925559718965036 
0.2575299276535953 0.12268323827089828 0.04025136163214624 0.02809856855461252 0.08472734725807829 0.28794962169754557 0.046890353624634507 0.1716815520087112 0.4546547188352137 0.9490865095306791 
0.2464199818132855 0.08012801940458178 0.03506819096685375 0.0432579044760979 0.028758519436483356 0.2783758943046273 0.0595573988113971 0.18339285183313717 0.436971009816229 0.9081681269404734 
0.2513821758271454 0.08646403774400815 0.09633849146210663 0.027925040657275968 0.03978136923963714 0.2723047873716356 0.07510539107579019 0.19869280799852623 0.43253758990572705 0.9109856472222786 
0.5479782991671521 0.4788854783003627 0.14166578803770175 0.2078858711398592 0.021259000165184637 0.3729313989984106 0.518458629972246 0.3509307136408639 0.6552936457613714 0.979533367108466 
0.24712108948247766 0.06646830989819145 0.03034424658012326 0.023917846932669455 0.041275748944223686 0.26568553214738216 0.06539493550246656 0.1975367317631323 0.4292894013184877 0.9401532399443626 
0.22130745867735407 0.06709437482061394 0.04393377068709031 0.03296450043745391 0.05072222812226506 0.2930776990292606 0.0759362698673251 0.17982579704268215 0.4287548584838079 0.9150678980707335 
0.23990788693518794 0.08236020322874836 0.04447679408750728 0.035894686841264685 0.05175244247513075 0.2721709791175986 0.11562985159117198 0.1914033979954052 0.4455843392853061 0.9400739609650984 
0.24416226250295034 0.07856415880192343 0.0676308205354978 0.07387732747425087 0.039706606321209925 0.2582457194431279 0.08369714411967344 0.17788221381019062 0.4346830931898744 0.9507183466917796 
0.2467254859255825 0.09130759462830906 0.04201882738257355 0.02863200858179515 0.13709524520524352 0.2702432688044676 0.06437626253743946 0.17171856937014957 0.46307418864754857 0.9579460833902732 
0.21359320989212754 0.05820652485454534 0.1470429554651391 0.01983446192304327 0.05620672046620526 0.28702266092283174 0.06672789671573252 0.20337906170741732 0.42687446864043055 0.9480407187216603 
0.2145006287087231 0.034587629606610014 0.08326912998480117 0.04144624825531332 0.10424081135438605 0.2775816719710965 0.056082745895934503 0.1866205324074165 0.4390280104533995 0.9110654450579069 
0.20971794762799398 0.015887094272954 0.06688575738856507 0.029319730244241324 0.046505865835484966 0.2931398987477909 0.06903916110486469 0.20488297109232764 0.4210293843675299 0.9104476903842293 
0.24321362794525994 0.05494471825824492 0.06827928003928413 0.04917414847168752 0.04071595089691877 0.27051212497004595 0.05852824454737445 0.2122023763394713 0.4195496375022994 0.936723261671362 
0.20976235660184261 0.05473905762913677 0.06854733880973961 0.041295062361843285 0.05195939467029817 0.28767365245226734 0.08482306686557634 0.19109832732153936 0.4344032930833931 0.9144883506575353 
0.21093531203305083 0.04190636605595026 0.0809464341020944 0.07179064836774748 0.11183014495883403 0.29394116797542436 0.07453041205335202 0.2299130656284022 0.4109503997032953 0.9148649038760973 
0.23723518725951245 0.043115351390831835 0.06286160901063521 0.059302170038008625 0.03787713816410421 0.2621670392047776 0.07789283320528709 0.2041749586021498 0.4187582056574411 0.9310207347999058 
0.2638130361141944 0.01679719854097287 0.06812732645684062 0.0979724028467129 0.04892697920954153 0.25996766949332756 0.06354669704357933 0.17967923614033957 0.44016174970493344 0.91848369541664 
0.22081264994475422 0.042770307928913 0.06434944305006723 0.1077240316195158 0.05992906824230677 0.30956845310019643 0.04791020719469379 0.17284068794895185 0.42709103121795267 0.9246489881658407 
0.21666478203338518 0.03190342422320373 0.04740369668559758 0.07635573553731795 0.0626416131419308 0.2637082730921931 0.06269384739978402 0.18315134685852957 0.43544546327099015 0.9271124460410605 
0.21421866630950334 0.047703856131030425 0.06650007986962536 0.09554959354827734 0.06937719929302041 0.31718042233603433 0.05682552353846837 0.22901431271154757 0.40045136224476874 0.9251113774872217 
0.2201491660662321 0.02424264216358015 0.05184742872939306 0.07962025960697532 0.07582971565448784 0.2908431715485891 0.06767726459306027 0.169253948888631 0.45591814075060605 0.9204395444897281 
0.21638961258910502 0.0645558504784007 0.06849321257849669 0.0730153622807353 0.058934098114105195 0.2640941596680421 0.08074314520389053 0.18791951708524438 0.43354416026929776 0.9523387767908965 
0.21456871815620113 0.04060002741808576 0.0719629984404367 0.07327520141948694 0.09578998621615051 0.2831603907574576 0.05970288033309974 0.18133801516924314 0.4401751716460202 0.9106896719448846 
0.2399167808995006 0.05860422316183739 0.04859639018456377 0.051883657807423364 0.028463204624591246 0.2673620281785924 0.05503435129960818 0.20792438564787818 0.4218427846994312 0.9404208539481982 
0.22222730085325557 0.02445448128759936 0.036262861093842025 0.06191344110944303 0.05916258090006316 0.27217444233842875 0.07287933140763898 0.2129835842177325 0.4247204985635154 0.9208238790865941 
0.24777783133666317 0.01989036687863037 0.04317362025576588 0.02579168222384886 0.15476135129095692 0.2761572829433106 0.04740929381746836 0.19886362243010608 0.4360353306980698 0.9266303878720707 
0.22323893716436555 0.026040125569143764 0.03584704157583655 0.037918165177698394 0.0843004303265027 0.2644974676093915 0.08466232390854084 0.21181703006357283 0.4291608908342007 0.8931583413479063 
0.2416503193929472 0.04907564732391473 0.0355376712419156 0.033804900474156234 0.06475180939890658 0.27705184246264014 0.06684304148048278 0.21849575948686784 0.42816506661083376 0.930352209312399 
0.24589873438285362 0.042135198296430594 0.03808163654244358 0.10255002255574282 0.09980990054854635 0.42053673843556827 0.06090374785288864 0.17644084193014986 0.4656503325450856 0.921812532709037 
0.21093946929461793 0.06751103504275256 0.06906209409290145 0.06021703067823591 0.03058753409569189 0.32821927406585816 0.04292944721254329 0.17633460593466418 0.4312301052188923 0.9221896810206849 
0.2113178571694715 0.032441053413514796 0.08349431821334916 0.0394726283375294 0.03290084174830994 0.31557115024236154 0.045762519597097845 0.18613619050718702 0.439948895512102 0.9066099501061767 
0.24834233176917817 0.07423369275931671 0.035360769031220755 0.022022469918921164 0.08472417529307427 0.3315905757955123 0.08302353064779965 0.24068418435214478 0.43985187111221696 0.9049468660265868 
0.2944873081277891 0.024437966786345237 0.11184183105522878 0.01976199011957474 0.06928325476237036 0.3323943771694834 0.0657634784432429 0.2540967233854562 0.41656138690345657 0.9077414709553536 
0.2318492207727987 0.03382002410679707 0.05635769028719667 0.01495159063971176 0.04194393992468865 0.29443097787704864 0.04941007630565332 0.21389601843863207 0.4172399240056052 0.9185084685306055 
0.23102117015600857 0.07083529211128646 0.06700881690233818 0.06732954814939135 0.047029651545503696 0.3165939524716228 0.04747856098130437 0.23073751532971642 0.4026099222775102 0.9288022532878 
0.2122396879300003 0.03405598072787398 0.025503747089023837 0.029615244502191763 0.04502066350445608 0.2947451610955583 0.05875939910818738 0.2464375305775622 0.4043249548004723 0.9212903807081383 
0.21726916081504263 0.06674057946109746 0.039636564141938585 0.017654005161802877 0.051113000620552206 0.29596624818925277 0.06472756955150469 0.18003238842015679 0.4292130131907033 0.9196024177973643 
0.25700664412304147 0.0652660390002941 0.056304523891230605 0.035300652226186446 0.03483360739710674 0.303945660045027 0.07657837733474042 0.22700513056948554 0.4102196116876363 0.9267059054951027 
0.21991873650731464 0.04633995975828277 0.04285102829214747 0.05154162009679072 0.07132773494976666 0.2876796182772702 0.15434625310204717 0.17481036153218085 0.43099908800832776 0.9334270417652691 
0.22019299896572764 0.0619723367933981 0.05247448449597196 0.028594732363555884 0.046060180085593205 0.2517564165925595 0.09778116330521316 0.20012185924888087 0.4271239550443296 0.9314464131962346 
0.24317835645414912 0.06396698133283951 0.12173788454985582 0.021392129213038215 0.04050238318730884 0.2887961999804101 0.11195367346362027 0.19277880486141172 0.43142720217817787 0.9279667298963241 
0.2572956345345644 0.051203022713684695 0.08675705949446545 0.13640196065468618 0.13382128286281042 0.2894217890987471 0.15955940927287082 0.2830320102862365 0.379706352607843 0.9465390830587769 
0.236191748203683 0.017301124859744568 0.08898752941270949 0.03908583553735032 0.0355391866574968 0.28666516800176745 0.09895814949499968 0.18965483264634986 0.4376199110343945 0.9509120609108077 
0.20666273488048056 0.025774977712739556 0.06245420244904252 0.03839921609421621 0.057011858520609394 0.25748505952120654 0.0876097318469976 0.19586272031805424 0.4330406611422225 0.9322732062950682 
0.2900120175696796 0.05304856340368447 0.08348495026130111 0.09931401604500861 0.07277410127720883 0.25982187847848914 0.12479797656425531 0.17405573006907107 0.45556996246427306 0.936823059676055 
0.21931562824049713 0.053231652866599304 0.05155504631125844 0.03946393478988798 0.05672568359595184 0.3010179026377981 0.10920342031640332 0.3147354351994337 0.3694263170983183 0.9232694824892235 
0.22479516801521587 0.040294476456421174 0.08847075271686837 0.08267085957751721 0.07796598190673236 0.2876781217232238 0.11258550627195221 0.2234617389305971 0.4020124284243876 0.9750303495095834 
0.23271321776811957 0.02322004090821944 0.059466659649487885 0.022657739512238564 0.02852216413124646 0.29817296627164347 0.06882061019008419 0.3203269597557681 0.37329536745640307 0.9094948916589592 
0.2126880744077911 0.0505527984770172 0.06742221964068626 0.04805440278360172 0.048634558632365266 0.2954039549762628 0.08860965686137388 0.29556506793204285 0.36658439291471173 0.9288736913532006 
0.24024899108659123 0.03220990733064482 0.029956698522588115 0.0166601128368958 0.049290326750531986 0.2760933579658975 0.0642440104858705 0.2549985135580447 0.4044566892094762 0.9124577471016277 
0.22816550936010863 0.025876351460460766 0.07244638182279134 0.030336516575564375 0.04520499774693668 0.300264808008202 0.06298281091972782 0.280896909462828 0.37159080508280196 0.9153690729927988 
0.2396980147059205 0.017966331967928503 0.07760678290189674 0.02569165532441612 0.04014072653488546 0.26040835064313467 0.049173263618918765 0.23691648620932265 0.42006614852781987 0.8953805859619478 
0.2723490879507531 0.03504409393688181 0.06268368715661363 0.08146827784679778 0.04407431943902559 0.2889301641763497 0.07668577302404554 0.27384703985919756 0.3911259351169042 0.9295779856876929 
0.23513292450959555 0.041153280903228076 0.035174015643790746 0.024816487274770274 0.04726726480009301 0.27766605003265177 0.049127983072079925 0.22809863930962387 0.4335981235198845 0.8963512596604822 
0.24434920696560292 0.05361832149870105 0.06582334441364293 0.03260819065087334 0.060231181915084586 0.2722681083032527 0.08123860240241682 0.23344038181097568 0.3977444337464161 0.9444799584530374 
0.22507345244640362 0.03330754028173873 0.06427149234983903 0.06971001372619276 0.05164526906405737 0.29103201224703706 0.06356075719298582 0.23306327584463316 0.4059069645205204 0.9089746707923573 
0.22112948589898881 0.029331096220187324 0.04504752446044012 0.0749044466085265 0.05278405914295637 0.2906194826085577 0.05067929346770426 0.22827776519589787 0.41955506917935037 0.9156233544719118 
0.23050879734742608 0.02577735024274533 0.039437334573014717 0.04417647695116345 0.035239516822541075 0.25593192394297715 0.048580100669889145 0.19278997447333632 0.4500258758246888 0.9060604632544514 
0.25811133566549777 0.04598378566528402 0.044347553144852336 0.03446006628718684 0.031423332090341205 0.2814818567057969 0.06789823577765866 0.1893046048240002 0.4428423895992049 0.910301291039362 
0.21845281053742857 0.013171124168038739 0.063442421683535 0.01729421479751295 0.03455407229477551 0.26817122490770534 0.045390075489665394 0.20324643823442107 0.43130442942588 0.9010584616646475 
0.2531382221137661 0.055027981827834895 0.07779340577226283 0.012258625976821329 0.031125430514433262 0.25437971622559513 0.04746637402927449 0.1861179600550792 0.4396888747021415 0.8994516425149279 
0.21918046359175955 0.03560518911199915 0.04088560686865885 0.04950330928916427 0.05583928784405322 0.26104998151103115 0.06600589341739757 0.20781946111459898 0.4313785167384073 0.9066525236450185 
0.24299887624865854 0.0329212576950427 0.034025920223976484 0.03240225369392248 0.07990362703670638 0.2663916824666419 0.042409599881953294 0.21504858439266739 0.4301984575651061 0.8970846961931063 
0.2524304721639258 0.021706006878011316 0.10003424530521961 0.016819831053289727 0.05590150373293373 0.25497504810401317 0.044353622323469455 0.20983451282882737 0.4342205762395592 0.9041053474026755 
0.22946177858492314 0.05105141973952258 0.06336885118907548 0.014843392978507012 0.039451343646652925 0.26833275094528525 0.05811519334157171 0.1723511935222022 0.43423271843179656 0.9087539345731989 
0.21037654077861137 0.05741902650537632 0.08086077632298347 0.0548666136568856 0.023653396482163098 0.2913038844459358 0.04075762248116374 0.19441482758436118 0.44125002777716993 0.910698054605823 
0.213720163065095 0.03396534532532547 0.051873859157980054 0.0675685586453125 0.04113766231373869 0.25999864261044464 0.05928247584316565 0.19507315653071933 0.43588987244918415 0.9145544647000419 
0.20630303862414526 0.32647951480854903 0.2711608689627236 0.1856643572187254 0.1130755416535464 0.3372412588400943 0.3143963511752726 0.2804812374250464 0.7000709170813615 1.6767010942265828 
0.2394486293903477 0.020413996975351234 0.03312870059147886 0.027122415656868258 0.035309638924736104 0.2671518456280322 0.05131626741349161 0.19320792374491072 0.44510667733978004 0.96525768677579 
0.21958674006468284 0.021356693765258943 0.062154651529133784 0.03796415436155225 0.06011709902610418 0.2956814669999406 0.08411723667260303 0.17049286883841022 0.4307439833853035 0.9730764388215578 
0.22730059384442985 0.08117406501875932 0.04458491052935921 0.03402405737181685 0.034588771706016985 0.25702110487913893 0.057447428035268505 0.19964946199847047 0.4253993342425479 0.9466852268694314 
0.24106439783407715 0.03571036671957798 0.048209755266471366 0.017071540282392984 0.0420308009625491 0.28185565437479565 0.06100473840533406 0.19438241906575687 0.42859462567713547 0.9525344903105057 
0.25752784052926914 0.026689763450588697 0.07472525525967036 0.028166897685932054 0.07113819414611071 0.27677510615385414 0.08378488725998778 0.20936490383676842 0.4161453144240233 0.958461820603176 
0.2334373028600614 0.041306564128217815 0.07783317922967985 0.0672222787530969 0.04562675255834503 0.2596926963061669 0.06663635007820322 0.20447264609138968 0.4195767483270136 0.9573066434387054 
0.22159526273725175 0.015098490225680501 0.0461266490404253 0.05323897440879812 0.04196307299656207 0.2999951287198497 0.04852601892674862 0.18734083274478905 0.45557058098079906 0.9607105465184412 
0.22270808633490127 0.03324425520633274 0.039542933246257184 0.0511846698192445 0.05329628856611994 0.26883080363088563 0.06475826983680429 0.17100809771849282 0.4369628917892715 0.9458290516188718 
