3410.9823490210824 0.014034882767124416 38.693369073455386 0.024687231024787447 4.968251522203156 
33.04763022091057 0.14026553161844785 38.68386471887303 0.0739949357028646 4.903890671628326 
84.72180984971877 0.015021612799374839 38.566870253357095 0.10049122738041642 4.866700591320068 
3558.722990791692 7.708531237078766 43.344952066117465 0.032114205757446904 4.958788118219208 
57.2632371114524 0.027683291672340626 38.831308744300046 0.14070878329531641 4.826508422120083 
33.04675192607493 0.1379011636162238 38.52222392636447 0.041482009131496626 4.946555756518801 
943.9099901564617 5.315879813940017 38.67721766001771 0.08934290525735393 4.883613997432858 
34.406796119736256 0.17970414081413838 38.357862517225264 0.2554253726012251 4.959827260641482 
2.4743724884745895 0.1256593057482234 38.487554580914505 0.2388639823692607 4.730150102533188 
2.3179665668337894 0.05184673049369156 40.394859756693215 0.1208553141468406 4.8502615526276385 
2.3154849277894676 0.11423549026685108 40.753971976160535 0.06965940833645293 4.908114745816368 
2.3273150266089893 0.06226446926441535 38.77310337657742 0.13605362631331386 4.835633263406612 
2.3407016225525377 0.14814632354322177 39.20230501489178 0.14005811990395267 4.8273566052830965 
2.291261052513779 0.021748160820560643 40.18241973732035 0.12919882827135953 4.838584004148816 
2.323022168185941 0.022345064974413638 38.6892842246662 0.11733205885304723 4.846983446001309 
2.2158072995567517 1.7545770712513087 38.841489596334505 2.0563357572742804 4.726083248883379 
2.312457975258024 6.752874631279186 38.542288771884635 0.016481711333639737 4.979235410140952 
2.333256721883343 0.1307906993496885 47.0336439333019 0.034934444326941136 4.9548756193975105 
2.323792898981744 0.9384884905331421 38.89313480454061 0.06293912849474922 4.917099038896781 
2.580999995899507 0.9688031046655292 39.11904664811235 0.08528852378952957 4.895533471137343 
2.3303812507225703 0.0381511319898578 38.46626930218046 0.01823039082450509 4.981959049059454 
2.524548905246648 0.10820031299316679 38.7544227940136 0.027992850747488404 4.96440077039418 
2.5637925092047316 0.11061214020837447 40.31804098132001 0.027919054687634524 4.967455190103836 
2.5643033089695324 0.1057813393206771 41.14969995486079 0.02795748644294464 4.965268982609432 
32.770273429691514 0.35629943794569363 44.85647778047376 0.04769049085434561 4.937653765501635 
32.67538981770094 0.3142181636764965 38.68040035994841 0.045139593010049696 4.940808012491353 
2.323832292236142 0.06042325769936621 38.904207577236086 0.02772240404719029 4.968179930569848 
2.3328611313566467 0.13664315121752832 44.87506582355307 0.03467400268662778 4.954102975305713 
3.536423616729883 0.04910067337285526 38.74007486335972 0.02540079531165429 4.966440006377429 
2.3235376052274237 0.06038629504795192 39.61707665669117 0.029657588162137073 4.96516940552842 
3.5327554668982915 0.4285780076889853 39.439946521277655 0.14209108485058897 4.822580241643719 
2.3031811871390824 0.1389325624473188 40.2290277677304 0.06257594270278424 4.911951719417135 
943.891093805546 5.317472574180673 40.660387395056205 0.08695541827806222 4.88322555569136 
2.3007211763901068 0.010399427843159944 147.97363538812388 0.022840353017786568 4.97401400317504 
2.3093527472172863 0.13627578599812298 110.98082078822965 0.04757089574785771 4.937015548332674 
2.3044117032005764 0.016436800850462015 41.33670015034255 0.020957718838327685 4.977662883458938 
2.3142973254796515 0.009689949958800346 39.90347632199194 0.02004229864252644 4.975399192202837 
2.3144149089108716 0.009592357419482486 39.81040877407727 0.020648792689883587 5.532570730467654 
2.3044681987904316 0.017392897512052707 41.18632435941869 0.02060854287712737 7.064661367422051 
2.3124291680863043 0.009956782007080904 38.542354907065366 0.015787516201300845 4.980348417611916 
2.5254721335684804 0.055898860539778474 46.31096168766629 0.026707198006061486 4.966137463121422 
12.704223092364405 0.009634170662172365 43.27901048323277 0.01980906764737885 11.027160741758246 
3.0567126768890454 0.021993490725970333 40.75611122805118 0.02715546507252033 4.96579178322597 
4.2634069185036685 0.012774023576777569 41.53504864577021 0.04034808115756898 4.94363958867843 
4.319072724299863 0.01522888046192062 39.30881407416209 0.01983020581177484 4.979175977139867 
2.3027086490851474 0.011476738840621364 38.960142697159554 0.021860895572596493 5.34656955944171 
3.3953544599989836 0.06075509712983431 42.69968296116188 0.061420868391869256 4.92347831311758 
12.74567609897782 0.01240135863913984 39.3387024937193 0.021901963077988668 4.972979217107239 
3.534337055819774 0.02000331175360805 39.44985016808056 0.020203445476263685 4.9779272294511765 
2.3199876922630667 0.010695470417114578 38.56416679894989 0.022190320300950583 4.971418468902872 
12.760945772156006 0.012032539302034915 39.30511050909019 0.03711102701797228 4.949242680148357 
2.3304030874174053 0.012061354292698645 38.43664627031612 4.673201315403029 4.948073807813232 
2.3031381526995207 0.014121226109102067 39.41160300001831 0.7907869390417797 5.310364056305114 
2.298928041382596 0.01688109865339994 38.431920326004416 0.904937280684919 5.421197556171229 
2.5113429088016455 0.010880658419151592 47.18536741317113 2.353200379610122 4.962287631186706 
2.3229349593668043 0.024133320239208902 39.26746426554566 0.8709455225556142 4.835532169180523 
2.307228661911397 0.022123006788995682 40.840269697926956 0.8702553052191022 4.835053309609821 
2.3091027823280537 0.0118945852805504 41.5237586974424 0.6135364778904915 5.243165429519646 
2.3140556390131706 0.011474511837419578 38.58662891293844 0.0988415725333817 4.876559196420892 
2.308943522148807 0.010293672336771961 42.97744606315594 0.6301746843805407 4.97737340363493 
2.3301758700244544 0.013467297916296897 38.49045582960296 0.14351789800598286 4.822991646620895 
36.580385966162204 0.13848543734711347 38.398103914092566 3.706565528209436 4.960088059781095 
2.3175155742464675 0.012875705419558651 38.57847073362319 0.10060028073465208 4.8734092981153765 
2.346578959873967 0.01293901319731321 38.64840198765759 0.09843101945464394 4.875272788201868 
2.30393807350296 0.016759971881646234 40.31602548594595 0.24800824344242023 4.903608798386152 
2.32392351722048 0.012384460775395078 39.03942838327105 0.0978843588047967 4.873202242729449 
2.473000033108359 0.014700875143399697 38.55478469586825 0.10050624282827048 4.869726641922787 
2.3067107096721857 0.015220278054757924 38.430400145883816 0.10172857349504862 4.858988650582948 
2.517232360479052 0.02065553055905546 38.55987848006521 0.1634834637726018 4.804741880884475 
2.3089178246470716 0.09432895383974368 38.502524436659165 0.04095301713230624 1328.1971030235661 
2.3047184026165586 0.015477840775288014 38.533920133217215 0.04076118538476142 12.264688613257627 
2.304937605371055 0.014017848741500027 38.557347525616436 0.03438135695410079 5.512127144562947 
2.3153713125669078 0.013219726492319556 38.52829989795077 0.02387606872845676 4.969658925295771 
3.726680135747251 0.016101988390132424 38.64797170788626 0.026335653943077176 4.969026648657514 
12.704223092388187 0.009550452932803584 40.74223718912052 0.4204113960368128 11.545342413455984 
2.636912733779924 0.046376431872509206 38.619942475916595 0.03416303906214904 4.954723402434021 
35.23854815440673 0.02173646255971482 39.26069148557327 0.027581266621546113 4.966260221206887 
2.3239224582024045 0.012415054835118284 38.45015769841806 0.0642021866939124 4.921644129909458 
2.3177897807910917 0.01608054646296314 40.45232100642327 0.08368067220675689 4.898276123430924 
3.123762901068354 0.05806815876703708 38.68989792308857 0.0637013298911325 4.916134485066295 
43.556426673277755 0.04635166673100385 38.88548230116512 0.03356914331464971 4.954811736892867 
2.312153209466413 0.015413892534283595 38.85187740879267 0.06187208477682766 4.9179912242893495 
2.298711113273212 0.060433971503457716 38.7431226632321 0.09429108679601642 4.923480313658965 
2.3048177493443998 0.015021523397978787 38.533108288500365 0.04178440988392478 4.9436725625958475 
2.3140790877066393 0.10788423235524389 40.694619308711694 0.05622455303650513 4.925891474091957 
2.305656412489436 0.014552289107964501 38.53179532875097 0.03255371166162435 4.955998948572313 
2.415877635247384 0.02342960442089913 40.69869474885518 0.0974737391783264 4.880168404968437 
