3128.5518142447672 0.07589072498009587 4.315191759664443 0.024548737125827183 4.981249793205105 
67.48745275738898 0.06302301633919855 4.321412270140775 0.03916487751257042 4.963009558053918 
62.03352026086941 0.011446770735773288 4.811005610526327 0.13401214008125972 4.767126871979489 
101.60663142075933 0.12361330205351993 4.47681345143588 0.18167515885096164 4.6655197657068594 
32.83219143571702 0.10603942965413934 4.497004498161253 0.11450631253289188 4.775847520925687 
17.103592045746282 0.03879235768947749 5.2998497509467875 0.06614229951521741 4.8581175752511285 
17.568423448248865 0.011764143937570665 4.417593104963206 0.02252620905096088 4.980348343004641 
17.287147169630558 0.030062032573623318 4.5609550698364405 0.11033873318564985 4.815089635597849 
9.586043029818125 0.0650519291497272 5.1543038288039345 0.02734158508003619 4.9722660506346354 
9.586464138421995 0.0719748032890786 5.902285610440283 0.059542985703998845 4.8948619831258675 
7.865758635958104 0.041233527122505886 4.391389318815822 0.1294837403567771 4.753641062207757 
7.764285792961073 0.09228136598862897 4.422235928852947 0.12645640376070144 4.764898327284897 
4.846120972529429 0.036525582759999314 4.414555256645905 0.07101088820030113 4.858069860143164 
4.695278422722764 0.019228254610900462 4.482532623588683 0.15188820315684143 4.733893047800275 
4.814287250556024 0.13060969019618157 4.361985310294155 0.07960759784242685 4.849776716712875 
17.033732383292275 0.10778278927571917 4.409763556461045 0.06614935867479252 4.858135853823071 
4.738877030080591 0.00978811003733447 5.318247260796432 0.022366950921208346 4.977063115252069 
9.639956759874092 10.521236932358134 4.33145239227297 0.02145655683044756 4.9822344103512135 
3.726715401654662 1.3490738502132835 10.968410175025733 0.051745367509988385 4.919571259516242 
3.734715144888996 2.447932592955749 17.216734047357274 0.34442874388012673 4.749775848572478 
3.7559205507844613 0.7727564022247847 4.3095846694029705 0.028077562782671373 4.965707016050861 
3.775897786192062 0.5225150680345685 4.4169951349561 0.059177490057185214 4.889503620389293 
3.7507188476903823 0.4863924995307403 4.461433272532434 0.11803949002233 4.782079455051566 
3.760011603224522 0.4711120007915594 4.30793158099719 0.08069349467018483 4.923297652862033 
3.7752213572563433 0.5129080739380977 13.271760042288339 0.06645707172561136 4.912546606536091 
3.749599322287203 0.5290785263851521 4.9658550509153985 0.1616951889029459 4.643398398797384 
3.7699353291517252 0.3611351215472197 5.256290767516218 0.037084262737221416 4.946159513241195 
3.810784634449371 0.48760117238789047 14.046088961012902 0.030072969597533226 4.971197554993754 
3.7923857844765805 0.23935072598786444 4.488832194111647 0.10524980593402597 4.77884815253497 
3.7872822015819354 0.24668346533124633 4.439405367989014 0.022894977731971945 4.980999828798094 
3.731827274341937 0.716739872600339 20.610354029458996 0.38335013336876 4.748399762717433 
3.7507745483584616 0.4708392370026486 4.381296219235106 0.26974813954918914 4.910398983391994 
3.78283738910883 0.20632663275712143 4.624087660568822 0.1135316556591716 4.7762889820091186 
4.1347119987354874 0.18411879810593745 4.3620532802079754 0.044706308895072946 4.923462668429363 
3.7611277635831293 0.1708783505355186 5.064558675468919 0.036917295239633025 4.9516875361694375 
4.109923454015692 0.14999086973761958 7.685544373495968 0.06959968740380612 4.874760797022787 
3.8091173375373195 0.01116647436491292 1315.6543925085348 0.034555719739906746 4.966050739982041 
3.737080683940938 0.01935795710428568 30.45331860799495 0.0777591226568499 4.840986890040995 
3.806839336286545 0.05691388243220259 20.25745969851309 0.0850523459758527 4.817977212343996 
8.84451211052292 0.02145840133669444 15.160285632569654 0.08656685946066212 4.817646280637817 
3.7888567732371383 0.11452623292098872 18.34582308012683 0.09821285232182053 4.772738177378793 
3.7312375001105127 0.01920721487726778 30.987745328784094 0.33569835879166665 4.750569141171646 
41.23784123546703 0.06094292087678523 19.859616018180223 0.0922257972753011 4.797416287714483 
3.772124889299998 0.05659136613572714 12.948712060182597 0.035120434983220976 4.939344596481031 
4.559856954039359 0.041938377862527486 10.497154138418063 0.07886564107254498 4.864839655591254 
4.748838859288305 0.010265186000022766 10.331942072411573 0.036710226751148 4.957822000491223 
3.76495320853279 0.43323508690729806 67.73714583551546 1.3431231949727864 4.651875176690593 
3.7368302496763097 0.01962987745579435 17.230006712265453 0.3382106955452183 4.749846847089686 
3.791185576205274 0.05030291861355056 8.807655542249654 0.04883133576420971 4.922414270626584 
10.248673091848342 0.01264000858888794 8.720161081196032 0.021403335487026644 4.98001438287749 
17.011021748400122 0.08951767907507162 9.197040608473445 0.0760897684474196 4.830460101170548 
3.8567442678299777 0.09379888058790367 8.253619702266883 0.1306745897711457 4.75644302869732 
6.613612756105525 0.013886690081451573 7.708265459646557 0.04282171625249677 4.9331348744683785 
3.7495530963520793 0.05777983348183537 7.330790292409589 0.01989334456286523 4.986403660430253 
4.243456490184894 0.45635804799382007 21.64194914445273 0.03096423162073969 4.959810638934781 
7.622915784417994 0.06269984623938492 4.485473214060603 4.969235171645795 4.7336183946842425 
3.9110839638918535 0.14353553066123573 4.496427024205792 1.8768939708741692 4.573828812632576 
3.7769203781385037 0.34582640838968426 4.261635882674602 3.1625622385525904 4.92214098602348 
3.7790230809877046 0.08573455790395791 4.41377534850761 1.011238745330138 4.986288574839619 
3.88983425304831 0.09274539770480891 4.475313457000934 0.5057672579691546 4.6097614014661765 
3.75584267337524 0.7863388706599582 4.5441884741359155 4.399298450811264 4.68861599483947 
3.759173628230211 0.01304054022852245 21.81315200752082 0.9537640497430998 5.035528651430449 
3.7881324768187454 1.5544665734118852 4.462060449380648 7.585641878921782 4.673326092435829 
4.149839404606965 0.036353912886742556 4.639097294512716 0.1885150919365727 4.636653172244545 
3.8597059073633413 0.014422692369371172 4.353428996401572 0.3823066133539694 4.952248257889308 
3.8025075557940156 0.12176433887972592 4.471277313460082 0.5019266650697127 4.605379654209002 
3.747871610168935 0.056661987479022784 4.444147455167211 0.31139108800122156 4.790119084781134 
3.7985051431807473 0.2680758071541832 4.377657736511267 1.0428809333302174 4.862111767634977 
3.7998519922711913 0.04277894263043697 4.438107558689037 0.9047308659815694 5.792343721537704 
3.7715009998089837 0.013288523850449457 4.413127733505316 0.8996640342223488 5.8048186163815245 
3.758126065060981 0.14569489303424218 4.352290059873125 0.9233462859060751 5.734299243346783 
3.800101214131897 0.04321247129733539 4.42112916779666 0.29949028060654276 4.969661577566289 
3.770556097435952 0.04001081367708077 4.514540668667567 0.1457923611575438 4.6503760799928635 
3.7592137516675006 0.1289255992631501 4.3873907320801555 0.058155297268539456 60.48068755514513 
3.877079102080605 0.023159404299188502 4.405236571867155 0.021865194943573172 4.981104847601342 
3.8047070588904717 0.013668859581928214 4.335837664982553 0.03421906234233293 4.953223458009913 
3.8568658797919166 0.022724622172469164 4.3566935386964865 0.05608752293174921 4.909970439609854 
3.7533895084918627 0.03617087772214238 4.603322326617667 0.046829615511608254 4.925897077047956 
3.759649786223262 0.1421458326827665 4.370566947999231 0.07214742637924057 5.736266379734248 
3.7886338793383167 0.05286302140563361 4.378951863887405 0.061838480629350885 4.888627035909593 
3.784900218888367 0.019809909599987248 4.624602357271169 0.10399253467909514 4.820878045312904 
3.7851752742898443 0.0754014257263176 4.443535765817166 0.09773361678789456 4.819863114075847 
3.754097657920138 0.039240301940776046 4.628619326083896 0.11154145124796196 4.779024493743625 
3.874787121558162 0.15399585363364063 4.344210945801446 0.03264606413533964 4.96430718741737 
3.7132500946340965 0.01738865750864562 4.466356091720295 0.1380238367694746 4.765654905857184 
4.015971878159239 0.10642403255660993 4.500637071443516 0.09270558924606782 4.816038778120768 
4.109923454015693 0.14947915357092081 7.707171865628403 0.0694877206488061 4.8747607970227875 
4.2876786800665565 0.14661108680290597 7.7375238248743585 0.09113641526764653 4.837811965912285 
3.80806038623275 0.14375002374638293 4.382736466322004 0.13699753594382524 4.803726591729442 
3.750862041001008 0.17628255624186637 4.449242518358228 0.15355370440550756 4.750278610113813 
4.087102797675354 0.10819375899537409 4.559921474012361 0.16445595738620633 4.628188916784907 
3.7973462789579293 0.11260808656499843 4.505787215684979 0.1969476804652694 4.592376892985357 
3.744986335181074 3.6415742505375652 4.536054204548191 4.395656750602319 4.709072861746307 
