0.9195170264784188 0.050261353630089996 0.025846474053597406 0.0 0.0407287617711848 0.0 0.0 0.0 0.0 18.47165998032008 
0.8879896926933035 0.12801898671098244 0.03987071329541985 0.0 0.0407287617711848 0.0 0.0 0.0 0.0 18.18066990135531 
0.8879916915142353 0.0851030697524367 0.049998157118892626 0.0 0.03518693320322897 0.0 0.0 0.0 0.0 18.26453829600254 
0.9049246301934724 0.0 0.049998157118892626 0.0 0.03518693320322897 0.0 0.0 0.0 0.0 18.441854257590514 
0.8879896926933035 0.058549542434799935 0.03987071329541985 0.0 0.0407287617711848 0.0 0.0 0.0 0.0 18.322424283076753 
0.8879917027631291 0.0 0.09023918882849222 0.0 0.03518693320322897 0.0 0.0 0.0 0.0 18.328185494220957 
0.8780096440129366 0.08510306975243671 0.04329887078317537 0.0 0.010250494994995977 0.0 0.0 0.0 0.0 18.282127783162466 
0.8780096440129366 0.0851030697524367 0.08314864209165382 0.0 0.026727306189597157 0.0 0.0 0.0 0.0 18.219602577727205 
0.8780113660830873 0.12801898671098244 0.049998157118892626 0.0 0.010250494994995977 0.0 0.0 0.0 0.0 18.16234543120743 
0.8879917064068148 0.05026135363008999 0.02673950986631155 0.0 0.023639523361317867 0.0 0.0 0.0 0.0 18.415471635144563 
0.0 0.8865855167784746 0.060171837396244446 0.0 0.0407287617711848 0.0 0.0 0.0 0.0 18.374724042391577 
0.0 0.8415671205425697 0.0 0.0 0.0 0.0 0.0 0.0 2.1228670536610486E-4 18.538006770883626 
0.0 0.8415671205425697 0.0 0.0 0.0 0.0 0.0 0.0 2.1228670536610483E-4 18.546457767438643 
0.4340165197364355 0.8415671205425697 0.0 0.0 0.0 0.0 0.0 0.0 2.1228670536610483E-4 18.45446206249329 
0.44399585138156455 0.886354813554038 0.09023918882849222 0.0 0.002232791140676052 0.0 0.0 0.0 0.0 19.566088605557404 
0.8715756417600284 0.8865855167784746 0.060171837396244446 0.0 0.0407287617711848 0.0 0.0 0.0 1.0614335268305242E-4 16.67051324225327 
0.834248692223371 0.8415671205425697 0.0 0.0 0.0 0.0 0.0 0.0 0.0 16.867144099293494 
0.8780096440129366 0.8415671205425697 0.02673950986631155 0.0 0.0 0.0 0.0 0.0 0.0 16.790134219183077 
0.0 0.062122621410630186 0.8567905177962539 0.0 0.017664351480300836 0.0 0.0 0.0 0.0 18.404926242491577 
0.7929978033363703 0.8686610982619813 0.8781060402874119 0.0 0.3686444002351546 0.0 0.0 0.0 0.42314306938136653 15.813562905946048 
0.0 0.05825753496290398 0.8667965712598614 0.0 0.7482519446539453 0.0 0.0 0.0 0.0 17.30623199571312 
0.0 0.0 0.9539060353972717 0.1707700467648676 0.008783630133136194 0.0 0.0 0.0 0.0 18.8140462670472 
0.0 0.8686610982619813 0.8700171830347807 0.0 0.0 0.0 0.0 0.0 0.0 16.82159555040048 
0.015401849830637734 0.058549542434799935 0.8567905177962539 0.0 0.017664351480300836 0.0 0.309340197190393 0.0 0.05476824966506055 19.138464160362155 
0.8879951505471161 0.0 0.856647428101625 0.0 0.7585377132507379 0.0 0.0 0.0 0.0 15.500774817052399 
0.7956438276075757 0.8686610982619813 0.8567905177962539 0.0 0.758537713250738 0.0 0.0 0.0 0.0 14.184307512925734 
0.8879917027631291 0.0 0.7300125070614204 0.0 0.0 9.839019997140597E-5 0.0 0.0 0.41594417136908435 17.283695487460093 
0.0 0.0 0.0 0.17377596678006135 0.024771104265446875 0.0 0.0 0.0 0.0 19.80099703514812 
0.7592407925373192 0.8686610982619813 0.0 0.0 0.7575769000187546 0.0 0.0 0.0 0.0 15.91265072942919 
0.8780113660830873 0.0 0.027062458681145013 0.16798230885925677 0.02124891278042874 0.0 0.0 0.0 0.0 18.420365822325998 
0.8879951505471161 0.0 0.0 0.07388000918990723 0.0407287617711848 0.0 0.0 0.0 0.0 18.456333019275856 
0.0 0.0 0.05825731644732917 0.0 0.7482519446539453 0.0 0.0 0.0 0.0 18.820309071579334 
0.4439958532034074 0.0 0.02673950986631155 0.0 0.7515287001976964 0.0 0.0 0.0 0.0 18.813031337860465 
0.0 0.5827183665659952 0.08314864209165382 0.0 0.7585377132507379 0.0 0.0 0.0 0.0 18.564885681356465 
0.7917280694892688 0.0 0.0 0.0 0.024282548126441244 0.0 0.0 0.0 0.0 18.66166277358075 
0.8780096440129366 0.0851030697524367 0.08314864209165382 0.0 0.7692623164361669 0.0 0.0 0.0 0.0 16.91085599483206 
0.8780113660830873 0.06696708348257145 5.247579661231104E-5 0.0 0.0406480239859115 0.0 0.0 0.0 0.0 18.356427365131356 
0.8780096440129366 0.0 0.021638964398116984 0.0 0.026727306189597157 0.0 0.0 0.0 0.0 18.483008813916424 
0.8780096440129366 0.0 0.0 0.0 0.026403616658259153 0.0 0.0 0.0 0.0 18.51295112831128 
0.8780881231459241 0.12114002477816238 0.02735579682773025 0.0 0.026727306189597157 0.0 0.0 0.0 0.0 18.216099222414357 
0.0027644783981390056 0.0 9.542874226248539E-4 0.0 0.02475521032937439 0.26276268109359585 0.0 0.0 0.0 19.715824473503083 
0.0015771025471901865 0.25497167980263596 0.7281175195899404 0.0 0.7588497482846334 0.005223550228968889 0.0 0.0 0.4167246402155188 17.813953180934195 
0.8879917027631291 0.0 0.09023918882849222 0.0 0.03518693320322897 0.2697791542688969 0.0 0.0 0.0 17.908633595218205 
0.0 0.0 0.0 0.0 0.7814109545775819 0.2697840675131226 0.0 0.0 0.0 18.29063954466141 
0.09065805606977632 7.811234360789563E-4 0.0 0.001226788596849015 0.004923334501337571 0.005777198350128909 0.0 0.0 0.0 20.00512009062415 
0.8879917027631291 0.0 0.02661291894091114 0.0 0.03518693320322897 0.005821303024942215 0.0 0.0 0.0 18.447747208353174 
0.45403941764392636 0.0851030697524367 0.7281175195899405 0.0 0.010250494994995977 0.005187973469646967 0.0 0.0 0.0 19.501435647581758 
0.0 0.8594139953693506 0.8567905177962539 0.0 0.7585377132507379 0.005777198350128909 0.0 0.0 0.0 15.9061707518737 
0.794921875855254 0.8686610982619813 0.8700171830347807 0.0 0.029810153049976154 0.043525472982876845 0.0 0.0 0.0 15.429306916801394 
0.7592407925373192 0.8686610982619813 0.8700171830347807 0.0 0.7585377132507379 0.005777198350128909 0.0 0.0 0.0 14.356274318759725 
0.03857449172944864 0.0 0.03381315951207488 0.0 7.232026957871341E-4 0.0 0.309340197190393 0.0 0.0 19.73418024641264 
0.8879951505471161 0.0 0.03381315951207488 0.0 0.03969921761639638 0.0 0.309340197190393 0.0 0.0 18.048810720709028 
0.0 0.12801898671098244 0.0 0.0 0.039311138407763346 0.0 0.06397494383535761 0.29371482774626445 0.0 19.410615193720822 
0.8757644663752118 0.0 0.02673950986631155 0.0 0.023639523361317867 0.0 0.06514887224799515 0.28632143387959247 0.0 17.93178431159233 
0.0 0.0 0.4892419550758389 0.0 0.8218844508714342 0.0 0.06514887224799515 0.29371482774626445 0.0 18.322680687776437 
0.9048372645555908 0.05018470880089774 0.026580307452615963 0.0 0.010250494994995977 0.0 0.0 0.0 0.0 18.472464378473312 
0.018199757362250463 0.8415671205425697 0.0 0.0 0.0 0.0 0.0 0.131164897466237 0.057074643249210744 18.16003621592697 
0.0 0.8415671205425697 0.45244793710420605 0.0 0.0 0.0 0.0 0.0 0.0 18.45761428015304 
0.7902678575208079 0.8366266722645808 0.0 0.0 0.01428874076359405 0.0 0.0 0.0 0.0 16.992312326080082 
0.0 0.16044819214475944 0.060171837396244446 0.0 0.0407287617711848 0.0 0.0 0.29371482774626445 2.1228670536610483E-4 19.298111501283632 
0.06405902818552567 0.8415671205425697 0.0 0.0 0.0 0.0 0.0 0.2108009456368225 1.0614335268305242E-4 18.05351292323897 
0.8879917064068148 0.061561248889748746 0.03987071329541985 0.0 0.0407287617711848 0.0 0.0 0.027329554834570557 0.0 18.288968937287567 
0.7929978033363703 0.8686610982619813 0.4954529255708313 0.0 0.7585377132507379 0.0 0.0 0.0 0.0 15.827774296157823 
0.8874827647500287 0.8415733653307615 0.043043045757421655 0.0 0.00639019704675018 0.0 0.0 0.0 0.0 16.773999558562377 
0.8626368550935071 0.0 0.02673950986631155 0.0 0.0 0.0 0.0 0.0 0.0 18.461790753279868 
0.0 0.8865855167784746 0.060171837396244446 0.0 0.0407287617711848 9.843670177711696E-5 0.0 0.0 0.4192761504085466 18.24397913122311 
0.8780096440129366 0.0851030697524367 0.0 0.0 0.016612627034580087 0.0 0.0 0.0 4.805732345330062E-6 18.3402891369999 
0.7923792092450189 0.0 0.0 0.0 0.0407287617711848 0.0 0.0 0.0 0.0 18.60276195700812 
0.8879951505471161 0.8686610982619813 0.049998157118892626 0.0 0.0 0.0 0.0 0.0 0.42391984087228257 16.66531341616362 
0.8781897365965097 0.061561248889748746 0.028878941337235713 0.0 0.0 0.0 0.0 0.0 0.06995200133034789 18.274604850627593 
0.8879917064068148 0.0 0.0 0.0 0.025683934455172044 0.0 0.0 0.0 0.0 18.502637130674678 
0.7584984851248251 0.0851030697524367 0.049998157118892626 0.0 0.0 0.0 0.0 0.0 0.0 18.70337691148494 
0.8780096440129366 0.0851030697524367 0.08314864209165382 0.0 0.022247949369596655 0.0 0.0 0.0 0.0 18.24702018987948 
0.8780096440129366 0.0351040943707399 0.02673950986631155 0.0 0.0 0.0 0.0 0.0 0.0 18.4285184146381 
0.8795576780942017 0.00115848218220857 0.049998157118892626 0.0 0.02124891278042874 0.0 0.0 0.0 0.0 18.40127621431417 
0.8879951505471161 0.0851030697524367 0.0 0.0 0.0 0.0 0.0 0.0 0.0 18.423295032396656 
0.8780113660830873 0.061561248889748746 0.0 0.0 0.022247949369596655 0.0 0.0 0.0 0.0 19.131151637616185 
0.0 0.0 0.0 0.0 0.0 0.0 0.0 0.0 0.0 20.18438948822942 
0.4436717856393549 0.09741970675688473 0.0 0.0 0.013031411491549494 0.0 0.0 0.0 0.0 19.917496734959165 
0.0 0.06173718080360591 0.0 0.0 0.05564772307524775 0.0 0.0 0.0 0.0 19.997199181747014 
0.0 0.0 0.06017183739624445 0.0 0.05525412765973724 0.0 0.0 0.0 0.019200094861166028 20.01219480805573 
0.0348593645216996 0.06696708348257145 0.0 0.0 0.0 0.0 0.0 0.0 0.0 20.05084661662577 
0.0 0.0 0.1928716139919221 0.0 0.0407287617711848 0.0 0.0 0.0 2.122867053661048E-4 20.106338661711195 
0.0015771025471901865 0.2782927772303622 0.0018618756596319392 0.0 0.012687894482170631 0.0 0.0 0.0 0.0 20.037367539597017 
0.2986373687350613 0.0 0.0 0.0 0.05564772307524775 0.0 0.0 0.0 0.0 19.739355663032487 
0.0 0.39601859449958654 0.07144178107302254 0.0 0.0 0.0 0.0 0.0 0.0 19.884486190274817 
0.06606865257260335 0.004470750948583613 0.02673950986631155 0.0 0.015215167474387026 0.0 0.0 0.2108009456368225 0.0 20.146484011503766 
