0.635997441519206 0.7708721192695707 30.426735513298226 0.0 0.0 0.0 0.0 0.0 
0.5378923621496752 0.5915511844367007 56.6343140450592 0.0 0.0 0.0 0.0 0.0 
0.7731694559932725 0.0 56.067241287756374 0.0 0.0 0.0 0.0 0.0 
0.7596236734460466 0.0 56.24050866832536 0.0 0.0 0.0 0.0 0.0 
0.7357768162628839 0.0 57.147430775149886 0.0 0.0 0.0 0.0 0.0 
6.176861578628812E-17 1.0022516321340762 0.0 0.0 0.0 0.0 0.0 0.0 
6.181234776018715E-17 1.0021489232876113 0.0 0.0 0.0 0.0 0.0 0.0 
6.157768922289474E-17 1.0445129123904087 3.7152030754794025 0.0 0.0 0.0 0.0 0.0 
6.144415157143036E-17 1.026314884453033 3.725432999401589 0.0 0.0 0.0 0.0 0.0 
4.9603800131874914E-17 1.4564989212536883 54.34925174866979 0.0 0.0 0.0 0.0 0.0 
5.380462727701984E-17 0.8726065522213466 39.8385429007202 0.0 0.0 0.0 0.0 0.0 
4.346531252291455E-17 4.687768048085358E-17 81.45205680204145 0.0 0.0 0.0 0.0 0.0 
0.03362799976916784 0.0 81.07918086578488 0.0 0.0 0.0 0.0 0.0 
0.15768382313789847 0.0 78.26699768560367 0.0 0.0 0.0 0.0 0.0 
0.2114475693601071 0.20995449424998028 76.9688729098254 0.0 0.0 0.0 0.0 0.0 
0.28703515515481787 0.0 77.1701769715653 0.0 0.0 0.0 0.0 0.0 
0.2955908429916816 0.0 76.45498986849255 0.0 0.0 0.0 0.0 0.0 
4.329280332595885E-17 0.7095511910322709 58.51623991572657 0.0 0.0 0.0 0.0 0.0 
4.3817520235302287E-17 0.7111824461186803 57.24444715159716 0.0 0.0 0.0 0.0 0.0 
4.696515177574765E-17 0.7677395435943954 55.51320937415179 0.0 0.0 0.0 0.0 0.0 
8.44081415706414E-17 0.8658179417123419 51.74851441985342 0.0 0.0 0.0 0.0 0.0 
6.810696064835792E-17 0.0 0.0 56.446647570722696 0.0 0.0 0.0 0.0 
2.4537684181887366E-17 0.3517741346236222 31.25964152127325 31.333569348122246 0.2691160507243373 6.18008830565513 0.0 0.0 
4.624335833211221E-33 8.441880774781309E-17 3.226801668942606E-15 56.509462329612056 0.0 3.566466334877682 9.611895999920032 0.0 
4.4077980087185985E-17 0.7121809912685105 0.0 41.4893778027242 0.0 1.0762879218666894 0.0 0.0 
3.756430449562256E-17 3.776035858493994E-17 54.46423541336958 42.16952661058209 0.0 0.0 0.0 0.0 
5.4092467723847725E-19 0.0 0.6543581357289951 51.67528599407768 23.131590299135937 1.2783246060216165 0.0 0.0 
1.3560873894960309E-33 1.794619038083157E-17 1.1908184385180376E-15 21.98999234198528 0.0 9.304448196968163 4.311453697027997 0.0 
4.7738479254636506E-17 0.0 49.91073103240055 19.722693875440125 0.5187108416765449 7.474406288494409 0.0440053428216011 0.0 
0.2870302976456217 0.0 13.246976346131689 16.130061874855407 0.0 7.839680703327441 2.515032274547346 0.0 
1.945602770020759E-17 0.32558568708671276 0.28069549188331805 15.509487606761088 0.0 8.808657920585476 4.389070927052519 0.0 
2.0759353784730163E-33 3.686041685101407E-17 14.719032248490878 17.03638034764286 0.0 7.242961271839131 3.996248356579495 0.0 
8.441524237578239E-17 0.867009277510177 51.00621878666006 3.1279891723753757 0.0 0.0 0.0 0.0 
2.5414679288075336E-16 0.0 86.76358644361704 0.0 14.799673307395308 0.0 0.0 0.0 
0.006402048145570701 0.994109320669589 0.0 0.0 7.607669695417339 0.0 0.0 0.0 
4.194365388068779E-17 5.0454498893564195E-17 80.27222882866761 0.0 0.0 0.0 0.0 0.0 
7.162895173362785E-17 0.0 45.088440788082956 0.0 0.0 4.842241470300347 0.0 0.0 
5.2681399262431774E-17 0.7321961564592185 53.19844982508583 0.0 0.0 3.831630436765854 0.0 0.0 
0.8846413092476086 0.0 40.21759034185556 0.0 0.0 0.0 0.0 0.0 
3.89445021681463E-33 8.488007807441677E-17 70.33910988974614 0.0 0.0 0.0 17.16004481298846 0.0 
5.478571335674168E-17 0.8840640179075436 38.62513094906026 0.0 0.0 0.0 0.0 0.0 
0.5923481091499117 0.003110518350825622 41.09259501966535 0.0 0.0 7.133144924216095 0.0 0.0 
0.8827766422625848 0.4861288523397367 0.0 0.0038084729429725397 0.0 0.0 0.0 0.0 
6.178495831118467E-17 1.0003649053451542 0.0 0.0038519534863476067 0.0 0.0 0.0 0.0 
5.739820134001698E-17 3.5343199088031177E-17 0.0 2.3721498624910727E-19 0.0 12.795941250046432 0.0 0.0 
2.0291647355537984E-33 2.7124077592441383E-17 26.78422078120754 0.0 0.0 9.24571585860975 4.497635207053184 0.0 
3.129594582408336E-17 0.4973173508192598 0.0 0.0 0.0 7.947560356066105 0.0 0.0 
0.7102218964122512 0.0 0.0 0.0 0.0 7.988793216193637 0.0 0.0 
4.303376721102886E-33 0.0 4.3037622259683385E-15 0.0 0.0 9.811229718563801 20.24105495237329 0.0 
6.723834362035321E-17 0.9670005571541377 0.0 0.0 0.0 4.2124613040003425 0.0 0.0 
0.8833467228590869 0.0 28.57440491606827 0.0 0.0 4.122726137628336 0.0 0.0 
0.2660764012091075 0.0 71.84882860726226 0.0 0.0 4.278658332915733 0.0 0.0 
6.071350306911628E-17 1.1287973240796074 20.562910515742466 0.0 0.0 0.0 0.0 0.0 
0.8741741263710666 0.5347308561262677 0.0 0.0 0.0 0.0 0.0 0.0 
6.196206357353699E-17 1.0010236808723756 0.0 0.0 0.0 0.0 0.0 0.0 
0.005138226670450674 0.0 80.05605499254987 0.05216180292463173 0.0 0.0 4.894458049639883 0.0 
4.2129919440247785E-17 5.0783879594314204E-17 78.74741279441857 0.0 0.0 0.0 2.2217068504567616 0.0 
4.298933155200524E-17 0.7017842687964526 57.8139425968963 0.0 0.0 0.0 1.9263102964072747 0.0 
5.2387559359828825E-17 6.32686502497321E-17 79.43821640313057 0.0 0.0 0.0 0.048967906454800716 0.0 
1.0000148703740692 0.0 0.0 0.0 0.0 0.0 0.0 0.0 
0.9991507591585413 0.0 3.5676083709633355 0.0 0.0 0.0 0.0 0.0 
0.999120245459724 0.0 3.5682058869565836 0.0 0.0 0.0 0.0 0.0 
0.8846755700303106 0.504358686019108 0.0 0.0 0.0 0.0 0.0 0.0 
0.9989926046503378 0.0 3.799326960249106 0.0 0.0 0.0 0.0 0.0 
6.170316942215557E-17 1.0025965765160405 0.0 0.0 0.0 0.0 0.0 0.0 
6.16530126859767E-17 1.0190232326288395 0.0 0.0 0.0 0.0 0.0 0.0 
5.990345151482149E-17 0.9688664733357952 0.0 0.0 0.0 1.066102799041352 0.0 12.2673268214089 
6.006223591320798E-17 0.9727759909230025 0.0 0.0 0.0 0.0 0.0 12.202618326961382 
9.345258064866769E-17 1.5559916876397436E-17 2.1631483262874703E-17 0.0 5.830641942635238E-18 4.510350343053624 0.0 6.298536160289016 
0.9669107936482407 0.0 0.0 0.0 0.0 1.0448912836135962 0.0 12.348566650701242 
7.563727009842804E-33 7.216470999611346E-34 4.423401825279577E-15 0.0 1.0395281190062395E-15 5.793428475609858 8.918000133690477 6.704213889461231 
0.6798623522831451 0.5227208682651951 50.74468987374131 0.0 0.0 3.638521234845442 0.0 7.8806459577675465 
3.897994187866447E-33 7.4286531853796365E-34 4.6415221006719045E-15 0.0 0.0 10.576031911154455 0.0 6.431113061261481 
