0.2639757980747582 0.0020420939791562656 3.001066770507941E-6 0.0 0.0 0.0 0.0 0.0 0.0 19.984502690174622 
0.2639757980747582 7.139531363581057E-6 0.0 0.0 0.0 0.0 0.0 0.0 0.0 19.98661413756364 
0.2641749244515039 0.003433848196493449 0.0 0.0 0.0 0.0 0.0 0.0 0.0 19.983137168368224 
0.26426314563298653 0.005145923091763387 3.001066770507941E-6 0.0 0.0 0.0 6.433374271587681E-7 0.0 0.0 19.98097310893192 
0.25915654410719696 0.0 5.248091318551845E-4 0.0 0.0 0.0 2.922091388491644E-4 0.0 0.0 19.98496433170397 
0.25915654410719696 3.251698809095412E-4 5.248091318551845E-4 0.0 0.0 0.0 0.0 0.0 0.0 19.98502385780293 
0.25915654410719696 0.0 5.248091318551845E-4 0.0 0.0 0.0 0.0 0.0 0.0 19.985578805517125 
0.25915654410719696 3.251698809095412E-4 0.0 0.0 0.0 0.0 0.0 0.0 0.0 19.985823050874654 
0.259158405821614 0.0034289989935166625 3.075642954975241E-6 0.0 0.0 0.0 6.439375551594663E-7 0.0 0.0 19.98162372775137 
0.0 0.20258007674626077 3.0512529980804625E-6 0.0 0.0 0.0 2.902165923065235E-4 0.0 0.0 20.101873502932257 
0.2642631456329865 0.20258007674626077 2.9910463274722923E-6 0.0 0.0 0.0 1.5498355079708197E-6 0.08502114350964285 0.0 19.446634683935944 
0.0 0.20258007674626077 0.03325533120868307 0.0 0.0 0.0 0.0 0.0 0.0 19.974114790420956 
0.0 0.148218472134736 0.0 0.0 0.0 0.0 0.0 0.0 0.0 20.11699471874247 
0.0 0.1444651263202693 2.9999857302438995E-6 0.010455830731434844 0.0 0.0 0.0 0.0 0.0 20.233207651884328 
0.0 0.20258007674626077 2.9910463274722923E-6 0.053010978453765345 0.0 0.0 2.902165923065235E-4 0.08502114350964285 0.0 19.7934852546224 
0.0 0.0890708600254723 3.001066770507941E-6 0.0 0.0 0.0 1.5498355079708197E-6 0.0 0.0 20.25574035785089 
0.13817334915369578 0.17174081742456818 0.0 0.0 0.0 0.0 0.0 0.0 0.0 19.79663436977451 
0.0 0.1761987158850813 2.9999915351697056E-6 0.13126743811850916 0.0 0.0 0.0 0.0 0.0 19.80786616603315 
0.2641749244515039 0.20258007674626077 0.0 0.032767641603269726 0.0 0.0 0.0 0.0 0.0 19.55021141188133 
0.015603836650442396 0.0 0.18305214315579735 0.0 0.0 0.0 0.0 0.0 0.0 20.029499070012612 
0.13084115058634432 0.0 0.18748882877708578 0.0 0.0 0.0 1.8121362485156809E-4 0.0 0.0 19.93470848818841 
0.13242427536626417 0.002247153277465773 0.24002775842877636 0.2914189335822207 0.0 0.0 0.0 0.0 0.0 19.794019166148495 
0.0 0.1127458281438236 0.12414385816639235 0.0 0.0 0.0 0.0 0.0 0.0 19.964849830013684 
9.553989865989376E-4 0.0 0.03305149931467159 0.0 0.1716931944351085 0.0 3.0715689275068185E-8 0.06262532797289595 0.0 19.927352436759477 
0.0 0.0010150242341186255 2.9999857302438995E-6 0.2920405754774513 0.0 0.0 0.0 0.0 0.0 20.011343670570344 
0.20997210333320607 0.003378936286166001 3.001066770507941E-6 0.2920405754774513 0.0 0.0 1.5498355079708197E-6 0.0 0.0 19.60392259608979 
0.25915654410719696 1.625849404547706E-4 0.0 0.0 0.0 0.0 0.0 0.0 0.0 20.010060354847617 
0.2642631456329865 0.14072233299891748 3.001066770507941E-6 0.0 0.1454183487123156 0.0 1.5498355079708197E-6 0.0 0.0 19.421199783036933 
0.25494092845894106 0.0 2.4996604073617193E-5 0.0 0.0 0.0 6.947740185854017E-7 0.0 0.0 19.985150282905774 
0.2641749244515039 0.003433848196493449 0.0 0.0 0.0 0.02613484078687367 0.0 0.0 0.0 19.950663935992207 
0.25720129265041514 0.003501614154796575 0.0 0.0 0.0 2.0044047470044404E-4 0.0 0.0 0.0 19.983961174604826 
0.21507623284001606 0.003433848196493449 3.001066770507941E-6 0.0 0.0 0.0 1.5498355079708197E-6 0.0 0.0 19.99908361038972 
0.25720129265041514 0.10119802222316399 1.9993539729104583E-5 0.0 0.0 0.0 0.0 0.0 0.0 19.806385921049266 
0.12797054635196564 0.0 0.0 0.0 0.0 0.0 0.0 0.0 0.0 20.168124955667867 
0.12797054635196564 0.003573347341679906 3.001066770507941E-6 0.0 0.0 0.0 1.5498355079708197E-6 0.0 0.0 20.16037408945867 
0.25720129265041514 0.1463523639733916 2.9561444629056134E-6 0.0 0.0 0.0 2.902165923065235E-4 0.0 0.0 19.976075910428584 
0.2573928622733107 0.0034289989935166625 0.0 0.0 0.0 0.0 1.4003801085866557E-6 0.0 0.0 19.98197045156868 
0.2642631456329865 0.011807757058493979 8.584947861272406E-6 0.0 0.0 0.0 1.5498355079708197E-6 0.0 0.0 19.973599443767355 
0.25720129265041514 0.0 2.956144462905614E-6 0.0 0.0 0.0 2.902165923065235E-4 0.0 0.0 20.093804845751862 
0.2573928622733107 0.0 0.0 0.0 0.0 0.0 1.3797630703352321E-6 0.0 0.0 19.985205324682653 
0.1319878990373791 0.0020420939791562656 3.001066770507941E-6 0.0 0.0 0.0 0.0 0.0 0.0 20.152409602929215 
0.0 8.704430237396689E-5 3.001066770507941E-6 0.0 0.0 0.0 0.1091195316189842 0.0 0.0 20.237146019474913 
0.1309811607394331 0.12750986107998907 0.12257896686908037 0.0 0.1857048474508682 0.0 0.22481251899139454 0.06313905146096034 0.0 19.567273267972418 
0.0 0.003433848196493449 0.1884131867229656 0.0 0.0 0.0 0.11120490309561319 0.0 0.0 19.82860276357768 
0.294475329399763 0.003501614154796575 0.18947668952032534 0.0 0.0 0.0 0.11120490309561319 0.0 0.0 19.42554007103142 
1.3842258700764914E-4 0.0 5.263096652404386E-4 0.0 0.0 0.10624138625240598 2.9171790768002325E-4 0.0 0.0 20.215224307287297 
0.0873130599497029 0.0 2.9999857302438995E-6 0.0 0.0 0.0 5.804331846130471E-4 0.0 0.0 20.2600475756918 
0.0 0.1444651263202693 0.033313153613906556 0.0 0.0 0.0 2.902165923065235E-4 0.0 0.0 20.08302488291756 
0.25720129265041514 0.0012425273106208205 2.956144462905614E-6 0.0 0.0 0.0 2.902165923065235E-4 0.0 0.0 19.983151331901013 
0.13398773069810418 0.003452121554514398 0.06121732306686927 0.0 0.0 0.0 1.508207554724054E-6 0.2726873640997468 0.0 19.63303252769467 
0.0 4.5845507683046866E-4 0.0013960703931333647 0.0 0.0 0.0 5.834358153600465E-4 0.12773317363088948 0.040239373273910584 20.10795831306552 
0.1309811607394331 4.5845507683046866E-4 0.06152435043127449 0.0 0.0 0.1369432158117173 1.826144633113539E-4 0.2725735229895046 0.0 19.37645250875648 
0.0 5.96345181338076E-4 3.001066770507941E-6 0.0 0.0 0.0 2.902165923065235E-4 0.04943740887552095 0.0 20.33893786162421 
0.0 0.11444117174129954 0.0 0.0 0.0 0.0 0.0 0.12627810292192068 0.0 19.990800033137443 
0.0 0.0010150242341186255 0.0 0.2920405754774513 0.0 0.0 0.0 0.15636512335974895 0.0 19.699130472493792 
0.0 0.003433848196493449 0.18749724914809257 0.0 0.0 0.0 0.11120490309561319 0.13964315649696565 0.0 19.81572397041513 
0.0 0.003433848196493449 0.0 0.0 0.0 0.0 0.11120490309561319 0.13964315649696565 0.11092374158608931 19.718393415469656 
1.4702011971147836E-5 0.0010548555395345398 0.1884131867229656 0.0 0.0 0.0 0.0 0.13964315649696565 0.11092374158608931 20.08621044876588 
0.225421913199409 0.11444117174129954 0.18748882877708578 0.0 0.0 0.0 6.143137855013637E-8 0.12627810292192068 0.055461870793044654 19.56439883213969 
0.0021588041559018945 0.0 0.0 0.0 0.0 0.0 0.0 0.0 0.11092374158608931 20.211688866289332 
0.0 0.0 0.1884131867229656 0.0 0.14556008331504397 0.0 0.11120490309561319 0.13964315649696565 0.11092374158608931 19.06227691235652 
0.0 0.0890708600254723 0.0 0.0 0.0 0.0 5.834358153600465E-4 0.0 0.03956506237646759 20.201386199379716 
0.26921148682921514 0.003433848196493449 0.1884131867229656 0.0 0.0 0.0 0.11120490309561319 0.13964315649696565 0.11092374158608931 18.924884158330972 
0.0 0.20258007674626077 0.18748882877708578 0.0 0.0 0.0 1.1332749809888718E-4 0.0 0.055461870793044654 19.88013298449984 
0.25915654410719696 0.0 5.248091318551845E-4 0.05553819146229089 0.0 0.0 2.9691575481790525E-4 0.0 1.6378527998195446E-4 19.904934415984794 
0.0 0.07041177669455034 5.248091318551845E-4 0.14321148282617394 0.0 0.0 0.0 0.0 0.0 20.014551882866524 
0.2642631456329865 0.17665053663129177 3.001066770507941E-6 0.0 0.0 0.0 1.5498355079708197E-6 0.0 0.0 19.633472211642083 
0.0 0.0 0.0 0.0 0.0 0.0 0.0 0.0 0.0 20.412355850592338 
0.05123434457786908 1.2661606545459484E-4 0.0013496745099308431 0.0 0.0 0.0 0.0 0.0 0.0 20.33645812870865 
0.0 0.003433848196493449 3.001066770507941E-6 0.0 0.0 0.0 6.533360684896363E-6 0.0 0.0 20.40741941306522 
0.0 0.010090832960247254 8.584947861272406E-6 0.0 0.0 0.0 0.0 0.0 0.0 20.403878620326932 
0.04776319846272335 0.0 0.0013559512387865337 0.0 0.0 0.0 0.0 0.0 0.0 20.34210845031207 
