3546.3485909786923 0.04311252816681295 150.6435090573784 0.08527736306665502 2.5805213926560597 
11.890483634594535 5.155778625710553E-4 23.940509986548804 0.0017756207315205179 3.2561846328958266 
123.13409096707623 0.005793944476923115 261.62771253366526 0.04944264536401103 2.9395046021253073 
4.0986947910825595 4.591222808086301E-4 8.022746589973043 0.00412177301437933 3.240510433929346 
2.051448362710689 2.6912753529302613E-4 13.189310111906675 0.0019618577071432515 3.2537935760884347 
158.28698605989797 0.013879454337431747 1824.4858898855728 0.08773904384778476 2.567938718579972 
44.38648893152339 0.0027105289089866813 836.644381047628 0.0844269496809337 2.58227710048679 
4.7519972363230405 0.0015391142855861728 65.82195608367317 0.009769493160344978 3.2027777392763843 
0.18594461210034022 3.44157481114795E-4 27.25831838004122 0.0035401415203170847 3.2568062984516764 
0.21028576331788945 6.603939253663583E-4 81.86499452376789 0.006487988225275319 3.238888439146341 
0.1410536643810162 4.503720540306416E-4 24.78994530421538 0.0023909692126614333 3.2658084624757757 
0.7270588867703006 1.6473092458508604E-4 5.930525049097032 0.0014165360983309067 3.2591527949281924 
26.120635978308176 0.034141531226742315 8.835605694283744 0.010608122575304716 3.199675711186933 
13.637360603132555 0.0042583167626746195 55.61161386216808 0.008994406866862406 3.21336735724274 
8.716574971518531 6.32873034618557E-4 5.379880147790466 0.0018656964902145795 3.2579396416257596 
149.9873452535225 0.005539759606301242 132.46747910533702 0.00640843198027421 3.233064531231778 
145.9095392351093 0.003546424433271283 20.797883263862442 0.007687179775727621 3.2225063364171986 
0.02932709705444554 5.107668771128445E-4 4.2502496360042255 0.0023798759922392205 3.2526528554476886 
0.02375648396078456 4.592911572513967E-4 9.665306492274166 0.0021467958240947342 3.2537982780592993 
1.4422078980905986 0.0018033119651271392 81.81807323057237 0.004576102582259878 3.2495052441611176 
17.472930335289494 0.002686521286142107 28.876428758293404 0.01966501247820422 3.155537000860901 
0.17110743496279845 0.0018658233289749972 79.5619310461509 0.008951079770654229 3.2174126697796086 
5.126183797359432 3.689770284945732E-4 4.804543279991911 0.0026334707122589395 3.251575069819055 
0.6204901989415459 1.2666456827970874E-4 3073.1295067262763 0.01930875199573766 3.1149945586347623 
0.7141933329395522 3.775216105162629E-5 14.027366835484518 8.28799793597363E-4 3.2633625604811165 
5.60967459737019 3.8021890947422725E-4 290.78181420680755 0.008293090173967232 3.205004790865634 
0.27511868368401127 1.0567155250747322E-5 51.84627370451803 0.002584958842768834 3.265036052036792 
0.06704170134217086 2.1002113345293353E-4 59.48350762736943 0.0022086347619926306 3.266934418307955 
0.005227775228059888 1.883283168369482E-5 22.00513000304103 8.148008858956743E-4 3.2777460525346394 
0.07867013583167068 4.3128566175787533E-4 92.58818116497122 0.0026827315316124926 3.2637497722425515 
3.220630045520375 1.3272546364265683E-4 29.209476609298044 9.197574404117056E-4 3.261527295510085 
1.682090861847731 8.054890992808824E-5 17.71729630976796 5.554436048298847E-4 3.2641623211190796 
0.012382405864395042 9.566989318607655E-6 22.0190798037657 0.0013424497725535293 3.2734097783853393 
0.2746034902451225 1.0654160117030486E-5 37.58834251171239 0.0025781658614861644 3.2651222378749223 
2.8455622842628387 1.6667666429156228E-4 48.78818338094566 0.0032892444217311515 3.2480167970420384 
0.01639752435333988 3.7484713845665017E-6 0.1324633399061631 0.42851342731303904 2.524664851613171 
0.37847476439833033 2.2692074583735135E-4 21.053528378738505 0.009476051602998642 3.2610752242714103 
0.0023940686980989346 1.9493026425585523E-5 17.29607044858693 0.007836102174068348 3.265037664366021 
0.004569292934761386 2.684540956321631E-7 3.3334528110024615 0.001866004458242824 3.269637558458489 
0.002904916471418904 1.6901433019227882E-7 2.304682888474418 0.0011786056621045859 3.274800840011063 
4.09164645434874 2.756913272194018E-4 11.038668865756032 0.005017746121875778 3.239379873012747 
10.803761317059251 0.0033764184737803196 155.7081675760566 0.0540572492772949 3.083817560849536 
1.298818484922339 1.230868738390868E-4 50.55847879832232 0.011722988672622241 3.184661064647196 
0.0839197265302413 6.53670716387884E-5 11.565045935009481 0.0023249117024990358 3.2661133224574717 
0.8905373994584429 6.32441044109778E-5 2.0965194367284012 0.0011008989367895941 3.2639390719091406 
2.1935211070763097 1.9798152424327055E-4 25.124065464911297 0.004486504599647848 3.2499118951012123 
0.021682257239133366 1.9094604251713852E-4 71.77207231795005 0.011012082028725568 3.201688661488981 
0.06747171200569713 2.983250500695544E-4 12.37064921309991 0.003697874592497385 3.258612482990865 
4.266637153094558E-4 3.1815318969014006E-6 1.5710319086845177 6.991769876094118E-4 3.2782988644864544 
0.45454966948834546 0.004860936360496456 136.36405242775425 0.04971734167699255 2.9779929870608384 
6.96759818171368E-21 1.053243609584402E-23 4.216246406082709E-18 2.6091389991705003E-13 3.9356293725763933 
0.07434951840179509 5.502505875735346E-6 0.6420528237579126 1.9748661052602112E-4 3.2706520812195907 
0.0020789725458926567 3.279698358772287E-5 0.25606194744507094 1.958774904361617E-4 3.267938804674512 
0.006728686387334266 4.12285904349614E-6 2.0898425434734307 2.776373421156334E-4 3.2814112052742233 
0.00361722014804889 7.44600785822557E-6 1.3287852676102938 4.468122796273412E-4 3.280283854629958 
4.858753202101291E-4 3.7388768247450534E-5 2.2727871020304837 1.0493565642197638E-4 3.2825949290400738 
0.03268192891743504 1.3922743772729698E-6 3.5355400942653894 1.868709882222866E-4 3.281612694825072 
0.048361522152703625 6.259883022853284E-5 1.0947496218828174 1.4408392226100903E-4 3.282418415094534 
1.387056685653563E-4 8.938609295679602E-8 3.554801693428806 4.7700389006265144E-4 3.2799365075086753 
0.017505122994576894 1.0281796724395367E-6 1.5127460052154935 6.572749848909489E-4 3.2786776429906834 
0.0038648713897829505 2.5651369632112968E-6 4.576594641896846 3.341423086721781E-4 3.280976049568784 
0.47691158636490305 3.541622712471351E-5 1.0939526559144273 6.140806612232858E-4 3.2674505936633187 
0.3133869687829195 4.856487202138425E-5 2.4170723621189727 4.2699743155202657E-4 3.264843459287245 
1.0254542869652767 4.1597686026723894E-5 3.818889093428247 2.81033261560326E-4 3.267313749634232 
1.6939827171142037 1.24095343188173E-4 0.19332574542077685 1.0563909890357531E-4 3.2823918542843042 
0.007746560181474622 2.6669673742238302E-6 8.67895898577091 3.847814298762204E-4 3.2807010588854495 
0.4064721893310458 2.145058073426254E-5 7.900192442949527 5.489459394892824E-4 3.2654616232462703 
1.9083730508258196E-4 2.2114479940706607E-6 7.669051865845965 8.298540801625542E-4 3.277384578674604 
0.008803655111419959 2.4439578388205326E-5 8.73581851878115 0.0010709108529455833 3.275878380266841 
0.1829702797739911 1.0512803618420061E-5 11.155151487287233 5.495490854479444E-4 3.26515639132456 
