5340.892508003843 0.013464379347903984 28.88583195443055 0.21578338284846937 2.346996551436946 
15.101042008415046 3.037347949820626E-4 0.4726469529122602 0.003990905597747978 3.5248779457018125 
129.4599948050849 0.0016533192437807578 1.0294188230989856 0.005204023271519508 3.5010036798564 
529.0753683214476 0.003709612836016645 6.417755269221979 0.08337748415944822 3.230595759991192 
2673.4167874130894 0.05574808436192956 15.893887993329988 0.029979539241995253 2.9401750149631765 
36.46332278465301 7.700719157508805E-4 0.7020378115413127 0.002235050293703633 3.525616261680822 
103.50790322732752 0.00221099083501347 1.803083778384121 0.02257397499734846 3.443366564902673 
49.69974361469321 0.0010902214681352744 1.4447856985227736 0.00677764221964428 3.4997152566603646 
799.4611675806204 0.01773442889115522 25.875640649989197 0.2431427965355538 2.551534344707561 
80.90061643212944 0.0025911439549629184 3.308336381402376 0.004546100773978981 3.4962962401609112 
24.86381967220571 2.9414437910574407E-4 1.3445308277835915 0.003350551952443159 3.521141916371429 
269.31689826213443 0.006188269537878812 14.359506534882822 0.04817834382993535 3.154526207769139 
251.80278147501468 0.0025553118345746353 8.823257703044662 0.05890540515015568 3.2453696036717097 
9.56512831857798 2.1420451335080816E-4 0.26185031874581727 0.005133598862262867 3.5280657100083377 
20.5090606039512 9.625264517352834E-4 1.3883970056863792 0.0027643490148285673 3.50767726709801 
31.452892825278674 0.002216886373408044 1.6011425805451824 0.002609588753536775 3.51174851970903 
21.785166768899277 0.001442090902816764 1.1110449096052049 0.007876298428907604 3.502620951579456 
7.414126401445651 4.047256361748928E-4 0.15270857881752986 0.001413608822220175 3.5397598252164015 
73.59288911004212 0.056255363440412404 11.110801953673784 0.10866750593109573 2.8386272298565745 
7.30981866414605 0.004406725367840517 1.074264917081462 0.0016605072127179987 3.5064389204227497 
24.259413365231634 0.029825959030890435 9.725853926165996 0.12180141910649546 2.9802083642685426 
8.342764763970939 0.0037784380117853907 3.337366225984895 0.00552201351981546 3.457490683828699 
6.05038622550654 0.0025267395757861207 2.4343793221825836 0.015016584853453594 3.4561751010310204 
0.7855287209490063 5.767135639994197E-4 0.16229789916295917 2.2418817501664216E-4 3.543408378029707 
2.0603435273919497 0.0013755220594450562 1.7395829890632337 0.0020473054356079435 3.5118677402467937 
2.8019605335740243 0.0030332395516324945 4.151896954236403 0.0048607287008829315 3.444662931868977 
0.7978928046728985 0.0011709938142855435 0.9020416687408103 0.013887180335475419 3.486593887536477 
0.7918904559805898 7.424990654852088E-4 0.6624503745386234 0.007858194137431053 3.5094222796039625 
1.4492846679104219 9.856951360478166E-4 1.6918665563259854 0.009495938377255195 3.4748532167940764 
10.093391573222526 0.00491784489184806 9.31291464113172 0.030123768966533272 3.2889204646076045 
7.021407888791685 9.580964041194891E-4 1.40513430319 0.01477283816324256 3.4761967669134712 
0.4471633505836229 4.8363458771997234E-4 0.798150195722208 0.001328987691891998 3.5266366659575623 
8.24163723103781 6.710826840585683E-4 1.2312094403154095 0.0032584206139479543 3.517298740779721 
3.376572280403265 0.0019329336547487938 5.117131956818747 0.0036227403222047743 3.4743221494543746 
9.610402585266836 0.0015197270064751702 3.2882290563876992 0.00945438218668323 3.453348679309556 
2.7301223248606914 0.0019024165643678442 4.468600166149861 0.027251097885595314 3.3895409748407848 
3.757415398732468 2.9643151129680025E-4 0.48394028308754006 0.00390156983177455 3.5249451262857137 
0.6872810274622736 5.271218243262376E-4 1.0759643944861215 0.010829248632683796 3.5011465995644704 
0.8054200262455787 3.9111402409331306E-5 86.9374657927096 0.01962326817397882 3.113473913825799 
0.25620382589349366 1.3578876549587672E-4 7.846801832786044 0.009820813420053996 3.4121350268102475 
35.36824231971425 0.003307167038497543 33.28366211363711 0.030356189507360336 3.0693046597329054 
0.5005405426845055 3.2719901931492176E-4 3.556318831563662 0.00535425756729192 3.471479502770654 
29.638086014631643 7.484590514273732E-4 7.132291819227068 0.01857435536212288 3.381030217747549 
30.96905935565859 0.0013784880053413205 6.4941258499950205 0.006118891946958163 3.430943829193122 
0.025453820420050483 3.7038968548183584E-5 2.24964730408438 0.0024305979371441956 3.5095544350404544 
24.776418252522603 0.005865384040082802 27.856346881018936 0.05341976991086489 2.839075799056969 
2.8315555593890553 1.6108870231470256E-4 19.639609682546098 0.06904535076439645 2.927200025073214 
6.749631418111028 2.629905881968285E-4 4.81619704932183 0.015123241239185065 3.4528506410598405 
1.7337628309802178 6.36941942472812E-5 5.201070688908004 0.017734559684337153 3.417323945726481 
6.038076377126631 0.0018684050359263542 10.500385724039102 0.02784130188238057 3.3214324169579093 
16.943857157199325 3.6327782247497437E-4 2.3039024875152228 0.0018298978202689455 3.5035873524527332 
94.03619837157015 0.0049288605411978055 20.562445699847327 0.052306277375939104 3.096822258388426 
10.271653264854116 0.0014681284620989606 6.512577642808177 0.02051804424392709 3.3559763607819777 
4.547151291958104 6.430446679698984E-5 3.068319381039369 0.011973209420197934 3.4639365541003335 
29.315071919024145 0.0011240198806034593 3.910942794183326 0.0030959080100840947 3.482158885894948 
27.005166034489086 0.0010493385419353015 5.285571835888853 0.018085414514816454 3.416718309776522 
99.92313813714722 0.00652303363538078 20.447381714912456 0.03127456977004109 3.1016208765584317 
38.54020832023558 8.484343693312298E-4 9.095565965149826 0.040224208868524014 3.292555734931574 
0.006604050776355167 1.3934471337951091E-7 0.00645536868695561 0.9174981697203753 1.6007800395442138 
23.41976555192236 4.641206245340131E-4 2.7980258501237274 0.12823022297307493 3.2164925127652775 
0.17394901072291655 1.0858917357893774E-4 1.37098273776157 0.03479936607875793 3.4378137862272715 
2.494090155405523 0.0012937325178615769 1.5556523358020011 0.0554188963549468 3.3795211707308415 
6.632745371458978 3.293628900253722E-4 0.5666486650670151 0.015957982272773077 3.4944714234945815 
35.217004927057765 6.153050737340633E-4 4.949348909552984 0.09223211423462951 3.250934429184494 
63.224770143456034 0.0015135712965249277 3.5946573903168995 0.06480900203826276 3.3326167508869395 
5.799342090275291 7.867144797327033E-4 1.5841648617225461 0.023558332218542043 3.4539629251886192 
0.15426157177638264 3.058357950477992E-5 2.3636790753995642 0.028129232050097104 3.4381695984837677 
46.17373459507613 0.003201396045964991 4.005830338837716 0.06659461455312882 3.3070734305370677 
6.913629286659056 2.561783806383901E-4 0.6149410071672616 0.010915430822452643 3.507603551478362 
0.005185258208346063 1.9775875648919013E-6 0.9205722332235474 0.01232920770349519 3.5006022371127297 
76.51817865446505 0.0018691873028489527 2.467871817560462 0.03803359167956725 3.4056507052191867 
885.5121155500319 0.009052265712571625 15.451312780864402 0.24517172493827416 2.6810120780752507 
1982.2270796808577 0.006388080474586317 11.8925523110638 0.3539660170526032 2.4313206255547257 
1.6818126043659176 4.85002763308188E-4 8.181587193268662 0.0816275031927527 3.2765528497706105 
0.03493827580870735 7.67190542350036E-7 0.327090917794646 0.007098624012930507 3.5250310138672427 
0.8336092493143572 1.134598369321238E-4 0.2311142827924981 0.006298979939303733 3.526033088081232 
0.33507592014177995 2.0508353687465484E-4 1.444536550701761 0.014162539171587144 3.4867169769429576 
146.3410117605928 0.0024629345959967896 14.681903124290548 0.11938838746015466 3.031937123354067 
1.420927725322227E-5 9.375302256152566E-10 2.689770499841412E-5 3.627501769099155E-7 93.08361580874517 
8.726494055468788 2.715951988760626E-4 1.0591689570571636 0.008518648646880955 3.507797294341871 
0.5302083704364292 2.531748373643777E-5 0.16647459010031113 3.4378843556231027E-4 3.5423428651886986 
0.0379244656448554 8.690472104645652E-7 0.1136157085348392 0.0024310242646297595 3.539581473005629 
0.08036901059292048 1.3173864128715012E-4 0.22671304355426003 0.002085601726951122 3.536051047916442 
5.771726392572347 6.600463371088757E-5 0.3252523519552969 9.962488757459022E-4 3.536999130563854 
0.27727206654094533 1.888351331361601E-4 0.3338255281912783 4.006289048722155E-4 3.5388472388500163 
0.014492583239484502 6.727712159615048E-6 0.44409314514569254 0.0017209939563519704 3.5369595730577443 
0.2516214881202673 1.1119202746316732E-4 0.48485658334876414 6.395695479213331E-4 3.5375977997253445 
0.010424879886668034 1.3169297611850275E-6 0.2926312648887974 0.004830109577468138 3.52837119643734 
2.7300500575093123 7.637742045259203E-5 0.7351453481512968 0.0032888230161000342 3.528247257086386 
0.03028903259347106 2.0834810872809342E-5 0.7990147774428169 8.400313132908526E-4 3.5341119801118017 
2.012859547891943 2.9403921243185136E-4 0.8572984517818959 0.005004946954327688 3.519162828611143 
0.0936990703034056 1.2712480238320556E-5 0.7665737880643493 0.006035007438265465 3.5177644735872096 
0.7164988351043918 4.186087717988682E-4 1.2123495366954478 0.003340962436129562 3.511775119531726 
0.08619939247608194 4.852006377211978E-6 1.4576895339773113 7.819582841717575E-4 3.530457699836866 
0.7581529198533282 4.0502626483352887E-4 2.010085090027936 0.006245856677687245 3.4875508259065877 
0.2860163753582413 2.2571837002935416E-4 1.8020432891796194 0.009046885172077843 3.477506537024246 
22.49522610834055 6.0772143359284E-4 3.298354424584114 0.010823167368683035 3.463346154061166 
34.813134100326764 7.778228708775951E-4 7.523778609765206 0.03932269705263677 3.3108787465111633 
