455.902632256407 0.7853954440305545 0.785396609472422 0.7853977749160187 0.0 
227.62972202820413 159.40528044479888 4.260526494242859 321.45163279077155 79.20970656877624 
413.51236766426064 0.7082800295119575 0.7082810684931098 198.14677497320957 0.0 
448.43797683596114 181.05715975742146 0.7830094942634761 0.7830105205788847 37.793016680897146 
458.44092850395344 0.7717879639859847 0.7717890576827663 0.7717901513810977 86.46651109300454 
428.11590790984394 0.623759862267897 294.71906790237904 142.96349025403092 0.43622529977385566 
444.23752640399334 179.31024098093513 0.6833927764265719 267.9266014574027 42.89470392710831 
471.2427032203799 5.013328307401368 0.7425927475829017 0.742593669482059 162.30150765213625 
331.701350000075 0.5279425952902047 360.97871982674513 0.780270151348172 56.29520406035052 
301.97352262041966 0.5104802922675087 0.5104810216727915 353.08015971136854 0.0 
303.74887498462766 122.65217278454416 326.5721114782389 0.7830104887236684 36.14752637336956 
383.991511275939 0.64916073736726 1.977005896429083 214.80650517770502 149.12444596974248 
214.9760153111412 86.84249760022482 322.7568550315621 0.7853967018681076 0.6181886948423745 
314.6134187419295 0.5049691053176806 0.6026651644940242 363.8987052322075 89.66767680241479 
346.19679206916095 258.23887823532885 0.7343322994850736 0.7343333608792216 163.84607621517878 
279.82805545108874 0.5264191384214782 278.9700266493668 14.625220672366785 134.01059869648205 
231.44893808593153 0.36520630249910696 0.3652067571459084 440.66031037390036 0.0 
227.3592998740316 169.74810203012797 308.7714224227445 0.7802854704893845 48.08078994808004 
0.7853911688790371 1479.1573349110656 6.176384894582029 0.7853981264927357 0.0 
0.7417476050539937 510.4140056748503 0.741748388290755 177.66293700540868 0.0 
5.243761025218351 493.20523046085566 0.7803485663987573 0.780349543031333 56.19494314973324 
0.6811032944004664 453.79180874426737 2.404749918520215 253.8135154523029 58.88192407638878 
0.5211284111515411 279.79973375925647 315.4890988114084 0.7853977093173587 0.0 
0.5166629287282668 296.8302482233161 0.5166637113920585 339.84321993306224 0.0 
0.7349437000473876 417.49759632258645 0.7349448387856916 0.7349459775257444 157.32934079242054 
0.5050746714381223 310.8009675559974 0.5050753383550319 359.35785294408606 88.56258114275828 
202.17557802560853 433.7786852895572 2.600769485669925 0.7832965464764181 35.078832560491506 
107.27701648089091 230.90829578524986 353.6727153359076 0.7853967879720599 0.6779012718930578 
115.66545627881199 248.9473584223168 1.552571607560663 317.4056308957157 48.31403872074664 
0.47986611855197947 219.767246844763 0.47986726249347805 251.59427733576342 133.3497052831444 
0.4328014302835226 240.27517448876733 329.7627986519344 0.7349459596738864 153.75528410554426 
0.2692688738013232 137.8819770444312 377.7964423642026 0.7853976641742619 0.0 
0.2684538949660102 126.36865489142079 0.7280931023161804 347.44094379642746 0.0 
165.6357344994443 352.43895297918976 16.931474189711125 26.4120061885648 333.598010672505 
55.570592813959834 118.23400707318868 474.74218761796504 17.79482072304499 0.0 
51.99604521413085 110.55060649095513 0.269954665473215 322.1083171077793 87.48419688946541 
307.070476273906 229.27763817357382 0.7853959641671479 0.7853976135842904 0.0016158902276668127 
0.3929071937296424 241.2321026823579 0.3929077148876745 276.19374095798025 313.12837928293425 
3.176348720637891E-4 0.7853980135280593 1942.0099754535026 0.7853981419875139 0.0 
88.80624058372787 0.13867169658445302 486.2157590323664 0.7717902023040426 93.22194350199605 
0.008295213826326846 0.7844651241531201 514.8397955188902 16.111393246701628 18.47730127701218 
31.998774381344507 0.051501267710596585 486.9332103722278 0.7853978243137002 0.0 
0.0012573886836849376 0.7420310608725496 437.9003031891376 151.88217009237755 0.0 
0.7260797984999484 0.2931079559518197 518.6147491645678 0.7830105652024323 40.52857154765315 
31.96400269177644 67.98599687022137 410.75220751652364 15.202324332591713 34.47602540534899 
52.133865997631695 38.928206849789426 355.27633239886916 0.7853975444387361 0.0015229591872557224 
0.0013762937795386686 0.6853964000981212 341.3291401464147 190.98856425142907 0.0 
2.0723199839995106 0.0041655467107665255 385.0215980074225 0.7739387230758074 66.50086087060843 
2.028464975896595 0.003162045475297469 437.8416001788887 248.19674128602222 23.24274055117538 
75.45057006536376 0.7735687280663707 412.55405297229373 0.785397704341951 0.0 
83.3004972290855 0.14081572591516722 455.81525307370106 0.7832965231213499 33.96305556426037 
0.0010072998310801382 0.818516548851229 593.9660078600434 206.6599908341784 108.62025020163767 
0.0011495261204724433 0.681086805654872 403.5401103814743 225.7385656036039 52.36269982249093 
0.6317677992250263 9.221266247906847E-4 432.8374938601943 319.6785525318193 0.8370411857201171 
0.6063277135555467 0.0012526701214686982 273.95393581407836 263.19776341831255 13.92704641990649 
1.9369306303536384 0.00370629136535524 388.4631743914339 14.390596935614065 131.7510514756999 
165.747956281513 0.26576376907837596 460.93096248021317 0.7853978268602961 0.0 
14.020621063099968 0.03407230659061913 210.92601389036963 244.46822039838446 0.0 
2.7079368726452087E-4 2.0943574118350902E-4 0.7853980639214752 1801.8958725818018 0.0 
17.50078438266787 13.056438363149903 0.04609114711060099 371.4226059809904 0.0 
3.093400623641538E-4 0.1348301075878033 58.76770573709998 337.24504782492625 0.0 
0.6029592766100508 53.71145242797551 0.1151293286852654 362.4782449668799 0.0 
0.0038353847146444593 0.09170069484702467 44.624425054683236 379.0024789517182 13.689421735754518 
25.212629814390354 0.047226496619607296 0.047226579469226745 418.24628619347027 15.658502204666437 
19.754934227498925 0.03265788884596145 0.032657933471436376 473.23580093998174 37.014433549154035 
0.12428113532981896 0.05018061123738898 81.41446957126648 468.610570466012 37.169350684295125 
0.328754075357882 0.7075885146873597 0.004404064516130807 422.2278038069221 48.61146747267674 
3.2209579939264246 0.006305513248637103 146.77770491874514 373.36276436111024 1.8072155727438826 
29.843277161325688 0.04819893606527384 163.3543008801573 457.0635054139989 0.0 
35.59661232695692 0.06589274981077135 194.64613693246844 375.3220176640867 0.0 
0.44522355281341114 6.348954632141561E-4 312.2155142238318 453.72129006170246 0.0 
23.06593038696488 0.03830051552591613 62.59026154952057 460.13487436033336 86.89464110611888 
0.2934958737200919 5.135758606869372E-4 154.7019343026246 414.34948745190843 76.39056404500188 
131.784345527081 0.2684180202401485 0.7478087577443895 362.38578579567866 0.0 
153.4364019676809 1.56023854166531 0.28481544032869305 386.45388902110506 78.42417715267378 
127.51526434021889 0.2675959068816619 351.86587946450703 0.7853975869339117 0.0 
4.541445002884067E-17 2.33858955454251E-14 4.5414535662352297E-17 8.147449256861735E-15 404.4365281968154 
0.47937034484711466 9.2657631261726E-4 248.00586164476687 183.20309732659854 264.640701110056 
0.0012310948157251166 0.5972760297531526 0.0012310974308587122 289.7747328275554 247.43499503211117 
24.334430450464602 187.53544131338433 0.39292499290019767 216.49793155498116 245.4578980694758 
85.24352114175558 63.4552967225808 0.22335768554508037 270.1943315031457 235.23499776826785 
1.8187635151304453 0.0032446916316639764 374.4495049698194 13.825078984825025 231.10093107841536 
158.36097288278043 117.9296237554464 220.75528863045292 102.77566364370793 249.8784128049927 
222.22057899254742 0.38817781004365837 269.55748933726136 0.6102440279450408 283.0420214990018 
1.6874711797638788 0.0032414565921671133 337.93238831850107 189.07632477941831 131.24287604122554 
0.2495926580034045 4.67760790623307E-4 0.7007115579862894 396.90423828910895 134.5202142046334 
97.29691881706681 0.15935810852619925 440.9834424514079 0.7396375521857391 161.2908396886707 
292.5654087986406 206.3740520696727 0.6006163044117755 0.600617149543939 301.6712345575393 
220.49623520837616 163.231353878612 381.9805485630237 0.7079118568077856 225.98164943741014 
318.41357822383156 0.5680315086955893 0.5680324125610278 109.38779079141916 283.68215238606473 
139.19167403195448 0.253815860975592 0.7602888565824553 382.8958541680925 139.7384190364002 
16.8394405420567 0.03328385041821494 254.93669362136788 295.4945409890011 72.81448360009372 
1.507847839031445 1.122863828360448 9.924216019645213 400.13066242462764 75.42005108421759 
