0.1779374636511207 0.5491503660640279 0.3535284611632079 0.6330715286251052 0.03207255615898386 0.6105891274721171 0.5465209796909578 0.05160001899633729 
0.18442192365346277 0.8069756621834832 0.6966520858927356 0.09921514790544661 0.5991014682908834 0.17945567606272297 0.2507976880901074 0.114818680995462 
0.11815026851882078 0.12789560686893067 0.05214349148664355 0.07315286054261057 0.8732697462973023 0.10218242344772092 0.7027291243743231 0.05486968648957074 
0.09551195760532694 0.07216041298475384 0.6670871016322988 0.025985870363080667 0.6103855004541048 0.4600771678024156 0.525584311865672 0.011375221659096614 
0.08385084421228806 0.59226506298812 0.38741901797873285 0.7206762210849639 0.4872673996741492 0.04869563342056019 0.1494550101107738 0.07324422356370262 
0.09476644267795838 0.7586744764194476 0.0392307162669013 0.02392471470701717 0.4663625653089702 0.43171932859148276 0.5191739356332546 0.018641816201003296 
0.0014477439769473752 1.015743255949128 0.0026186905598699593 0.0021754317046907066 0.0025745254796818266 0.008045950506966595 0.007354760653136235 0.005559148997321721 
0.03845206907138964 0.5851894166577483 0.8121969975724337 0.044499097702130036 0.2572982461060889 0.3112752420200366 0.024232201233526585 0.04338377612792423 
0.0023443869299514673 0.9164401926068663 0.011268792828334234 0.38878379784167505 0.22315463955637307 0.009600236425313128 0.002941812286090051 0.0068171883310677 
0.0020199950469845076 0.7042697691211809 0.7185650768514631 0.00994677100639351 0.0025592394133546682 0.013439212842749682 0.00451422966345947 0.009405662823510918 
0.01250015406550961 0.9411065744167096 0.046100057161385204 0.025753222111815133 0.023858264106265754 0.0685138037066994 0.5418935101411618 0.034068807028350315 
0.003051480570643325 0.7121165924929874 0.0029385714820812678 0.7111533516486339 0.00234565387199473 0.006806350600733862 0.007449941918510623 0.001964668170266238 
0.0041784245860379664 0.5633747832083693 0.7360509209040201 0.3964023309444695 0.004408325068542417 0.0035356061155772268 0.005898878148632502 0.008612712616600912 
0.03761473529795443 0.8263209066920769 0.0692856751602857 0.02333652875605414 0.4152318984593957 0.4407962210158093 0.022756596432585697 0.012064034319794229 
0.02673839587618914 0.7768443531966761 0.042293676309759214 0.023499711293087408 0.3990797363810552 0.026881431655942967 0.5655770209849975 0.026232330957340105 
0.0011070140068533212 0.6329595782146726 0.016238473277438995 0.6627444823093245 0.0018193674115571208 0.42466769638890145 0.006129211759431349 0.009732223589503217 
0.001587596987211262 0.9119119852649225 0.0047985596813107986 0.003092727175144168 0.42889459674564456 0.006318179854586786 0.00390938511957912 0.0028864388096578896 
0.002556977076435536 0.48056205550772396 0.5097536220661276 0.7293053910902787 0.0032209311451998563 0.01591182676560571 0.005198615038340122 0.005167089854118742 
0.002275178732687632 0.006710706205055392 1.0034329597767173 0.002525173734248707 0.0047934483421331366 0.006648327473810456 0.004247907147941842 0.0028804665310945073 
0.010323809968201716 0.035857331927836904 0.9053353126495264 0.39389135260134045 0.017287244558558852 0.24970471343751166 0.035798632737609644 0.03871015818878755 
6.981624154236093E-4 0.006068353429571219 0.950891473289771 0.33211917767474136 0.004816672930231548 0.011559925517901491 0.008783705152141429 0.004768344106262942 
0.0034189880287498475 0.030447508031133576 0.9575196461769239 0.009253447789688828 0.005018041263119181 0.046379804707505905 0.3304228016338911 0.004418904703485473 
0.004910324645107239 0.0035349585788645994 0.8755514269120718 0.37812843351132874 0.006865376866040069 0.004211499522657744 0.3302010390116844 0.003017550639148552 
9.246971706143246E-4 0.011004010815093583 0.8681415976488356 0.0024796300311991835 0.0020056587622950556 0.014294650069681919 0.5191176559893013 0.007197357555207133 
0.010590056971985026 0.04206061461147175 0.890673561346411 0.013025109816440165 0.018899406389737635 0.4818008597520485 0.03111471434777643 0.03313215582642793 
0.05105292226978346 0.024553347035151024 0.8916204574505171 0.03139730338771523 0.025019610325179548 0.5116349856843505 0.05914444675051947 0.08167168967245514 
0.004990575388421919 0.0021536426467299893 0.7119633581949635 0.713331861755981 0.0036199084025655636 0.005658047141747475 0.009763092712690317 0.0017144411818262183 
0.003863448326273861 0.6154516663706068 0.8004384060979881 0.0014254786413212739 0.0052672677779127906 0.0041337397418270425 0.006908863703566025 0.004681959604389531 
0.01721743878398015 0.01116429557503286 0.840361049287543 0.026428349995052364 0.06107670299878988 0.3684595529566883 0.48578150383174823 0.014483948699486339 
0.008836177704300832 0.029342241447727443 0.7096493408322468 0.6503718790421368 0.02739820462917155 0.007116249187372168 0.33374249935804395 0.005598202901159717 
0.004666006775586332 0.0032031240164715744 0.004949659801539199 1.0042735150941013 0.0067679623574821305 0.006501415394995221 0.007910922286097535 0.001083378204340988 
0.04228869862003548 0.41823439701945986 0.5892924276062905 0.8790057610652438 0.052036340470378514 0.07045043581522069 0.32960887151956164 0.025031363430108762 
0.010556582851986157 0.008244549251555757 0.540196043409922 0.5946235988293981 0.008085173842533336 0.43310500202545754 0.47084302929494143 0.008080741213642727 
0.0718822042495427 0.5858573831844865 0.38657348064848684 0.7114659391959492 0.5016632675971051 0.0375133340882013 0.16338156072049806 0.07166465199463588 
0.003419338013616722 0.021730112405981872 0.006598934354011523 0.8020318163933888 0.39086092520701143 0.013988646918363951 0.4619355578247978 0.003802048448514622 
0.029373413617557687 0.5194978152605463 0.46746613995926517 0.5760007652843119 0.29797054572601755 0.037605414149885726 0.5846800808667754 0.0233487565952762 
0.0675013934189325 0.0842024009746095 0.05434439467676491 0.6594153410949207 0.07464824898410609 0.08972273338570771 0.7387640704001818 0.4896373871753059 
0.0333821301001901 0.6048398878228038 0.03436162883763766 0.5826375637792401 0.5949194220094509 0.061260786325463605 0.024835857452390506 0.5213710805885753 
0.010087089318896564 0.4551597184797664 0.5627019757602688 0.31955664771816894 0.019324567723938216 0.4236406437913406 0.5550702899694635 0.016654066898207653 
0.07496563369053556 0.09944804373144712 0.45588359865711403 0.4818863625948584 0.5538462269144716 0.6967228505807788 0.5478739526456184 0.5657196490655396 
0.0022570304538422153 0.003950467410234339 0.005866000633557258 0.7013492031739106 0.7216513207373146 0.00877731105789927 0.014763843139854243 0.0038976216647745397 
0.003453617400354926 0.39742923145917053 0.42071147258395125 0.5991277443778544 0.3934544071604134 0.4199442725816266 0.0051899831626213 0.007208800166898295 
0.0022921274583275085 0.009895765515255967 0.005558028788061072 0.0017861002472307171 1.0038309858528052 0.015663965973343852 0.003683369273898936 0.004711379685797633 
0.0328768448985853 0.7043496979293846 0.386194220758302 0.1427997135378024 0.409047410315887 0.47448560249189997 0.08064861788131496 0.5228223561561599 
0.002705669997383738 0.007152391058586578 0.7983247994445929 0.00679563328007729 0.6134956800193536 0.007063561740077611 0.006468313953744154 0.00644562662499288 
0.0019621724315200466 0.48937483137276894 0.4849325305284718 0.00410388915172561 0.7360754333632477 0.007481706638140916 0.003611484962891128 0.003786704443800184 
0.009946112358009629 0.08704574601159809 0.035656066299954124 0.04869174392185338 0.8774915997722884 0.06823644039501463 0.01287514298384901 0.5600543479242813 
0.0022722911315157697 0.007555596473083789 0.6331284531261914 0.008682138150352956 0.48851373144662935 0.423521675477423 0.4621290160681231 0.013159870609524962 
0.033873961296674436 0.05930738973922213 0.8776520332713762 0.012844563608618367 0.40801329163535316 0.4323941841285353 0.018768435124342776 0.05074341655101555 
0.007550908387899121 0.5525839258645018 0.6007461241244149 0.005418721205111353 0.3912466173770307 0.4779605916482913 0.003974043291063774 0.015265755850756868 
0.03912111795013505 0.5490098138343074 0.7291704535230092 0.017342522824540883 0.3356092758456073 0.08079394299093176 0.5225886800510936 0.031649932814096976 
0.05974734705220285 0.7432897300149676 0.046851749861552 0.02355781142527401 0.42027483002609933 0.41130855577810077 0.5294554627952301 0.03120956048948785 
0.007186750398219915 0.4904230077328351 0.6172663047414101 0.018918243099603868 0.021050291566524205 0.4251771696648501 0.5560818614523798 0.016222258191943825 
0.006899783452208324 0.5366454322005385 0.688511909369666 0.006403539578268965 0.002843909722820254 0.002888764217284056 0.5233820807603508 0.008342957705138146 
0.0021756157742961126 0.007017768218424096 0.003952226563282218 0.007267734441211067 0.0023323968231169253 1.010118869804605 0.007251684594861707 0.005858034399886948 
0.0032645288213108688 0.007977564598377482 0.012265090314500352 0.5526498922916465 0.0013512025710287765 0.847894099513091 0.0033850968064213422 0.006862156034453947 
0.004021489046779895 0.5553727974691328 0.022516010815716296 0.007917352948644884 0.00370201406744592 0.8505130217530357 0.011561784606230628 0.004063198372331556 
0.08576528389907523 0.08597555005439027 0.4696539775589294 0.5547739279100173 0.08948508173273761 0.7179503459481859 0.5115120603337259 0.04357582886029972 
0.014662363661246056 0.013506957164524918 0.493038394204985 0.0040971339855746984 0.0068369555575556505 0.7579245535012774 0.46972827312129617 0.004652073834712825 
0.1542719379781246 0.6067354656088704 0.6566002812764788 0.050554042077704114 0.033269423108516445 0.6075264997518176 0.03972744597335997 0.023572845859897967 
0.03914804793002735 0.06979915879294238 0.043530888237770515 0.020010581998766416 0.7356855825417867 0.7656617566132232 0.08501488034509168 0.07272503114803855 
0.0143058215537998 0.007754034966196221 0.4197168539139034 0.7439800938253681 0.2977794383069886 0.5133975038047195 0.037627336684043056 0.010808407373671258 
0.0018190415412468373 0.014754239958994447 0.6312580436672318 0.6634144893003696 0.004449497016585072 0.4228700920882556 0.006108252782320934 0.004301210844766563 
0.014076814942231713 0.0845734979130045 0.0638663189941344 0.08312948937240937 0.36655379378361364 0.8133841882428625 0.02906104226304544 0.6170144242490013 
0.0019392493597510639 0.01909566015939282 0.0026357605718050976 0.6468772398884949 0.009882295242993881 0.6601434040892947 0.4674370977235487 0.020667129095235146 
0.19225830377684966 0.7046188244018319 0.2441374938281872 0.07543323305901363 0.23102741779490088 0.7641682806875363 0.5459267253191297 0.28826512481153793 
0.0026526582964741707 0.004884678350475661 0.002735445885652955 0.0034612758777273454 0.003030945133205369 0.005484880246303343 1.0211222459741656 0.0031188034514303916 
0.04339649310118939 0.24446610743374633 0.5839782296595263 0.4978792198505181 0.32707611812577925 0.13684114897026126 0.6463447912658286 0.03094213162332186 
0.009114129106592742 0.007602504584214375 0.015640350994001097 0.6021898472008537 0.02499891934733446 0.29048864317 0.7682913317360464 0.008866278873124698 
0.02045232147601861 0.48593609258403325 0.027370106379167335 0.49513120427239254 0.008655083715455736 0.04447821415488999 0.7696815834455294 0.02350700267761617 
0.0031913252467491693 0.010411521234995766 0.3788073902594298 0.0019206414207200353 0.0022785134673803326 0.5599344898944205 0.7648861950786718 0.008684448107887157 
0.04260495158111386 0.2691856922297593 0.6353171621107466 0.5400475570463337 0.01531410529773068 0.13673336912010506 0.6406620526059376 0.030563724758561013 
0.013695803632847206 0.03763196043930454 0.6197272865882268 0.617174449888708 0.052801351573437606 0.03684269240030432 0.5488433858787914 0.03754192888989025 
0.03680368000122417 0.6844600068883934 0.44825049511642046 0.28166556842419693 0.1917049925184658 0.12551289474223412 0.8500833226823032 0.03561391451500868 
0.04572430194025492 0.3833081957059949 0.04115920043156859 0.021429375131928923 0.14107713227843507 0.583406095604639 0.8004910284701544 0.05591423428069898 
0.0038663397580529016 0.02472551755872458 0.0067540232234289494 0.8548473820573647 0.002976497749730668 0.004742668967123167 0.5375853048090228 0.0062714225736492015 
0.06300916696728961 0.5336370698840295 0.7096847042194828 0.30005856103479617 0.026973770073218148 0.014428549104559492 0.5910586739935354 0.09138507469717293 
0.04978378288150552 0.011346950833832786 0.8460895566577199 0.02582274041120662 0.32569613142368564 0.04198464311992648 0.5075318744637263 0.08253449941299594 
0.007717075437315466 0.12149073270738464 0.9246723913394933 0.030538657813431153 0.026624219264478978 0.04274765924097466 0.020996396270371406 0.5298960142624262 
0.053280147180089325 0.6326929773542378 0.3200096077989557 0.1244169179936125 0.3698822315093972 0.4052640423255298 0.4858958959080904 0.6068647588392658 
0.08910656141817806 0.1055104227631413 0.904824252787765 0.5471544382333662 0.28389311006087603 0.08479932087497105 0.13479878668107073 0.6455404919535838 
0.05609633288895259 0.10153580466110759 0.8238858669097231 0.05040292450249027 0.04630481204099545 0.4693952947843534 0.078758060256706 0.4978820663778083 
0.04652863591644527 0.09592935952590928 0.7108959400815086 0.029892811997409 0.05860775490097038 0.43513631990273516 0.4707519274083909 0.5025360413868013 
0.05749926656963463 0.2683552353521583 0.14086073334316715 0.030896529501531027 0.9354402169048501 0.22156076532207863 0.08920946520669781 0.7988357238841439 
0.03311971467120363 0.601240088985826 0.6731750235498446 0.04372967742684401 0.05346917922347095 0.2601744283342868 0.06550514356499304 0.6017337039979945 
0.012993676330354477 0.12091301841388614 0.0312212513937031 0.8635429954655107 0.4288428622160582 0.05964087735585467 0.02061644487736834 0.4986318583108999 
0.17669425939611652 0.6692864024038888 0.09155905845291953 0.6357421745442079 0.3226540130816047 0.18750032790305052 0.0407634801308597 0.5964903273545251 
0.04840193425736821 0.6820860564899542 0.3583540980836387 0.14376234478723565 0.4120117122757282 0.46622323962308854 0.09884152769449196 0.6199349432142682 
0.09119843171029558 0.1860125214701759 0.031027406457282792 0.8591575465556989 0.2747827651353561 0.5295776270322802 0.08816330013840805 0.5345234866364603 
0.12229248413048885 0.22019008293738526 0.20785288724306505 0.6439851025309784 0.43736410838372897 0.17555811059885718 0.7607236708692614 0.613380823851912 
