346.78286978866953 1.3189062613922878E-5 2.3901086840201726E-4 0.0 1.1808679857858998E-5 8.269809789407418E-10 6.479382698514286E-10 5.653636812504805E-7 2.0988473101682318E-6 9.926548816912847E-7 
1.2784878566011195 0.03696671159539029 0.24537142075557003 3.518443708288637E-7 3.691082364504151E-12 0.0018324409557959828 0.0018184437362751868 8.266402962083897E-17 0.05890008379787023 1.2666330198399618E-13 
1.0277059721554869 0.05673196934860958 0.06657186181218498 0.06538347928830747 1.9827721165943987E-12 1.0956282659475285E-10 0.005993615803168531 0.0 0.005613378170395953 1.1081731267559592E-14 
1.685777432967736 0.005138402532565543 0.03160637777921638 0.11149755483515308 5.399306212921011E-4 0.0959075891285182 0.0018975854506669296 0.0 0.05199248676595754 7.68386217035295E-6 
0.8182974077711819 0.012841027609518762 0.2843519575572081 1.9721394345864793E-8 4.388790927552298E-12 0.003000740783398921 0.005083222565362233 2.508994596034224E-4 0.05407758755771585 0.029782831038102336 
0.5662475690689832 0.05845709131524824 0.06655464790672802 0.06533797875860123 1.6832351685252692E-12 1.2459046329865635E-10 0.005913574369128796 0.0 0.008960857475117398 0.016741502392283607 
0.428552915944994 0.012990958076502456 0.053014864922060964 0.05869695896099628 4.2766762888264335E-4 2.6493747035542555E-9 0.0024426689081398574 0.0 0.010375765490888192 2.0435571254330924E-8 
0.40730082207006973 0.01021642184634916 0.18757668058881524 0.03544435575757054 0.0 0.00617727287477091 0.0052644462554063695 7.54846114828916E-6 0.005783621108771027 0.0 
0.7335882760522576 0.0034211169149026078 0.201001803920306 0.05135002316975253 2.528620887524271E-12 1.834134552354735E-10 0.004367553508065271 0.0 0.00867584026935044 0.04118206685769289 
0.7542601276349691 0.009243920625904857 0.06009171501325696 0.04136006131796058 8.321527904616993E-4 1.6596883173581155E-9 0.0014595424910394037 0.0 0.11601805506031866 7.683862170352948E-6 
6.590883257513836E-64 55.68040216545311 3.1975543238572116E-4 3.910858747923929E-9 0.0 5.674452170253297E-12 2.009017112715806E-5 1.0607820399515898E-8 6.201185209038733E-6 0.0 
0.10479809119593624 0.1440299291661756 0.06124093803864671 0.05459187510165582 1.9508450003512677E-12 8.2593498498525E-6 0.009386400804333174 6.816986292313799E-21 0.01547724004550489 3.246948979534306E-6 
0.023654182247941545 0.17781194311301426 0.0392646060394513 0.0710619946796474 0.005968336786981925 0.0 1.9750132803426145E-4 4.7307060690833676E-4 0.013433417434711825 7.091789528856422E-7 
0.1953134011985882 0.17626897965187033 0.11787202029653013 2.8092457310326636E-9 4.612572029127222E-12 0.017404173339964874 9.984364840490989E-4 4.27044402338417E-8 0.0015788653261074967 0.025111398525356852 
0.19420542607657765 0.1040167574113899 0.0637973997669828 0.02448910604838991 6.184176329494261E-4 3.9882104078096206E-10 5.023491593823427E-4 1.6564454761206028E-10 0.009566638010252992 0.0010340285728866081 
0.035682869650970214 0.18037205536238257 0.07583188373793735 1.2495647447204608E-8 0.001481742762047012 0.003985412710440918 0.019491339300066614 3.496322227923046E-7 0.0434707055701504 0.0 
0.18408235621470131 0.16989130739354563 0.05336861649264479 0.07347846438474863 3.5595526851897575E-4 1.7247208517960017E-9 8.025195266149574E-4 3.508720253954893E-6 0.01514277279754999 0.05113701166002673 
0.33732323241339746 0.10540152409503968 0.049046182852852456 0.023922350664406847 0.0023576922474621946 1.4066700584362021E-7 0.0016275682441688252 0.0 0.030286660777814212 0.0011827416770749505 
0.07020137467266 0.0893423085854636 0.04766881628695169 0.07503826462182217 0.0 0.0027701801808994644 0.0036200020566405752 3.976243514884017E-4 0.034842172859393956 0.0 
0.09908639244414623 0.3422411088137834 0.05228971422569407 0.019700799773028858 0.0024006550935539274 0.1125721812684639 7.637458042933541E-4 3.51539070718468E-6 0.014732754600316925 0.0665360028744597 
1.4997448807339507E-10 2.0408773274590012E-9 209.25038783862658 0.0 0.0 1.1557199725231753E-10 2.8938566935676126E-10 2.1257932499597351E-10 1.170981877208554E-9 0.0 
0.20765768338847046 0.019559875340058073 0.37603767429928736 4.3448182498168524E-9 1.440585131956014E-12 0.0 0.0 0.0 0.011974429936511936 0.02672015091711401 
0.3054263963718301 0.020699653698933406 0.31026953883575265 3.863166333714672E-9 4.8917451562589676E-12 0.0019129199201129254 9.846198727806689E-4 0.0 0.008866287313227503 1.7712262219293055E-5 
0.05894633278261033 0.006353715983931016 0.2389444288919525 0.05811913910750076 6.400773711799138E-4 2.6257264980789676E-9 3.932350916271038E-6 0.0 0.014825386246820069 0.02685183112453127 
0.09823803237600662 0.010590275799382516 0.22950471533075503 0.03837182258029086 6.503996768138662E-12 7.544801188174837E-4 0.002149004844988139 1.1470770301480756E-20 0.014910908900756465 1.183188311704933E-6 
0.07549564630357755 0.04146736984861068 0.22867756399078842 0.027620704212154786 0.0011723547946369975 4.7261804979323036E-8 5.006252321633067E-4 1.8416295510959558E-10 0.0015597898686341035 0.001074753848396605 
0.07758502453202402 0.02914163367895628 0.3308650269485987 2.7655250463167952E-9 1.0267867539970767E-12 0.0037053150850170848 2.7048270228095854E-4 0.0 0.04595748932958698 1.872143322784241E-6 
0.009613304602720146 0.034691656027662665 0.1920040139841695 0.04776062373917584 0.0 0.002687895391776352 0.005277255606773964 1.4461523807854237E-16 0.009263740617358884 0.0010320450033401215 
0.02115314282317092 0.0359339879333738 0.3087246079216419 3.42790446698421E-9 0.0017132697261959052 5.669263398493139E-9 0.014360220133637846 0.0 0.09414163556361033 2.551658797197092E-7 
0.010382062293595168 0.021430059033900994 0.20992863590253288 0.06768844628529026 0.0 0.018028971864520585 1.3732849849373923E-10 4.8115888583764813E-8 0.00251676717494542 2.8640192595134174E-7 
4.711189565018255E-8 2.410320580854907E-7 1.9866030658710483E-7 92.54465370644255 1.5628635826435265E-9 0.0 0.0 0.0 4.611546677113799E-11 1.3491965726695516E-7 
0.10807226077681678 0.015236281900154622 0.16180203995866085 0.06994095443452927 0.0 0.019666569912494925 1.0168744911676131E-10 7.792841638990533E-8 0.0010517801296504993 1.700449389404337E-7 
0.3740764420720539 1.9233048754522192E-5 0.20514707957105519 0.27002574509587807 0.0 0.019691334259846312 1.0755154222263497E-10 5.464253309082898E-8 0.0021419371184430934 2.771478523779366E-7 
9.829085024460583E-6 0.03079588244450288 0.10023966893375043 0.11411529620097635 8.56674060115453E-4 7.858240038493202E-4 4.137712871607985E-4 3.0836910710044815E-4 0.04265988648484877 1.4715444148162668E-6 
1.609402243435529 0.003634712198828292 0.16041213995673065 0.507356131180047 0.002141610458218238 0.01760832143427292 4.036270499718919E-4 4.980643435493719E-17 0.00953104770560177 3.5300676220700563E-13 
0.17599220175196315 0.09155621896481435 0.22286096574205178 0.21825900888820157 5.248976010292338E-4 0.03124438353966134 0.002925851925468215 1.5040185592881787E-20 0.0 6.65854533234174E-7 
0.15377747091036056 0.01034424041774011 0.1547528312824867 0.07627286603473821 1.3873238696561669E-12 0.001949711137050026 0.001067480035926774 0.0 0.005994848865776821 1.4600948450015763E-7 
0.6247148537396728 0.041083408107891226 0.04854237648535582 0.1695391832547785 0.0 0.002493199693822067 1.2917187055677607E-8 0.0 0.05361546173926103 0.0 
0.15509695722681666 0.019430853668541533 0.055483744903775736 0.12073455398345044 8.756219368248584E-4 0.05374553079272986 7.310366087746923E-5 0.0 0.01790137566755678 0.0 
0.07778591438368819 0.09423042741765876 0.04902783363151677 0.19589561198135425 0.0 0.002873357618451895 0.0027546503054380503 2.1314932723520352E-4 0.035181474790740346 0.0 
1.0858529180111964E-8 7.583050502192727E-9 4.555728905821061E-8 4.1522156313612104E-13 2.1965825649833874 1.639566566161435E-17 0.0 1.9078981107330464E-10 1.7911880081405781E-9 0.0 
0.02964275671354838 0.044768554474839815 0.08992211504267046 0.06077382958480212 0.002133327888974388 1.4503191303620076E-9 0.013143473278127815 0.0 0.060069604984223396 2.5505852868253737E-7 
0.012800239179713926 0.3526392129924385 1.7237123713575957 3.0881596404262364E-8 0.10201174072247315 0.004131503121512279 0.0074941687487020976 6.420483383253774E-10 2.7984000174857796E-11 0.0 
0.007629180456070879 0.023049254514080967 0.12938178943214737 0.032173017821469245 0.01011462388637587 0.1255431124797872 0.006310763719450957 1.472103776820731E-16 0.009315187847314685 0.0010320450033401215 
0.006261224587008884 0.04788677629975289 0.1707133381740202 0.01876108036993858 0.003461044815367971 0.005773682070073393 0.0022194804121472237 9.309433008100963E-17 0.03449455630181124 5.975163997459072E-16 
0.05302827926089018 0.005206003147278359 0.214806511980086 0.07709139387165755 0.0025214610843224605 6.75096522894177E-10 2.921563694806339E-6 0.0 0.019508402290728324 0.02796435772943625 
0.6550735747200922 0.046049741474137804 0.26068715155847233 0.02917234388557401 0.004108529616128032 6.033691786048049E-9 0.026560661324649636 0.0 0.0 2.0818453062353562E-7 
0.014409809656707413 0.024506470972582534 0.21099644549633817 0.018131507482922502 0.0021221909850329857 4.73423786986685E-9 0.014360220133637846 0.0 0.05025673365050692 2.016590811773666E-7 
0.21968886847684152 0.007179918371082357 0.050768844708876625 0.05387913409271399 7.43816094240225E-4 0.005137551742352266 0.0018637831683532312 0.0 0.048230620080820685 8.272377509857204E-6 
0.28079137684553573 0.049396809887667405 0.10582788076042972 0.018083128430831097 9.447793580240825E-4 0.005479661726791586 0.002238324261470998 9.303882588968191E-17 0.037279149557160156 4.262387108317643E-4 
1.3763368703905696E-7 5.971877071925339E-8 4.657824004699333E-8 2.3930650389113197E-8 3.0879982228822087E-10 31.774607774516404 0.0 2.891052059931793E-14 2.9873564187369755E-9 0.0 
0.21968886847684152 0.007703919383201473 0.050768844708876625 0.05828607846405753 7.44277016458409E-4 0.01628432121408431 0.001646706068481475 0.0 0.04807960500215116 8.291027105586024E-6 
0.15509695722681666 0.0187080953704981 0.04310073996380474 0.10494509501082426 8.756219368248584E-4 0.05787734180117138 7.310366087746923E-5 0.0 0.00566858192482929 0.0 
0.008384263634542265 0.06055977575317536 0.20846808778512527 0.026580695464053374 7.559450202164243E-4 0.052431418360136046 0.0030044102324240244 0.0 0.016530329747631252 6.4591962767921E-16 
0.007814314746843595 0.021473261621858232 0.1962653706098442 0.06742127535735717 0.0 0.01761892953966577 1.849906456927976E-10 2.9580873920195052E-8 0.002559423655987301 3.448861181438629E-7 
0.20742671423686324 0.1626552580331468 0.050451475706604555 0.02041072925669063 2.8326659803720234E-4 0.04420372094868886 7.637458042933541E-4 3.51539070718468E-6 0.014732754600316925 0.051140569611535826 
0.30431836164784076 0.019672559213430675 0.11171980990679099 0.04803227264803462 2.1403723276518657E-12 0.014799903897203938 3.5910526487675715E-6 0.0 0.01950538821896178 0.007400174784331463 
0.1858026530673354 0.0025021859216407677 0.06888697552325075 0.0504611252910601 5.747168666131146E-13 0.040385480631309235 0.0180853971074046 0.0 0.14717240343670304 6.797774580300257E-6 
0.1074637595351781 0.08369096318522468 0.05871810490549745 0.06723384080632161 1.0965469052694239E-12 0.01745102818187191 0.0023439847986292815 5.654758505558734E-8 0.0015249714331652172 0.0 
0.009363826262318665 0.06137194041187244 0.20757720519810188 0.022944028834939824 3.598416697953183E-4 0.00880785688420434 0.0029715018371275228 1.912340459929955E-17 0.006955713673522446 3.693822626841643E-15 
5.3005198507349155E-67 1.4578718480770098E-65 2.4491540317441037E-66 4.248579454025878E-73 2.6627150782716193E-66 3.144805736746569E-67 22.558583597143343 4.675167944733272E-10 2.7984000174857796E-11 0.0 
0.049458004919183535 0.030685993833147705 0.11681559835036541 0.0175739304231779 5.988358575456756E-4 0.0024370571645361667 0.015329735077743066 3.3431130744561E-11 0.06953383143003469 0.02191507472917781 
0.1824210686723668 0.013775049108671746 0.15181279535276687 0.10194979514461672 4.816345981062771E-4 1.9613216971861215E-6 0.06053885496922735 0.0 0.005452451466275997 0.0719625132241033 
0.11336987129975278 0.016876100511516296 0.08227377048489931 0.05230184859499646 9.52585439526907E-19 0.044691182756329065 0.030879792388730058 0.0 0.00198633651033671 0.0 
0.10336995340352444 0.04601578260095426 0.23459924246181268 0.027869066247535 5.560660008638209E-4 1.1514034589971462E-9 0.0242642540896219 0.0 0.02129765323896566 0.0 
0.00755863354428957 0.007212339209721886 0.21196971680463084 0.05713191079837285 2.539018260271735E-14 0.0020436591749647794 0.03414126746212463 0.0 0.16261059736098524 5.805600519454948E-13 
0.40746786242269173 0.0369436973206553 0.022390532467509484 0.09206366677073821 9.689310971683625E-4 0.028194870522529995 0.030897146808411623 8.231982775436403E-15 0.009486004790278245 0.0 
0.01671354735744536 0.01888222432303086 0.03874391296774858 0.21063271810687534 9.315511141578868E-12 0.009522073058575992 0.0508429178529406 7.179895400566646E-4 0.042390532975361675 2.460395719270833E-7 
0.3257922043376021 0.008047972731570886 0.15139654502472435 0.07688398133015516 0.0 0.0028439976738247772 0.015537674512319934 3.4568391124360647E-7 0.003680702008404237 0.015653082166830166 
0.3039997285997024 0.11781077925994293 0.25155947609457213 8.251189542134161E-9 5.3104321940908004E-20 0.0039400976262704305 0.025570483767580508 0.0 0.0 0.0374938017759819 
4.786370276608502E-131 2.3018795886947986E-132 4.678676916983643E-130 3.259861743915607E-136 4.966444174572161E-66 2.9319187222882412E-67 1.6132243363682381E-65 1.4753264241408461 0.0 0.0 
0.24832233216005795 0.0037994701346709832 0.22056826178919745 0.04766823658282891 4.5105488068268113E-4 0.009255304561633686 0.025209743753159392 0.001002186103377047 0.05717948768538587 0.0 
0.18319823113888864 0.0023963779552387036 0.0674638524962688 0.04895682382081397 4.768036221502162E-13 0.039819391667504596 0.017619364361442142 0.0022738441235596904 0.11561987376850774 6.740114431315797E-6 
0.17538904418377985 0.05413155165894032 0.22852600266108133 0.026207301530190723 1.048209129834837E-11 5.384999958423736E-7 3.407274754967074E-4 6.539003723455097E-4 0.016711982398424956 0.044881383517338246 
0.006516846049688365 0.019643391669563436 0.03873650141841601 0.186721459856908 9.318850538024858E-12 0.0021050733286254743 0.013409790700420622 7.460136322354278E-4 0.042102115746584574 2.4605668721697275E-7 
0.17504704968019785 0.03672216540027084 0.12390327131704779 0.018022247807903628 6.776928656966257E-4 8.077599595783963E-7 0.011411856582078198 0.0010324355296830261 0.16146059876299126 0.0852148919748659 
1.7395377041290545E-4 0.002420010840269964 0.801937625161528 1.8960097022163445E-6 0.0 0.006108088019008262 1.3247814250277797E-4 0.0011532797590909853 0.00889811956839706 1.1088625359390142E-6 
0.004077924068776763 0.006650286351623041 0.31568398935688996 0.31308344149341777 0.0017669252589730619 0.002074574748108439 1.6510632085393675E-4 0.0010834779935932916 0.002179478276307858 0.04802855192369633 
0.24007407036946282 0.04009351912953678 0.1470112092423269 0.03094294402011554 8.758986964014522E-4 3.479838556416663E-8 0.008856298722672932 4.8139825310287645E-4 0.034634382206378454 0.0048868743130320086 
0.4464160203905907 0.011608315614626403 0.0608460953266542 0.0710619005191951 0.002344303527433282 0.0 3.9733523266064543E-4 4.7307397752955905E-4 0.00947235275627675 3.8188759312200413E-7 
7.341420235317186E-67 2.3249025749171827E-67 5.37984132132385E-66 1.5011054588309318E-65 4.222713595609955E-68 2.4292219332472975E-66 0.0 7.85294768471465E-74 82.47539120429273 2.4014445446876353E-7 
0.42349254213083487 0.08729729779159551 0.2685606101245986 1.3565049469732694E-8 0.001813471880523832 0.004594648261863839 0.024162839137784508 6.258675834150915E-7 0.12859822426673784 6.023879375098922E-9 
0.3251464058317668 0.01380338418324366 0.22082521476497155 1.2885886015373245E-8 2.0573394012066152E-12 0.0021874989542039294 0.0020568476009164183 6.973841161543297E-5 0.14968097504628577 0.029203740564796986 
0.01367521050407122 0.016191657616074887 0.1513761362971331 0.058240658162343244 5.963568273707206E-9 0.002077259570058453 0.00308905969983094 0.0 0.08435197844050615 0.0 
0.3482008552018509 0.018634751499186124 0.06764375270622644 0.043978284079580716 4.1433283357137295E-4 4.464646302790793E-9 0.011873079312882688 1.5227666776758293E-20 0.09641697195576879 2.9145899426553294E-8 
0.024938280665881087 0.05746955012960704 0.11428410462114283 0.0408255520234046 1.0225787440465951E-11 0.0022612658444917315 0.0013510667321420288 7.085341669074127E-17 0.03852843375852294 0.0 
0.2817775630550962 0.031746091850320096 0.058872772388718644 0.04673769555495233 1.1539935927415986E-12 9.19301805057393E-6 0.009386400804333174 7.22765890514919E-21 0.01579037035493621 3.246948979534306E-6 
0.3516930288802953 0.011277413800279471 0.23897594078520276 0.0425299169694249 7.790273637888448E-10 7.495011664934704E-9 0.002137182374296159 1.1471351904718773E-20 0.014799745206479873 0.028548736749575417 
0.2900481298957586 0.03242611533939968 0.07257103174700509 0.05115133898441634 1.25322500816384E-12 4.93153701885201E-9 5.711286638884557E-4 1.9851868710423543E-20 0.014765597734729434 0.015442348244129593 
0.8238818969868664 0.11615998508254945 0.14033850658461652 8.328535991211193E-9 0.0 0.0039471921916982965 0.009151768091437045 0.0 3.4257749812611764E-11 0.03747716334205114 
0.002282190730725018 0.03147608619240739 0.16684709508146026 0.05405833699974835 4.4799274180877427E-4 9.791174655182074E-4 2.371548761704981E-10 7.867330358926346E-9 0.0049861541140010035 41.991236054138916 
0.3659250547446387 0.03666416948676272 0.04190816226734117 0.0448411579362801 3.019625288884544E-13 0.02976607586100211 3.211043120841088E-4 0.0 0.011352610596611388 0.04058383777614168 
0.10156001740194269 0.011277870200199587 0.23476682950291697 0.04253163816641663 6.432475214598668E-12 7.520722487082896E-9 0.002164698258458247 1.1471351904718773E-20 0.014312209704750082 0.06301265540566085 
0.003805033216822742 0.07447308691809393 0.17200658677265357 0.01967698850808482 8.170482304566709E-5 0.005470024123078611 0.002304208206969959 8.317732346291255E-17 0.04691232487920571 0.06446333388163548 
0.18317390916983453 0.03563473233124191 0.13223313245405866 0.01786993384297144 6.791215146589055E-4 2.809201167031804E-8 0.009314664499525654 3.9138653193653065E-4 0.16146059876299126 0.0844215821468678 
0.05442794540985187 0.047739248767568424 0.0793853628243646 0.10547520285436045 1.7897874025229072E-12 0.010806306743790335 0.10776760681856803 9.131469440853101E-4 0.005250692669834922 0.16599653660732014 
0.24804087440458594 0.0835201508391172 0.06591760044228037 0.027757898645231146 5.75525405230219E-4 4.0006805550978507E-10 5.715608891808993E-4 1.520541799440478E-5 0.014732754600316925 0.051140569611535826 
0.39550838692250373 0.029865779717221458 0.044376197224726056 0.06981395637260174 4.8281682821416967E-4 3.732642686695935E-6 0.007330179166400399 0.0 0.005452451466275997 0.06315727592185003 
0.015992073018533372 0.01452441259308624 0.14962166211592984 0.059424308200323114 3.104554879799725E-13 0.03145756647822812 0.0 0.0 0.041032350595080175 0.04058383777614168 
0.15422312684257025 0.012373562690916594 0.10396353422486987 0.06253111232448415 6.287725974038059E-4 0.007465182677142343 0.021421601542298687 0.0 0.006100652452600289 0.0641696688984415 
