6.690082202643565 0.08912785055131267 0.04510785005416256 0.11425786008878623 0.056226179479777455 0.0401556863578901 0.07820294578766392 0.06790028969798427 0.10879430049734952 0.11035731816827431 
1.378635663058624 0.4750562402008036 0.22503670720794308 0.1401262125097079 0.07977792508048676 0.16413769090621907 0.09543276963744429 0.08024145073272311 0.13331056838826827 0.15445328954596071 
1.037852698252967 0.08631595229280782 0.07199736610279261 0.13653480352983374 0.07932057865871284 0.17091229420357634 0.09126761555057417 0.08916368529242247 0.09335733282480502 0.16773187391739672 
1.0365033834312318 0.07433613935510064 0.14165115432465025 0.22186809354420828 0.0819395783349447 0.056372304049951596 0.06165429723334727 0.27318319482975206 0.11085949105864594 0.1209320213179243 
0.9648987777599747 0.4400957627225978 0.08207209374302829 0.361789873913342 0.06850571736903917 0.08084436328710955 0.05451423616933371 0.41505791861514796 0.10175303595555893 0.1783247782893541 
0.9576083523384745 0.4396717940173502 0.07894584053591132 0.13188480145246462 0.06536735861825665 0.08319069174645366 0.3051520164372232 0.2840148808298735 0.268213679074723 0.2204165266559565 
0.9657435160657728 0.44593601906628255 0.08679058978262687 0.11685521606948357 0.06514151705185509 0.07484345800190643 0.3257017631568167 0.41814463742685637 0.11399550534995234 0.36399051567727825 
1.3220250495166226 0.21962744018051084 0.23262771621365883 0.2803289221668167 0.07129313215052965 0.39065568918667837 0.6089985150005006 0.8025426240776093 0.08514272436354457 0.33894098796639227 
1.036032035773769 0.1617733616494303 0.4202006200718233 0.33999591303516763 0.07091445570269356 0.04174762916351878 0.3195167920894144 0.07783926603526106 0.4552115345143658 0.46936462032208087 
0.948581391855803 10.092781289965227 0.08660247408352595 0.11707515199044005 0.06040886903456836 0.05255077781633943 0.0970403247097079 0.03787207963619024 0.08881702540915427 0.14180558427929651 
0.9701119106653517 0.5152076471653848 0.0805359170920959 0.07531156052247145 0.022522559315076053 0.050718856567354746 0.07783707269236206 0.04004818010955459 0.099102263037013 0.08927268333689248 
0.9613396027585936 0.5118662394890731 0.0671849423297662 0.09911843764928038 0.016056720898611584 0.0505042533215227 0.1742140674486498 0.02541656302716012 0.21963780349168652 0.2032014201020776 
0.9652761970912089 0.4448414883869637 0.04642762485619385 0.305428666919777 0.06937664646104176 0.040957327979228714 0.06041131700489791 0.08552877131145806 0.07922043874239303 0.17188872547761236 
0.8773173534668424 0.8641962452477855 0.12824362821783378 0.12472501080882344 0.2721414583532082 0.10784812731845612 0.08023120059568209 0.498975194483419 0.6462085676181821 0.10646241463150843 
0.8764136879930753 0.5669419131065485 0.07455807389881126 0.08775349501330713 0.2512731902909947 0.07077415736502292 0.4197108324471533 0.07749185642423864 0.2936233826999874 0.1584547194351385 
0.858131810972161 0.5862999825260834 0.05102882173227613 0.17018646489162575 0.07501134511588425 0.05163741904611283 0.07189029945456854 0.04155806417143051 0.5060081857530575 0.2615953993927415 
0.9619089494307419 0.44554422143690436 0.11154837461707025 0.0940613464277239 0.2550831928455599 0.05989403441495737 0.08445167125281519 0.24095031328623734 0.16669833892818675 0.1953920817370221 
0.9014830572095434 0.5589912579988583 0.0661170710304841 0.144928074668386 0.25927508290099377 0.27772216813540523 0.35454823514201406 0.04706711345885199 0.11797375394776774 0.20921639188221786 
0.9075063254524233 0.5474022538990061 0.43681338922259993 0.39721792769484093 0.20378017107939297 0.06656895634972312 0.07912239980619923 0.052826485728357755 0.13082247557619436 0.1262921324840683 
1.0333129676148296 0.09547177985250163 5.775888752680918 0.11918746326133096 0.06008898262104003 0.06083475878197447 0.13287192996729663 0.03852959232118108 0.11228872123797123 0.12908567941363952 
0.8891826932314618 0.5938831860829359 0.9664997467183568 0.10346947706113391 0.4694815922513936 0.5219508572845303 0.3825158443705647 0.8154885385194158 0.8542710949537029 0.4845904617622791 
1.0277381139949526 0.0867406446492621 1.9931736133688558 0.13788075686349 0.09745209152435655 0.6044067696456333 0.047637750500630835 0.43558379168756217 1.1308051245590005 0.11392861234394397 
0.9532325320632399 0.8910147279328076 0.9266635975568742 0.16564446235967686 0.04388403576909886 0.26263416243996285 0.08101009647284693 0.1216633317852996 0.26953758175292003 0.49687413402622543 
0.9756294477360595 0.423724497885934 0.41060954693129276 0.09802393359239528 0.07475842774242025 0.09476908031517359 0.10183292797413347 0.03381906428291685 0.24677247718692155 0.10587386590788965 
1.036128923836353 0.1765712927038154 0.5942498099711906 0.110503202182156 0.05176003072252693 0.04491666791133356 0.06479227563322132 0.04872102422120028 0.5950655120812127 0.10771605404130698 
1.028074686259941 0.10783950808985594 0.40669112328003837 0.09463767851975048 0.23380561610602113 0.07134583935217896 0.04667687767318456 0.2502097536050084 0.14580163881623331 0.21545836166367494 
1.026628559919893 0.07662432161017936 0.24959313563674715 0.10350686631793518 0.06729007983026972 0.05501107660627989 0.05051072753367681 0.06680849306120946 0.11644132865428025 0.09672401877366103 
0.9749473339908268 0.7809288955299261 0.531037438946974 0.12552018146220342 0.06443575375660454 0.207112591339924 0.42303925991352903 0.7247894078451748 0.0861576804793016 0.2103312211443908 
1.0285429444826801 0.1102444271800934 0.0712977630666398 8.000162597634537 0.05628157306244003 0.04232935875187863 0.07470646826261684 0.06623796398171246 0.11450475242734205 0.10898310798487489 
1.0333103516778406 0.06984623253541725 0.058963429007223234 1.3679503689485308 0.6254072059623487 0.08123107943399063 0.05206396620367086 0.1757768159671607 0.09980563492044733 0.12493912648890791 
0.8403465920391469 0.7102992338960546 0.41205766829456614 1.0209069266852588 0.08246689549704368 0.11858449886954786 0.09867895713948145 0.03307598654938543 0.3230668894413448 0.10838564252118843 
1.0317382779553503 0.13419825035327837 0.08522722464789102 2.434531355720925 0.39055628440744855 0.03785357055432433 0.5176565826156688 0.04994363845635231 1.5794538309827495 0.4758316673419186 
1.0280631297247884 0.11789806560929875 0.11268230190589418 0.4194162846039436 0.07202243420947788 0.03173285252063881 0.06316273026648794 0.08385247841368301 0.18080619086880412 0.11511514586582552 
1.020827187145651 0.09515874553422991 0.04783149715319134 1.297654098126754 0.4047918359536533 0.09313911725886073 0.5717984652061832 0.8058521056479286 0.7934454922937098 0.12432516808443896 
0.969607800441511 0.44832224214013056 0.07330928706602945 1.1929979081683544 1.1313464267632827 0.08273058249027743 0.14235476850063153 0.37653833009236976 0.38052821192478387 0.14194888458526056 
0.9943583365376851 0.34599128346658076 0.1545981400712173 0.7462017695103299 0.17174975057236536 0.04612561807094425 0.34768996163688953 0.04568208683788459 0.08804033029694426 0.3005674114787464 
0.9780475347962357 0.2939865066451179 0.06771643616222642 0.5379612548489096 0.08314832111076557 0.10481187231888418 0.08426261004658049 0.07982703898735136 0.09206470613197693 0.4531429941758323 
1.0409315490384434 0.09354532121131978 0.08428113506700417 0.5889780916267008 0.08532607355375468 0.34608252482522395 0.1016900531329904 0.07428963365052071 0.30988978739788237 0.1322468182696358 
1.0332609367115857 0.07058376407703823 0.06016942457259478 0.13286555122551968 7.410799122628382 0.05933597042017405 0.05266759769957726 0.1127960464096888 0.08356006055542421 0.16541673550284064 
0.992837918980097 0.3369179008036203 0.07147947403666348 0.6510409312247353 1.4644917386124288 0.3915367913632066 0.30946029339271586 0.06450453225903939 0.06802415706892498 0.34590811800772914 
1.0246692266849087 0.12235206116153752 0.0698040200889514 0.08936929363013246 0.444994302219297 0.075945960544746 0.05229943281880041 0.16939223178065832 0.10716108673288899 0.20119264722408628 
1.0252707667882426 0.09398114616443617 0.060138600662153846 0.21398567750945846 0.41789363821051884 0.05967736760284546 0.05440689296267835 0.06073754448420339 0.09225158308982223 0.39593864522234207 
1.0246658851967696 0.28006961291509785 0.30583697057542103 0.14508448165361643 0.4350840203087944 0.04645912726698747 0.30337734103464625 0.14415518816934192 0.10961162087487797 0.2995428006023292 
0.9747240854561771 0.42183095089605394 0.06440482911896431 0.42740192497233204 0.3399359502251994 0.05167625816669138 0.3553868559154947 0.26545558400249153 0.1500311677809241 0.17043427482674467 
0.9770323912204294 0.3736800716873316 0.06582746850548243 0.1022728237415616 0.2533151161704683 0.15732338240882324 0.0829489580705832 0.10995381653604348 0.08640926365824199 0.18274892676648874 
1.0307597001819286 0.11572701777338613 0.05486215219065365 0.13138766330155913 0.5749485481543587 0.05116074541602992 0.07193413004708062 0.0654811767690833 0.2625135952721226 1.1706442665782277 
1.0399373553717728 0.15359863937589233 0.07443759520029045 0.09885726573640054 0.2579723154788692 0.2042579598867197 0.3307339286851499 0.037370680776265305 0.28683259959530244 0.14305731534365773 
0.825990236273961 0.663887110239489 0.35811351503083366 0.49576365263744043 0.46246342865760764 0.541997827209915 0.7359783124376169 0.8294239478794428 0.5180296521689661 0.14773929942616115 
1.0367889687057035 0.07865255719967296 0.06485248336024768 0.15682486504531953 0.046642755016637866 4.18384147585264 0.09552864142479853 0.04413786646614873 0.11916291904391041 0.10260810971536558 
0.957515701550577 0.424956976551082 0.0962779415084223 0.33882942043274245 0.2810476529999984 1.0030955229902072 0.5587101341185853 0.42127170637762146 0.12660405171582534 0.20729758349811594 
1.0416421993947873 0.08600790871816945 0.04089476777648626 0.45113851132835936 0.08906279965296214 0.4643741208581951 0.07377056618383777 0.11003066474860362 0.1689703791258727 0.1857091899326078 
0.9772470900551932 0.3872924676559654 0.07099735742371936 0.10129508354990008 0.2534194954247242 0.30331782741692714 0.0753109143412139 0.11067741824162815 0.0906274657647775 0.16133756412978306 
1.0354224640557113 0.11620241299734783 0.0831439408386472 0.13097721877009175 0.10385083637745768 0.24218791181953922 0.19526436309463385 0.025151384550268732 0.08185004334406924 0.11513617201746892 
1.0186695513581971 0.07288054127709595 0.06898224699503364 0.0947494409396492 0.08799265510855045 0.2848475820016406 0.1751609135806456 0.046991455067448076 0.2573061730530072 0.16741199274354784 
1.0346734083101012 0.07502341934368503 0.2705029895172769 0.38466812823737656 0.07436569042676869 0.2868292027854691 0.09963051998234539 0.060891365069146296 0.1577170879104059 0.13461014325749202 
1.0069327986673788 0.3439695642831988 0.11013346935218772 0.12702050458298866 0.04190294946581344 0.2910031494017414 0.31826908954376465 0.08291738968848228 0.08503124202766223 0.2818523054512594 
0.9575620924780262 0.5455007511409529 0.2243740907234571 0.14375197732130862 0.05389578463983964 0.31350324485864167 0.3155623029712709 0.06886548910930514 0.23582710186302933 0.2808660124922667 
1.0324808045171112 0.07986234625746 0.040600790812585434 0.5939542655385709 0.08853401819537646 0.4815041034285903 0.6975045775278137 0.7653670165000325 0.12038313937933083 0.1932608240105495 
1.030363958859279 0.1014999328181451 0.05055336011910334 0.0797557337253429 0.06121808315513443 0.06480100917884352 7.1569024651725055 0.03191678151856712 0.10480307032974354 0.10133499322166149 
0.9331831902503219 0.4904525043708548 0.4549459367222435 0.1239092016354186 0.19513436058065628 0.32657108045956895 0.6620601886617531 0.22719634510559356 0.3139554525096227 0.4306474047425429 
1.027773006484263 0.18679638609788468 0.2180360720471386 0.11782603041616406 0.024030835784436017 0.03527848347177704 0.6904049083668876 0.749784738760851 0.11252365291577551 0.09344690379147794 
0.9743723930258262 0.40106907379219514 0.05586042829146652 0.0805491013706134 0.04035342484532607 0.03939805978300043 0.37548367772936964 0.07030611924452652 0.14001591623389392 0.24796587314232252 
0.9789064884986556 0.33994029340719417 0.3413497782917162 0.7175720268497315 0.1546913067218622 0.0460376147785948 0.7721125018549345 0.264504385038268 0.13803275070473164 0.3233192350741341 
1.047316334375395 0.060044970585732306 0.06400362200360783 0.6330146140587204 0.21814024160413212 0.03589954981030058 0.5305683251268931 0.06734465431406621 0.2978948979669104 0.15319748870313823 
1.0214039603057923 0.07536954831606803 0.7976659429489659 0.14014578461515967 0.16340934135445545 0.06587032112328559 0.8675334543665214 0.2810525158530965 0.6264113337606585 0.2278037914423729 
1.027235146915092 0.13463017591705806 0.04317706619979082 0.10054089823102713 0.06755537463014558 0.05908508047385817 0.26718455407650943 0.04692848437525664 0.11925718151678619 0.09742505919729796 
1.0366561922850432 0.14979445197040658 0.26176972525822034 0.8136140143872209 2.444937966273419 0.02531386542670827 1.4904803868374965 0.06780832588869122 0.10985140916422485 0.11651403095909527 
1.037064024762167 0.20245083743233536 0.4063561341175135 0.11793377999660562 0.02317725779104897 0.1202789691788175 0.4860202271435452 0.3490587345826892 0.1160882339836849 0.10179879348390543 
1.02201871191311 0.17710548565176526 0.06791758116484037 0.1389624377226886 0.1553209142959446 0.047447422767156716 0.1350028337653318 7.411468741497823 0.11615762235309904 0.13255165900104512 
1.0255458787654077 0.13264212202422096 0.041041914834308545 0.14954498694389326 0.049419709653200916 0.0573122575045803 0.36302276299394826 1.1932420007624436 0.1506701235167648 0.3294884403795555 
0.8831072935422034 0.6270495988806343 0.06843190686862649 0.08373434906590295 0.06985918625735311 0.08017103595873731 0.06846743504986183 0.8450562226492592 0.31114596482316476 0.1299289184053519 
1.033839439660928 0.14165910532981962 0.05393252973048142 0.18705610740692502 0.06130886804951023 0.05803728145640055 0.06261848634931198 0.6743055225222647 0.09913818639735947 0.39451555225432505 
1.0198043984443974 0.08887644646753731 0.04714390057229157 0.14896045144810724 0.43692960738413433 0.07447771858654607 0.4575493722659022 0.7836584852529089 0.11843518475881731 0.29854148332274194 
1.028622012662331 0.3877593098784725 0.06597703308559955 0.1918028400490614 0.3156479375234167 0.23689403407082563 0.04528568482346046 0.77162006093601 0.3375971746614125 0.23517261648569163 
1.0033783301585633 0.26819781654604286 0.08981873517254993 0.30458274320549017 0.04336005942484907 0.37070139283122644 0.3244927335931298 0.8032339019615882 0.07479913758116306 0.33520141966716643 
0.9514451352269608 0.47861762817289333 0.04116594223712329 0.0855671120493128 0.07318796620374549 0.09651491621705273 0.4735386117558248 0.6804356629066837 0.21942686791528965 0.20252674072920807 
1.0354022199393937 0.09053618090122814 0.05762378527279022 0.1394811040468276 0.07828693170601318 0.05180953444263067 0.4612862317645829 0.7492890913451938 0.30856790869435524 0.10294594408266054 
1.0199978647235481 0.10928151136162848 0.06357199187212134 0.18077522329827267 0.13684374327128818 0.04782947345691446 0.17198373357608424 0.056657786784616276 5.28659500785566 0.10961926873573034 
1.0478979667823531 0.06580918698836906 0.07425307617984163 0.6345122927990614 0.21798331804769477 0.05388163140711612 0.5307731399951618 0.0657408103999278 0.7462273218007571 0.14953990350010732 
0.9873597573783133 0.42024304127431655 0.22609654813132107 1.156932478141904 1.1559569087042245 0.12079046658622468 0.07654592947325231 0.35361947576647196 1.4087603947721374 0.4794639220453415 
0.9661397567461694 0.49575765165312335 0.5893107873628277 0.11360986019371795 0.0732493397359192 0.08527844998122468 0.5571374450343527 0.21834739370536105 0.8501369733901286 0.22107934219509456 
0.993941891509041 0.4214358866835062 0.07887481943451169 1.3906926689545123 0.03768196212303311 0.036100461861287673 0.4825901806236039 0.4672264935826636 1.626430251231768 0.722737596581524 
0.8289987878506581 0.673074675972063 0.3572545886751777 0.39565098923306313 0.28621958041093015 0.5295048751659426 0.6034329600452394 0.830068030855281 1.0790261960985366 0.12678802607188994 
1.0392468390682643 0.1626734108474932 0.07451026944176027 0.0841681582440927 0.07650059129400266 0.07083476029881304 0.0756902834937237 0.038147301790414916 0.28866733694538316 0.1471885558844973 
0.9607370118748656 0.4285415910000505 0.07367624779384642 0.08006147878092937 0.2118331013274845 0.04167338120907539 0.175890650329671 0.03912493746017158 0.34405570528149304 0.26165143184489237 
1.0349251901300764 0.1198941336370643 0.14922750688698577 0.21094174573180896 0.08173650227396084 0.0653460245101419 0.09410241883673187 0.2643341926044713 0.32322961855895405 0.17860629140946707 
1.0231545668800885 0.08358615524980728 0.23833191738601012 0.09857147475968711 0.1859726191371574 1.1593410930949863 0.07568270029204424 0.990945836661113 1.167356159242457 0.1288324416618874 
0.8501806060779092 0.19725642868570592 0.08667893269775678 0.10463636684435465 0.048180582403445395 0.12060363693707234 0.14063334396881738 0.04830188276243631 0.10248565751080749 5.5939992180653215 
1.0216423782945254 0.12420588083123969 0.331138090670568 0.11671466495033758 0.25457632124400614 0.05393608164833419 1.1394841527618966 0.433568079544345 0.17918537500860626 1.5248162690440814 
0.7857300533787774 0.42289071698933683 0.08648033474719613 0.10038052604476302 0.017534270000940596 0.07289895320786169 0.37047198906551304 0.02798006705517161 0.5207244840259363 0.7800487978570024 
0.8524565980100935 0.49972455916733577 0.22979962609949492 0.10200253068642062 0.034515908234315655 0.05528426661043868 0.07614781525694565 0.24948371008111772 0.0939285076289314 0.48881303918001096 
0.9076308601912649 0.5337572076046622 0.2703182769647684 0.41259120800502963 0.059040114881072574 0.07031772390701835 0.1683959222591122 0.037776019908318914 0.11581178871549633 0.5077773624465711 
1.0165686184180711 0.14265546607348695 0.10984349488002589 0.12562963870615326 0.03851963160775446 0.05049649621405452 0.10921398020010833 0.04766557062750638 0.3489205697482152 0.4162775470833309 
1.0184598405590637 0.18050344488003248 0.041328549924939506 0.10790404361268446 0.06489953198204976 0.04387896695852615 0.07521005191019996 0.05916823062708521 0.11208283292780927 0.33332211301935954 
1.017439261635529 0.1786535475102361 0.41361966149392293 0.1162450832371486 0.23466667935534882 0.04538033168148603 0.08560643110119302 0.7382235005718455 0.5329450717945007 0.6995868825091363 
1.0319075746878155 0.1664484444787285 0.4751290545565759 0.6220481829277587 0.08994511963593177 0.07318681480808911 0.4975106519729675 0.04009734710635556 0.2998734401132187 0.5471857298410301 
0.9845111853854003 0.32881529595524495 0.08015682281573247 0.3404440972166848 0.061928074749019985 0.053776323908322154 0.09753304518516323 0.36356022817315853 0.10416906533604867 0.3775876023576136 
