2837.590545446937 0.08570073616949625 6.411053753427488 0.013541055028019649 4.969003971339451 
82.12780330779502 0.04359128275462196 5.407555912171484 0.1546619026190298 4.526677460175002 
41.96126882754937 0.0564893015436498 4.516577942433168 0.12288829254739404 4.538068440992084 
29.136065581400768 0.031001245364747694 5.3785874964788 0.13128127094810255 4.564359467528933 
478.3876110557003 1.7943675501979472 5.441695327997364 0.01784393633143297 4.9554417719441695 
46.8206530850324 0.9524906284431206 31.08502348502638 2.5553669461477835 4.509372229857603 
160.10456472703768 5.233945592310746 33.48749376944422 10.42222877546453 4.392972990917005 
6.354176639688451 5.030774864592023 101.29216691844054 6.121461946588607 4.452682346868041 
2.7389359477479958 0.046509640198835855 4.645285452237016 0.09684605877363504 4.524164986965839 
2.7357418394218396 0.04818432610123361 4.428983470546136 0.16017931714669287 4.600196218704124 
2.748535948835527 0.237760369461901 8.02691181302039 0.08814594650342049 4.571960372898439 
3.12795142900667 0.20409562329148764 8.538153277844485 0.05477627220547963 4.769352563178018 
2.7242099078306308 0.04816307730161162 7.727911089336454 0.3452706442162904 4.594185459982236 
2.746864734801294 2.0575626673254894 38.47669815271493 0.0134953139387127 4.9823023758244185 
2.724267922491749 0.7295169470607855 7.718504188101309 0.3502308678551552 4.599478987209229 
2.820279590773004 0.23373032567679058 4.5022963961655496 0.21369576231342985 4.562046535848173 
2.7693113393848288 0.18144243501959262 4.409333327819397 0.10027200243850645 4.6964276348150324 
3.715706066045533 0.07971025169411897 4.522755495342163 0.08139639868779548 4.538803827893347 
6.1974006033236195 5.38298142226188 4.410938723525708 0.05791234440964942 4.763482078151057 
2.7536989279874184 0.2289204767328565 6.394087884770608 0.07420661439699286 4.624189951623091 
54.80501830484403 2.89562746230909 4.214688573155482 0.10810679181610303 4.986013001025141 
3.78087459155472 0.20560387447271802 4.215175820166283 0.009748775609287766 4.991408216149962 
3.032369838789395 0.34930221747069706 5.636300667861454 0.023302079039802318 4.9382844471978355 
2.88502465140024 4.726917779579996 20.585753296439385 0.07516921004229944 4.551259065428397 
2.8565812043951393 0.21436165359533707 4.345560818176917 0.043232638869420296 4.774794969451402 
2.7866893505586683 5.140222592144896 22.599185556442247 1.2381092286830486 4.473383268719668 
2.7495418498169526 0.12055363393342537 4.295102271913264 0.020282540888149184 4.949102235803553 
9.73574559661873 0.1700543066507227 4.204524948738799 0.013070767642246349 4.999191709545267 
2.7474793492964493 0.10719811826375683 4.26413800000173 0.01167651888122925 4.993928127678101 
2.735619565613723 0.247333148236723 4.653290528836759 0.08039110038898142 4.545305225667427 
2.860904347728725 0.1808133169342002 5.346585690361843 0.04586707154272112 4.8003568209708485 
2.7713470973865446 0.19826552228215108 5.161018828925241 0.07319100377288895 4.621762935678695 
3.7140216910277197 0.13959895034439573 4.525815376610425 0.05923524567299133 4.5145984641367 
3.71932108418931 3.3148615393581875 43.54433102895367 0.02685121085354793 4.905855954578314 
2.7808073390253263 0.17121604481765296 5.15216390965441 0.0766222363671932 4.629171333120584 
3.070228694807757 0.21138587904467018 4.643455394441116 0.10315579628680738 4.556523093346534 
2.743143205310706 0.05927644975369112 462.0545668711178 0.0563861137371389 4.7231330593798155 
76.37558172391134 0.011834997442606531 76.58252912950738 0.024337293342651948 4.957901963057919 
2.8335680749031638 0.014314784299152327 6.612288677671161 0.032335313452003134 4.922947833941055 
2.7715853058006426 0.022177374741503594 8.723912828872416 0.0829858793200134 4.734641322454304 
2.7670909014206817 0.03584054726361445 6.8888366380422354 0.012836868472126176 4.982486436217234 
2.7737122165409196 0.04097933616988386 8.78330928815238 0.07853945507807025 4.6544823344195825 
2.7650441244942248 0.10875411447528605 12.555291681671727 0.014903725871160262 4.970902731017683 
6.379798644813665 0.02774688149960349 7.506301561760593 0.0806516420709781 4.593440203141334 
2.763479233256493 0.040486771318966816 6.8132674708888645 0.05962077035977131 4.7571411137876485 
2.781031162039747 0.030627945504122456 5.704939050008344 0.03756082267419969 4.901916211502887 
2.7725693637056494 0.016362112916143725 8.70443664472352 0.1753358558612413 4.735258287542707 
48.5536746229357 0.022563020902986175 9.834664893157642 0.057866399591509535 4.809700513653475 
2.7608358206906076 0.10501292342368825 7.471963123130788 0.015798979583421937 4.970467674743083 
29.135653824689708 0.031025551794938024 8.064606828544747 0.13454251669734724 4.564319439991869 
3.832099217479851 0.030387076444628174 5.067480618409309 0.011733082948178075 4.9775944624658095 
2.7172830699694517 0.029607185857277302 5.100613367943365 0.041713809931541446 4.8887370739070155 
2.9701158217510697 0.024431925467198412 5.26706217158698 0.06646982128624163 4.786185100563003 
3.7337025422267387 0.03762883904532555 5.153227799463103 0.043215526755473264 4.828042964004101 
2.738073976575536 0.015265266217124589 4.388710855346519 5.905074197334921 4.707897734686522 
2.8453222026834517 0.017704294331198214 4.405906045127954 0.2567266371016991 4.682803365123634 
2.8239608701125496 0.04293569418474136 4.421616495962412 0.6052417472981524 4.645411910481239 
2.776785937710544 0.014279888297155931 4.368710838130133 0.17515751666061052 4.7407278450013655 
2.778816581849708 0.019582460202820354 4.343409768336665 0.19727652451365352 4.747331555672196 
2.7717332447039276 0.030890500703058515 4.3558089268505364 0.2194387944291378 4.707694620165644 
2.8179764611006193 0.014032921108765237 4.599862407130772 0.10390329959308135 4.617301291909076 
2.8543755690300237 0.039524172116794494 4.464578443034744 0.2581311543997448 4.606256209449147 
2.768816864720752 0.016756806393468097 4.389713197831953 0.10496349244419478 4.696545873140204 
2.8177579759444873 0.01735108222829851 4.527029226344911 0.09655266554626311 4.617580770452865 
2.770517572328391 0.026052563981845002 4.367654363388024 0.12680161222598607 4.691185636830285 
2.777296935338575 0.014194625934322656 4.359205992973719 0.08440183108488665 4.738849238926237 
2.8441050610385457 0.028479673554274818 4.46696647986801 0.13428677740675385 4.600445556641112 
2.772630764075874 0.01667414694816992 5.455607680617376 0.17896046873653795 4.722597540922309 
2.7747696409002067 0.036161758440204084 4.459866242360132 0.16123033258727903 4.667035825748142 
2.7787553503060693 0.0173806084278599 4.3625368436692735 0.08073294294776441 4.7365742207411685 
2.8521760253330983 0.07410382718359737 4.466838922016034 0.3556901485936762 4.576905010908525 
2.856099254208238 0.05952371036340279 4.496863331291321 0.23406424324014677 4.555916095368718 
2.735643010492601 0.04438934258780643 4.4146795432148185 0.16025310331741854 4.600217495481388 
2.792751636744163 0.01189272720662311 4.253912203336818 0.009377612295159094 4.994235424498888 
2.769890023404504 0.016897634745064817 4.274734285698245 0.06963345496705389 7.928120162347419 
3.719620649297286 0.024420512048752105 4.242982964644051 0.0264902751354687 4.909178888972949 
3.7197059897363696 0.023833522563808978 4.531348878728392 0.026540113048038133 4.907923347050619 
2.932965051211519 0.03995372507487667 4.7491828532776825 0.014614433641413788 4.976469487648992 
2.819930431238751 0.01704428276198205 4.497757407577669 0.04609604154046109 4.836074690909287 
2.7407217546186784 0.031365406173036806 4.419335629742815 0.04839437278974191 4.786048143386353 
2.77047807153824 0.018549587830572003 4.2838664785905864 0.07273651185726943 4.83470046500863 
12.0566459282206 0.04929667226521573 5.260382010202209 0.05599456873591897 4.715938662536724 
2.7863969963084 0.02643036926765678 4.5755416268180635 0.07419505580364248 4.630790194819433 
9.588923033859817 0.031368800844841935 4.570607546197336 0.0743454201234982 4.6307809688739665 
6.379786003723707 0.028975446086339694 4.847164217870807 0.08016767976736418 4.592408390125974 
54.79840889421054 0.1073291703662756 4.215123427108143 0.10468880003794215 4.996928081403503 
2.7604770498120965 0.04497859851866729 4.403828971647629 0.04620275294521986 4.792115549912338 
34.00597050243337 0.01603490868072942 4.326811188291312 0.18281332941610584 4.7643109327825135 
2.776780096175164 0.045284660179110384 4.4353521583031545 0.0712833676904909 4.652319867290462 
48.35950398491424 0.020884614325240372 5.170083923987235 0.043752452675260414 4.909339941208785 
7.277016856771431 0.05661028983061967 5.38473452465681 0.08189198902946547 4.538477642483432 
