2178.780755431335 9.95897656631727E-6 1.4907659208981545 3.3388522262650997E-4 1.6112448401459318 
6.0961556498985825 1.7482501788781382E-4 1.5046718284796108 0.0017708660147305695 1.7961549039643108 
73.00109081558628 4.1600857550511524E-4 1.0059496005999073 5.302340112900872E-5 1.8056678511041648 
52.762883083458256 1.1458424339145767E-5 1.1851996075674471 0.0042393217214377115 1.9399219494482538 
43.48768135508316 1.060010239896634E-5 1.7840431078942025 6.355294190752298E-5 1.589093246946159 
10.837144785508528 7.556791537105876E-6 1.1920361272704965 3.1256517213993853E-4 1.778864134348488 
12.256356291526071 1.2864151192416037E-4 1.1267763524924659 8.571990353441338E-5 1.9127378258599863 
28.3590078784067 2.995594577399224E-4 1.1158045793622815 2.933176912426649E-4 1.7978755873870278 
20.94493092657686 3.764854665806954E-4 1.561017071664163 1.2330812700080522E-4 1.683107315832103 
13.412883644220278 6.816664771240821E-6 2.163753407722599 6.356976805993813E-5 1.588847079946434 
16.176573898500855 1.7892425182867484E-4 1.7025867524052012 0.003691691006371489 1.5835969278707045 
23.73144395307518 0.0 2.3655524560492407 0.007319223685585402 1.7747883251901175 
27.342082735498742 1.211866622346473E-4 1.0642734820729995 0.010330908122750651 1.9291561647616786 
11.258378958247976 1.0159829104916816E-5 2.0691336612675735 0.003770167482173225 1.5835897973210644 
13.909929884341933 1.7665077966935893E-4 1.533795649886906 0.008125336766345088 1.5991280017850442 
9.983856515108746 3.038692790968014E-4 1.2534378629566925 3.0860467021410446E-4 1.839921842752252 
23.80136748941625 1.883644826251138E-5 7.597393269827929 4.420565099741343E-4 1.503795847725258 
12.745142238858682 5.419999706134655E-4 1.5726635119314192 0.0035855022575048403 1.6708648317863135 
20.744026484874055 4.8560978533521533E-4 6.874761015855763 3.560313978703113E-5 1.533210944140034 
13.675017151064381 7.536078954380378E-4 1.1199906817081942 7.792979556376881E-5 1.9111326507869206 
4.08614279985176 0.03987447102826137 0.6421687920591964 1.9054729567707446E-4 2.0038682563064083 
4.511642142229071 0.009568692121670126 0.27392958386026145 0.005079701755246833 2.1810607086269442 
0.23304411986591148 0.0014146146498405568 0.29459674731526675 0.001132752899683287 2.210081148013247 
14.061489568184747 0.004535905245595562 1.6160426809600947 0.003799326202170255 1.6119511669189437 
0.08174804621250466 7.908403766080466E-4 0.14369739626999722 4.0081039513047595E-4 2.2440736065120834 
0.056344711591297156 9.702276841179147E-4 0.5187237500405716 7.210433146851184E-5 2.1366344547914164 
0.3135965720683431 0.0018950150032908814 1.0554376747315288 0.0017150877994607135 2.0090372669430923 
0.1616227102424305 0.0049878960331795515 0.47889807097714165 0.008160550695934958 2.1461667090563696 
12.157454243197186 0.0026494872859546322 1.1215232331346165 8.58406157064883E-5 1.9130312979558561 
11.389989626151483 0.002858813302732373 2.1425487122103344 5.266108085663803E-5 1.7903360969206 
23.643204491108165 0.0033704735735434954 0.0811434985450542 1.3738258768287142E-5 2.2480876459157955 
0.01993143951654006 5.904486806797147E-4 0.2478545776262094 3.1416910039985337E-6 2.2173631508175338 
39.25036499423664 0.006708931593402439 1.9729481537978326 0.009330150031285206 1.4936977401343563 
18.341478865440532 0.002771249088327186 1.1345786793414059 7.99820603373285E-5 1.910224752917755 
0.24018681261729216 0.0020983208308611554 1.8958076195819242 0.0031770812669900516 1.80788876672045 
0.22110771262394696 0.0016719898806334017 0.8325624078634827 0.0033149048631934673 2.0502994626304045 
0.0569130134194708 0.0011047297281164459 1.2235130078960066 4.469032365853192E-4 1.9378014794971263 
52.3946237187015 0.00569219926300967 1.1576142397318505 5.000085145102119E-7 2.213671486128028 
0.010535847879774208 3.424993657908967E-6 285.05608297269856 4.6372288079951945E-5 1.3210080973677352 
0.40426746998914204 9.595745927867148E-5 2.4674307918230616 7.308054462481381E-7 2.2497657512114992 
0.049085402726401495 7.28905989054947E-5 1.0678438791366325 4.753369848941156E-5 2.033792363867394 
11.92743862630122 0.00257986129560125 29.791291179636303 8.472599701722898E-5 1.8174447791294637 
0.7478474817463269 1.751684511396273E-4 1.1953666695492444 3.9647892471023477E-7 2.22814603598975 
0.10867547368496103 3.6541533388013975E-4 1.860374232616322 1.8826663135479982E-6 2.2490991877273236 
3.4815767101461796 3.9501842991367017E-4 1.461497779911669 7.24799955311873E-5 1.9266138902378105 
0.05180002308354684 3.0031553803929953E-4 0.8313630605911284 7.973453413351498E-6 2.1369903175499876 
0.133511325948602 5.860762070673632E-4 1.5854870046014458 6.265347888259429E-5 1.825613682258383 
13.348007207242778 9.286388571825883E-4 2.370916125677298 7.251597898044176E-5 1.534387690436457 
0.6014028121403517 4.7002160948656413E-4 0.9762153865857797 4.7656082876270495E-5 2.036685175064387 
0.4876093250738613 0.0015360678486748447 2.2517920737183728 8.715853345743354E-5 1.6427017942731674 
0.03925234407155017 3.6746279067401025E-4 0.511411824786453 1.149530951786846E-5 2.2051065255730675 
0.040707827291024554 2.7664314585439044E-4 0.2321308960306711 4.292871228511671E-4 2.220034049152388 
16.35286023583478 0.0014215412007444288 1.211335560715589 3.16984678912997E-4 1.7773338978075397 
44.43616060606725 0.0037080955651410488 1.6355047051480947 0.0042941004821645656 1.6551016634005309 
0.0662478936931355 3.7971715153934646E-4 0.12150605528529704 1.7938144624485466E-5 2.2480560862072325 
0.6050429898357385 2.3396298668199755E-4 0.006505677489080328 6.939289209167788E-7 2.28149704883245 
1.2184003664798528E-4 7.897730019467862E-8 0.0038053609731371653 0.6476257021829714 1.589713488129315 
14.028903294670735 5.862349889629612E-4 1.5542649212850892 0.008052689105942389 1.6017872289588295 
0.92133482048407 0.0029146806745371802 0.8713096421401292 0.14016280886986981 2.0318636541208983 
10.44286801548627 0.0 3.4753323670883303 0.010975569561478396 1.5181323509477838 
0.010266083738345425 7.574616619377919E-5 1.1157850836231058 0.003695897615472762 2.0177249342700043 
23.803526687319035 0.016854308127213124 100.69576020826045 0.3567909959402969 1.350816966653707 
0.023617667608085046 2.2380398370810777E-4 1.8757049329509465 0.0031262976161211776 1.809501388567675 
0.013157007719070047 4.4584011858501965E-5 3.179045433345828 0.0037534935609097536 1.5728143904438978 
18.394490381001297 9.461809499538179E-4 1.6695865885537204 0.008144834107507838 1.5944658347712442 
0.03384451701553663 1.1432275729229663E-4 2.0669258159420374 0.002399554045970319 1.8176528472985107 
0.21768368886685185 3.4441024359751544E-4 1.8160613139801842 0.0030741546710038523 1.840177131169843 
8.897077818102604E-4 6.53130072126135E-6 1.5759552013246854 0.0011884004102108655 1.8511180755455061 
5.371567691075187E-4 5.261512336333996E-6 0.18821126345214467 3.294973253889976E-4 2.2334950679614627 
0.013651783249010589 6.795369466901943E-5 0.036410094022722446 3.7535627622298435E-4 2.271427251933594 
0.014412221418083336 1.236536797526677E-4 0.18685122348394256 5.131554165182329E-4 2.2335096865850246 
0.0013624209276888284 2.3342970098445013E-5 0.08951629058084692 2.879594732506635E-4 2.25687101987116 
59.07570968121467 0.003608366256642815 1.4618877741397434 0.00732095292538871 1.6763965711877302 
0.01691043958894537 2.775104662144504E-4 0.1660299437700566 8.166292710057052E-4 2.2382461125301765 
0.12621481587754835 2.7996509605432006E-4 0.4935005615099749 5.177101538181643E-4 2.1507025172866263 
14.046787154593908 0.002030507987394159 1.651609298842117 0.003460795349814518 1.69010476849166 
2.935694092972285E-8 4.5003926558025026E-10 1.726952649944525E-5 8.627392017935936E-8 56.158780639967325 
0.08296089525041718 9.196834108257409E-5 0.47823703046212435 2.3616300617839357E-5 2.1980312042711456 
0.0014364973458699255 1.2931613405338361E-5 0.01720213541370982 1.590341244290928E-6 2.277110723894552 
0.03961836679216571 1.0434875373814151E-5 0.15140373438060364 1.2648315370391663E-6 2.3436422141326085 
4.238997942950051E-4 9.63909854720472E-7 0.1593383022661716 6.690184168401623E-6 2.2420489846400256 
0.0020891146570459654 2.8843990707101413E-5 0.030687101446764203 2.351369584310881E-6 2.274941620822429 
0.00862162246036359 3.495056313216126E-5 0.1686755589665134 7.109235991138351E-6 2.2420392994388196 
2.2171538221897195E-4 1.899190058522036E-6 0.3383529937941928 7.550259607334333E-6 2.232099969502703 
0.006966579200453217 2.7181419434802E-5 0.3059083069571368 1.3522397924928067E-5 2.222675453221237 
0.0022341911086449415 5.2966709325429896E-5 0.04531950234588223 6.212029239844555E-6 2.269282853657898 
0.21753843777340598 5.1462728228808015E-5 0.24423393234668755 4.577704790217329E-6 2.2283882792107974 
0.004270832655043206 6.161667870058346E-5 0.1344197075959676 2.976313791648585E-6 2.244899686069323 
0.0016835149563182608 1.9807175815442746E-5 0.5555438572524589 5.630667978802238E-6 2.2090816166487874 
0.0059420187745730605 8.923170797470497E-5 0.05906348929496469 3.7431492573240202E-6 2.267133514620367 
0.0031863490848681644 1.1301546967479152E-4 0.09595294701295698 6.20950800922195E-5 2.2661453823269535 
0.05363370631291607 1.4643127696204359E-4 0.4564994813189399 2.262735568290447E-5 2.1749539673223905 
0.03215213664837232 4.493951581757518E-5 0.9507479169700437 4.793884175601567E-5 2.0345569207517533 
0.0031024817847985276 1.4747928761386944E-5 1.0184792169465675 1.4072233944689092E-4 2.0449173760527546 
0.13229224975843953 2.0551437219033092E-4 0.00482900437352959 8.098694681464158E-5 2.278110062882774 
0.23239732772860583 1.8879060724941057E-4 0.22975298303278116 2.5878028227087932E-6 2.2256944154996683 
