5.812398730407964 0.027767122710622677 0.08221027054360278 0.01998979664308798 0.9662752477513473 0.020389803259247285 0.024231634837473762 0.20392413410531895 1.0195140354238563 0.08530004005006238 
3.853180111065028 0.8518319088590092 0.3372951363859818 0.5127265295658487 0.7331197165748297 0.31875659625811203 0.23231320885508933 0.708838021736555 10.104767949503334 0.276189384398834 
3.8151754377396667 0.261105752128124 0.6885091202340918 0.8850698183760732 0.7696833252150096 0.006660419004562635 12.703164890435936 0.7210565450864992 0.18743366993513993 0.039827840149704904 
1.316804318506251 0.028951311401241783 0.03947337053986093 0.011868594571279275 0.2734485962312103 0.0631449306712772 2.883142553017461 1.0739170271767249 1.3051510743985872 0.12532771980437224 
3.494249525789059 0.420038817934918 2.0251863749531775 1.4023695114434478 0.7132203474389386 0.26308854251365354 0.09269305918897748 0.7505027996693879 13.360518149662951 0.020129486543649138 
1.3239796020169095 0.06030775565558571 0.03437001179319266 0.15116220680709153 1.0086070781268646 0.01972468855500094 0.26134959820196696 0.1112024132973325 0.12418002923866399 0.010473073113503982 
1.3020726256896582 0.04697426648784512 0.36230603202730605 0.006637303256534285 0.9257151164490929 0.001934570262628781 0.7142287310146799 0.3740321867759983 6.893170697051243 0.10005827745108545 
1.2685227501249114 0.07885506418074648 0.4942083996154578 0.4061892003031976 0.7667547868389826 0.03249307923955006 5.088493435876233 0.8535592867204991 0.6572437618436835 0.009101320016044879 
1.1297681304587759 0.07900482711997897 0.05220896057380832 0.17066999623572945 0.8777202644702378 0.286357452343364 0.061021976273723945 0.5999445339704174 1.6741549054788398 0.019058235109548023 
0.4702431496773465 2.1505788640777634 0.42337919845998107 0.41784670031033744 0.8257117722047235 0.17353347200361607 0.8060063446922775 0.690376100662308 0.5914826313094974 0.016436971145376882 
1.0542852722061495 0.8566759341291669 1.3916618916710848 0.20684144380118374 0.8530008943614413 0.16754169164554725 3.3912510783339487 0.6231111850302173 7.205327211408607 0.012628173294899452 
3.4039466254085196 1.0768713020776257 1.699866804446813 2.8177172812875706 0.7187258372199925 0.014058552783088025 0.09212524642407038 0.7533071863175788 12.604999171442062 0.003851927255172562 
0.5286249413581943 0.267823179219511 0.38445728147742936 0.050276708388806456 0.9568685380292996 0.3469283212764393 0.22570890225185636 0.4911635507129622 0.40967276969418154 0.02054549655306346 
0.9602928177209351 0.2424181167691208 0.23061757463502022 0.48484469137465414 0.940951080470733 0.04271513053848666 0.2129604310058186 0.3467434982772041 1.3788076518189671 0.0015618611799793592 
0.4906959763993458 0.1897295828330737 0.5269853355272763 0.670321812818266 0.775746472827556 0.25880418572179 0.3328629185221292 0.7280296219136735 0.9106152142717032 0.05827652930656142 
0.18259069649082024 0.1773981147302486 0.3521173720920751 0.053775184321369913 0.9584594403148823 0.028842429744485924 1.2843519814975155 0.3995915356124441 2.351833567003365 0.004452762093056086 
1.2210823236064576 0.16656262694349971 0.7409672332233539 0.4161968125702671 0.9831464860396844 0.012440451826719243 1.532244503087862 0.18491613635672302 5.794626639105407 0.017011649945812956 
0.08660939971372136 0.07894731025746526 0.043082321552848794 0.04864187771965834 0.9061454069935271 0.15291112549833027 0.1914274071538182 0.3117240749517809 2.794338518242509 0.011298157634055613 
0.2096149982019391 0.13840510895631947 0.05356270788981499 1.2604431537046583 1.0114012871248017 0.024354958227113668 0.3215036439853644 0.10139684938455537 0.07953902447281676 0.054295283994268945 
0.6654842012033584 0.05456253503172258 2.1962560019165056 0.10451082672157665 0.8484235017271415 0.2409491922312686 0.1632122522921625 0.5708854150057973 13.724739355638798 0.2780470852004865 
0.24217630580661179 0.01119241309490933 1.6304682527558814 0.0794214687394437 0.9547364097390273 0.8260448423298891 0.06699328702812772 0.3472411738951035 0.7113551997240752 0.023245716219763776 
0.310755811792508 0.07630211008266183 0.9592000728101624 0.07212040445335384 0.8873968120922745 0.007905507756879652 0.2485431906677478 0.28762989438636477 2.462727687765018 0.47300207406326344 
0.3981691705555978 0.07952934876571871 0.794534595894247 9.806437578550196E-4 0.2621467310871555 0.04661216820804996 4.362238044843389 1.0092898353364042 1.8547870637831563 0.3820536345946146 
0.4694042731707394 0.07157380439691258 0.921885085849943 0.43919315635244816 0.7347087919860413 0.14924360879615078 0.2845296994823016 0.7266708455005049 1.5836930005926604 0.04804135879901278 
1.5431680848715852 1.0849312344522342 3.8935817295758106 4.72848357255659 0.9363519419995523 0.7423618465235509 0.3113318148343962 0.43490536306028754 0.11758364709467478 0.043197521901269124 
2.4110020471026177 0.061295861159146287 1.6643297895586917 0.07620543386841798 1.0026113914326642 0.6821808381912698 0.21192364539727065 0.3442663303098902 1.0217284640772755 0.0037051618800991813 
0.11681615650301382 0.14855050987275237 0.9689227757109677 0.43932649845942817 0.8919015125958908 0.13685066177046365 17.140694469656015 0.3187133593483707 3.06720033921309 0.002153164667246748 
0.8568845195680957 0.2696673040150591 1.0199362252650508 0.15400177404874832 0.7472307942724064 0.5198025251249432 4.555918124205589 0.734405209836963 2.733233326642639 0.009196103611129297 
2.8568333545552407 0.13383099518424782 0.22911201746405546 3.6620717477302684 0.7613425691823189 0.26732416226822187 7.232469120876484 0.8732705715286324 0.992038085619608 0.0022372505714818376 
0.20701121922167628 0.07560191208982943 0.01473421727457851 1.4630426487627035 1.0105216811128876 0.02309250793476871 0.2657899381566484 0.11743006203981343 0.11557750897799898 0.05061738511999916 
2.7966252552949813 0.10550282164858632 2.1990740151613397 2.865093086708714 0.7528787351528022 0.2679736442197197 5.964784020191717 0.8746152110850941 1.7716305759537498 0.0022878542834241194 
0.47782092770589385 0.03840281969335814 0.8372581312993862 0.7777646657728122 0.7309889319629576 0.11449099892894565 0.3207534755435022 0.7343353230486251 1.6435020871371233 0.04883883133009564 
0.15150965946890899 0.0029123327879195613 0.014133411483049448 0.3125231464539552 0.9986322730583407 7.244362395303902E-4 0.28121718988672645 0.26286119115902673 3.987079562505597 0.004221912216143622 
1.0488073739641384 0.04256651443216262 0.1358067689061753 0.44643317862128745 0.7426924281662401 0.053279533035565964 9.878340597149341 0.7028194920621291 3.8577072424031953 0.10274589499072329 
0.7868618715637691 0.05096278517720642 0.12494168810056286 0.27620221339812134 1.054630986799486 0.0010899246407548033 0.05549074092171866 0.0873563436904926 0.7756218546030924 0.2841139410803349 
0.10765097201423046 0.022428735313161603 0.05796910859756978 0.0059077918085549 0.7741484997841922 0.00831942779172982 4.6656200391264235 0.5910270829767618 4.395769562228501 0.009165643492519235 
0.35758816995581943 0.04697186736756841 0.23994369435889323 0.0027107553908572463 0.9834633399389799 0.03112170679563304 1.6057360231546205 0.4324323923109703 0.8306047259714868 0.061922951375033335 
0.00529545413986913 0.0038539853818440263 0.0033227545477413855 0.0015887119185634662 1.012380771571016 0.2639433959881982 0.0790576636332494 0.166788457712327 5.540903778907908 0.012613607330832761 
0.0054356032578508845 2.797828115601453E-4 0.001946049551548881 3.762802611665946E-4 1.0299750086778723 0.0033256382539624896 0.07848948666453051 0.003825247612451807 0.04022420653699115 0.0018685573700507857 
0.024770819701638924 0.01433278604874024 0.025693343080367543 0.005399387835597832 1.0269829690194636 0.004018788969063475 0.0037450478037800517 0.004750159032912258 0.12254231844344372 0.4225677624001448 
0.0044497382803977605 6.12579010640408E-5 2.6743384622847263E-4 6.218259323223879E-4 0.9950171111982837 0.22679821629210012 0.21587145810465042 0.013368754176290723 1.2724248190268026 0.16875486347443328 
0.4725268897221287 0.081267340892793 0.07575758403767424 0.14214713956531363 1.0227700033988514 5.36563283067328E-4 0.07036306437151131 0.008011092712066927 0.875376062186539 0.1340938037645884 
5.692896148752082E-4 3.172855136573974E-4 7.721113963052463E-4 2.9404227409042364E-4 0.9271100031922878 0.02596632436158059 0.3371596996978463 0.28580099192522357 1.754605723443003 0.03524676759284598 
0.22203406268513734 0.0705365560100859 0.2243456713359771 0.06416771001579058 0.9680931670416228 0.0026560492379080793 0.6756743612046721 0.34914974670842847 0.8290089816634916 0.01331805153851012 
0.005498437637972181 0.0025399456219610123 0.010318076795732949 4.569040960036495E-5 0.962386480493018 1.0145511114748166E-4 0.04546240681229945 0.2309570332180066 4.881583124337625 0.0146187136819609 
0.016780901859707365 0.0022472056574085516 0.005532887527176521 0.0010867813789151367 0.9676281456727368 0.002233265023760277 7.327132494557664 0.3015565391899357 0.33123210638332046 0.023511712540766214 
0.3734525795244977 0.06963031612669156 0.33227199658894896 0.19919865753954208 1.0172813219937826 4.720989949412469E-4 0.044399007554568236 0.009641720906868302 0.6662160676720859 0.007910558500201094 
0.18293814131138392 0.18009213444861666 0.019766506239477705 0.08259150042976385 0.9696345929008368 0.01676183561114081 0.9217224264992476 0.227074139216596 1.2804904839079234 0.14623196778669212 
0.4262506474852183 0.07561718115617912 0.6108170821006496 0.16801076375122234 0.5506034606617526 0.5163712822262138 0.18371436171033584 0.7939235616833333 5.070263960809631 0.8926742359915192 
0.41155194951358337 0.224972673641276 0.388781749588555 0.048822869301279374 1.000568090569849 0.8002353189695594 0.294913156767078 0.09493358457077215 0.7574026879962307 0.9738797825626102 
0.013611054380076695 3.142240357797594E-4 0.005407793004075892 0.00178729478585479 0.6221799874690666 0.5434860012429686 8.050156418114874 0.9462276397347522 0.09374115781314066 0.030484756432382756 
0.8607368036517148 0.002363682679504625 0.08316132321823648 0.16788401937509156 0.9286820327159246 0.5644945462850333 4.8146905646155656E-4 0.45291697720183666 0.7189448170779859 0.664790143275858 
0.06333446722831436 0.03818426432182518 0.012904567137809667 0.06464357167282565 1.0295316898995452 0.42876858962918646 0.9739590313813988 0.05165172904200449 0.29117665773561635 0.0960623064191892 
1.2637068739635815 0.2303421677340547 0.25259894682651135 0.04463457629116856 0.9372857513880175 0.8769047287372383 0.03832881711453062 2.4241958198554787 0.7937761771732618 0.13745037782869574 
0.364941764105001 0.7513420267422222 0.412046086008558 0.13883538609896465 1.0226140890284379 0.6895196944475616 0.26750985621691203 0.11062553365906676 0.12685818690375045 0.9682973122196101 
0.0018672357638061363 5.143397437166621E-4 0.002088579417728815 0.00203656440938344 0.8078064786436999 0.3221668934257732 0.6482762431941347 0.7390653530242177 0.35705279366432807 0.0014654928277297603 
0.014951778259155843 0.011650630622406987 0.008990949685075663 0.024315036408903534 0.7638770414020707 0.010393711558549826 85.1954761031975 0.3248661002902207 2.318996922990237 0.026350372957435288 
0.21033552981915954 0.19412044485483046 0.31615263596683346 0.15493493259762228 0.5969737081861567 0.024966125759376012 8.497297629973502 0.8929005944137648 0.7072143576710117 0.05216304915568436 
0.14937625040195301 0.002939099264947385 0.0387017536812962 0.545115739899348 0.9578623101528727 0.22739053270121332 18.272773410224026 0.32875330273252207 1.9022489253144266 0.004606880826913207 
0.5815350753369716 0.033951115083992615 0.3368339776872896 0.038049155753794174 0.647154814276823 0.0061999372884190196 12.768057406451238 1.0258377622123662 1.5801905802319067 0.014096788513520501 
0.2013182806641835 0.10433564980336309 0.3696650752065025 0.06508065386255384 0.998193121059104 0.003988105090293409 11.873698710589979 0.08659636194300803 1.4388530191269675 0.049472756314372625 
0.0028729246131325398 2.1771267979718787E-4 5.821008716282776E-4 0.0025901760215801058 0.7148195674708117 0.2976293471031824 12.083891569112449 0.8660659856818175 0.592986279222231 0.006384858334961054 
0.37538731429852096 0.0062006730479582 0.11100211774575015 0.026388108092472735 0.9670488582225232 0.2791883726615729 12.856038848151387 0.3182185046275508 0.3312321851874082 0.02088406779667571 
0.23825473721370904 8.445830515602459E-4 0.10272838840005907 0.006112802884278803 0.8615097079121364 0.6776631253148164 12.802655610001173 0.5594083371589663 4.150185892724163 0.014524315434680342 
0.0021512466933853404 1.8863496785535914E-4 0.0054116395915804775 6.89103522795157E-4 0.7176941312335042 0.020305253968151308 8.219511843054292 0.801001269090224 1.250374428713225 0.007645182762147558 
0.011790042640217007 0.002551664557433266 0.011935615278674126 0.003989681155074913 0.7189842109865484 0.0491436170908001 10.686379020655561 0.5760880454382322 4.9683781279719845 1.184845785677792 
5.322302865644017E-6 3.098330960512095E-5 1.1376290737798173E-5 3.984843807674983E-5 0.002665353478672305 5.5453850974138255E-6 0.04903894198893458 5.68796010388113 0.0018249919848990748 3.672956941428602E-4 
0.1544276900115023 0.19989378799697718 0.11982702943558014 0.11159145288181244 0.6236534093446873 0.17002066923481762 7.369765362972762 0.7381753442024318 3.865204970691064 0.021401878891502277 
0.9739234035569679 0.10980346653168531 0.3124879568116217 0.19228193693890142 0.745100734465015 0.8645833211415759 0.004446062093383114 4.268617506419685 0.5170987664846843 0.4400984370130166 
0.20177605384909356 8.105758163930186E-4 0.07100044785149254 0.03824010457857718 0.30200821238678044 0.023574216906408544 4.27515118998721 0.9850867743148722 1.7441064279227254 0.010350430430290344 
0.22602988871377674 0.04360184952993305 0.3644143019164131 0.0010066358106309231 0.2652327456418743 0.08229299953567759 4.54388840946723 0.9758005045527987 1.7516114650465309 0.18411467541522708 
0.5352433910603925 0.005831119446677532 0.17806413523650863 0.04225251136540365 0.3201157127136404 0.1249152809444665 3.842452613094309 1.1781883603181316 4.8721621249092895 0.011374357552428462 
0.03287140250906278 0.003343277939438477 0.04638269852060452 0.001860777702768049 0.8093576813962278 0.014103242384552973 0.3019782219303261 0.7575367621193217 0.3865510319559086 0.0032976382590695795 
0.002528186490167491 6.956374483620561E-4 7.548318691926809E-5 0.002048942917866812 0.7919561004477896 0.16267388079079204 0.8535524486513566 0.7373040065410769 0.22548087488922502 0.0027864646565256674 
0.8818570324228421 0.12028269450132284 0.19492667541815617 0.4032585170859444 0.6848770097031635 0.04103445075020024 0.10770010590553236 0.7862017761851335 4.515777662671788 0.016717414429976225 
0.3454964280334612 0.07281022448361098 0.6416693420599345 0.02467160415258751 0.836007310135771 0.017692446842010316 0.14592512129537064 0.7173296292696824 0.5052804242016583 0.20992748030246253 
0.01383940416072503 2.5037807110173734E-4 0.001036103554411248 0.0010140925391693624 0.3169062936994648 0.024170357857753604 7.5589371354754995 0.9873634282402645 53.44587573785471 0.04883759782266815 
0.05186889553650486 0.11843113542660592 0.3651126153429714 0.034879278697497455 0.5507401788210895 0.28494247851548604 8.099334733968341 0.835925535536064 7.3373538250938655 0.11624844156221005 
0.0027010688091593316 0.004046544300697185 0.0018838913675457657 3.230679556571629E-4 0.9969920931000347 0.08839409187937654 0.13747456812023776 5.306675028743275E-4 13.669538518793802 0.04414257953509934 
0.15210200846753744 0.007981632999143645 0.5014512269273483 0.055947480398047644 0.5964741675470508 0.00851917720547424 0.10825657373233714 0.8747218230598811 15.015760393130817 0.27695390121410574 
0.13202560303081912 0.013609165655956837 1.0786045538617395 0.0477516582542969 1.006707587233987 0.5068367489814245 0.8301985707743252 0.35162323239548776 15.138831098057073 0.008599977187641931 
0.019132454408605927 0.005685354057467405 0.0839672503488377 0.001055732878859156 0.9360983509108911 0.02267269850022699 0.6714907908247811 0.417114977081701 8.921236365112899 0.8480196801916576 
0.138400057830312 0.028258514141109796 0.01920448309770795 0.0591836446787051 0.9045777750617658 0.5079412149891969 0.33063664028860773 0.4989423390897584 10.09035340380385 0.026508491741529264 
0.5141768789681646 0.005268851916276155 0.34827229291039447 0.01153214111505422 0.3170648782597793 0.12117679847887204 3.8197845216181667 1.1520155628924051 6.58795221299588 0.0069528343974476865 
0.005802554300919571 2.8168309125794764E-5 0.007228682177459836 0.0011699838177830005 0.350299690986261 0.004360110373402588 4.539615665810981 0.9311553256886297 5.042263463015763 0.06638199676723243 
0.00596863677076346 0.0027346706224252266 0.006526092469117583 0.0013723117486660213 1.0223682654841948 3.1076565422975914E-4 0.04452571716126229 0.007328823484557179 6.352847006706573 0.012886951821136302 
0.004441768306990073 0.002766196478448287 0.0076978148540863475 0.0031870847672739308 1.0135412883398072 0.01644997697872336 0.0981217441280524 0.0870787505182234 2.4062378363879557 5.965737089338023 
0.012473843621927591 6.720830337883544E-4 0.006540864626746322 0.006588235210680634 0.5798257062343691 0.008999642053078105 0.09805615502202869 0.8755944897260817 0.8043294950957154 0.9200819254108075 
0.01990228081042304 0.002079419940739766 0.04000831879986575 0.005912271130715783 0.9015564360512759 0.02462189395348597 0.8033999365721022 0.30877054853687946 1.2171718366249489 0.739093796357067 
0.36862223513699427 0.9070396218111599 0.01412557036300109 0.13630636255632944 1.002667282365743 0.003803022095007262 0.22126101556481373 0.1319097048554973 0.7712917961337392 0.9698832914620686 
0.023626405972377636 1.0981654123807181E-4 0.011295197696176523 2.575725590450611E-4 0.627452391564531 0.1294305214331645 7.004211503614258 0.8663415504720324 0.4833990545936697 0.3878049289113214 
0.012994755293858668 0.002317244218892996 0.022498921944803005 0.007233962903880773 0.5853299330772572 0.00920633416539378 0.09926150121609463 0.8835790557778929 0.7550472002757244 0.32551443494103516 
0.20504603258499224 0.08676782333217216 0.3417214340218362 0.06553150969009366 1.0191679395883821 0.014296897004205793 4.120571632625111 0.111794443773371 1.4769240680164384 0.44375705262373066 
1.2066133368114262 0.10859558357044126 0.10292118950311771 0.48557316447297866 0.9299040016728576 0.4568005263036194 0.003896819500901522 2.4003021459339164 1.763404258508272 0.7535774913844427 
0.4387761449896006 0.20574615537299012 0.7938383800292007 0.48536123422189686 0.7260147658301646 0.0858671652862856 0.2670002148420453 0.7352112545588804 1.626290119425991 0.3332212806368213 
0.875600484940554 0.029913954796640274 0.07920873332994967 0.16031618906583292 0.680874145512353 7.637793697577955E-4 0.0340120585066771 0.694139422099852 4.661445916487249 0.2811078093767228 
