8.776988111272981 4.22242417926402 7.4872701829702875 15.312775359956234 6.391599395024831 12.213034626164294 11.676147669231526 15.561345027117572 
8.622014532113965 4.18395077030401 7.35210353772291 15.261454407489888 6.26394955098532 12.297590794597223 11.598670275481108 15.705869505417644 
8.707413292963096 4.539071565723798 7.317363350683992 15.42664189572955 6.424286607058851 12.406529777501966 11.451771339302116 15.81810624276865 
8.539288282162119 4.331742627926365 7.5198120443355245 15.247058407968696 6.177654826363081 12.097145439725875 11.510753636565985 15.768915873078189 
8.547496207576554 4.252855913025627 7.47816674847023 15.292859659405316 6.160739176600964 12.31096736159649 11.629973828654133 15.737112792053535 
8.54263584579746 4.445449763454881 7.521418843381678 15.148734547167052 6.266561628030094 12.273129831157345 11.561521417337785 15.75874369062539 
8.526946217510499 4.230312740886534 7.313328743981215 15.401816759779367 6.509208644932252 12.222719264611522 11.814123215175602 15.500106269222071 
8.48242870988658 4.260082175721221 7.6149007904416335 15.2324151693524 6.149542107738786 12.106711245086055 11.491804573262561 15.801089356262793 
8.47003460717513 4.4530129120436905 7.327003850357371 15.151646640234944 6.22446332881392 12.409949966679838 11.620722115510878 15.77229339853471 
8.414743366011315 4.348452976546436 7.357710689784615 15.192391248783245 6.292730838476256 12.196656661279512 11.661392407927464 15.752945069837816 
8.540997168067744 4.637324445969111 7.286542537313115 15.583497419487914 6.316839186241678 12.155880436070523 11.451586990255517 15.833498469857243 
8.078827277265175 5.686189414324798 7.215454357454839 15.556437470354856 6.199078185785194 12.40245571527153 11.630149579179369 15.920044154184726 
8.475587913742782 4.635691396829815 7.362858874310727 15.209467023794012 6.47812012559805 12.299503577496226 11.469506320774368 15.815319595230408 
8.308843575368442 4.537107512265314 7.251610514041883 15.384432445862851 6.371316550487244 12.272627816816813 11.783447604062294 15.387186357824309 
8.069205160564216 4.560973509673721 7.512160650587993 15.192756307796156 6.602363282308026 12.202976811040374 11.557147026923442 15.801436213643267 
8.198190624083237 4.42705600603799 7.2462472281880235 15.35194366638756 6.3152511539391245 12.238904002391044 11.71628863917482 15.5755291154238 
8.454525914298932 4.567296536394315 7.425542330694211 15.318713270532708 6.547610943845788 12.486553061200036 11.744215769011312 15.516730925899513 
8.329670879004983 4.477079307505363 7.481441298842577 15.189377450308863 6.3416576155740625 12.172731792063445 11.625678294591166 15.790930249090303 
8.119441097082765 4.416077741886361 7.534934858384135 15.145837463196353 6.258961212849659 12.246543538740484 11.601318112493262 15.74603498652882 
8.173064995122415 4.429237450792299 7.4499400800509505 15.247097829050617 6.358291754561551 12.299149261173367 11.711264326660494 15.717410009517437 
8.172184476708459 4.411000150830111 7.288794771169411 15.365581127446092 6.480109503596369 12.337379282250604 11.764175683445075 15.397694044790274 
8.287148855393848 4.58446031243713 7.30470724234505 15.771069846123089 6.558122009525438 12.378218297027898 11.881873744095188 15.361919833040925 
8.423385851913478 4.192950318618296 8.553295239663042 15.320653697686902 6.335426398432164 12.221052797005749 11.741053573351097 15.751536068640336 
8.374439480484849 4.171504062048433 7.585128175959335 15.404634841488377 6.463690191950897 12.353256754768092 11.707499277041482 15.65751411492783 
8.387701615339585 4.268389219124698 7.881890500229189 15.28700218943764 6.348128599780924 12.418247748046745 11.789637989295757 15.342991600269142 
8.60381538339145 4.099525798798405 8.086741050941233 15.500850159564104 6.306827804596261 12.524612803435518 11.848378630019166 15.646498488607042 
8.290969915860316 4.3060525797045095 7.764621300172079 15.245573195545184 6.196243647221235 12.165737301824047 11.502081079299606 15.876574673414375 
8.171703158198818 4.3701992060232095 7.6034377887336 15.255242949282813 6.386512528002721 12.326719922158986 11.800494222028552 15.343821567692853 
8.415773714874831 4.220699630072835 7.603757378590658 15.42847236775384 6.2877284730300715 12.208261395380534 11.852522484472463 15.40196304407117 
8.200024744224686 4.351766700883496 7.5165048504643 15.206365953358803 6.314753901948757 12.302737667859429 11.604004840387692 15.696744470879379 
8.131714810951351 4.178464740155804 7.611284502463128 15.44129159169477 6.626866077078522 12.236709834627604 11.841155021984957 15.401125366544075 
8.226380698752768 4.361073983761609 7.631198906354998 15.674801730605394 6.215690393885351 12.35445252828665 11.778948520773199 15.473219924982356 
8.05530578627076 4.33680937809556 7.505089360766655 15.194012964110808 6.3376504854977975 12.199606760721485 11.734166491072042 15.705445844955776 
8.338833563276951 4.216562391677768 7.497292881158444 15.284782035394992 6.298795464697625 12.15143835963368 11.657561149034345 15.735209527054591 
8.339415771589099 4.379695357026366 7.224994582431596 15.777260454035133 6.280692137093392 12.248094088793785 11.361082247374108 15.90536347041808 
8.18611014259346 4.68143353382733 7.471989394062598 16.059293511810818 6.170786236480168 12.589560664865868 11.71895262651581 15.997947823122868 
8.408316431745527 4.1527796397449155 7.452617753900183 15.664893708537397 6.416270178915599 12.22568521729877 11.885367934342636 15.477448330120875 
8.313819800489364 4.560774484668694 7.383632015691595 15.732842484411345 6.559547020170112 12.404831558708926 11.895244389074243 15.384733018358357 
8.167192314089391 4.112361930873726 7.488925047552669 15.530097326159119 6.157508603138944 12.149445011903348 11.678887953918062 15.733683814291233 
8.467567623952075 4.28018988591167 7.411115736002307 15.580162827303429 6.3733756017225565 12.183863379148903 11.62293076875682 15.897216760911883 
8.34738254331504 4.299092826134097 7.369700830083266 15.390805565513869 6.218881046522553 12.201438084014482 11.661599510833884 15.581700691880114 
8.257112532039114 4.273398475370087 7.2890385747457955 15.39651771228264 6.271361635956064 12.417795262813781 11.836110181582926 15.679060326279702 
8.500493293496854 4.504255730631353 7.273856545152599 15.477485904736183 6.622481691746698 12.188468062404773 11.556453518230644 15.94595535018182 
8.234997832846897 4.252543636068387 7.446449782885937 15.369551171375598 6.424467933644282 12.172579660189944 11.680578164282126 15.775837399675453 
8.115055555068054 4.146788059868226 7.414408862632183 15.349313330643083 6.347185579267326 12.382539530038553 11.718872598970172 15.70731142829659 
8.250963313277602 4.135588285202342 7.271272336882981 15.271202590747972 7.421840565980659 12.354823454813816 11.920448730307024 15.787710367312497 
8.382144263458931 4.281969639425486 7.4426074017613315 15.344989203417708 6.44542397804413 12.402482092873296 11.77725378418353 15.501132735772753 
8.129114970096321 4.3014823152863695 7.445367005248369 15.301967014710543 6.912668375936799 12.29485855405295 11.77676992584337 15.607228665798543 
8.316014330728907 4.296676328233717 7.355986149947219 15.338138444957448 6.723993498266101 12.220026921032048 11.870834423345542 15.512873761168082 
8.203295855195437 4.322289834595118 7.28799663894527 15.278533099445927 6.511156250860493 12.241130077004508 11.657160011852756 15.699491872013944 
8.527714581863338 4.513553201970561 7.181626535322091 15.208955699749595 6.706667583215479 12.564761011690237 11.515085393215198 15.886026235604412 
8.371775363949517 4.246650107810682 7.333213986394843 15.285538092880852 6.555390401439312 12.442150262561299 11.790151606375446 15.778918649083506 
8.19497879474811 4.261700071415139 7.481008794872732 15.315964577987305 6.458894695149516 12.223108790649563 11.63739934957179 15.696310450822338 
8.090193819771613 4.288814835949424 7.444833950226204 15.243264767366908 6.375179785918695 12.221325882331014 11.740040513228902 15.696201371875844 
8.229267164155761 4.258438479710685 7.335589046309553 15.185462266583778 6.337430578432564 12.286618420139053 11.630355173803341 15.679243369554412 
8.33346535266182 4.2373392546267645 7.361476767777988 15.14657987505143 6.325760978025495 12.227085339741526 11.636404867509794 15.730066622798285 
8.258862224463002 4.325537965627102 7.488277061982972 15.201694965984615 6.311062729353957 12.326776277842296 11.671120434895325 15.681985256973887 
8.513868999369265 4.2167778850454685 7.2199250309580645 15.366335450631693 6.474035895131355 13.638583157659843 11.742336803403774 15.878120822897827 
8.53070397049082 4.532629939641056 7.385145878067684 15.329819585653784 6.273519562273989 12.575946232037547 11.760389725952093 15.514525205757531 
8.617076436638982 4.2179996261788135 7.315905563216558 15.311863095233537 6.387060356531254 12.84273770960472 11.822301219933209 15.42206856907919 
8.815047281492253 4.147229368960334 7.253433410413992 15.629854993006765 6.349210068655618 12.960286890714732 11.86910081104153 15.789982523432432 
8.326106340994516 4.860718669047121 7.3413163695175605 15.585390418945018 6.122467888048499 12.842325102271017 11.442366171657962 15.893065343033207 
8.158896043392954 4.191355176460905 7.405239929741753 15.280063803362495 6.4210966954304265 12.500187912440738 11.818452481580234 15.587066630907907 
8.388761439883766 4.273359872359302 7.315666692373973 15.225774273865882 6.163703887060901 12.415547021218298 11.65772387695272 15.68646633477435 
8.467407045701702 4.27225834780414 7.378456226841636 15.242142369439 6.474222342428085 12.501710715134147 11.8532362253641 15.428174370348447 
8.62285521170767 4.193557366346376 7.745841856187495 15.589034675707206 6.389504280051307 12.71059851286237 11.885317468800533 15.648688377255022 
8.451476539765048 4.497512288541062 7.157034897790221 15.260314104503436 6.649212865778489 12.575864239896063 11.564276964697601 15.887108809932698 
8.096641284039835 4.2152747036804294 7.295265804633965 15.342941074388138 6.258131842637909 12.20240966625803 11.918674039806701 15.43968392892078 
8.164393115484957 4.2454683367987505 7.187985848531329 15.224905365445705 6.199245125834667 12.149812742464357 11.826451887902905 15.763204588602196 
8.12111220213954 4.199040522397475 7.574992009546549 15.233524824433049 6.361992591647068 12.272324164873204 11.857700467833338 15.472297924236289 
8.158524245547389 4.2978106361834225 7.415349181909679 15.215274924394842 6.216308462642801 12.224924591272389 11.74136582682027 15.589644326624104 
8.298985470469612 4.260410118709431 7.307275275675097 15.52106886083003 6.258687239696647 12.193473199805828 11.97810551520484 15.354943008007632 
8.134035358793602 4.299219402291258 7.261568036086346 15.326436459902153 6.407524912854238 12.273559031797287 11.79822113776433 15.464563757202573 
8.20080822691782 4.56761884315286 7.266035365171059 15.21607301487649 6.242528636516437 12.186483894148893 11.902840106960724 15.870509247697921 
8.222631614331327 4.265563553131401 7.411447753160932 15.247891236003795 6.273154157685869 12.306658640232634 11.895307740476303 15.482338306864884 
8.183527965369274 4.2878667515680045 7.24502641999397 15.449556009860352 6.2697538758348035 12.27906943114896 11.777278669807487 15.605093758397034 
8.413948721354116 4.343488668749759 7.293353064618856 15.318909878316097 6.372123123949652 12.423275389782878 11.829191606513286 15.373378895447972 
8.2766817622202 4.117351115372861 7.355916265127994 15.305059270662742 6.316873286338432 12.223851657297946 11.766480379049437 15.689825819172604 
8.425068616806884 4.357967328049677 7.452279868312436 15.24870262127337 6.470356872906959 12.213765925941711 11.84688151588319 15.507774804066402 
8.30240333061897 4.413219309997743 7.21953883988618 15.229549610959939 6.42239277472352 12.116924091270226 11.427315251795621 16.738143132915177 
8.256777712715426 4.4171187490627615 7.2262223188189445 15.245844567546323 6.289878588822612 12.18992514141062 11.57169905240134 15.735881768216615 
8.472140676085822 4.1381146120227985 7.264693951717545 15.159220249920796 6.121938343126294 12.215320608634348 11.431136077295807 15.948229251020479 
8.106460311411512 4.3702285720274885 7.4127884074267 15.094588473177728 6.208298213339854 12.27174803819825 11.34217682516766 15.871330462694033 
8.222481394705119 4.131036135273246 7.311892845948097 15.520293382965894 6.174926232878198 12.242351896874863 11.382119315383406 15.892557309362575 
8.19674400993858 4.2278009325429755 7.258075563564811 15.17189599357101 6.434225550917279 12.266296438279277 11.508184182414187 15.800052133945503 
8.04172701688856 4.225437434471425 7.1833830793622475 15.266247540000892 6.325008530883188 12.39983757595678 11.751100986994514 15.914726658718 
8.19522595872513 4.172507325976987 7.385117758349037 15.350291728880727 6.424973497458217 12.173200400535485 11.473667470785795 15.821418506878043 
8.239328907472585 4.105554908508993 7.474557307635801 15.259272261699678 6.154801654199849 12.156248707409956 11.303313348636465 15.869828083434635 
8.262238163441303 4.593689627071018 7.247133715892859 15.428634337242844 6.185926416674766 12.245663352980051 11.436015894521308 15.831631776598112 
8.23779022473771 4.443677327958844 7.301334149500323 15.190468223601387 6.2870775103575385 12.15577739789807 11.442441746423553 15.844170144753285 
8.090270272618113 4.1225744471638075 7.501050677883136 15.436114424819873 6.247625728042032 12.210958960926108 11.706956409234392 15.841117834700562 
