90.42304352946803 0.004931015876469996 0.0025232793656768428 1.6763796619091363E-5 3.0107742804204113E-5 0.0047779841507856035 2.69778451736719E-6 0.00101551037768297 1.078031847349786E-5 0.0011014110311046022 
1.160728315667804 0.03909839061974177 0.04811242942572257 0.0011467122609512066 0.05137809799854944 0.09294521611457371 0.06851547267117022 0.01593136444765612 2.269580153918346E-4 0.005468620310840142 
0.4122713169816096 0.016789128974799665 0.0844666197505135 0.09276870908444106 0.009501151393508352 0.02005250815456893 0.015313812351702623 0.08586826695283757 0.05329798540454795 0.0017745999704612235 
0.21884244962909757 0.00821854461398354 0.03565485511013434 0.0630138455279095 0.005488376016853426 0.003933873405175462 0.016237474728102847 0.07429722519273149 0.09832528725556396 0.002889433255131537 
0.2288182304690392 0.0043606610461905185 0.03286053962740989 0.018506076457674048 0.023528175850043867 0.034169059571487165 1.0057370213294407E-6 0.10809825226568033 0.03715972362476716 0.0021397264155038867 
0.2914315671071745 0.01003163672324761 0.01287571012008628 0.0278325034965244 0.061292882947846475 0.006590319089046478 0.05140235856512867 0.012111588484250887 0.15242583151557834 0.0012170804026079242 
0.020616841824086816 0.0016578153707737303 0.04238530528080572 0.01706595608852265 0.038935452648354095 0.02381794409081255 6.212495845531508E-7 0.0949415010563273 0.057634185753663754 6.546081496167554E-4 
0.023095598590041993 0.05070978823623844 0.09534132916075824 0.11314608833772634 0.06784312035865346 0.02517041620364749 1.760265094515006E-7 0.022777128942757772 0.10406564142437746 0.006329201241551908 
0.0013520550897569174 2.452844897486741E-4 0.04750347018243999 0.12866772397828524 0.013957199242464477 0.02359164764580058 0.020052832046901618 0.10429046200727585 0.04456353591651098 0.0048553233886494355 
0.0019192951474218145 1.6140851596956918E-5 0.022446263094627873 0.12226389091070301 0.04557495246540846 0.012740393443164445 0.03498620078022214 0.07706257172312299 0.06070145020325399 0.0010199297681448183 
0.001310228832256659 39.260159206061736 0.002517214776292407 3.589900193058821E-5 6.605495476621833E-5 9.586980994142533E-9 3.0283491288172426E-6 0.0 0.0 0.0 
1.2448248341304221E-6 0.3040513270858149 0.0828315383422029 0.0727845198496218 0.07719475637974603 0.027175513059067288 0.007105557044579048 0.08989284593999618 3.4889579232299545E-6 0.03168675451654873 
0.037161066865948694 0.12350906517241972 0.04498246425010591 0.026392276118725373 0.025767792211035565 0.007848717175322007 0.02602387730220661 0.05757455647554329 0.0664416508238369 0.007362800735505916 
1.0212362678942677 0.34003237675755943 0.07729280482305627 0.059525220438133686 0.03678167457719932 0.03710829502842018 9.875926310827238E-8 0.0748087380658206 0.03643162878218741 0.04086239725093089 
0.09820633715731124 0.16794317007604354 0.02860830634471807 0.06501628114062794 0.028295469091753116 0.00615395222965784 0.04430921219813644 0.26700702022469097 4.1870268678323533E-4 0.004733836471421854 
7.462212670246804E-7 0.17313471779579326 0.08928245661047818 0.26355888815031275 0.01506013452799659 0.011775513997000246 1.012954228888278E-5 0.24381067184461783 0.05315406304458003 0.001945254915435033 
0.1102436526864414 0.06838774282035778 0.007920153432655272 0.15499925383520427 0.0049818998018927125 0.01671527238911078 0.04687644541894527 0.1253178679493822 0.03737896898619282 0.0033023398028476985 
0.02337922690995102 0.06276768615433839 0.004402012756343288 0.05112014071595936 0.008538538458544574 0.01705577587299444 0.020292988261147532 0.06745903497386285 0.1146804825124634 0.0014838056255565227 
0.1079043178588294 0.06008606324207279 0.0610989990971383 0.020670335954785145 0.0064276048387738455 0.033615943709949025 0.033559367108579964 0.04937262496371405 0.05975026333022845 0.028044242354376737 
0.09633457470517946 0.035455629526229215 0.03234424793970403 0.018931245725234056 0.012683181660939001 0.009413402857641192 0.032657034063282464 0.10373195468426338 0.06102956896771088 0.007444789031917449 
4.704003439034248E-64 1.3454410648218236E-64 19.419540837086227 4.723637967656755E-5 1.1281896906502714E-14 5.055086384588895E-9 1.4298361802043774E-7 1.1117225605888697E-7 2.3768362339914985E-6 0.0 
0.032888957777771635 0.015452559363634015 0.2609337903109809 0.05902293731601788 0.09294471887968483 0.019872501202342355 1.6281403069352906E-6 0.12008837830299195 1.0926911382013636E-13 0.0029428715581985955 
0.048981060394922414 0.003860395405860463 0.13329489747429643 0.1954687617024339 8.01199790220936E-9 0.022123035531366818 0.04454115390349912 0.017798598539946562 0.05768881809741156 1.4130141499419515E-7 
0.02324481222061989 0.001623586675356694 0.18259675441417478 0.31226369775465485 0.0524360896939188 4.582633034387838E-10 0.06939018873530642 0.14187414456850347 0.031972213679137065 0.003176874189712272 
0.028217288819702334 0.0019371525166021134 0.3286953698612899 0.02453209568270267 0.11023104567581299 0.0 0.12508680010670606 0.05066119542598403 0.10269576537729522 0.059408155989831436 
0.058573443711746775 0.0010261604252256565 0.07024794825175379 0.032378405625844556 0.005543980476791676 0.02435826490221212 9.62208802850223E-7 0.10227908763730043 0.03006199952233538 0.002021727130959806 
0.3158266371484515 0.021242509391561824 0.1637380151521407 0.10524040990033211 0.021569456425258992 0.07415746063667168 1.5802180673976792E-13 0.01516551215899356 0.10852287788360095 0.020116691316871636 
0.43366849644653127 0.016887048662051856 0.09578228160518007 0.04967860770172612 0.00652886462376685 0.019387319003458317 0.014286472079493228 0.061252083417467455 0.04607579335568487 0.0020862370066877666 
0.016997324039293212 0.0034948391243903253 0.07674398484585106 0.020157348222843596 0.01856233386574291 0.023846918289819802 3.5433488857303676E-7 0.03154241149254299 0.11977907150705024 0.0019071591775762422 
0.16668708781435693 0.027273659171605392 0.07249124397309428 0.026059278216357357 0.008405211362449996 0.005844187486595256 0.055896202904737194 0.06715966017478224 0.0232252034547185 0.005676283309395688 
2.1859606149671085E-15 1.9116252836514714E-19 1.0344631260450805E-14 56.76605630819471 1.2116769827435005E-13 1.1788774322249118E-8 0.0 2.8812603663882234E-7 1.0721088854645171E-11 5.6969336107161546E-8 
0.6520195325410012 0.19936213133338843 0.05704822862475948 0.43356400491446195 0.04416569526391449 0.026601557550530563 1.5892413655477258E-7 0.10878647794825938 0.03147193308440486 0.042270112537454864 
0.4049403355116679 0.1939649148165494 0.04245928860923813 0.5232720540319237 0.0700517840234586 0.0026899818413400247 0.0 5.74355898399438E-4 0.12483463101857556 0.0019771245320523005 
0.04458011551120529 0.001352864658196665 0.09773783982289054 0.3952780938884055 2.0207674371738418E-8 0.055262625654355996 0.049561562113099054 0.019048951014896946 0.04128731325220544 0.00131794324248851 
0.08663876276386426 0.05392135685935267 0.052639349054653006 0.2784792306666489 0.023589287674106774 3.3546993067066426E-4 0.07772382661453897 0.04940511552557788 0.040717746560484776 0.008312683649543288 
0.15878641838615176 0.11600527266330207 0.017823946059725572 0.28662034021786015 0.02092482699461984 0.05313645868346462 0.0010007657478097326 0.05487992333926249 0.0730431760541124 0.0074741732782616765 
0.016945989672781277 0.0032080160114507875 0.054764568810675145 0.25560374374408407 0.06662152092655668 0.005956111324679945 5.615393385817387E-8 0.07103839990375235 0.06280395420702474 0.0025740295717518965 
0.5677081285213356 0.735229651597321 0.056928834397221524 1.625965710838405 0.11705643371523636 2.2260095051877165E-7 7.683149918187167E-6 0.004586887836139874 0.7187173804944993 0.2453472589581342 
0.03771881109436328 0.007248562432363122 0.010654642219993663 0.5071419478232483 0.03284306848190879 0.05395008730448139 0.0902793790911322 6.533303407976079E-4 0.1463449905309915 0.09001876040454242 
0.019179764872118418 0.054939652198743985 0.02903834788148924 0.16922732299073043 0.014935549214667292 0.005360116684384704 0.018283677148404207 0.10082350551951294 0.05645482083258184 0.006275022468318949 
2.1891671899771835E-66 1.7337494062996816E-65 3.1726029673953784E-65 7.896748773014164E-66 14.069653839853661 3.796336721116878E-8 2.8122839675852106E-7 3.1481006162219665E-8 0.0 0.0 
0.0014244602618479546 6.179876700121114E-5 0.025521823897568817 0.13090621910024539 0.04409818698354047 0.009493587845095056 0.031186853238778088 0.05132463416222249 0.04922557916812916 0.0033582366602785394 
0.003542051864930911 1.2522919317717378E-4 0.0641187343041952 0.019844981353521335 0.08881512749951126 0.009086128368591294 0.05047200775096938 0.018944700238221614 0.06461100806521203 0.004517087261625175 
0.546009791254777 0.030314893772775044 0.03428775237132351 0.055837248607572415 0.1494897351807016 0.017666766296658677 0.08944127204343598 0.02865737832833481 3.2971832196149485E-4 0.007703053761117382 
0.12969149623852289 3.2279484172849376E-4 0.042166210704021385 0.02977757511238848 0.11132959325968757 0.04366958828608454 0.037224161323717454 0.021920676964862683 0.046065638294752 0.010433214105727937 
0.390351623104051 0.060525877654988756 0.01980997777329457 0.27394385683940375 0.09667235501249734 0.006297776780121067 7.826656859970472E-8 0.09329005133998265 0.05621022706637808 0.002311979172694057 
0.691887628665508 0.023142381862772444 0.11301554129971571 0.07087211711134814 0.11058936335873085 0.017123081384324862 0.013658174619604502 8.085518585395872E-7 0.02885320691511302 0.003842201764102858 
0.19788150702395965 0.014480026878758838 0.18515442310549435 0.5082627143449379 0.1493588240638749 0.02282552348828627 1.5016572454082066E-13 0.033525372628388075 0.05113604985873684 0.002737039917383392 
0.038194544682504904 0.0013646051807886161 0.0098131224995765 0.013910541858149545 0.059073612888127354 0.0022284872617054034 0.01800928104218356 0.059722659462878996 0.15285554391337852 5.558047071481633E-4 
0.29240743722125706 0.010417308696431211 0.013918715801313448 0.027938910539059423 0.07074422337778245 0.006938209982772046 0.050519101617285615 0.010728030859612644 0.14905867499361927 9.999448180973403E-4 
2.752404399357045E-9 7.349394618320028E-12 1.0203168226066808E-9 1.3183710543898268E-8 1.535577453400899E-9 11.556404446242377 0.0 0.0 2.7660022622823705E-21 1.765100883589178E-8 
0.00395917754995069 8.479486671524693E-4 0.1353051401686676 0.028801758910910493 0.025280170237262495 0.08047371320362383 8.512778635189087E-11 0.07275600809315086 0.02149505765225006 0.007251410400150916 
0.1576819104415958 0.11915009140967023 0.020524749640290225 0.2896121920976117 0.021825966323192964 0.07023540881315778 9.893895610238147E-4 0.04940517388972939 0.06768026185990487 0.006047769019712085 
0.07880134141350757 0.0012283339534576243 0.011048584614713716 0.42257989105549215 0.03187502484579185 0.10645328782094376 0.08456906799180815 5.875274639832698E-4 0.07464530430476947 0.0511807678421809 
5.135696920283528E-4 2.114989696145223E-5 0.012398976254722754 0.04640761835867421 0.008855685362857715 0.057850065738031115 0.022200915052386583 0.16913425040759966 0.0971850824706183 0.03029844271786009 
0.11694801331390589 0.023440695583814085 0.04859896302757229 0.3455392841399027 0.06949133922977845 0.12000109176356175 5.198631503661401E-7 5.855523235422957E-4 0.15067751024229983 0.08774280985956613 
0.024893233164654267 0.0010257913872936415 0.040296545732275556 0.011436469564834099 0.017116780942456288 0.034355156157623884 0.03387030039272595 0.04806195647011568 0.05721416458488637 0.0014360581511109905 
0.3529531168153692 0.09915384760848725 0.019684146655368346 4.6766530809771496E-4 0.005175339337507046 0.06305752300902447 0.07760345158369339 0.05534093679873996 0.026253526978469707 0.035429970830839104 
1.3380645714824713E-6 0.1199173255022927 0.05490285886765482 0.0015649465039525132 0.03522637839850069 0.04974152332178233 0.013557727891370885 0.0535743961454391 0.11640104805887919 0.0022883583512754648 
0.624680044661321 5.933787780115218E-5 0.15123211819002635 0.10623268633716969 0.017539949830776325 0.12726498240685044 4.810405324946874E-7 0.04481664146164271 0.15202743429924845 0.10592691921769715 
7.906521919151955E-65 1.3045489294996776E-67 3.3207438162488948E-65 6.141503355900881E-70 9.966685701705769E-80 0.0 17.65432986075775 1.8736909962868448E-7 1.0338950473223714E-13 1.095979721133114E-8 
0.1623706027394738 0.011229640426664076 0.008795603997587323 0.08776470285400882 0.02078030278769119 0.02315453559806353 0.07225554889181647 0.09010877175953942 0.045688311454311986 0.03289952049150093 
0.2003311753381615 0.0027961774171686915 0.03229560559671229 0.14669942948350811 0.007051355133774102 0.012445421510967503 0.08807116153917442 0.03235587635028058 0.04718958373665552 0.0021503900868386824 
0.06705538345296416 0.023106334796116294 0.006770691266427856 1.0981991125655722E-4 0.09548657401324652 0.08415916664795832 0.14246488783571631 0.11840478781127747 0.02589802537528282 0.034174595907460775 
0.026803803952982333 0.0021425408372954093 0.12396458426953867 0.28723851786819377 0.03443065173792271 3.576199291837303E-8 0.08638928558847031 0.054594077621932365 0.05669957091286801 0.0028249258309264555 
0.008900506995283974 3.013421681839338E-4 0.017904923428715275 0.10157144814710406 0.031158122078639824 0.028859633736589476 0.041766707772958565 0.052116951816839154 0.038920322776756076 0.0013781841207789825 
0.005692816983334067 0.0038828400405618337 0.025275809907605265 0.009168351887793443 0.007594223165141092 0.014097375800377763 0.05935624103895649 0.026217512713113175 0.18001590677441115 0.005508262848555517 
0.0014247471202785567 0.008344683997336923 0.04154159136790561 0.015834478213631716 0.020541179665930904 0.0 0.05568344833546929 0.09920767172121611 0.04942080851401832 0.0027923838204450295 
6.53850883614276E-4 0.0010384535710244891 0.005488614560684813 0.0023448434434405266 0.06763775657388103 0.0034209628036901123 0.08411510111780228 0.14063530154057782 0.055048542692169376 0.0022872551528090044 
4.7755508657865404E-129 1.991869010666612E-130 7.172937683762642E-131 3.7739122438041195E-64 1.248683017027463E-66 5.020623597540513E-65 2.1328112616721983E-69 42.167446088353586 1.1169066533253797E-8 0.0 
0.011618840087741363 9.051386522388226E-4 0.028587169120766767 0.011371315119000148 0.01563493298942348 0.014616980223377162 0.023365194143991068 0.10144452117366098 0.04325267217391898 0.002222818274793778 
0.023158148954572574 0.0388739627191602 0.04265929045665753 0.1898343935034807 0.013811972662390006 0.007078526516819185 0.03234310020117409 0.1920123540221231 0.11552650123035546 0.023958094097409878 
0.01412275565923657 2.599232387910923E-4 0.01745306922568701 0.13062908179258562 0.003960221934200649 0.02344441815277605 0.04497754623635068 0.12472513889182088 0.0347932090045277 0.0028808483109726258 
0.00428325561996096 7.775434111019815E-5 0.005866526468917692 0.002048045853015115 0.041234647417581385 0.011520490555258892 0.04893184131629815 0.12082768295122365 0.03237191929693939 0.00174184111649541 
0.25446940992353684 0.009601627763229377 0.03683022073992163 0.0 0.013983374632307947 0.00808550573935067 0.02627344954758863 0.11575477399031125 0.055615450637914385 0.005680464347694661 
0.04198045730968746 0.0015821515540781275 0.012176913849893403 5.725691651985191E-4 0.004098912020949236 0.009496341430550318 0.008552172305390432 0.19081648301734455 0.08798144417045228 8.189767911548725E-4 
0.16392905349109138 0.013015683518681608 0.036118377607474696 0.019638378043318843 0.033432273112665806 0.027468113926284034 6.50849096639646E-7 0.11388627946882791 0.04231808232071838 0.00347015816668445 
0.02040068034183877 0.0046615557096026045 0.11594479331656579 7.16546787577585E-4 0.03428578621668188 6.412085006959723E-11 0.06965406592148003 0.22050482917836184 0.062023032854527066 0.0397157169703879 
0.015569555569959518 5.060508854096743E-4 0.06813549292033719 0.1556220917920211 0.03754179647894338 0.011583632530330604 0.0261079996862052 0.13727415165681617 0.02157833426573395 8.577851039369793E-4 
8.667597726044878E-195 6.418197102936099E-195 1.9156004704655697E-195 4.412198522699293E-129 1.4187736301358038E-65 7.530083393642169E-66 2.62098059597059E-70 1.684641374832062E-67 30.567551199550604 0.0 
0.018423540390746306 1.819084701046083E-4 0.020002674316431594 8.609633622895482E-4 0.01161935495242521 0.026798850983318287 5.657776836643237E-7 0.06075115379991315 0.22582360256731526 0.002796484647582985 
0.00424871369917958 1.5837075420474026E-4 0.008185341505731516 0.0027345258917117698 0.036333932789276005 0.006458337528143801 0.016934022857192813 0.06650673078402909 0.1480627066537014 5.026969397268459E-4 
0.011249014388772835 0.0028518749803482274 0.04315174532592828 0.1883031882307725 0.004184807885149034 0.02572532868909781 0.0 0.09956454039955613 0.21211496559609241 0.008828463612357946 
1.4082749535153729E-65 1.5329104932883433E-65 3.3302993727911806E-66 7.980330300556637E-67 1.1332542745054655 0.4029142922321227 7.348506898913532E-6 0.0041035948810603145 3.7966408787230934 0.016752595461558776 
0.15938995792836239 0.005593961769301634 0.02887296465745425 0.013453574987591574 0.01904651426482544 0.002963221753710293 0.016000487850558874 0.06000152205446327 0.09878326091712819 0.002429699672966925 
0.005128469236561596 0.0042966467382756085 0.045599345543541454 0.013655421503124173 0.01788512204781588 0.002711651375648399 0.017417670141779248 0.0620249386516677 0.09971066813380539 0.0026639190530269603 
0.011792730307269328 5.890572408892016E-4 0.019290214531425032 0.1257161879911641 0.0020293164243209674 0.0013928645930113223 0.03165807066419325 0.09868473253958064 0.13203264985984214 0.001602859869504339 
0.1497254916175365 1.0492303155535307E-6 0.1299439814357765 0.10685186994482408 0.11044103063326102 0.00845086247788721 5.833996823110102E-7 0.03970779749059561 0.29718851052731 0.0033818402841148355 
0.009664762996193083 0.001980980995383951 0.03465075335528524 0.01080464763535663 0.010372252417359614 0.021477812396608356 0.029861589062232494 0.03681308858921699 0.12314460869611156 0.0014057295116697926 
0.003548493762345796 5.8522139754720555E-9 0.010104386141992843 9.34173786568238E-4 0.0011307244999948483 0.003950568328833531 0.018729600492402562 0.014681693025707113 0.02098488358392892 9.42761404278046 
0.34423698630129274 0.1136974353459958 0.13241522031366312 0.44414755842537845 0.06617508812786074 1.6899152795675772E-9 0.10048226378868215 0.04933256745316653 0.051631696880085655 0.08300248870077434 
0.26059806759508725 0.017868241311216105 0.012554965812436928 0.14533328245573127 0.03379982567873764 0.032984063953487075 0.019745061330811556 0.09393243609989972 0.045856800185366434 0.0357963016845502 
4.816311848645469E-4 1.8472417582925526E-5 0.017555550500406275 0.05205730493889039 0.007158124231901391 0.0370400285180983 0.021111407565383905 0.10994353345974858 0.07088607994639336 0.028530933678333703 
0.013584439715510536 0.0023433386852705004 0.05597526791235058 0.20729029276956581 0.05577897561629423 0.006684324602894902 0.021279148911282107 0.09603882044079465 0.03984831689365941 0.03440071103867007 
0.8295655681619913 7.163293389065614E-5 0.18871654610497737 0.10793971741147061 0.022105792843149764 0.05905474897705373 2.58944027433617E-7 0.023111985196181645 0.18158550154398462 0.07597426452072706 
0.8691653433121282 1.5833566739706443E-5 0.025663325889044075 0.055089332617351446 0.06558403419236628 0.005780530682887123 0.030434110523157306 0.011608979006614112 0.2936225786770226 0.03772816634089369 
0.004692927554681902 9.751025283947644E-4 0.020960902763747197 0.01737291041851888 0.01306809880172674 0.00437963142497363 0.031506894969524454 0.14534595991970684 0.24103572951749128 0.023282259995800365 
2.873895409297834E-130 2.113728516477373E-130 7.111244533434292E-131 9.305035980973145E-65 1.2214567324084544 0.44835461474570215 7.138709069727761E-6 0.00522072712140503 3.4351803474702205 0.323382485165989 
