1.0063360080280135 0.0031202801851982712 0.0019499674827293488 0.002661073413374642 0.006940051736097925 0.0033841339423074657 0.002788469264451436 0.0019137214395378377 
0.8205560350481382 0.684840122671015 0.4951523405270841 0.44629043013832514 0.27176589542309665 0.17093994999721018 0.17180320525345197 0.08791751137401128 
0.7535939074535157 0.0021339084490618458 0.005389852251451473 0.006937600966930627 0.6706554831278375 0.0038096000677691915 0.00542004001327594 0.004831579030992935 
0.6944408020011801 0.4331327725854629 0.012448285268032865 0.0018247425121310874 0.005178676487967879 0.3870327593754617 0.4602138611349605 0.004006031736189416 
0.6259832288810416 0.02127355290520855 0.018196163845829064 0.33666189336306634 0.03881867376360824 0.09036800269069797 0.7489130929727434 0.013403920459693186 
0.691920435251415 0.0023669859818339425 0.013061040447237077 0.0079381968883285 0.007420324467833768 0.7300571981396774 0.003801287808501918 0.003040657177257644 
0.6226375977686495 0.012312864734122922 0.010571598515811303 0.33672440386808183 0.7089383351783446 0.12138682808425003 0.012959355366362784 0.00789716176278259 
0.641518720052765 0.029668410053618952 0.5125661206089208 0.02549627950417243 0.02261816923898975 0.041032292215091776 0.6124298215706576 0.27821857383333864 
0.5945093815003777 0.00474221899596861 0.0046642304091823895 8.560895759388035E-4 0.7196532367565422 0.3721820935107387 0.007491112825056105 0.004055921230768284 
0.46785242752991213 0.008713347210874038 0.007292144484759877 0.0022515036915500292 0.22009993245820897 0.0033203422386226043 0.8761490176086658 0.006480473858789337 
0.7748045541081293 0.004384546851238393 0.642207987079732 0.0026957189808169725 0.011716375031310346 0.0016149525374853887 0.0024455595696900555 0.0025007564742289164 
0.46268338123367986 0.012684307924438188 0.005474292677443734 0.011836166408770617 0.008913290632999653 0.530859150092343 0.71589392607403 0.0029247992187108186 
0.0033627247973510715 1.0077264908968986 0.005258238133756643 0.0028048131247464278 0.003782903267749533 0.0011916757563775096 0.002563409176019408 0.002984280505632396 
0.018995458275533207 0.9111842206015969 0.006912578138930824 0.002526606728122612 0.025445408890075287 0.42740215643090795 0.003163604834378622 0.0032556258546540136 
0.004493218684346028 0.8897836644258669 0.005096874894514924 0.0031677486964035418 0.4754840218262268 7.184501148649365E-4 0.0033004254902906714 0.002486130159359994 
0.09669046936466608 0.8723744503010089 0.017291399221846714 0.1696356082120182 0.4752860246341631 0.007470191961719243 0.0014044863604572952 0.012744977361062455 
0.0036188053066436464 0.7235743524133001 0.007712759285053102 0.004568745176901463 0.005030569569411133 0.0014890851036917544 0.7043850768635543 0.0019031624478326136 
0.005299382059793547 0.7524508933188466 0.0024378450225900294 0.6671818667652147 0.004767105895073658 5.521935936851465E-4 0.00469443197003165 7.638868674609537E-4 
0.4175924472561348 0.804824153501892 0.0015960835484934858 0.007801546954074915 0.015447191956106953 0.47078117122684127 0.012123356464767638 0.002574516240777935 
0.04434638729234733 0.8549569672302807 0.020930640177020912 0.06806103560754442 0.5544219000322198 0.029286569068627324 0.019114712787439463 0.26488255036307035 
0.006234507706026027 0.773511829354584 0.6429862408739587 0.003023516300831159 0.01044230837817837 0.0016138070729914708 0.002755453591148307 0.002564289389241758 
0.10547449438566955 0.8255156162144776 0.4851744995319457 0.46660568985654355 0.05595500434115317 0.023240466153990946 0.07010147559476747 0.27991847537945674 
0.46077574653787234 0.7058097777256894 0.004491494579635264 0.0029745144668846387 0.558533535104993 0.0012515604881744098 0.0031389503838295564 0.002554904165826932 
0.11225049917163893 0.8052496552362189 0.018363477094454423 0.17595555185204712 0.5343085027537582 0.4191642945902517 0.03815336427950648 0.2966462717644498 
0.0059872101334961575 0.003985827473467286 1.0119935999836374 0.0027043477085647145 0.005053047942264668 0.0025598181765482757 0.004557260334166574 6.985167032905456E-4 
0.006022661363193098 0.004583644007068744 0.9347401198345168 0.003997067345958308 0.0060418871925295966 0.37062864258923794 0.005056259524139241 0.0017142098343359735 
0.0037860201657133794 0.0041226461677847425 0.8464534749319804 0.0049450205258647125 0.5505551812437544 0.0017653754616731646 0.005578624961073242 0.0025930946527305742 
0.001639926674930386 0.007903260659769502 0.6496341385823567 0.005366120375490862 0.004038483663760076 0.0018824160360190138 0.7697296966947654 0.002420869586267562 
0.016468565006633244 0.0074856275963724175 0.6557105991947861 0.031111228802684843 0.018561724502591474 0.027378104727918424 0.7986044119527349 0.013241747140062333 
0.025161962301656595 0.5401028445647555 0.7496667950878693 0.028309302985994957 0.5454904045820361 0.03263337638094611 0.026303944783594647 0.023517647998186737 
0.04956892681217809 0.3822127129794207 0.6199768038827025 0.014203497464795028 0.028035344964649416 0.0011421633377558102 0.6967142016472282 0.003566726352097904 
0.45214947176956194 0.022216939759608853 0.6502453208414464 0.013286248136125688 0.005203724776342204 0.006195782508655145 0.6362307418967399 0.004944979029505683 
0.0029402899715255107 0.0035781987855445915 0.7153829721264361 0.0018785662339184774 0.7055226427338838 0.0011017654961030753 0.006526670583689084 0.004274276862702764 
0.6279919397026743 0.14011244075428977 0.8750686032369351 0.2598745003933623 0.09829724416084878 0.1575871842597992 0.05557689283707326 0.458456726973811 
0.08193406818635739 0.5086924101404534 0.7488284392918239 0.06589590337283129 0.5923491732047431 0.059371005745780046 0.022132496768075202 0.26808344507008897 
0.0038903597347705317 0.005522818736499083 0.6632305905022562 0.002112452420428839 0.6707269141866757 0.004029793709145599 0.3702962329336442 0.004624993748051377 
0.004754846463890803 0.004626750960526219 0.005225512733104049 1.0058165624108475 0.003883392036347563 0.0015370147944542634 0.0022218960283670124 3.955751958991294E-4 
0.17307657750882546 0.3892196999616447 0.6258505555920693 0.595992025562261 0.5703287770794582 0.424360008350871 0.13263420235219267 0.18665111019555927 
0.056093607004834165 0.023182145135540688 0.0854354985723506 0.9475241882581461 0.036322830231567356 0.6015251409459725 0.07214814600272762 0.12141462502879644 
0.0010135181996324561 0.010170312706845572 0.005873643584334325 0.6450883504610749 0.003970232327790093 0.001054503945385912 0.7713174053982623 0.0015093539328175536 
0.01296109278235284 0.011038662260066917 0.0032431338680196874 0.7407976260139469 0.4891907706049089 0.47680516037038645 0.011815265641697013 0.0013336148285360207 
0.2918293356595623 0.553689876108411 0.005508092929261892 0.6747044319054233 0.010753861103252592 0.42133983477101167 0.005523213372600571 0.1373912650304034 
0.580159531356309 0.5105195120465419 0.008545075832229427 0.6435276252675731 0.007632858139806573 0.0031162023685743644 0.0024007466921376285 0.002050348352939201 
0.09764391484151441 0.5320476535475129 0.03249282656175029 0.6983720279623148 0.5573437059159553 0.01945130887940278 0.030520586798612998 0.2852749507087955 
0.36446161466010996 0.0545301722253045 0.5088245808527773 0.7953853693794452 0.008254099551836388 0.01002548360767504 0.003132115933626766 0.007782426038418106 
0.004486523826098244 0.005862301640958155 0.004705915175512646 0.530913484650227 0.0038667352668176475 0.8512667164162371 0.003952714308032416 0.001755334677458456 
0.006195656344036691 0.007685536348046786 0.6751165929307636 0.7523308381134883 0.0044695629368388815 0.0017894366960153833 0.004103239243487588 0.0023648066642914644 
0.7744464744115318 0.0011421739088579986 0.008022305092027266 0.6437875516909896 0.004538264910627746 0.00254660830862245 0.002498451854876863 0.0014251333330390329 
0.005363170861350771 0.005524743229906166 0.002945430499205316 0.004148088326946378 1.0096143977653191 0.003002310022564171 0.002053678054438872 0.002571528424693442 
0.4560703574585975 0.46468653505844365 0.03061452557534643 0.014915154574477448 0.7847483831054545 0.004971815822667535 0.03550387730213558 0.0058552227397573224 
0.11266388487621998 0.637650730000169 0.024373072340319924 0.15338519511049778 0.7765129840675826 0.02289224437808882 0.029912969644666127 0.2824356454491767 
0.09695761380898602 0.06320359084305309 0.65531192825738 0.012813956114913134 0.7967209626175039 0.05200807493343215 0.025931191042731613 0.28238857349084323 
0.3403803577845653 0.009015837635521346 0.28540742597331564 0.009205367990656672 0.55075478627282 9.689137737692821E-4 0.7164472301632189 0.007000789649595814 
0.06515244581054072 0.4998547510573195 0.006211985709699317 0.011306348944394409 0.5265288332698177 0.0024196645763641792 0.7026331776772594 0.0017327953743753357 
0.0035619884259156195 0.0023604625582854142 0.005452838474000124 0.002587933311043244 0.490860083806036 0.0030583232477708507 0.8813923974342238 0.002171238365523781 
0.002484822599079834 0.2873111942651492 0.40215870195057224 0.01767019171960634 0.5094679698628591 0.0011755222062952012 0.7183790694736896 0.002752765687091249 
0.0019557849892194966 0.4075394997003016 0.5718170035352199 0.02257292280455076 0.7236666029059554 0.0020073675614297602 0.0055925870812875 0.003758137466588838 
0.0864879143410508 0.484993091869627 0.04320973424417123 0.10117345535352168 0.6035384189216085 0.7740468417386175 0.014403148485348795 0.011199734307959348 
0.0930242378649201 0.6553279595550641 0.5578916977661819 0.027456237076878286 0.5779083997282066 0.04254369881720385 0.006247186015084812 0.2894285557051432 
0.003429256974816275 0.004210858681962385 0.003947693388267156 0.001830440081342789 0.0038164661664666726 1.0003731395070103 0.0036537573509611673 0.00237452789258192 
0.04258523603495569 0.031704600700059524 0.029083464745884264 0.03222008330341409 0.031944455579711394 0.9969620808734073 0.01653677441362635 0.27327691125537185 
0.0466053098010513 0.37675386659841814 0.02444815668348204 0.007260781708184108 0.3800263403511407 0.8588174911803046 0.019229876693728172 0.002155837242546332 
0.46455811978808664 0.2840001349907979 0.0037474193902064146 0.004333551273481832 0.00399445605559744 0.8493339379943734 0.004459420508913505 3.4279835888501514E-4 
0.0035654942706131528 0.007622157907533846 0.3929540841977192 0.006541490695102033 0.3847082497806909 0.8446476749242678 0.00730541302322995 0.0031714770096445246 
0.2830028660208207 0.17934957303740756 0.47638380089004734 0.013345580001213162 0.009367597685660914 0.8327602120143087 0.00532713197567818 0.0033747390768572626 
0.4725516958957141 0.2807281595435775 0.049542958709186125 0.054556310058693706 0.04922463989735967 0.8940299284274367 0.04833794809991118 0.3035049091048952 
0.002867104684911617 0.006055040491062357 0.3613024695359284 0.005858047766336891 0.35941669033273865 0.7845943450387889 0.3695001218104685 0.004503101380582932 
0.005785401766447265 0.003476044620889261 0.5107305692258098 0.00520899246669229 0.003700434230543175 0.7848237428347591 0.3686320141631721 0.0038582342226255104 
0.02780534382902095 0.7029342125880897 0.04316643392171913 0.024313737068598115 0.05359472438271101 0.7553333618648717 0.03850406046621676 0.027574235436045987 
0.41027465789708545 0.014927636722879249 0.006721996089392573 0.009019281497841156 0.5183680340149194 0.7582254628300322 0.007512469614184806 0.00286995765646034 
0.00411199390742933 0.0029363359613215553 0.004098906651219101 0.002198698625327035 0.0076267348619866405 0.6321440250773328 0.7799306680662076 0.003086660113268299 
0.003055622044603878 0.0038538220761805335 0.00559418894391744 0.003627116699083928 0.004178284904908458 0.0022804108659896954 1.0077907011955587 0.002012218583771993 
0.006897103259761348 0.5725459173585401 0.006379947240974134 0.006277199196617307 0.30946801512057537 0.0024149500042484743 0.7715962574337005 0.006464610794393969 
0.29131858773583613 0.5549881429079822 0.007374131334685359 0.3376456380387492 0.007816936640466792 0.0010578848203832909 0.7193226681209579 0.003080174693324507 
0.23116287670729804 0.23197926649850567 0.4760737588649286 0.3785262305696562 0.0180154671259868 0.004831393376859893 0.747515363695706 0.011805202874637703 
0.4635384673193473 0.011935994909237215 0.008922038503718989 0.01827701461218922 0.009376925294373045 0.5342207835044183 0.7160130347463842 0.003937916479829053 
0.008669502211267444 0.2598195921091174 0.21577435699518374 0.005134025179506658 0.18384843910643772 0.3883133040638432 0.8455076271912207 0.0036796181446108185 
0.042863232656121034 0.6386772322029918 0.016702435506937563 0.1591372235997825 0.0619490738934637 0.32731191061255005 0.7539302171426895 0.023584744883359283 
0.020424362622219895 0.11344284210521785 0.5685782010550199 0.38390091326542053 0.032797266145266235 0.4367076438829635 0.6522284050505288 0.018394742035245118 
0.2646318472445152 0.030509751436453424 0.2136787272878972 0.3611845982028398 0.4996271053799101 0.7244745905533913 0.010060793072989944 0.006441957197817539 
0.005135940332579406 0.004286292429455541 0.6984361860588162 0.009207467980863738 0.022790619010435588 0.7328930264927797 0.006367877455259027 0.0026576103730523823 
0.005974443521763262 0.6833553523210838 0.5657645589056525 0.006801775123227278 0.47886606420659306 0.003037594924883419 0.002941491921738287 0.004016414386475418 
0.014443898823273816 0.6489004721881492 0.5349842454373135 0.017651334955580168 0.04062208371963323 0.5732776307038365 0.006856833988752504 0.008804536822833884 
0.18975087747361025 0.6989370899661689 0.1315989597897617 0.491137873885254 0.5719427288276877 0.40343224635884306 0.16545977004895196 0.19223919586019592 
0.137800296862287 0.03314032638945733 0.31738115940329453 0.043974959978982604 0.35733020429999657 0.24453393323777298 0.8601123915314136 0.2814984797491702 
0.06235659955840678 0.6182564073532484 0.5034444337343844 0.021813114535491982 0.018139876602148317 0.054476129511310145 0.6509841266274713 0.2876235232364699 
0.5676545428031672 0.17212685780937173 0.82832224062931 0.4170504901013251 0.601451711500249 0.20225670249024574 0.04048075109217157 0.4230945543147392 
0.32791099094583664 0.04013587457697298 0.024377191880083537 0.03820018351283597 0.3781334974412241 0.546124789245363 0.7121074581624526 0.2872421454710045 
0.06178531068630164 0.6467160409356872 0.5455285805312537 0.03829159861215987 0.5617660067918199 0.03281362305836089 0.01717378967415414 0.2833815764609658 
0.13733510499217016 0.43042868150852526 0.09629934178265291 0.11750276545263824 0.5607451426071203 0.7365530749799353 0.03884088357485103 0.2928530722256875 
0.1661122572375102 0.15170374485946228 0.3849630277134358 0.14777438190833284 0.07757764571896833 0.495353566831609 0.9589851361974577 0.1762699520533897 
0.2884225430104629 0.5382941137486771 0.49688274421867357 0.006770064271812908 0.4231896279534902 0.4783312065492465 0.0068783434497197106 0.13966040209456787 
