1259.8737774239175 3.255615135534281E-5 9.172053685221197 1.565206488769609E-9 0.004485743058457541 
39.00387520886988 1.462163810481667E-6 12.360232163478493 2.1545281751923827E-4 1.2356731033971213E-6 
71.85662384506723 2.485674353955115E-4 5.946355120795256 2.0239603614272653E-10 0.16331838752516856 
21.18312967436312 7.24298657917022E-5 7.390904737350556 3.838106175099731E-11 0.003819854491646469 
9.763287375033947 2.3337932117938008E-5 9.123778080550968 1.481637458566937E-9 0.012849169590362461 
59.325634566947535 4.8353738641220744E-4 41.08606998676491 2.3380094653878748E-9 1.9349658705294496E-5 
82.24394052157842 0.001407685290556741 5.379486207882278 3.554172673378634E-5 0.009522200542255397 
14.889397275875695 2.4410980719030432E-4 6.32006595416092 2.9753611349966156E-5 0.0 
65.97559756846117 0.001361162098285094 5.4498211371362135 0.0 0.029220610927606496 
49.11150961870743 0.0013962945710186353 5.528331707209591 3.890134111927949E-5 0.009518747454867435 
34.545165372900414 0.0013495468438352676 8.804429852439466 0.0 0.03766281326106039 
12.24315598024802 7.410693062324288E-4 19.782799008112644 1.5686485841280492E-9 2.5443861552807055E-9 
17.519167462196478 0.001335622874475096 10.343126446250166 0.0 0.003491740558113122 
9.431553606415372 0.0011078351740052483 7.574447347940196 1.5347475662787242E-13 2.723213782887706E-5 
4.533804283946714 5.347593855504295E-4 34.423152363243986 1.5365889205423074E-13 7.444045112964569E-4 
0.07713251118876238 1.7070276095783495E-4 7.900311050587963 9.825673511261442E-10 0.013521203826110278 
0.06933715019182277 6.344898573361553E-4 10.891566911445587 2.6136196973073465E-15 2.6060561947005457E-5 
0.037180689121383344 3.29171854988368E-4 8.236870170259191 5.748516798776964E-7 0.007371079093452966 
0.5200976821523602 0.007597334330468777 7.917824063854863 0.0 8.052018945236067E-7 
2.8881646958588525 0.00432981875287944 7.222956222831482 0.0 0.0016251359582267343 
0.5278990257056686 0.003042246635673337 9.277639194930014 1.3188511407948465E-7 2.151968249466397E-8 
2.905427510208015 0.01448796615942532 4.479363231460401 0.0 1.1169280393585688 
0.6177317302579602 0.0016802732010710655 7.214378613536137 4.4854742517734656E-5 0.0088728207241088 
3.546080386960849 0.007720485928442032 6.031312818946633 6.344866177894706E-5 1.0026345059538997 
0.2529480163168644 0.002257896710670561 7.2780674482548955 5.434095291471921E-7 0.2476975335019973 
3.902792339517128 0.0022384733021233185 9.581693423400328 0.0 0.003485909046367348 
0.18484058354402086 0.0014481009892817146 9.939095908077695 0.0 0.016939063731064605 
0.16253116931503583 0.001264445206799921 8.025827941729357 0.0 0.100467268247713 
0.3093485233439999 0.0011950008902798142 7.687815523825284 0.0 0.04994834687286934 
0.5574717572292168 7.441691005031318E-4 7.308648977360271 8.594132342862089E-13 0.002030150146610275 
0.21524501156456732 9.435100486756121E-4 10.001502531840568 1.197501060126949E-15 0.0 
1.2667169426921236 0.0023200213715617673 6.572328550167933 5.184632056641416E-7 0.586621041685763 
6.726864682639726 0.0013923514976333002 6.044560027985755 0.0 8.058036712048795E-7 
0.23570761362999085 7.51438928137944E-4 7.1895833552119495 4.321655861114016E-5 0.11991570173312707 
0.05444141336643658 8.072749129423974E-4 11.310909598003093 8.488271499191521E-13 0.0019821361161998013 
0.11201332145108953 6.63001349559064E-5 2797.111199430658 1.4900946824675582E-4 2.0000065891137917E-6 
0.0053497459529794995 1.0328740696262278E-5 36.41974991975416 6.121824364062667E-5 0.047072522798553056 
9.207393086368064 6.092760651109927E-7 295.70744527488523 6.178757619705215E-14 0.2358847663669128 
0.001611230898880265 1.1506576438966382E-5 9.551258271369308 1.3161432990406842E-7 2.1067563732463088E-4 
0.001413496766867451 1.1627711942027261E-5 9.365086630033726 1.3080445467322194E-7 0.01815279086665459 
0.03526284588810697 6.706417063584151E-5 386.97119263932046 0.004666521530335846 1.5607711569644947E-5 
25.364497703409707 3.0436191427704432E-5 328.5871986447762 1.518629564636234E-9 3.211692945200522E-8 
36.4025002491117 6.665671605621693E-7 324.78053011113053 6.899544019678583E-14 0.0016463619311407477 
0.006500587296288593 2.428522380385162E-5 8.496190553815396 8.477315926734242E-6 0.007368229192402607 
9.695367306086109 0.0 37.87962915304453 1.5047815452284956E-9 0.04040177484685564 
0.009346485657715783 4.06245450759704E-5 7.913552508886869 1.8622709985328845E-10 0.013418531998257358 
7.331678628214834E-4 1.626863102792572E-6 16.575705769034258 1.2462962720940243E-4 0.2323142067151897 
0.014069606387258324 5.7693005647412725E-5 7.502536203777743 5.5533623007812736E-5 0.01079160932785258 
0.046229291097787985 9.42396856442769E-5 12.017626570013679 1.3340646457047347E-7 1.9350179797242462E-5 
16.236873917599382 0.0 37.34990049629489 1.6620412096186326E-13 0.04201184960407302 
0.020646683483817655 2.3697900804558093E-5 7.536743997481171 2.0302717957374876E-10 0.16331941078152093 
5.254117477056846 0.0 12.506710624600133 1.2126530492423363E-7 0.13793502912686675 
0.004632968815817813 9.996670079552238E-6 37.89734602559819 0.003011097000323422 0.07018721929968702 
0.3014896062811336 9.368353914185447E-5 9.697449758847846 2.1229857379204402E-7 1.438259444452185E-7 
0.02017459489846819 2.367684392434991E-5 8.958396749842864 1.9344033889473995E-10 0.2823648515457155 
5.725437581018025E-4 8.179899977894755E-6 7.017067046888621 0.011128899429770644 0.23690432546776483 
15.810050220927334 2.182852098006612E-5 8.592201605819728 0.00671581338081733 0.016450567583653705 
0.0010271006005522162 1.1453095801413447E-5 10.235626347680935 0.001267888408196322 3.150633751108035E-4 
0.01972063856471771 1.6337807797474167E-4 12.388383934124123 0.0022606645391057634 3.217834370478239E-9 
13.576988959269935 0.001794006153028221 5.215846698129196 0.012609169389841824 0.23465664214941861 
1.4540843767778073 5.329116162153901E-4 5.9016555540994435 0.0017103279720201714 1.7162299366206928 
0.20821547637681767 9.186959372999816E-4 10.444530190044254 0.0021278993977246765 4.959283794425035E-8 
3.7299324779307993E-14 1.6171271721492326E-15 4.535098408751777E-10 2.106179022075767E-13 3.019575940362552 
8.780306223669697 7.548804069579975E-5 7.1779476773028446 0.0 0.6273259559216914 
9.172553274265017 0.0 11.508963838172543 1.224323892497881E-7 1.9047417397738005 
0.049220653602158826 8.574943827000271E-5 6.812628491221367 3.4948554636383853E-7 0.5860207933142968 
5.164345857880939 7.550888312124938E-5 8.115889675834875 6.780734290796164E-13 0.630074108342042 
0.0023598320341340906 8.923736790087862E-6 6.9486690881666355 1.21216130211308E-7 0.247975563242435 
0.0367813723483825 1.5400520740245705E-4 6.327137209492215 3.2544594501870667E-7 0.5907001221682601 
0.008480738576169256 8.542344380578106E-5 7.982102801917798 1.1620829689332878E-7 0.2513901876525624 
0.07683831611237565 9.389824199545321E-4 4.853875745675399 0.0 1.7474363285070718 
0.2278766977437901 8.741474787886137E-4 5.120276720003492 2.3741357022890065E-8 1.1508702683642607 
9.397669620358998 0.0 14.615365739402082 1.2268915588696756E-7 0.1355453590244038 
14.299287242273097 2.8001646872752826E-4 7.115797336263046 1.2868584943978758E-7 0.23761098478130485 
23.045964569645612 4.041489534916918E-5 19.36042363158523 3.679078145296347E-11 0.23220864902564642 
0.1418638056966906 0.0019620529122486145 5.424243955065165 8.655102666621596E-8 1.0062277648541422 
4.945909544002298 3.0742154526836404E-4 7.087723949230829 1.5420629858035713E-9 0.08948796598424942 
15.210401515079646 2.9409520289428364E-4 7.15082605258032 1.2936311914278556E-7 0.08827233310613515 
0.0744992386123408 2.980179217371388E-4 8.10569353285 0.0 0.05476638698918618 
20.289907879853367 7.478572794983821E-4 5.654393479686594 8.526348289178396E-5 0.23831026441157288 
