6.765289698179223 1.0577230141101184 5.419570135796676E-8 1.1689255117064494E-12 1.2872104504919224 0.048274780584484506 3.3573397608845174E-6 3.016481854570492E-10 7.304662387924348E-9 0.0 
0.3200004738410063 0.008718751706704274 0.30246533435996714 0.25780762855154976 0.7646426551598481 9.668620714493824E-4 0.05678381579132449 0.00274836371609398 0.08217605287150638 0.05659682733871814 
0.205251626550773 0.04815934223797917 0.3462762198326828 0.05364721102969176 0.7393813685425009 0.03642283432975886 0.03280180491924057 0.034576797652102725 0.011131115813603293 0.12610039378827406 
0.25452410068455555 0.06458337018083132 0.29404769775420464 0.08225594368989567 0.14330202561462912 0.09838134103980972 0.14643259662308802 0.035636774553745344 3.2047991519608947E-6 0.0 
0.8612872795676108 2.335722600221763 0.08303440246859219 0.0 0.0 0.06383271787146123 0.03208674161953924 0.20393939476083042 0.4042669407851747 0.0 
0.9752227610913106 2.701197238794954 0.0 0.21194203249821 0.11757545557976737 1.4052531430757179E-9 0.02389071480643094 0.10811001992961418 6.055869382295698E-5 1.4461876601326759E-11 
0.09131586375502548 0.014305054997875878 0.10653669579772591 0.05576206818372636 0.062146547568663627 0.046229759163698855 0.04760970226529527 0.02900004232743819 0.024647760668910525 0.0 
0.14500155113763102 0.028861910119601368 0.1931160176814565 0.08956146885979865 0.07721027807768772 0.028958596269589326 0.10320301523699697 0.03274234012470749 0.013280619509481766 0.14518704479513117 
0.11147920473871929 0.191580521666687 0.10728963650781632 0.22884252939334182 0.038524885760966174 0.014293350037558336 0.017947106055613872 0.017705367170443843 0.004551292395161822 0.0 
0.10138480994309731 0.08270312857092577 0.08034849575216042 0.19120014658365314 0.3954697891034561 0.018954832681804416 0.0011280660457290187 0.04863442762385617 0.001863209524782166 0.0 
7.852100637485346E-10 61.9180403121092 1.2986108092976906E-7 4.8307958017196814E-6 6.041534962827914E-6 1.1204120666419345E-8 7.43379629926666E-7 3.0826502053675906E-10 2.1635760360498727E-8 0.0 
0.011328485460582073 0.7918878529337435 0.39467806274509964 0.0031096806069514046 0.39260820501440075 0.03406066553672633 0.20399331121022038 0.05533368563653578 0.00666459713316183 0.140721133991145 
0.07391093937439447 3.3133989532410997 1.2660775421960874E-8 1.0852996409606412 6.397183308619426E-6 7.073308236713018E-9 5.342685997074752E-7 2.3298145334362E-10 1.6664947677232276E-8 0.0 
0.001198337325804349 0.9673890556300376 0.1140209632115404 0.007134083326348801 0.7415668193710122 0.045472805206295604 0.04919084745306271 0.046096830861006785 0.06590178043900546 1.9111806503665583E-4 
0.02233082525383389 1.6156182056403772 0.02618543902286007 0.07725655214298349 0.8277776741236541 0.01038315208802345 0.029551055460313107 0.15384770273689255 0.20660803458019208 0.08097350135053182 
0.003760459747388983 0.5535465515763177 0.15817451322577986 0.18573377164657612 0.6213262840840589 0.020603321682888358 0.005168887759441059 0.0023850709887202194 0.05323467835180059 1.4813964765848915E-7 
0.0040182417126467295 0.5573600606678494 0.17579927243560659 0.06528185895501135 0.05832416913012273 0.0030787155436711503 0.05340027151621386 0.02978715637494124 0.06685094383439429 2.9189620123204274E-8 
0.0034008543340695962 0.3481710552852003 0.1269233415447912 0.13813557677229107 0.08456201069447007 0.005474770005487034 0.05366953268791475 0.024388037771929237 0.003321201033764241 0.0 
0.05595943153808135 0.6155798105800978 0.1319010468786325 0.37395775169660694 0.0814250470375543 0.02187872624849699 0.06607841170791535 6.24512069572128E-4 6.588939797211356E-10 0.0 
0.12768301929381756 0.9129528630921004 0.17236800965096777 0.10918240647875634 1.5151036269609446 1.413430341978181E-5 0.04470380912477751 0.022529239760215137 0.004687367727690519 0.0 
6.798944608946712E-7 7.232908050479577E-7 84.98634292621337 1.7433850738558934E-9 0.0 2.8777708422712025E-8 1.9382155560068445E-7 0.0 6.795910724271561E-8 2.3521915304784154E-7 
0.0067798651514206255 0.6200008470017631 3.0475515639591153 0.06847943148007606 0.07557312143876144 2.233895036528906E-9 0.009618056650129365 0.13498126521967818 0.23178476523374494 9.881438302760507E-12 
0.14226819700948562 0.3851537392963269 3.0611857322404386 0.2099454339385201 0.11439923449692029 1.92942548645077E-9 0.016469614175357285 0.15985926270545356 6.429325950541267E-5 0.0 
0.01319876510163217 0.10997348209503122 1.9699303762291318 0.08965513636422091 1.8983342691979037 6.979577076479315E-4 0.06984647780233035 0.04561287946903592 1.689015303711836E-8 0.0 
1.0135137497800386E-13 3.5061973670828568E-15 0.4075745408989239 0.09421080559418674 0.012980363737305722 0.03034957000395269 0.03444397852660468 0.02264800080743708 0.042050271917003584 0.0 
1.5323364410305102E-5 1.0241857792258085E-4 0.6878553019059259 0.11916317727866707 0.5385811507811329 1.0575575876190194E-9 0.019662764058347867 0.12334080709827588 0.08752957037457391 1.9430886356825286E-5 
0.008202459702887558 0.09317824653720007 0.39942289552332283 0.07716370210299085 0.4605114212501242 0.05664168746970759 0.03233884823341467 0.04378751605032516 0.04316478516718678 1.726203279297385E-4 
2.6661359438748272E-9 4.03152190284907E-9 0.4585415059970828 0.06303465500372826 0.2859500400404678 0.019134625220676073 0.06353690568221505 0.10474388356324321 0.004296536609234342 0.0 
8.662371194649341E-4 0.12261055130224341 0.5164228336297595 0.3136711013419177 0.0665735848485653 0.010881170112065432 0.05463749024395294 0.0667752610421352 0.010008297610573471 7.151990391782861E-16 
5.070273507423978E-9 1.9842974888699693E-6 0.2671038192918626 0.18512638851316715 0.08692258585768553 0.022923101033359403 0.03718352790925694 0.004716097205576263 0.0216302642424072 0.0 
1.8509973832456216E-64 3.9287927825472556E-66 4.048450053985669E-65 32.5489961932767 0.0 4.773533461635635E-8 2.1031465040195077E-7 0.0 5.718637752831004E-8 1.1408154813567294E-9 
0.032755874825725666 0.3759475125256953 0.26619415650236 0.35272031284490585 0.6642449947629795 0.028564648826256676 0.013728731155299578 0.001919712088086194 0.032356512957519706 1.8624151813108415E-7 
0.005914598551161261 0.6141204157085877 0.16948985651508516 0.4684109785216812 0.10484020728658726 4.4221921084651316E-5 0.014209053601269743 0.020263726478627297 0.003889765369729609 0.10124711912187735 
0.03984949444355187 0.38862340702267867 0.0071999738688649185 0.6050537811391753 1.0904433001572698 0.06800307123254777 0.02702363353136681 0.07688166250736574 1.9458796323166343E-4 0.11474263109281341 
0.016537636769333827 0.0757678057598156 0.01605974388133237 0.361753877068833 1.0689511642769363 1.371944486503678E-5 0.05202998717224965 0.020127369691450358 0.004253675764693328 0.0 
6.688336483554602E-4 0.08035856816979592 0.01695676453937365 0.1537044052088882 0.06703367064183306 0.018135117852290224 0.02475787395815861 0.029175397293483757 0.01847471309421117 0.0 
8.84864057667368E-4 0.13260808239241048 0.03074662271168405 0.3766475108288011 0.022426221867329503 0.02560488906296668 0.008235902635203641 0.04628973960342301 0.09089932260651484 2.168267762113935E-7 
0.00535558437629116 0.42774253876186247 0.07915667514681342 0.5655554475827657 1.012787153376126 5.712437623602019E-4 0.016952797600628247 0.11488650472075279 0.05108237080793818 0.0 
0.03655122821029436 0.011437691410862882 0.03515909314426014 0.7880192773038863 2.1024423867744964 0.1722355127669362 9.5770416350408E-8 0.027551879464591904 8.582016256785876E-7 0.0 
1.2948437259450172E-4 0.05626851520062811 0.03106277047110197 0.15915691764062367 0.059346992131128797 0.04597446995059066 0.03148149544570442 0.00948342045524436 0.02232048457539114 0.0 
1.1752780847637275E-13 2.931147164896218E-14 7.786247751400016E-7 7.981454928136665E-8 134.21960478944064 1.6225629059277128E-10 1.7891497118966318E-7 2.894586419818957E-10 4.993257762091601E-13 0.0 
0.03836795033362454 0.3681099431783301 0.4323027421754422 0.28288864483590426 0.990544746282302 6.140911629706669E-4 0.017372852063096134 0.0019320771107101148 0.029873967411302375 0.08693827636877631 
0.03319688546697897 0.007621313552507272 0.026655564793246895 0.14089600211626088 0.9294922329052682 0.004106398746884862 0.04672513600328112 0.0074675100503438846 0.018468939012794887 0.0 
0.11542054575300015 0.8928481402847209 0.5395873917653878 0.06800208337119446 2.035324805909807 8.575226289348686E-4 0.05720063277450576 9.448086714175614E-4 7.080697604489088E-10 0.0 
1.1944715398067417E-8 4.728927126634536E-6 0.21627740493250458 0.13422295550287736 0.4138555878784487 0.02293546180901149 0.03648155098129301 0.004807957357689412 0.021199697097966822 0.0 
0.013341724855110435 0.06128395831104652 0.016153597647792024 0.1826453678370674 0.1450927772212825 0.03715379621037946 0.016908572747781413 0.01110006649955429 0.04713535923437794 0.0 
0.023227933534183613 0.1893064717373444 0.19410543515889853 0.13961027338287862 0.10524193185874105 0.01992240479023229 0.03240964443338551 0.0014442006912055033 0.023340066105339 0.0 
0.1031245960376079 0.17181042396001958 0.11287651221275369 0.36695614750760475 0.08020567774368653 0.018907520647866764 0.015499955877507327 0.015634703143805776 0.003968616187562351 0.08948092120719046 
0.08910996593040126 0.14973732788469338 0.13898915047411964 0.041888004988394505 0.5662807444159282 0.05518734285224015 0.026131349971151702 0.019221586989592827 0.027159418157883 0.0 
0.08045550221087128 0.015279632591170945 0.38274711087575725 0.10593101926177975 0.07695916167651287 0.07660152479081218 0.0655650817212997 0.0023742348248812868 0.0026563362659045332 0.0 
5.967828377642913E-67 1.931170267892749E-67 1.796572910759408E-65 4.0222577947669145E-65 2.1474592699641197E-70 12.852002151049973 1.432812363841896E-9 2.3045058048282107E-12 2.4423925457951602E-8 0.0 
0.01096857520431087 0.0019690020912825467 0.012199764170863846 0.050550543016079995 0.03206041291691987 0.08366525759630233 0.09122047135894298 0.029123945404476246 0.006779976366116725 8.359342656628851E-6 
0.022867934572632084 0.16902915703486054 0.03540717015520318 0.08439806174794913 0.40791644789860715 0.05970335309661402 0.04622479805390519 0.017731748510430256 0.020217575471877802 1.6345616496810773E-4 
1.3029316290107094E-4 0.05925317063186438 0.029754267266373494 0.16379537282158504 0.060656692936214236 0.05115013371507253 0.03160280453299151 0.007845541811533824 0.02122529015814171 0.0 
0.22652006251352047 0.1969569668720814 1.2547609540717728 0.5607276544832209 0.4141179251393791 0.29035004452059954 0.0029989090930570015 0.008679116261436177 1.0874144717675043E-4 1.369481419214064E-11 
0.012848508127965706 0.9301067966265096 0.014351917488952934 0.058447564004851266 0.49014970406912906 0.19984194233123853 0.028327987002001877 0.20271602033833147 0.17029188466684717 0.07372688712156969 
0.04916914781079734 0.010211980386208864 0.019819319496804606 0.30364055764029974 0.549013008763097 0.08585559879759384 0.05682584030724403 0.017427154898112935 8.740407615018251E-7 0.0 
0.003976489716899997 0.3759494784824667 0.32920936749071744 0.07247946335651671 0.13693329382919087 0.05306398221719422 0.0029667201704055577 0.006789043167097359 0.044563949482494154 0.0 
0.002182102356144163 0.24908677295960324 0.22474028093159995 0.05167803936744187 0.8245318660800105 0.04984801188234258 0.028086645895521234 0.01846572881274482 0.005511759737489918 0.0 
0.002150838674761165 0.15345926698032095 0.09484543167504927 0.04595904047888005 0.5134840086339222 0.04216815685819729 0.038327891961427746 0.019694972888621348 0.04912419563244102 0.0 
4.977189524445788E-129 2.696909882166849E-131 5.034380135517908E-131 1.2970481028051659E-64 3.035872273826709E-66 2.77329903629365E-65 13.783048568455408 0.0 1.090261718532119E-13 0.0 
0.01907878387179985 0.17297714119757462 0.10036544334122269 0.19559349819649133 0.0699755871499029 0.003592455788534506 0.0625724053477242 0.03034265403537876 0.0211492707599364 0.0 
0.008448204678560056 0.08525585785343745 0.3129678450843288 0.10976491968397921 0.06383358827059524 0.01814796449702657 0.11616495824581337 0.0017954247121417179 0.006299545130875544 0.0 
0.02050573202136675 0.0026029532021955323 0.012219655335915505 0.10233302345915551 0.03728759257652712 0.018207564581200698 0.13009340057006566 0.004915642337263211 0.05775622713146634 0.0 
1.1500486799483494E-65 2.006364492765918E-66 5.722810174961928E-66 0.1023516316549598 0.5314794162000945 0.021781456547702843 0.09691511145911827 0.02212548487094594 0.003780829320341428 0.0 
0.06932676004373263 0.010376154646276602 0.037036114021331286 0.07111896928046925 0.037174345016192364 0.014511536020424655 0.11453135677575058 0.004183370550609495 0.04993711121847421 0.0 
0.13765052134541755 0.39061419766434663 0.37256404618586597 0.0024157235073385404 0.5223736129053282 0.032080017714236325 0.2325251570159816 0.0787085131239049 0.006839084167168536 0.14128633278352887 
1.8165787341404057E-66 7.0945551719309305E-68 0.2352662143188151 0.05426391382871038 0.02861409487720739 0.022768055160146152 0.0604522545404858 0.034319974294027604 0.04513393139075847 1.5928707143563574E-9 
0.0014468073939524152 0.01078288281742122 0.01102053990922569 0.137042864157216 0.35441354165846306 0.027448503442908844 0.15226459964937583 0.14161115561766296 0.051275059703247604 0.0 
7.97521002859279E-4 0.08126613629214736 0.026769280611222367 0.17057260404183228 0.9395665729796345 9.79636372450369E-6 0.057064080107836444 0.025417342763904355 0.0037408658163566606 0.0 
2.6481250901688828E-70 5.810444933665915E-66 1.762384925942937E-69 3.723419782527474E-65 0.0 8.244595444722344E-66 1.3326955620023142E-68 10.789116378663428 0.0 0.0 
0.12208248470438648 0.23457768763953266 0.00860839723550794 0.237422224568345 1.4415660874818286 0.16630590205528237 0.043259599887608864 0.309261596832221 0.0 0.0 
1.0914883585973357E-8 1.380703631277875E-6 0.18905041188519514 0.1472860418969803 0.05234572449787682 0.02075730328583262 0.02356100215007722 0.06307559154358122 0.020463710507717704 0.0 
0.030494861798334542 0.09992430101643937 0.614892050703095 0.4821860942618779 0.08152805013747945 0.03890515773927984 0.025275283460812634 0.17966769293472118 6.587136967456351E-5 1.377896428428907E-11 
0.021373826856911013 0.21848309479870648 0.07121363417975635 0.1521968052652106 0.057688266394765576 0.03068570176693653 0.015271980539068024 0.04047815559013495 0.012639068848212504 0.024233432445858547 
0.01529418058336361 0.15002396358706696 0.041261379579987455 0.08161175987980933 0.8316852961393825 0.024254432935153135 0.009686705975707336 0.03662714408917974 0.018539008776455798 0.0 
2.6358412549415107E-4 2.5106899891697796E-4 0.004489694098205826 4.960081512092278E-4 10.48958869064503 0.16945691222164852 0.05936281954528959 0.35498362442862674 1.0099625245028766E-4 1.4693825556425296E-11 
0.003963617557714655 0.34031401981903087 0.33744046815635187 0.0638302641834989 0.991792892181448 0.010441667908541008 0.0022689433238471148 0.01781291520560024 0.04761957958796676 5.448891591525277E-13 
0.06712113445047178 0.00885262663210613 0.041268528724130914 0.3988073419066204 0.7216205435132093 0.0179474025295171 0.0053107104126637475 0.026053584639937767 0.008791739764774388 0.08815899671976062 
0.0506472230557109 0.0817689752814251 0.05895619796015535 0.09872054095879047 0.048685990713368515 0.03111485951667575 0.028434907249861408 0.019806434022100073 0.029980987432353716 0.0 
1.036109920412902E-71 5.8930404311460065E-71 2.2029671090861095E-73 6.350578100124873E-69 3.8337982391749963E-64 5.308952499571323E-66 2.431234836688999E-66 4.923627401926258E-66 11.353891115903727 1.7843877763749678E-11 
0.03678576108479772 0.35240547130747013 0.33217543125704846 0.17013930858312154 0.04756860083871629 0.020949299575934985 0.06498864129345627 6.43050976765302E-4 0.09367204803786924 0.0 
0.002936290478917639 0.035191022242397244 0.03662954124476261 0.12138138316651013 0.09597881762516068 0.017323701634384476 0.026005268964435158 0.014216116222893352 0.047250911380724896 0.0 
0.011757607058323726 1.0567610673370114 0.01301860882528366 0.025708388459361655 0.47593659802608246 0.07757825138278888 0.007435771758174379 0.06389584933304183 0.4303868878068631 0.0 
0.002527929600034487 0.18601606099245016 0.10290707414023273 0.04981995078962417 0.37144452212029516 0.04190269753672051 0.037672049951337716 0.01783548516859116 0.05602608061308135 0.0 
0.002365770538270546 8.826817667066957E-5 0.19130272273758883 0.054425160707428866 0.03129725428350243 0.022320186024540938 0.06070291128227673 0.039855436852354945 0.054693996126915084 1.5227207562693875E-9 
0.019788774867592535 0.1450784866265351 0.028658771693515044 0.11759211037421961 0.4636049416938892 0.08809754637155891 0.01122723698076889 0.010319464340554654 0.07407743373585596 1.8678771746185856E-4 
0.008865699678052659 0.7713052465685434 3.4091577049132225 0.07491759565027697 0.09390882609769073 2.5388936485852796E-9 0.015717379283825588 0.03186020363812431 0.32981344727033546 8.885148632533626E-12 
0.003683465650045992 0.027507907223193715 0.020842903853549987 0.10893794034636302 0.6852451330487921 0.007596357517342704 0.01788465905284431 0.019133329227125673 0.05875884954706777 2.1281678937712005E-7 
0.09927550943590675 0.167962032344917 0.1509613392598896 0.03950375212617059 0.556181144015345 0.007713967742994449 0.0191606721419779 0.011426926725605089 0.12075377807692125 5.126865537507656E-13 
1.4575274247070542E-5 0.0013084378675126884 4.473910379472673E-4 0.003645278521793016 0.010109814042076835 0.0015373033463467038 4.837271602218374E-4 4.3338411000678155E-4 0.0012212781422723216 25.452073420453686 
0.002708765180379206 0.3047929354182384 0.127619471802545 0.07879260493668984 0.6667919303393757 0.03380319875560143 0.038427648706760624 0.01640528151982052 0.045584173924476785 0.12882743768692745 
0.0030697612635370046 0.022836088894884813 0.02744042174228321 0.544047585197289 0.14738473941585342 0.08467203077538575 0.014768662084919799 0.04423556835211298 0.014673539370635641 0.39615771474046557 
0.0016013709567199038 0.12279948748849195 0.12610706265383126 0.15947658389850627 0.04276618121891292 0.041255638976252514 0.014799113336481037 0.013433401030996375 0.05259211612341553 0.10650932534355446 
0.012319498670025611 0.002159375837961652 0.015325139906787688 0.1543849399098031 0.07390627029166894 0.022240870886487296 0.10333522888330923 0.029025855841561195 0.011318427318112464 0.14023059791282766 
0.0241439913496979 0.22410959197295208 0.06706819986366185 0.14495773468950884 0.05854738496214345 0.0364274736892154 0.01113603520647233 0.03429023537567566 0.025065023912109324 0.09589272806976686 
4.892024571633482E-4 0.037177320524083714 0.7119067840408688 0.060206522216066385 0.6740005228515645 0.048905294945688065 0.041225797813180844 0.01863053285561079 0.043289993913085946 0.13164089930309597 
0.09479844712840342 0.020775979149176282 0.12862805333719599 0.09138017832150297 0.07546119421272633 0.02644065227594525 0.09646421486712502 0.03239915059402661 0.011804795049785814 0.1551937390091808 
0.002134679339242524 0.1758656609766514 0.08062567768373156 0.11348372963768247 0.26494289721613623 0.1520785576058662 0.005547713614614938 0.04194088662816239 0.04568360847269603 0.10342354119454959 
0.007581088874936422 0.07369455796566625 0.35367078213390135 0.3603613100957921 0.05868407934665214 0.12187904034204255 0.024304935751210267 0.05006433715833075 4.15622962867065E-11 0.11447974962587623 
