0.5599176209412893 0.8422838048828197 0.0 0.0 0.0 0.0 0.0 0.0 
0.9958598267182273 0.12496419692161193 0.0 0.0 0.0 0.0 0.0 0.0 
0.9824114410202313 0.22819923445372894 1.4514402609412669 0.0 0.0 0.0 0.0 0.0 
0.7688735662419957 0.6574882445046805 0.0 0.0 0.0 0.0 0.0 0.0 
0.5695736590500213 0.8356084574239331 0.0 0.0 0.0 0.0 0.0 0.0 
6.170990030300516E-17 1.0025292303305757 0.0 0.0 0.0 0.0 0.0 0.0 
6.21529572420515E-17 1.002150478517669 0.0 0.0 0.0 0.0 0.0 0.0 
6.209486060816048E-17 1.0022593807681848 0.0 0.0 0.0 0.0 0.0 0.0 
6.230283938636658E-17 1.0019003477270887 0.0 0.0 0.0 0.0 0.0 0.0 
6.144472197749715E-17 1.0040715367426594 0.0 0.0 0.0 0.0 0.0 0.0 
6.36722048193214E-17 0.0 65.98048595602448 0.0 0.0 0.0 0.0 0.0 
0.5215655973046893 0.8579811281928427 0.0 0.0 0.0 0.0 0.0 0.0 
0.346742663841385 0.9441017599561863 0.0 0.0 0.0 0.0 0.0 0.0 
0.3464509361739789 0.9443252175361113 0.0 0.0 0.0 0.0 0.0 0.0 
6.076671582725399E-17 0.9907871829887984 0.0 7.807631768979498 0.0 0.0 0.0 0.0 
5.934275805979629E-17 1.1696092241407277 0.0 1.3536355067886816 0.0 10.929674591673555 0.0 0.0 
1.4023304856252623E-17 9.41709934460579E-16 8.141738081147139 2.018175487989327 0.0 0.0 0.4297116311139009 0.004279406348723382 
0.038307876197168085 0.0 10.829393703194711 0.7847965143313019 1.6540764435477922 0.0 0.0 0.0 
3.033702784110465E-32 4.178161479736021E-16 51.86160633736373 1.5564228313148851 35.57714440249407 0.0 0.0 0.0026116877773967825 
4.0141090063137094E-33 2.2102729459198266E-16 12.383062314185388 0.015084321049850524 0.0 4.654521376504038 0.07021316150776426 0.0 
7.014164340959044E-34 4.767524725884776E-17 0.7846321747980528 0.022584863210789854 0.15164990663149824 0.0 4.058797448525501 0.0 
9.611114005235417E-17 0.0 60.12312615006979 0.028708731343125137 0.0 0.0 0.0 0.0 
1.9595995045721E-16 0.0 20.73677150026194 0.005556870346366855 0.0 0.0 18.929214518057773 0.0 
1.8444368572661224E-32 0.0 3.4111351132814363E-15 0.0 90.52438375816918 0.0 0.0 0.0 
2.8982107901567055E-19 4.4946604198128846E-17 5.576642865544933 0.0 64.18085494159463 0.0 0.0 0.0 
1.22946457161872E-48 8.64535872872026E-32 2.2185242290638087E-15 5.607726271298346E-17 46.39132760918655 0.0 0.0 1.3720885835776093 
1.6291867336855846E-32 4.655701183469393E-16 27.608044485452783 0.0 63.57565900752839 1.7617935388958563 0.0 0.0 
0.3457892134275216 0.9462056389295055 0.0 0.0 0.0 0.0 0.0 0.0 
0.9938169143058251 0.17028647778232822 0.0 0.0 0.0 0.0 0.0 0.0 
1.1024879850921311E-16 4.4828594569266125E-17 58.60752012353847 0.0 0.0 0.0 0.0 0.0 
1.5819593704871335E-32 0.0 3.9190880722929945E-15 4.2740579356979014E-17 0.0 24.18882445356525 0.0 0.0 
6.003559990078746E-17 0.9744971120152627 0.0 0.0 0.0 10.425792476459085 0.0 0.0 
1.0023671694673366 0.0 0.0 0.0 0.0 0.0 0.0 0.0 
0.7596727225545918 0.6577961957435973 0.0 0.0 0.0 0.0 0.0 0.0 
0.24470076586616044 0.9733358794650504 0.0 0.0 0.0 0.0 0.0 0.0 
5.51797184938217E-17 0.889806838869592 0.0 0.0 0.0 0.0 0.0 15.062264169517368 
9.581371064304437E-4 0.22843232895274565 1.0388466534402343 0.0 0.0 0.0 0.0 0.0 
0.01876814776944564 0.0 13.967175850109891 0.0 0.0 0.0 0.0 0.0 
6.972964848244097E-4 0.17528313199007062 2.0236843282371737 0.0 0.0 0.0 0.0 0.0 
7.982518857142475E-34 2.2929051941364984E-17 4.643374289629162E-15 0.0 0.0 0.0 28.084960885285994 0.0 
7.097349906197773E-50 9.34259965904321E-34 1.574148251291824E-16 4.000348651212967E-18 1.127745994084232 0.0 20.162727980674802 9.39201663491497 
2.506111458358755E-66 1.5422135953964636E-49 2.7175855425272076E-33 7.449269284131734E-35 9.336643362515271E-17 2.146620934649752 7.11691206827493 1.6236338367610215 
2.5286572528507467E-48 2.2754257465928896E-32 3.5868915127253416E-15 3.34904647417619E-17 0.0 12.702626807615516 5.8614629750003955 0.0 
5.523932334627502E-36 2.767698939108698E-32 1.595639945300716E-15 1.0450701241357515E-16 20.81369325377721 0.0 5.21117335624447 0.004225822063193431 
6.162336908612758E-4 0.19199174173404146 3.9738533256707025 0.0 0.0 0.0 0.5819612521759342 0.0 
1.8230320827609983E-32 6.826278255208854E-16 0.0 0.0 4.526813663451352E-16 18.424688266282015 3.360565036213163 1.9250897622202044E-4 
4.628378873068714E-18 1.9655386808688477E-15 4.567060011251897 0.0 0.0 0.0 0.43474760134721674 0.0 
6.237440023433113E-17 7.075103424615676E-18 0.0 0.0 74.42481995791398 0.0 0.6644528501573964 15.159635893705328 
2.6001357884030495E-49 1.2410595859719463E-32 7.420102820671696E-16 1.2624649151090504E-18 9.257578454495864 7.494026294250717 0.07635546268955293 0.0 
8.62048160547028E-65 5.557584429177758E-48 8.89825611163323E-32 4.896792196387634E-33 3.9227442534931064E-15 50.96538870704723 0.28914235962020285 1.2649879583755346 
2.728584764538619E-18 0.04333541079214435 52.03158933259816 0.0 0.0 0.0 0.0 0.0 
0.5446893944809383 0.8479872840303679 0.0 0.0 0.0 0.0 0.0 0.0 
0.9935971468347887 0.12481294451991548 1.457406189244298 0.0 0.0 0.0 0.0 0.0 
0.3747980322231746 0.9408744008471551 0.0 0.0 0.0 0.0 0.0 0.0 
2.2923268267114927E-17 5.731662535301691E-17 66.04697711151779 0.0 0.0 0.0 0.0 0.0 
0.5628657763032671 0.838482827144287 0.0 0.0 0.0 0.0 0.0 0.0 
