0.9998086871565698 7.57431836399872E-9 0.0 0.0 0.0 0.0 0.0 5.079227921382001E-10 0.0 0.0 
0.999486649517471 6.666099234988259E-8 0.0 0.0 0.0 0.0 0.0 0.0 7.927364052491895E-74 0.0 
0.9999698882721173 4.458476536309276E-10 0.0 0.0 0.0 0.0 0.0 0.0 7.864780620229453E-65 0.0 
0.9999160227425425 1.9925713074379083E-9 0.0 1.2413432672596492E-36 0.0 0.0 0.0 0.0 4.2183702542908755E-57 0.0 
0.9999259628508708 1.5203956443698575E-9 0.0 0.0 0.0 0.0 0.0 0.0 1.4626149898337885E-58 0.0 
1.3727550645811122 2.850656234784714E-9 0.0 5.847176532407336E-36 0.0 0.0 0.0 1.1461588125557926E-9 0.0 0.0 
0.9997927263890206 7.933022820807597E-9 0.0 0.0 0.0 0.0 0.0 1.1541776367078074E-9 0.0 0.0 
1.0000037267135238 0.0 0.0 5.103850475715175E-58 0.0 0.0 0.0 0.0 8.419717310128328E-57 0.0 
0.9998760015827677 2.8509951079948754E-9 0.0 2.530450817934788E-50 0.0 0.0 0.0 1.0887108023814545E-9 0.0 0.0 
1.0000037567776119 0.0 0.0 4.856869371303696E-58 0.0 0.0 0.0 0.0 8.419717310128328E-57 0.0 
3.4960512305637475E-65 1.0017669252615904 0.0 0.0 0.0 0.0 0.0 0.0 0.0 0.0 
1.405461504727946E-65 1.0316348412155956 2.1947522159008667E-6 3.714266525242294E-58 0.0 0.0 0.0 0.0 0.0 0.0 
1.4058050199231115E-65 1.001680116872766 0.0 0.0 0.0 0.0 0.0 0.0 6.029113765568636E-62 0.0 
1.4058050616451115E-65 4.156977560091194 0.0 0.0 0.0 0.0 0.0 0.0 1.77112486038831E-65 0.0 
1.405804974897802E-65 1.0016527196216858 0.0 0.0 0.0 0.0 0.0 0.0 8.560434854866741E-62 0.0 
1.4057949018893067E-65 1.0016454847994787 1.870872315340721E-9 0.0 1.219286513648551E-29 0.0 0.0 0.0 5.045017892496782E-63 0.0 
1.4056107199360598E-65 1.0340994688221334 7.019373916832939E-7 1.2682755312955643E-58 0.0 0.0 0.0 0.0 0.0 0.0 
1.4054597200736313E-65 2.373603524307416 2.1960670775510364E-6 1.3090558547325664E-58 0.0 0.0 0.0 0.0 0.0 0.0 
1.4054482091594307E-65 1.6294195688855466 2.4998321127014426E-6 8.270158532086377E-51 0.0 0.0 0.0 0.0 0.0 0.0 
1.405461486520624E-65 1.0647135924520537 2.18682049108626E-6 1.8470472541499296E-58 0.0 0.0 0.0 0.0 0.0 0.0 
8.506252093996503E-9 0.7564684445808877 1.4797385526518614 0.0 0.0 0.0 0.0 0.0 4.7385837005818856E-57 0.0 
0.7580486813747739 3.922967838248875E-6 2.544684138750148 0.0 0.0 0.0 0.0 7.728135775244248E-10 0.0 0.0 
1.8899375380459107 0.0 2.367201115430434 1.6419544471279045E-24 0.0 0.0 0.0 0.0 0.0 0.0 
1.7402920280912748 0.0 2.1806449249078788 0.12510855517598096 0.0 0.0 0.0 0.0 0.0 0.0 
0.04074990847464724 0.6380504782560363 0.0 0.0 0.0 0.0 0.0 0.0 0.0 0.0 
0.002800798414144893 0.8230777556065387 0.0 0.3329394893466422 0.0 0.0 0.0 6.537322607903281E-10 0.0 0.0 
0.9938318794945137 9.807899093931694E-6 0.0 3.3087249562866883E-50 0.0 0.0 0.0 0.0 2.2369155702606748E-57 0.0 
0.2490563781635973 6.584077939894472E-11 0.0 0.0 0.0 0.0 1.6409927087405127 2.2457989846765136E-10 0.0 0.0 
0.30029544418534676 0.20969148039034372 0.0 1.1786882551874993E-74 0.0 0.0 0.0 0.0 3.7821435717466233E-57 0.0 
0.9955234207844982 5.0145968503611685E-6 0.0 2.963646812134643E-9 0.0 0.0 0.0 0.0 2.3254104228920497E-57 0.0 
0.2934929745764944 0.21719458044445117 0.0 0.0 0.0 0.0 0.0 0.0 3.74585081646939E-65 0.0 
0.12147776052930163 0.4250364075336976 0.0 0.0 0.0 0.0 0.0 5.070263547409636E-10 0.0 0.0 
0.2999539747631743 0.20529371080425862 0.0 5.867367501872398E-36 0.0 0.0 0.0 7.069198635358247E-14 0.0 0.0 
0.246358562726595 0.2545256954822505 0.0 1.0852494962383352E-35 0.0 0.0 0.0 1.0880058929155506E-9 0.0 0.0 
0.2423830873287049 3.429455799842234E-9 0.0 0.0 0.0 0.0 2.523915327835526 7.106079559533807E-11 0.0 0.0 
0.5604411630156823 0.06345810902633518 0.0 4.0028708611720597E-29 0.0 0.0 0.0 0.0 2.450630717857445E-65 0.0 
0.03146432981969978 0.4414768174471797 0.0 3.396450387238614E-24 0.04794000330519941 0.0 0.0 0.30382963480851555 0.0 0.0 
9.540130252471751E-65 0.9272007457195313 0.0 0.0 0.0601303844963067 0.0 0.0 0.0 0.0 1.4083949259240558 
1.1647530090380522E-65 17.966300982158995 0.0 4.260975431901454E-44 0.43524192994930244 0.0 0.0 8.678482553911639E-7 0.0 0.0 
1.4041739092727914E-65 1.0330466372560154 1.8298030325870104E-6 1.1996908613406022E-58 3.500701900977254E-12 0.0 0.0 0.0 0.0 0.13793366222875375 
0.17169558173247051 0.21220343098930833 2.046513147201448 0.0 4.02467051446339E-11 0.0 0.0 0.0 3.6343285269778033E-57 0.0 
0.1987755501343731 0.0 0.008893079343611667 5.926780331164359E-55 5.333426408789889E-16 0.0 0.4768799375091943 0.027139915125677618 2.8282775081556505E-65 0.0 
0.00280083001204758 0.8253966108292967 0.0 0.35170486399831336 0.0 0.0 0.0 7.447901186065023E-11 0.0 0.0 
3.1553014833496187E-66 0.7319086471872146 0.03447316134904404 0.0 1.148162142193217E-11 0.0 3.856585290806394 8.928625906278601E-10 5.916555581291813E-57 2.5201353854412956 
0.048413112862298796 0.6071761614664627 0.0 1.4149752433386087E-24 2.214044001927884E-5 0.0 2.991477310746293E-5 0.0 7.125588371585262E-65 0.0 
0.2329690316897132 0.1855252962673002 0.0 1.1126274341111996E-36 0.0 1.3612954715764813 0.0 0.0 0.0 0.0 
1.2012891923249634E-5 0.2087025880144936 0.0 4.419906862737172E-51 0.0 0.42632617495064373 0.0 1.9449172966878272 5.588721043015331E-57 0.0 
0.12148017804203264 0.4260238678467752 0.0 0.0 0.0 0.0 0.0 0.0 0.0 0.0 
0.04567303489494031 0.6223201929368508 0.0 5.108442114479711E-58 0.0 0.0 0.0 0.0 8.405765135867689E-57 0.0 
0.24667249878942218 0.2543505975904147 0.0 2.6468638895425428E-58 0.0 0.0 0.0 2.2919970566711418E-10 3.374430171403739E-56 0.0 
0.5116796385342792 0.08403828103503046 0.0 0.0 0.0 0.0 0.0 0.0 1.0433434805105194E-64 0.0 
0.7695363693157536 0.06469695078768169 0.0 0.0 0.0 0.0 0.0 0.0 0.0 0.0 
0.9609115716182963 0.001270605934093878 0.0 2.81032687181338E-58 0.0 0.0 0.0 2.144973755420033E-21 0.0 0.0 
1.4749519629237593E-71 4.426575026371882E-65 2.5423841851460948E-65 0.0 3.3515354133448277E-80 0.0 5.422708473843607 0.0 7.29500171736371E-57 0.0 
0.1864316741166697 0.0 0.6903899739279125 0.0 0.0 0.0 10.164525367987816 7.232041700584143E-10 0.0 0.0 
4.660995636532393E-131 1.3163140732901546E-65 0.0 0.0 1.3922398695683077E-84 3.7772434424807345E-67 14.390676702912574 0.536713294706701 5.067997915001408E-57 0.0 
3.753170231390031E-131 1.1180586898048557E-65 3.028448004240184E-67 0.0 8.113953929969242E-78 5.798622217702474E-66 14.56588299469312 0.8010183854572562 6.018266940247342E-57 0.11499034900890545 
2.7862015714407336E-12 0.21265556566150148 0.008588432662865856 0.0 0.0 0.0 1.620895773877539 0.03298715812864335 0.0 0.0 
3.526270870107051E-66 0.8231222774230627 6.195064244459577E-7 1.2726908261226443E-58 0.0 0.0 3.7320230114254653 1.390938558449188E-9 0.0 0.0 
3.9440423233446727E-131 1.1749189166754437E-65 2.7967169484543603E-68 0.0 5.071221856842411E-79 5.826473054481863E-66 14.576038482093793 2.4562107359687944 1.1302952773985773E-56 0.11528748589199612 
1.3810076842143294E-65 1.0483286826119383E-73 0.0 3.3336439106044293E-119 0.0 0.0 8.90416879510591 1.5186187536200495E-10 3.5008573516264204E-65 2.881037109699988 
0.2499783722441981 4.981457350305483E-10 0.0 2.8860127097311255E-37 0.0 0.0 3.5924831319543014 0.0 0.0 0.0 
8.35531389935601E-67 0.2483842114841647 0.0019928033882707 0.0 1.7636148321780115E-13 0.0 3.646135555112976 1.0011451653502608 6.018479358550092E-57 0.11505119679453657 
3.468522548809122E-66 0.24778696667649475 0.0 1.1963697157870157E-4 2.678998540105201E-18 0.0 0.0 2.1157412377525513 3.8229563404687435E-65 0.0 
0.2557674626639409 5.097535606875914E-10 0.0 3.174348131484975E-37 5.515107191605767E-24 0.0 0.0 1.46538325118957 4.2183702542908755E-57 0.0 
4.264180830571072E-131 1.2670096934130966E-65 5.0167610638481716E-67 0.0 1.4735551086662138E-76 0.0 1.142538157725115 7.931578690876994 0.0 7.730537234795783 
7.140122840748501E-66 0.20677204790408 0.6361764504104395 0.0 0.0 0.0 0.0 1.3587994186017092 0.0 0.0 
0.03011702112690542 0.4716870966462189 0.0 3.064386510844978E-24 0.0 0.0 0.0 0.26021331525965824 0.0 0.0 
4.505054153569196E-131 1.3464357552978613E-65 1.41442886805163E-67 6.894246917520238E-111 1.0145359550978436E-76 0.0 3.665260142978917 0.6635839777361642 3.7132113803955273E-65 2.118565346128623 
0.06260320955590695 0.06409914078236531 0.0 1.967930583828706E-51 0.0 0.0 0.684429591339136 1.1665836150193668E-9 0.0 0.0 
0.17883159288466477 0.1975396780122962 0.0 5.03652316340524E-30 0.0 0.0 0.0 0.07184177030471223 2.2178094064846692E-57 0.0 
1.411134494434229E-130 4.211217584076067E-65 2.0005495048179935E-66 6.79104573725269E-108 4.8968860728983756E-76 2.145691481746542E-65 3.0981408806868393 1.544716737118164E-8 5.560048526180631E-57 9.14397528155399 
0.03375903699862934 0.47359512484134064 0.0 3.739325993666193E-24 0.0 0.0 0.0 0.08571311641020571 0.0 0.0 
0.28221719807504636 0.0 0.0 0.0 0.0 0.0 0.0 0.0 20.811104602972836 0.0 
1.4068126848942034E-12 0.9723878109039825 0.0 0.0 0.0 0.0 0.0 0.0 1.488097724160677 0.6197960844969091 
1.7711013957186576E-65 0.9972369391814689 0.0 0.0 0.0 0.0 2.351306522490649E-4 0.0 9.188329000298932E-6 0.0 
0.24650362459315073 0.2523232066548638 0.0 0.0 0.0 0.0 0.0 0.0 2.0468118969943627E-7 0.696110917416354 
0.6003074693719721 0.0 3.8232772422677526 4.1113520911214096E-13 0.30031306341600217 0.0 0.0 0.0 4.691469057486694E-10 0.0 
0.8065506289386802 1.2275255305472202E-9 0.16180925929797974 4.395057138887072E-58 0.0 0.0 0.0 0.0828467789843964 8.361827204668269E-57 0.0 
0.9905848787706806 1.9696352793613954E-9 0.0 0.003941159282972823 0.0 0.0 0.0 0.0 2.948067574384419E-57 0.0 
0.9996351271659474 3.272297646967001E-9 0.0 5.8779652934103965E-36 0.0 0.0 0.0 2.1635678099818744E-7 0.0 0.0 
0.999715425862441 2.1044636329061617E-8 0.0 4.56852266026585E-36 0.0 0.0 0.0 0.0 4.126471658360304E-57 0.0 
0.9999698484591647 2.401371399052062E-10 0.0 0.0 0.0 0.0 0.0 0.0 1.4667650654428953E-64 0.0 
2.766545897941274E-66 1.4114830951367306E-65 1.8546174348583588E-66 5.682928459121541E-108 6.91625464414017E-76 0.0 6.123693441311507 0.0 5.590902409285093E-57 8.472211341974 
0.957770112157437 0.0 0.0 1.3800241334253507E-36 0.0 0.0 0.0 0.0 4.032162815845774E-57 7.818574705873699 
0.9316557517558024 2.4658057515020665E-8 0.0 0.0 0.0 0.0 0.0 4.892931522569803E-10 0.0 10.371923007429604 
1.395740783098304E-65 0.996816124396048 0.0 0.0 0.0 0.0 0.0 0.0 0.0 1.160566806969504 
0.9911075463998099 1.718777706198383E-8 0.0 5.02924354419166E-58 0.0 0.0 0.0 0.0 0.0 1.3221389879361622 
0.465940990853387 0.19295676239310322 2.3714401942003507 0.0 0.0 0.0 0.0 0.0 0.0 0.4782426103261864 
0.7599099505819857 1.8480007596644032E-9 1.9572358086515715 5.0603405225945E-58 0.0 0.0 0.0 0.0 9.791071556032399E-57 0.0 
0.9998760015827677 2.8509812725679914E-9 0.0 5.847177505130499E-36 0.0 0.0 0.0 1.0887108023814545E-9 0.0 0.0 
0.04055379561493076 0.6597553178177399 0.0 0.0 0.0 0.0 0.0 0.0 0.0 0.0 
0.2466738644517544 0.2543332808782779 0.0 0.0 0.0 0.0 0.0 0.0 2.8870956296408013E-65 0.0 
