102.46629621713822 8.927969146604344E-6 0.0 7.426578957846107E-6 4.408734988574339E-6 
1.9437173455913046 0.0021590343918687733 2.0340444564306606 0.00549109121746928 1.039464559240664 
2.1467892411973883 0.0013211412056368132 2.0017736248939544E-4 2.0566301327443602E-4 0.8408653869349878 
2.2385939607299594 2.693566913621618E-5 3.3195981255627176 1.3802340597365186E-4 0.6395155279619114 
1.8342725273923663 1.1897950521467812E-4 1.5373691643806522 1.1396895209338353E-4 1.0423514871991002 
2.50332054606762 1.1105477064097081E-5 0.003220727479652157 0.004607225162542591 0.4546513218544642 
8.226002983455475 8.486223865351097E-8 13.220878888379614 0.009149129501163747 2.275984522827071 
2.0249580390698694 0.002347958128901554 2.194425976282762 8.189160542914869E-5 0.9508457255567869 
2.1418966081822592 0.0025184725369586983 2.818072338512906 0.0027935043546582156 0.7161636607507494 
1.581558614050546 0.001874728726589094 0.061454080069371655 7.43897802391253E-4 1.4594898425145428 
2.9420491669242796 0.0043858946625597835 7.2196157738348035 3.1112242610114127E-6 0.49550721450307306 
1.9351289815403294 0.001813185606307625 4.132645852335599 4.511018545123488E-6 1.613978741260638 
2.3008579044386726 8.763280013381596E-5 4.5913835033941695 0.0061768779814208325 0.45779612622635374 
2.0711189808690884 0.003577328515132647 0.14472082592024754 0.0038802040321251822 0.8952930729544631 
1.7645687020443854 1.948190844041598E-7 6.4138218606069115 6.214789130271928E-6 1.00796560875808 
2.6508094108175957 0.002909029860392441 0.0014526401486255052 0.009267896049388978 0.3112738374570289 
1.4521972742036369 1.2114183045999187E-5 0.07034166165072189 9.108122161439272E-5 1.7852415448084862 
1.596463824337833 1.9441543409333897E-5 2.428219888762828 0.004758847092959205 1.3763324913567474 
1.4860063460871895 4.478878772330151E-5 1.5030484517669864 1.959438901393491E-6 1.6174853529789492 
2.7938350524409086 0.0029041753472398317 13.04464795093399 1.000584238427936E-4 0.39858559049992565 
1.1539041673073382 0.37619925816598787 0.11255875285489664 4.183303621293699E-6 1.56984282743597 
1.7683769298369652 0.006221855055848451 5.909784447619488 0.008655254640919005 1.1023201091742483 
0.6052001796590626 0.012004377790297952 6.559887675184681 0.001132872005649742 2.318911037536965 
1.5046831492678276 0.012177973466390421 3.0409843662958034 3.5833696081631688E-6 1.4450952110216448 
1.048894869194635 0.013125882776227697 0.4609066999102513 0.006475345152873744 2.098930622950154 
0.8325131176346869 0.006586860017578056 1.351784684217453 1.5008037274615992E-6 2.397119063245503 
1.3431615723242514 0.0063332973037098445 1.734854649591865E-4 1.2615051132002718E-4 1.7888818687031929 
0.5336665974093755 0.008341700333256107 5.580755607661321 0.010875105502548742 2.5872260857738856 
1.3071511502058708 0.010276952082031776 11.829852474415034 0.01190364285930619 1.096131972963393 
2.460922799377573 0.009874688217129208 11.353075335872635 2.8736574085464965E-5 0.011622584733974574 
0.9083224073189033 0.007854989236868707 15.618010719851675 2.7557938666272037E-6 1.4476372631734966 
0.011239676090421693 0.012739140426811695 1.1126366609855833 0.02677420738793216 3.335962133116572 
0.5195822372420883 0.004041068561546362 0.9788379494936587 7.024205269164569E-4 2.800998919617493 
1.9234751218903994 0.007026689699769347 0.728097088150567 0.011913215077993736 1.073031059720926 
0.27592937362926184 0.004609891222836998 4.918316440565295 0.004720761961002857 2.880100537156367 
0.8680084827332842 0.0036087044222266502 3.011430254850072 2.572752447939375E-5 2.459470512330915 
0.40407085907565393 0.003531775205495243 3.540744967308605 2.7218070845705667E-6 2.8318609028178074 
0.6558381607165982 1.5326014861229469E-6 674.2107939906559 3.355754498475992E-5 0.5034548280444102 
1.2429147129720628 0.00454368299772897 14.846801579241577 0.012037099677537699 1.0766377001373504 
1.0930766033147996 1.209244651073823E-6 23.96604032998539 2.0597643603750087E-5 1.0955859067675868 
0.49557791852773747 0.0043394905041466685 36.07060828535603 0.01856920122619472 1.0344920544228617 
1.2159265113478621 7.967804562271728E-5 14.154480972826885 0.0021969972655033376 1.1026679625237406 
0.7827073132260067 3.0657699257869716E-4 13.50568578597105 0.005145753683853194 1.682709410157555 
0.9811824570378329 0.0013612108536934322 11.760665311332282 6.861245795630506E-6 1.7993586196181683 
1.1434659736690505 0.004712765882646752 15.821932093945708 1.5497618634030118E-4 1.786993187624869 
0.3182007883864388 0.0034065758044019927 16.40375718610298 0.009280594205551718 2.2494676912898957 
0.5020976633909522 6.311383177270835E-7 9.224857656374962 0.001060647153198157 2.299789693782771 
1.330541755517364 0.004717355495138278 15.281652411771406 0.005119280788723321 0.9604628157983397 
0.397040802847196 0.006727146691533546 17.181969993177006 0.011912765641906907 1.909184745524931 
1.2668242739593705 1.5963012578937284E-5 9.438493760735614 0.004697148156177922 1.3887155515965572 
0.1829586180693039 0.003060010316661941 9.82118924359743 0.005380258265537652 2.77546749885587 
0.2079277379284204 5.034993213932458E-8 7.544805013502016 0.003731146496972748 2.7300600856973793 
0.49225810872586095 0.0021039034465608866 7.73820149995674 1.4535998484794546E-5 2.801335401310605 
0.8354910508737107 0.0032005926367499717 19.79978446024702 0.02521721387635044 1.1368499910200482 
1.2760769814155917 0.004454797019096299 8.850240462681104 0.0017847658024782351 1.5885146969780588 
1.7644558386510365 2.3295820922535478E-5 9.942191601633663 3.5769592954430005E-5 1.0093963932420793 
1.635935814858171 2.3389726415719317E-5 9.605380869970983 0.008606910286825335 1.103113944461135 
1.078456410842976 4.911607585947825E-6 9.144604322149991 0.636695318380221 0.7917240150599393 
0.5207619288724524 0.004691457636420852 0.2643605757715034 0.025953386692019832 2.810843599335053 
0.8925922829024793 1.9454618153721193E-7 3.086697764597979 0.01848588587067396 2.33845886733833 
1.2117935501599186 0.010992848516839423 0.5441246303991573 0.058835473796035105 1.9237333340768026 
0.004754847428264349 4.3352657508019575E-4 2.0084506287356243 0.016317064723999738 3.4282406364240448 
0.9570496658949782 9.608671456026446E-7 18.13898447463861 0.02846293722143336 1.5119314198841771 
0.8788987375936648 1.8724235849764203E-7 5.6556631517146005 0.012215531296202186 2.3556415166575797 
0.3463718143796188 3.6746203683647125E-4 3.7023671522470964 0.009629610239359498 2.8663265939516283 
1.8239261328531022 7.590328271688894E-5 0.002212903942271312 0.011516668089596123 1.1413228172310173 
0.4645624159204585 0.003617382765678682 0.2440930749991657 0.009908864457324426 2.8799930912972016 
0.6845171188504058 0.002471656526761542 7.580774104011368 0.008870611210263312 2.191727526658826 
0.30788241646817893 0.0036360758183582582 5.304050184515104 0.008682689449387928 2.965048072473111 
1.7712731090128353 4.6861832527881836E-5 5.1251091449772295 0.008617718881420353 1.099825310538535 
1.46520772795531 0.0056124668543494835 7.5591865231061925 0.012238801615513422 1.3837984629861964 
1.7075904948849396 0.002364792564586233 4.142336606715056 0.00795112124180104 1.28492389590598 
2.1850690658864376 0.0024190073736018777 12.272213588524753 0.011155106199725474 0.4220737492324329 
1.4365664633009365 3.529211148763203E-5 0.018167662313258764 0.006186441167103881 1.775379419543312 
0.9423154442841444 1.1048364427732743E-5 4.383496674918208 0.003966208062519433 2.078468868591738 
0.6434381094201588 2.0419329948162815E-5 1.7074362896685742 0.0037298900798447524 2.7364721512283086 
9.143547567591023E-8 1.4982618743514185E-8 6.202386271049251E-5 7.67737071881403E-7 99.55937920838629 
0.3391594206425406 0.0013097004420202936 5.154462884257591 0.0036242238597727467 2.7518249482839643 
0.20793805690712924 4.839629880803876E-8 7.588211232172438 0.003711741477364475 7.76476725153278 
0.5073149969342547 7.908438804031513E-6 0.02750564556196213 0.009887850759499474 8.17052815022038 
0.0017099423885966844 0.0015800850445685502 0.11205773201129822 0.0024134857283419032 3.5011349717860916 
0.4923665649968616 0.0021032690767383046 1.7153643005291108 2.421447659906497E-5 2.8033309644960553 
0.6328700069790701 2.6844358090593476E-5 1.164341015365061 0.0036890745051137144 2.7381744605203715 
0.3148311302032016 0.002783338721617085 4.934943383483487 5.4628580111754857E-5 2.749522741869943 
0.6114880891845186 1.2233624585493464E-6 0.025089464162837683 2.3131508044891434E-5 2.776523719597369 
0.9156569105807689 0.0013608748856845636 6.583426805972284E-5 2.781220473398089E-6 2.3004775589846753 
0.6795205709967392 1.4388985174779746E-5 5.249036351450814 0.0011749970094782844 2.322060104317726 
0.9564847643439734 4.280831042024422E-6 9.601849100575947E-4 0.0034411487729990734 2.3158898684506615 
0.5020489290156815 0.0023062056873514986 0.8395068261598836 0.002557923737862457 2.8107881961888266 
0.7297027133153975 0.0027392288119533962 5.512939463404414 2.795009180525362E-5 2.3001735966010175 
0.8794407086908415 3.7790252748445458E-6 2.821894869153988 4.851203052458024E-6 2.33813750679199 
1.1245643703050676 1.3253181089506463E-5 5.047991649548621 0.003263415453134537 1.845885802611142 
1.3529251664048996 0.002333157224499963 5.603084595355756E-4 1.1481834183514156E-5 1.7609068638218857 
1.2655420947638991 1.5684781325459194E-5 5.215786716789932 5.207923847017415E-6 1.723129466927497 
1.284909811560085 0.001848010563707108 4.302490435144862 1.102261269916754E-5 1.6188244484109333 
1.6294784464450252 1.6757625961064557E-5 6.2915187535169395 0.004102853042869642 1.5109999601264492 
