9159.421284028787 0.05530501159393379 38.3988760820833 0.008024886005557213 1.5384447491084894 
2626.043007982057 0.024507350524798348 66.45512587215099 0.012933675497284745 0.8490460465835844 
1381.0828248101168 0.018023092939639898 44.093553559862215 0.05509852338108779 1.6993552222014998 
371.2593164974073 0.004086266361974724 17.992868323715907 0.007899700996164497 3.204953468943717 
364.4173293858859 0.010040351012798817 26.704740171728456 0.03184113345124527 2.696872439927148 
99.86275754976363 0.0030907470357029215 10.17484665441847 4.472695002473281E-4 3.6770697064139672 
104.85497420584119 0.004302796978317952 10.865144808554215 0.010780999607832145 3.5807063690673275 
269.9491058811058 0.02007112236630029 44.82566826040621 0.001995363781595576 2.3966348219100824 
124.85269814274237 0.00438048603007107 23.212130883602654 0.008097015304809203 2.9323101178929525 
143.34032814012957 0.012707981623446683 37.45121957474761 0.150275008713699 2.039031958233729 
107.8234273568769 0.002000732664843459 25.93967026046529 0.03514150890605719 2.7727459289830003 
49.20937011890963 0.002663770109628358 19.513391982632964 0.0034274842076707046 3.1681399020904926 
60.89787547167935 0.00875128739929671 24.410065831683387 0.0017828599077886033 2.988038790083077 
94.73590574397957 0.00496307954437431 16.829985546395424 9.170925150511895E-4 3.373862957881428 
190.1493114061446 0.011199696464687842 39.557206520033965 0.005157529593914693 2.4243776017943417 
28.04900275773053 6.619651315709376E-4 13.65729013455008 0.013775754071607579 3.4746681245254902 
71.16718705682288 0.006005040786108521 39.40581362650428 1.7881498646776111E-4 2.4862301604560084 
23.830172341658937 0.004045564561683117 8.468167416790376 0.04000644446800377 3.6765046487499515 
59.50615566896382 0.0023305528904891894 13.446980717414633 0.013631030954729268 3.4129749953429984 
65.17922992155296 0.012262660375746687 44.49553504551117 0.0765084967758406 1.6485119097975345 
7.517237297879867 0.09801326754036437 10.746775235652525 0.0016497979775321608 3.410899621590042 
33.745016499012515 0.013788782191272993 1.7683525871403705 0.010830529779527786 4.082394326274565 
184.0806934048968 0.026507507319588907 15.109499989964398 0.0656963061281593 3.265072530160527 
70.6827431239048 0.024327685956978082 21.39559046176192 0.0072173014484369765 3.041226952852612 
29.125056793807065 0.012724104467931202 9.471395880918392 3.3120419542387325E-4 3.66714576571798 
3601.5311016781 0.05056656922453674 13.837778387176831 0.12906548718979308 3.039154205742523 
105.34696469420405 0.012983039936068055 12.419609646504206 0.011748471583423315 3.488260349671313 
694.9143744625447 0.02765310760886192 30.37548854154983 0.0014416842972521434 2.892132290587671 
108.23792460996425 0.013570808728825939 14.40506218395356 0.06522613076190334 3.269532037546281 
36.43936668857589 0.018610656592173442 24.70980143062832 0.022566501533908264 2.760065443120048 
26.843121212554546 0.00924971713869621 8.952956415960038 0.04095154686323572 3.6617977964173525 
41.43429502135029 0.006823907666312444 5.757292350927515 0.025265719194641736 3.875834215769991 
30.99434077197846 0.012898663216908338 22.071627591848685 0.0027957274515203775 3.0434475400938714 
1938.5089543419604 0.018449552890852504 25.0107214886762 0.0234125290368267 2.7835343103667523 
51.13841057300481 0.005556561095809893 6.836857386033882 4.386156831568474E-4 3.8363056505516546 
1409.438181301646 0.022616864618082936 35.42930646473336 1.5495154596019383E-5 2.6521273483666907 
551.3214859566457 0.02072855893546265 43.52239340973366 0.03489255923886008 1.7786141374525455 
30.594771295815168 0.007275237612756764 14.139384890624891 0.0035283770937189203 3.442208021895528 
1192.8202911831497 0.014847816850836101 26.233692201275755 0.004370632400044262 2.782462205756686 
0.30754258275388147 7.796253172159862E-6 121.83864270269616 5.5930813212702596E-5 0.8175963576387534 
369.1054643525787 0.007649955085096566 48.44266306738498 0.0076690309351594415 1.6070353377266664 
68.37367885119522 0.0024486031464456682 71.64929686936873 0.01514848280471301 0.8401526834501137 
3.4043604909822784 1.6256289485197886E-4 48.54129641196339 0.00896401751966902 1.7290047411984366 
56.61619232370683 0.001727773167778278 46.43210828059404 0.011094067128395727 1.8569815024837883 
0.7506467148338923 9.235138310394153E-5 40.685104400952085 0.00311657044839404 2.0740794494189116 
13.69617552255672 7.257871704376965E-4 49.65909573711885 0.037069518472138 1.672824071753954 
221.33020371221983 0.0034674051808966226 49.87335711565468 0.007912473716733048 1.540119630683044 
68.3875507673785 0.0041937282832590446 52.076750692874775 0.006676203389946278 1.9163947304977709 
1.7318224389780772 1.6614090529554036E-4 38.85338852906384 0.015451207253688431 2.488485336502502 
4.017817195833801 9.248636568842068E-4 36.67075835016075 0.0011575218923199427 2.453993693420332 
18.64245509091234 0.002187216955189011 36.82489267600598 0.009668797855117588 2.2027700906069865 
56.491024162891684 0.003486273771747703 46.705134041256144 0.03889211411609206 1.676899771501884 
366.58693367091576 0.013911753228165015 113.89581730287661 8.306779089554211E-5 0.8176064199321628 
5.759726035738327 0.0049685577223253135 47.604027394385724 0.0011652037355190698 2.163554559555184 
112.46334895732181 0.006355244001541131 50.67534859186028 0.006496869496622064 1.4412495851477665 
0.6517410669010768 8.18879325541157E-5 29.582490146179733 0.004297913062646063 2.5894204926550084 
137.1251190844714 0.0020477890918381403 30.62318665555467 0.012960133541122429 2.5383073096932227 
38.528941880774745 0.0022215338356151026 29.50377686470213 0.007584261117364015 2.5803278918127077 
9.094634204920213 0.003070261684540868 30.075567837995038 0.008097163952616709 2.5265611933274394 
34.05603940695286 0.0010640456504008257 11.738910615785095 1.0550154396966662 2.2129313851138224 
0.02719311727233256 9.725343719863637E-5 33.8808980493816 0.09565368854846204 4.308248473401197 
39.158096127307296 0.01016042477890343 44.29342238925918 0.07564293130584297 1.6647352016555155 
2.1858833906257327 6.143727684466993E-4 32.58526839942442 0.0525469616332347 2.329953951784856 
7.835401099034889 0.006641960178689381 26.72328772327244 0.03406074766837736 2.607305940769575 
11.637838801305175 0.0036012490760807185 24.739273480454102 0.022000047387811607 2.806879364000768 
2.05694563837439 8.640554520164044E-4 19.23367877497653 0.01941930070917071 3.151338872413551 
23.64629940863251 0.014453373573365461 44.34590492101113 0.03611569950274137 1.7787996843590315 
20.96409944749089 0.010303752358904975 25.22785371121965 0.021107198403501174 2.755535355390283 
2.384246214068018 0.008133501948649676 46.13464140259854 0.007111450469757812 2.0100772162693756 
7.150534990928956 7.036463260982589E-4 15.017430059513103 0.00612053316180614 3.404504772976662 
4.21078566882912 0.003259690959398455 9.760319114799469 0.001147126599157321 3.769468530457327 
16.625286206606262 0.005154595877434952 11.346667254100304 0.0010660286566866798 3.6103436520032184 
14.314353510665871 0.001231513233310518 20.951186652080615 0.0010996543028161732 3.1178052292469034 
3.9761277381022255 0.005862565657158364 17.872523191223422 5.023634778376642E-4 3.3069682013700596 
1.0071315396782494 1.0254896164033063E-4 10.04510106823613 0.002084804933000874 3.7630511020104764 
17.50521842093189 0.005130810776732627 23.446309881379374 0.006964203129255302 2.9086184063218945 
2.8946818290292313 0.001774822963993484 13.605524748756148 0.001010080001921347 3.6429597844017687 
18.599185133809677 0.00904071437293831 19.523599296676363 9.784666633368883E-5 3.296777093167625 
1.6266435998294668E-23 2.845881494671504E-25 1.8595796039987547E-15 5.222436694758684E-12 4.879407486759523 
100.6992982193061 0.0036474018265273893 5.557251820668958 0.024299587741510923 3.889806191223114 
0.9633965790472386 8.694141414939312E-5 1.0959482763986956 0.0010931420542198706 4.163223695244139 
1.9525118495848848 0.0010753838262852467 0.38235184750173223 3.602975692940862E-4 4.209501753799122 
3.0096950612418416 0.0014316838839641976 2.2258610248455453 1.3075773019508838E-4 4.098159522024751 
93.53654054012415 0.0019545628599556405 0.672180908911782 0.008688239437809315 4.167808193791058 
13.423977334023144 9.87052882167416E-4 3.106406798343437 0.011203347058129583 4.019584945465373 
3.1715213853800126 8.470105341995164E-4 3.7979615784138394 4.520687891543014E-4 4.026630838335376 
6.761347508254576 0.0017173401735516712 3.59987819537826 4.8346754587419324E-4 4.02083973528187 
5.084961412459729 0.0029504448152891773 2.032523982005039 0.007738110437380757 4.090482776542197 
4.277777347326179 0.0026101793102838657 3.631904140027785 4.6844904766863506E-4 4.042903566448481 
10.82895984126102 7.051223809189508E-4 5.334599603400545 8.267453976127313E-4 3.942041339169832 
17.967140391152466 0.0036119332224338247 3.37947333243847 5.160483208952393E-4 4.026500432760324 
46.2595592081961 0.0025080242989925267 6.09074993838202 0.002015680794408542 3.8983482409860812 
2.3625973813029613 1.779012262165161E-4 7.197176566102151 0.005236918593255189 3.8489972933002012 
7.7264361161889115 0.0016555855902385085 6.895775981012589 0.02387392234869024 3.796870832864138 
0.02857722631923223 2.5053447735157877E-5 8.774318772457118 0.04519747897223084 4.522162135381474 
11.35191129563947 0.003915867296796134 7.400788116143619 2.0102380246356783E-4 3.8348910926838804 
6.294838702096604 0.0010304531103910222 8.176177797336859 0.003923459473508368 3.8049077456720473 
1.6881841002471965 9.152467312406499E-5 9.191533456246267 0.001701430174108958 3.7738892081817808 
