0.2700353278846781 0.12040880316754912 0.026795798754843947 0.8295921025975674 0.11219840690093148 0.2587216738340947 0.8446858950830903 2.6412205321796276 
0.17987658101410287 0.08005423575517512 0.14587894328043383 1.1045252745343168 0.34063846063047026 0.7401869287341828 1.776401827021738 5.5707785353977455 
0.2323162260630444 0.10281379489595986 0.023194930932303546 1.2906825199744791 0.10338079612425474 0.2758849408061854 0.7881964549066408 2.429459162791287 
0.24308601856124085 0.1126517067331445 0.06614120012794247 0.8907547472679348 0.3133537728420164 0.5039324588106704 2.005683961159355 4.384228629574105 
0.22869533634460185 0.09713346850600736 0.06890604804840977 1.3259818102852203 0.20899408450247978 0.4821730465128219 2.084435849667488 5.583076684598656 
0.22334839070145646 0.09575360145115992 0.09580487882807494 0.8469276691691761 0.16878613598512168 0.7170925502703613 1.8090858327714825 1.9245689971993922 
0.20119507949417098 0.21033235819516663 0.028083361723827718 0.9909085711139708 0.1033989777527268 0.2593858544201213 0.5889871517407198 2.3972890424951725 
0.22315330460583208 0.16672580959301386 0.15428224220497996 0.7818281185499143 0.4717645212511768 0.7034897221696356 1.8167239163929485 4.581373481474527 
0.193063266574412 0.11030123084915777 0.15980701848133463 0.8022250740498613 0.2782580264837808 0.9280437514345234 2.630511541607028 3.174042844902682 
0.18403156087013078 0.09539007755284194 0.10272776982845204 0.9152827766658282 0.21976669777264438 0.9762430019640429 2.97556204216126 5.675303478976245 
0.18411404200209747 0.1936009957498483 0.057309118599821754 0.9134620572084279 0.2509881369264532 0.3683473069329854 1.6543631984139648 2.9725683318556584 
0.20220804757074098 0.14161644450118283 0.05639961255772332 1.2234484023122174 0.25770984261594515 0.7545388503364313 1.8467899039119835 3.464857048817389 
0.11047017890918837 0.2942372890448657 0.03976235149819302 0.82570443805691 0.09704894578238514 0.2371859668681662 0.5364557880948192 1.9631380361022426 
0.08447349623108685 0.24864342730698302 0.20150754051740075 1.1898590365242072 0.40530542964677946 0.609924828936714 2.102936254306015 5.898197840454147 
0.10927996959029415 0.2666487316020252 0.04379098608490392 0.8094564792635656 0.41175742435716844 0.3729047742976352 1.793376559335388 4.500664463473032 
0.09858272087890793 0.24730601162683313 0.03483052015065638 1.2874343891328768 0.1355153334572604 0.3780343238312385 0.9478590123109785 2.385084974286915 
0.11616367522151243 0.2657883981003873 0.059533887816082945 0.8237983210746254 0.20718211974947903 0.40806976147991897 1.5364219691548409 2.2326051408044902 
0.16656795207955302 0.2395347073305991 0.05839615492097056 0.8368246622161929 0.1771734539430668 0.44266671833916704 1.3793394271309554 2.4228190841573047 
0.09363515969680673 0.2220340956532468 0.09717847598005458 0.8495092477604482 0.1883211443344801 0.9459146050938593 2.024029730144956 3.4126563478525394 
0.09009612525421802 0.25725298077691244 0.06634856828046297 1.3298818046917065 0.2933957230515528 0.5643557746339731 4.030061515408898 4.073888766574006 
0.10066367843700907 0.2390589071967011 0.04983183177501525 1.2605473529034712 0.20919817025046702 0.6646686997453954 1.7708801505145668 4.550407495065537 
0.12795858798310292 0.23358089092962536 0.0625777866740407 0.8253647381429783 0.30118120055610614 0.7649700985930951 3.035854586768674 4.061922090893055 
0.09696390991816954 0.22737151099121528 0.058758720490688976 1.2968383335731422 0.21110014142825465 0.6657185589908076 2.809864219725551 8.013933319558504 
0.09878156963264566 0.2656092267741126 0.10220805849220554 0.891035872041449 0.508918529313257 1.2352893293982674 1.6244654148400353 6.6588050150800395 
0.14057598686928235 0.14560121750838714 0.18811107284492512 1.3681439571653005 0.46190899694270177 1.1625414919894814 3.0927382501873826 7.552630619330448 
0.05800734528455634 0.1754690331282851 0.23874563715929178 1.1931696261884615 0.3820694004701444 1.1055760792589069 3.786168246792606 8.741687064137873 
0.17650524513984095 0.12609040947336644 0.22248810080446535 1.274762294845996 0.28456073605486626 0.5636893432968763 3.5087537327665705 8.103088815344337 
0.2151611614227564 0.10010428735920686 0.2528824837842017 0.7774249734037462 0.35386582081993545 1.9413195082464547 1.3987329801181385 6.494025129917563 
0.08581000280085142 0.24338539025727335 0.19659586514204824 1.1945117400102823 0.37969057238118203 0.7688767407723418 2.8013093183629816 5.398911154283468 
0.10450076532669718 0.19095535568414382 0.19603222726454125 0.859537701655198 0.31872367612349495 1.1236442194019631 1.827022478330884 5.147208042690112 
0.1737126173089114 0.11636991435220292 0.16482493043313326 1.2713551051514962 0.37405544107297967 0.8930393478977401 2.4066140989437157 4.977366492254276 
0.07201224906693797 0.21226676340612155 0.18950597200300906 0.9717690690373197 0.4264270792677877 0.9097263907428712 3.636471429502241 7.827740670567286 
0.1340765902533683 0.21448394433229345 0.1886363347049549 0.9123830770345925 0.42874470434587647 1.7562500387348512 2.0724216923471506 3.229542285073332 
0.07796487929175062 0.2453125307405531 0.24793662667189095 1.2311251860805748 0.44472425839917584 0.9059290800029787 5.997928740548917 16.38062737899911 
0.16024671722593523 0.1565970853244631 0.1600395061545554 0.7713262792828269 0.2605098662911532 0.8920523566645283 2.232346922712268 5.715218534552079 
0.06775496310344849 0.11258572095854569 0.02221617825694334 2.0000339261757807 0.12324841433737074 0.30723472616454767 0.8257547404326414 2.9085046627872377 
0.11221078931430083 0.11020075035581563 0.12561930348405498 1.79759759464197 0.36013457592336123 0.8275209682833775 2.0072733306846864 7.015281908897991 
0.09830842401356114 0.06656378288614857 0.04993402430963499 1.9284932697513781 0.2006127395696303 0.5136070665861217 1.9159696304531106 4.587398228231063 
0.08829101429727186 0.03745035870100616 0.0605995242065007 1.977268100765571 0.1727860814435035 0.9277301852420945 2.4434751356989453 5.095234327981725 
0.04625640526545775 0.08959225895175944 0.043418160926317236 1.97110692207775 0.3453919098256153 1.2248986287905055 1.5734870850262543 3.467553180675848 
0.039293756926977855 0.10624950661986557 0.0502279789839959 1.9414871061986503 0.41530423838640335 0.8018399910611941 2.030344312541607 5.472700733819225 
0.12119024002498693 0.12409679894462249 0.04075885909505289 1.7511189373408873 0.1160805089789375 0.3742763735593145 1.5469018977577995 3.857420856299363 
0.16167661499978042 0.06933074119201758 0.032463002098713896 1.7840464471491413 0.12255095439870327 0.5423068610600907 0.9719101396994144 1.9722081946850816 
0.1017700305136482 0.04194807717888577 0.02531823615002089 1.9772208931367468 0.4128377280960335 0.6774313285781974 2.2739299667575006 5.247731977219382 
0.07672532961588754 0.03731804138912332 0.06727333815482603 1.930025782582562 0.35396440363157444 1.3184668136562232 2.894746139047109 7.244560900847349 
0.0641168017823752 0.16291939663165866 0.030492990040997498 1.7356956956552991 0.1992106196488332 0.6076601871870964 1.5681956129467065 3.2948168565693767 
0.048790786812959216 0.12527166168359297 0.13385704956138483 1.7597621988801835 0.16652605842794677 0.8155983422142039 1.2945938466152804 9.512920673769102 
0.07865757515468996 0.24042827729187152 0.1667700478329059 0.8672007367632316 1.08073516733141 1.0761568863009467 3.277182893371412 10.633871246712971 
0.09080643865705137 0.20960275639539774 0.2748051602769511 0.7943512312519591 0.7225379651123714 1.036019287381938 1.7136214124620361 6.610993615462967 
0.106896168980659 0.04104148232851054 0.03964288298593412 1.9378906791183725 0.7303284395915259 1.1627942889522727 3.3803287652655767 9.226247021705678 
0.08893995754657937 0.22124820991409958 0.12291556527467788 1.2656750483216532 0.5915832219680178 1.2214573525654364 1.7385511064690267 8.903110997471662 
0.07143456865399181 0.15100069881131584 0.08653308953985213 1.6870468527790856 0.5212825718999182 0.7811421719113203 1.656677290114654 4.261319162066457 
0.11749109110928328 0.21931049000285896 0.11471646680119646 1.0106092429217952 0.557572976132822 0.6718411857555497 3.554397101567058 10.675672215565 
0.10975846200181798 0.24269451724290045 0.25114129465619606 0.8230911519682719 0.6441806381898008 0.8432700692366737 1.9209107706938016 15.327899331438553 
0.17009941511175303 0.14138682477200756 0.18866266818388736 0.8103751437019221 0.5127949742238159 0.7079629044007726 1.821969504013559 8.625828852071022 
0.09775789106058708 0.16590943540621947 0.17410724185687973 0.8732614460245302 0.6145667081451794 1.4705845862620326 3.591713892810032 4.524212752284637 
0.17619344058256436 0.08004446510476619 0.19387761050961297 0.9397983343165742 0.572685253025856 1.4247118156129472 4.2192687975187955 8.726769588476019 
0.16426535673309745 0.07829307533574828 0.11185951494442728 1.1560250807828918 0.3171456150543544 1.534830729061651 1.6533379663588859 6.836471980000664 
0.14588976768305756 0.16402130969726983 0.18424530440790432 1.321302697729719 0.37119337661677554 1.3212656137694856 3.3162296247213083 11.558253985992422 
0.07091286891267999 0.18400456512083072 0.10502204343554904 0.9568274301338331 0.6026290591854297 1.8763262833582566 5.2625352947875195 9.052218730649209 
0.18635703111238713 0.10179165818525387 0.11329584016539217 0.899586667414675 0.3958655562721111 1.3604814028380754 2.768492145336065 5.476974756540461 
0.16516674141127682 0.08290818802779908 0.1286076569199678 1.524329992608683 0.30564667621042063 1.3363055968527953 1.4019692206679288 3.723267258396447 
0.10215066484471154 0.19002804096199533 0.0955652361266543 0.8690282877918345 0.3855160653403383 1.0681134120845566 1.4607790092996116 3.8617770121356125 
0.12901715579087844 0.19948932955757903 0.10534736656735973 0.8536251533449053 0.2736261821163878 1.2424714377099788 3.2633530889619156 5.6735311597617795 
0.15802966312560515 0.16778485883757177 0.12234675527889557 0.8159852010384561 0.20547847971646535 1.156815833943416 1.623293282383848 4.699105804185749 
0.05564757836672391 0.1589762923055266 0.11430821420258401 1.7358299742242609 0.2796335126463549 1.1517400947383383 1.738959032486325 3.1828829117770225 
0.0969522579556961 0.22230933610333567 0.12369524109805397 1.2954253684994181 0.3457824368582723 1.2954736268914997 1.2269172188583928 12.471801492141847 
0.09024625632049506 0.10370151589164082 0.07743654972925679 1.738423139184524 0.40454622401174084 1.1325850144066985 2.106664907001483 9.843293176619913 
0.07108204786071118 0.17685249845987422 0.08439180606584155 1.289648470931218 0.1601611378007824 1.3620846757403848 2.547343646046089 7.6093347713757975 
0.047111608642411165 0.17576928162586672 0.15019955621904488 1.6296412257121917 0.41013084581801945 0.8085154192742786 5.5034842809077835 20.665824537386552 
0.14117809279379231 0.06321149607348764 0.13600632906685103 1.7491752966399257 0.5162715232966325 0.752312856658982 4.316228051511205 11.8691686614258 
0.11848116352057196 0.07197358589106709 0.12567681056964192 1.765840266157473 0.3117167363891857 1.1702771862429329 3.5949535310787657 2.452606694883845 
0.12311229825291256 0.22174510993940116 0.053210604899301545 0.8394158905403191 0.30124032070810486 1.081736641329701 3.32756866409584 4.2520944503353455 
0.17221454796292962 0.2011952229715919 0.12949100387848603 0.7854312917731548 0.3255575485412429 0.8455890340240894 2.9545264299948224 4.546052956260817 
0.16109917671023458 0.0656372690258678 0.0396291678813831 1.7006637184181377 0.2895354097997046 0.5351343369701002 3.6208329743439696 5.234012261635303 
0.07501435300239231 0.1762409294297087 0.10836772502403351 1.313792097942817 0.3834523384888677 0.9398890955792738 2.6753773353526356 7.3899414753539405 
0.08522473786580932 0.17966501737947235 0.06708695352214243 1.4105447599646221 0.20275912092985118 0.8793357014448604 2.8494539588224974 5.012827349372655 
0.11440577682792921 0.17089886151761877 0.0990817785115524 1.5151963657178467 0.2934037161732339 0.3884180655172119 2.4385298164114886 3.557205994544135 
0.04861207751326161 0.10460266079158313 0.10282309321338748 1.778185652998026 0.41216903143985306 1.0423374500517237 2.9499609583394832 12.65651732945483 
0.1798070954739721 0.14524714973215977 0.06947062397914101 1.3177640763575027 0.31609613212789783 0.4583785813592752 2.9360791949434164 7.519253293321763 
0.07554637302962237 0.1621852493934039 0.09245199494235933 1.3084663010824782 0.4131124033894956 0.9571152117004914 2.129451612669787 8.090227990338695 
0.16974463212377403 0.15932134662382377 0.09664712558508062 1.2807503245655711 0.2966874222863801 0.8999553989211805 2.067207927417053 6.450854903041683 
0.08769118773830685 0.17599423979955095 0.06376568565613427 1.3988607672672229 0.15642218750790218 0.7671610202883161 2.208901335592322 7.6935761461368575 
0.11766980210498296 0.16522081972424202 0.1300921027178697 1.4580895883977147 0.37637810588717163 0.5453832411243802 1.873167034193097 6.671443854983942 
0.16442280772475776 0.0925210595267804 0.08816387895430428 1.3031392778494673 0.2983472430820725 0.526702252532608 2.153477131279841 5.613423070898052 
0.1683500200055092 0.06962632662242615 0.11750114815430752 1.5765069769958044 0.44555450805645486 0.8027594453143384 2.1431699607740975 6.245309682815261 
0.17042083896555016 0.1746820288894581 0.0719033947782552 0.8233410272346746 0.4165468280775843 0.5849529357430849 2.255693564003554 7.737493911540668 
0.1640733548981553 0.15601248402211704 0.13004842826831414 1.2873085355394684 0.25933520805394317 0.5132335212136422 2.254838127317225 5.561265993764104 
0.14484180610587616 0.1269422259815627 0.06246569169635271 1.5485390525685372 0.2842524043086647 0.5604355976508831 1.5295378889283224 5.114084569275649 
0.12110598798837897 0.18645138929522026 0.09327489685595422 1.4896161224583069 0.23239694890570406 1.0530741068080192 1.8517462390819253 3.9312918193016557 
0.16381686710319285 0.13483959209363836 0.05570739782250917 1.4844468815299934 0.17331819011526658 0.3521405235726666 0.9916931608312858 3.3977594229647576 
0.11890309753742263 0.17648763153090946 0.06981996676723382 1.5094901789347426 0.14163641353213405 0.41597875293477565 1.916915383013617 3.1988439889044273 
