0.22543747941825032 0.0 0.0 0.0 0.0 0.0 0.0 18.457944357452135 
0.22340328461697112 0.0 7.060580038142916E-5 0.0 0.0 0.0 0.0 18.457699853128613 
0.21729340221717486 0.0 0.0 0.0 0.0 0.0 0.0 18.45862575083102 
0.20190741486862684 0.0 0.0 0.0 0.0 0.0 0.0 18.460129961537735 
0.1692229745437306 0.0 1.5156210508848744E-7 0.0 0.0 0.0 0.0 18.465079205713238 
0.1692229745437306 0.0 0.0 0.0 0.0 0.0 0.0 18.46509780639567 
0.21350158690163568 0.0 0.0 0.0 0.0 0.0 0.0 18.458936448760266 
0.0 0.23900662714878607 0.0 0.0 0.0 0.0 0.0 18.45784841366168 
0.0 0.23625533286461398 0.0 0.0 0.0 0.0 0.0 18.459861998480413 
0.0 0.22654104905471506 7.732539928682058E-4 0.0 0.0 0.0 0.0 18.460502012234446 
0.0 0.23941401374469962 1.1109193742697698E-6 0.0 0.0 0.020589425244544657 0.0 18.456045043490434 
0.00870894757657048 0.044183504924180994 6.738268784189927E-5 0.0 0.0 0.0 0.0 18.493232193017977 
0.06300397646806744 0.252068233008341 0.0 0.0 0.0 0.0 0.0 18.449912436900696 
0.010975111511758229 0.0 0.07128776608822207 0.0 0.0 0.0 0.0 18.48608334784589 
0.0 0.23941401374469962 0.07128776608822207 0.0 0.0 0.0 0.0 18.451116824442792 
0.2022394143230617 0.0 0.06883737611800989 0.0 0.0 0.0 0.0 18.45335048694226 
0.0 0.0 0.0 0.0 0.0 0.0 0.27061404430071434 18.46186774696006 
0.21394895172541872 0.25480991650990603 0.0 0.0 0.0 0.0 0.0 18.422295500775476 
0.004628968460256289 0.0 0.0 0.0 0.0 0.0 0.0 18.49472218273771 
0.017862648458617514 0.0 0.0 0.0 0.0 0.0 0.0 18.493745931590464 
0.0 0.0 0.0 0.292699918287056 0.0 0.0 0.0 18.4644784693698 
0.11271873970912516 0.0 0.0 0.30320083723652935 0.0 0.0 0.0 18.448621104704447 
0.20220279497739213 0.23698495589380109 6.80425609651536E-5 0.29011931606882513 0.0 0.0 0.0 18.41329334726634 
0.21394895172541872 0.0 0.0 0.29011931606882513 0.0024418818652467422 0.09119114237583048 0.0 18.409901550967348 
0.22863557639186816 4.2964610804219205E-4 0.07186445548613207 0.0 0.0 0.0 0.0 18.4528347240931 
0.2022394143230617 0.11803616144671025 6.728863142946295E-5 0.0 0.0 0.0 0.17600150112712853 18.415763688664576 
0.10582751317083883 0.23941401374469962 2.9912311561020033E-4 0.0 0.0 0.0 0.0 18.445185888667336 
0.06567094433375864 0.09082774885116329 1.3349046312782775E-8 0.0 0.0 0.0 0.0 18.480318439401078 
0.0012593800355595874 0.0 6.80425609651536E-5 0.0 0.233017551091649 9.718203413733306E-5 0.0 18.46904124395488 
0.0 0.22656287164680577 7.732539928682058E-4 0.0 0.29169146399271284 0.0 0.0 18.44183552618592 
3.3460272144836267E-4 0.0340129781275742 0.1314664596086299 0.0 0.28219491087039295 0.002588399504281469 0.004495801636513974 18.454540588450147 
0.20220279497739213 0.0 0.0 0.0 0.233017551091649 0.0 0.0 18.428299150456425 
0.0 0.0 0.0 0.0 0.28235512691342457 0.09106686330794389 0.27061404430071434 18.41492487362829 
0.13642649995734146 0.23698495589380109 0.0 0.0 0.19891012593662794 0.09106063165667244 0.0 18.388941506669656 
0.20220279497739213 0.3692315893494236 6.80425609651536E-5 0.0 0.233017551091649 9.718203413733306E-5 0.0 18.41519786186992 
0.2022394143230617 0.2404435910930136 6.80425609651536E-5 0.0 0.19891012593662794 0.049351048850031276 0.0 18.38593404255995 
0.2022394143230617 0.23698495589380109 0.0 0.0 0.19891012593662794 0.09870209770006255 0.0 18.376485689774928 
0.0 0.23941401374469962 0.0 0.0 0.023001173707665856 0.0 0.17657530971790614 18.429849349939484 
0.04882152963001829 0.0 0.0 0.0 0.006181412907940498 0.0 0.0 18.488591696741643 
0.0013240501895666057 0.0 0.0 0.0 0.0 0.10989778097301084 0.0 18.4778786081005 
0.06224849868102034 0.23698495589380109 6.80425609651536E-5 0.0 0.19352983231625842 0.09106063165667244 0.0 18.408712294028813 
0.04369301817474103 0.0 0.0 0.0 0.09945506296831397 0.09575687950719924 0.0 18.46347864092281 
0.04285358337171097 0.0 3.403462952888958E-5 0.0 0.19891012593662794 0.14510792835723052 0.0 18.437410598020918 
0.0 0.23941401374469962 0.0 0.0 0.0 0.09957761252889341 0.0 18.445019962639208 
0.0 0.009904001658762596 6.80425609651536E-5 0.0 0.19956224712079162 0.09106063165667244 0.0 18.447213206726396 
0.06224849868102034 0.0013001580484495179 0.0 0.0 0.19956224712079162 0.09106063165667244 0.0 18.46595579414469 
0.0 0.23698495589380109 6.80425609651536E-5 0.0 0.19891012593662794 0.09870209770006255 0.0 18.409868141602146 
0.2022394143230617 0.0 1.3349046312782775E-8 0.0 0.0 0.09957761252889341 0.0 18.45176091134245 
0.06750629443535594 0.09058662966069875 6.80425609651536E-5 0.29011931606882513 0.0024418818652467422 0.09617923014832108 0.0 18.47064623686078 
0.21350158690163568 0.0 0.0 0.0 0.0 0.0 0.2740224148439019 18.423410805839858 
0.10564252359323412 0.09184472377851627 0.0 0.0 0.0 0.0 0.0 18.47368749872017 
9.11057045970054E-4 0.0 0.0 0.0 0.0 0.0 0.0 18.494750182442104 
0.22543747941825032 0.0 0.0 0.0 0.0 0.04293400707774708 0.0 18.45300571771952 
0.022145582689244492 0.0 0.0 0.0 0.0 0.0 0.0 18.492309771156016 
0.06366884801281536 0.0 0.0 0.0 0.0 0.0 0.0 18.486781515010613 
0.0 0.0 0.0 0.0 0.0 0.0 0.0 18.495148546629572 
0.22543747941825032 0.01580672755691026 0.0 0.0 0.0 0.0 0.0 18.45651696998035 
