23.358298999860796 0.016457518709361265 0.0036484851657204815 0.007367725109063104 0.0035069711514636266 0.003942517131209723 0.012931765165861468 0.03139257076882284 0.01584679989718167 0.0012204235930526333 
0.8905760520475057 0.29228624589720353 0.0014792385625324155 0.3176875289058152 0.001410392689963129 0.037470348323460245 0.008200546245090876 0.04511687059320014 0.024879150292771407 2.99708839372132E-4 
2.1567943002695524 0.3141188932719911 0.62919342073322 0.008083997732690326 0.00104352116413683 0.00434898902906918 0.04299872302409444 0.023451738227365005 0.03665630013476673 0.0455269451690706 
0.5645992637348842 0.019476989570406784 0.01588160076322341 0.03197983585515196 0.22168659426267343 0.0012706330473349272 0.039598076328420245 0.02104394144540938 0.03484421410896453 0.0018298747965701722 
0.03497385888872595 0.02092850204649413 0.017049846239404278 0.00558980337590015 0.008478461936804833 0.004551836813891153 0.02193357547140373 0.0313152089061747 0.03717591777378638 6.615726884977406E-4 
0.0911233779316335 0.023534201694641946 0.0720241003476374 0.011275403197001672 0.021533704696931423 0.005509222205227961 0.045618209390334036 0.047979806481543576 0.018624544321404004 9.569185905938736E-4 
0.03344237829371846 0.01707492451114906 0.02186784231509805 0.011548385808445236 0.003981213029328605 0.04003652601576691 0.004768526941736135 0.02520173798595958 0.023262525462969398 2.7250776527353856E-4 
0.14656895305773565 0.01039770332329884 0.2429467762046244 0.007057942241727692 0.006932021120340689 0.014383482245871288 0.039835605613724796 0.13856636383288284 0.2463628096830579 0.020952688717004623 
0.0336578263190576 0.09751478730160416 0.04977941407024801 0.010513898907773201 0.005322237257402882 0.01058691172217559 0.023029868133085267 0.0238725348486849 0.019267629203133765 0.0016005917309190852 
0.03108796325208846 0.020808963456163676 0.04050658319231343 0.02192827643017549 0.02673056582463869 0.03399803830675305 0.005210311877208105 0.03611606074050403 0.0201136784192157 0.039739709540020166 
0.002436148889489175 44.185533084439896 0.0030865249814205423 0.010600531173881322 0.003364855070012689 0.0026970838269732285 0.0110262637160883 0.032493817483059455 0.025170790288499556 0.0022500849264742084 
0.03789279363030485 0.102665532849002 0.004451505535763818 0.011231952406404587 0.015949049839099 0.0018534149773512516 0.029327146699154122 0.047790555815545324 0.019762517934661765 9.391386995935118E-4 
0.03502343966229607 0.2552834525123098 0.007800221789387073 0.017404955624214857 0.0011214412636108215 0.0038200586711594885 0.026190887876979367 0.021563606055750795 0.09769128839449115 5.742598699556051E-4 
0.011246413722234566 0.26700850579904634 0.015332136575839492 0.00571012808008675 0.004607728496409074 0.04754440841114158 0.022019261222421146 0.023602872768837255 0.02221369266385233 0.00129404908322511 
0.0073987867561538245 0.2874770682778826 0.004968574435709754 0.016584367864843047 0.0015695430226720405 0.022679304808549763 0.007820512953167127 0.04511687059320014 0.2525949647493769 4.143664984395622E-4 
0.009342092128084444 0.42030933535243287 0.03801539379512833 0.013217002110184577 0.06913947615639846 0.004077538554819839 0.0813844249613728 0.024114706861044798 0.017948319414270834 0.11345569703612698 
0.005039336993041096 0.3338619902724683 0.010560949042622106 0.008786233765970774 0.006322904306364333 0.019324677509701148 0.024609726588300178 0.025544175518825377 0.019789612263511936 0.32721981380444354 
0.008941023175668373 0.20318858897245567 0.038768296385930136 0.007764644557959904 0.012377303349114735 0.005624329792650264 0.02405064898133019 0.023463568734466488 0.03584721914661282 6.601521492106617E-4 
0.011342055855506454 0.3355906541489623 0.019569493081606798 0.00576944979020619 0.004000266193369843 0.048334409973355315 0.13651200146545917 0.02093326884426211 0.021851168203058095 7.678527315636295E-4 
0.10364941592707619 0.38224380312321893 0.015770906766882368 0.08047943912352613 0.087579028244793 0.006348283852460956 0.0020749703222069484 0.04324727028641454 0.018946516250008198 0.06750724382594346 
0.0057100680830101825 0.02198958321319206 16.713582086317835 0.01597268685547554 0.008920527490939653 0.003260761234866692 0.014070628157174012 0.025054504655479592 0.023367229870105276 7.474951739159204E-4 
0.006431998660863435 0.018904549187754235 0.0736010250623374 0.005579727282459516 0.00850379377888642 0.004557335660380764 0.041332319168411596 0.03187645234274252 0.03678657348854532 6.637496403851084E-4 
0.004949588862713083 0.6403055009737578 2.4772979991735635 0.006860587734810809 0.005259819919328388 0.01193418461415412 0.03871793795131249 0.06536422581120532 0.03743899282971855 4.0678293023303276E-4 
0.008371968631092278 0.02302992550753953 1.4076595999637505 0.01203939638897344 0.2552679235799327 0.02401531246131731 0.025849908764441362 0.02662273138401317 0.023645864233915515 0.0031590499263137485 
0.0019723480436543202 0.08113790089623676 0.1840420408585594 0.006758753515085487 0.0035572500175742212 0.009868700755384024 0.021867036490338155 0.08631639154063776 0.02491152432405321 0.0015756406541349692 
0.008582802867545538 0.023131432698668228 0.08892295458115496 0.009687403671856904 0.006486545203351749 0.02352565080513786 0.0067605726424096405 0.026474231787908618 0.02262321660449886 0.0010597575619371495 
0.016186095011565243 0.016744148082722145 0.09134867554534401 0.0047499584840422476 0.007247188375082647 0.006702640646333393 0.04003250642183312 0.04153958424058917 0.03531179810340673 5.932747608139904E-4 
5.381599239717081E-4 0.0036799400608603485 1.675349202431024 0.0010227657998895644 0.42904333916216136 0.10535127426303403 0.0030831401270684728 0.023194070370640016 0.013027700402735506 0.0010333973083204635 
0.010730720767127855 0.023301567124301696 6.492654684667297 1.8964433081070105 1.5500580375953015 0.10861122731343688 0.021081252949973598 0.02526854193485013 0.048479682356044745 9.431221438943526E-4 
0.003518193695047619 0.2659114636385103 0.3585181550460714 0.010731073874564498 0.004443247815854422 0.018959472348710548 0.0246974337945565 0.03630201535353176 0.018049364535568647 0.20377764856603378 
9.911810668916808E-4 0.00723687521009459 0.00283304105162721 26.616038943369997 0.00143762612292387 0.005287000319268055 0.004104304029569398 0.023600767270684535 0.021748240601727503 0.0011028079039989618 
0.0038245786497486814 0.009629378750436481 0.00636821733466985 0.08583831763993488 0.010541829332432332 0.002767115245287403 0.048571900712835264 0.04721049780408906 0.0197337701588777 8.126819660154655E-4 
0.004475914755508938 0.010583001097735936 0.00583817131349854 0.7445418087155635 0.035604868698728386 6.850290300684777E-4 0.008443581588471624 0.009410915029168446 1.1364392431223578 0.0011061974237052288 
0.08145091702768653 0.032995254976823735 0.04638509462164872 0.16431588875751704 0.0018569488496264172 0.0036904335052193185 0.06488659465880932 0.0363298289448026 0.25117327054183014 4.177185948418622E-4 
0.01113804791148868 0.008998042398158044 0.005153952649211446 0.02997224981709464 0.00486322765294143 0.017641715413423808 0.021648161094954578 0.023530657978895725 0.028409880923627256 8.979042423126689E-4 
0.03469057978975439 0.012278550986620451 0.007044307876760412 0.039750543246701894 0.006757085889768275 0.0035366133145907615 0.023395560935878294 0.02375255156606392 0.028426232024168354 9.264154352955513E-4 
0.009558547144949971 0.013018562229075997 0.03939911326950197 0.12587291859300065 0.011228512684172581 0.06035299363544683 0.03722316977820518 0.02151440977915941 0.039227380188022035 0.2381322907496647 
0.01366548251764697 0.032374869853743375 0.009399032155944237 0.019370254246076437 4.3159858218893226E-4 0.00464346602202296 0.011904834163746249 0.02448621174881448 0.04700179906407861 3.697738259275634E-4 
0.006182113117437729 0.09157174081446555 0.016271881062388145 0.12112453179935033 0.011571849595431751 0.18733038568488553 0.02282474721240104 0.034371318161893476 0.0225906531320009 7.729380285059306E-4 
0.0016663732871063167 0.0697775352719187 0.028270885373593048 0.031762370804279606 0.004044401078661506 0.002696888040906148 0.011212334427156335 0.03249350283349917 0.02530968799372276 0.0021750554690630423 
6.539172505484805E-4 0.003470045387382484 0.0011140319115833018 8.556192367764751E-4 14.78067941236545 0.003308983764977596 0.0030828566734456457 0.023194070370640016 0.012955134167455973 0.0011125216208025973 
0.012666919872042713 0.04873930255684836 0.03912193658220952 0.009658347345685804 0.0669181844341125 0.003931314812386184 0.03342160752569948 0.02396843089517351 0.022086507869847612 0.11345569703612698 
0.0037623061712247696 0.013788418935985676 0.00213426666708073 0.004685245790366011 0.10864447969784913 0.013766030081851286 0.05849706041356004 0.026516547715335403 0.018920987943503168 0.08196620341394759 
0.008604927858651301 0.023128620012529716 0.0889093997027884 0.018420145762327225 0.25529320189809984 0.023454526512803504 0.0066589986544183 0.02662273138401317 0.022622977993033866 0.0032887700271790788 
0.008485907964077695 0.02622296229315107 0.028212343961448255 0.027417123286469856 0.05731041656704018 0.003821749895174484 0.022159272904124408 0.025035970371705893 0.04846591987840236 0.0015592397124407269 
0.013669411965793632 0.11242799600219307 0.003877113441548624 0.003896139835031794 0.06922952337023931 0.0029251193058293947 0.02138492782240796 0.033978031734365005 0.03945767558120106 0.0010875664761336328 
0.006470613107087308 0.01768687158440537 0.03901366457451171 0.008772369198678758 2.2883548004954757 0.02249361109795445 3.9095924653984273 0.03664665023522793 0.02028448780943639 3.997489736316498E-4 
0.5546683428942538 0.03881665647184438 0.013736320727865611 0.004925938396780072 0.5190797747715474 0.003922759377630321 0.06044102349073198 0.02491773818067605 0.5155947830885268 0.0013697274083941241 
0.0071215788775460375 0.01946621210257881 0.08695584445740286 0.011957524059042575 0.09981220621066453 0.00638910128481902 0.060938465866951924 0.02564233537656743 0.019869377946067954 9.562005029898783E-4 
0.008011646942502212 0.34173662900654894 0.049795947905186724 0.014269628305912802 1.5391125396932697 0.0011787636964732048 3.8533652582830484 0.03685573131813417 0.016157798042019965 0.31002791015838627 
0.004879081672255088 0.01772937516383269 0.004414700552768777 0.008934795810549387 0.0031562586091670596 21.83445405936269 0.02363083400398108 0.021412981022014183 0.019881419537825937 3.750975816773578E-4 
0.010531431011494534 0.04628695688096895 0.003160128900043754 0.009968218471769803 0.024012241050604427 0.003921311307736593 0.02141066841997371 0.03417997748223247 0.039299050534280344 0.0013757665089001482 
0.002876136475422082 0.005725848492054098 0.0030812735640623375 0.002577720424661594 0.06853250095272377 0.34983037184834687 0.12673873446570386 0.025914978292341646 0.017666422229810103 0.35807424455999576 
0.005397329891705896 0.16954063736159072 0.015250328643982312 0.1200243403845679 0.010017113195019595 0.18950422351583576 0.02477199735424233 0.034416205094248316 0.022488751107215283 0.0010843134291746272 
0.04372196336259521 0.039808235735562233 0.0020967771762188748 0.010494698716571334 0.3138354630164521 0.3573308507014696 0.21846580632259252 0.01815679749685578 0.5169405809545253 0.0013556876215854682 
0.011819796255208194 0.003834384127370723 2.9687079653762507 0.056922105270309865 0.0041378537870556745 2.607774750441691 0.02274487573743804 0.02192401070152097 0.02148020590264766 2.0586010131974818E-4 
0.011587973745017868 0.024201017446797986 0.01039597889957132 0.010851133241134505 6.082120625667757E-4 0.020683111201415947 0.008492963075939185 0.024555605905759455 0.023569551457372034 4.8293226911811125E-4 
0.008130242325323117 0.3013679727592734 0.16752206210737136 0.01469867796870346 0.005208004609203268 0.019066899544582506 0.025008545804706763 0.02195899409926976 0.018876599405518044 0.0016783622489645678 
0.009736848050354942 0.027773978542564977 0.03971855398062603 0.031762370804279606 0.004044401078661506 0.002696888040906148 0.011064600354279381 0.03238445821450745 0.02530968799372276 0.002021724806456504 
0.014027134930162838 0.0038854452349814635 0.08076760046644196 0.008728859195499027 0.06587810523835935 0.004565309482239612 0.04971497165340182 0.020676349415206883 0.060287429512333277 9.914039847324439E-4 
0.002840692245398827 0.007846460554517345 0.0016182735405134872 0.005935311805457345 0.0027970673680506996 0.0028275063535514113 42.07598680249781 0.024968806077584865 0.015157103425391434 0.002050554694471095 
0.007109761378884099 0.015581756658847003 0.006432230959498931 0.05701764275588189 0.004318432200006499 0.0652280155082643 0.2669475653461773 0.02766136653187805 0.013637149512132862 0.003858480847278698 
0.0039819536157257515 0.02436919336103447 0.053232064900125865 0.05896367795890931 0.007599322875475186 0.020635428686424914 0.2656780979318425 0.0356150607141943 0.020991835144325743 0.09024507953728671 
0.005309391170738127 0.013374671639470767 0.00280375743147618 0.007277877757462082 0.013812120053688062 0.004272474961103171 0.06311321890659355 0.02459375348196605 0.019666781647587395 0.00264089606351583 
0.007472925175315494 0.13656692617774194 0.0621211160649703 0.0064303240504127 0.0061698477904334505 0.1253522096062635 0.2687927320249364 0.022233654308489066 0.03838713431174366 0.08502181501779278 
0.06097271977751414 0.004562877637588444 0.07742076332172379 0.01237144003041802 7.839085325283322E-4 0.04418268353941002 0.13788974889850045 0.028250291303196576 0.009111430980513112 0.09376635727733071 
0.023987418709277345 0.004083029678878584 0.006837147740781251 0.012339711856320606 9.468573409208391E-4 0.05818062767583532 0.04632361659033094 0.03942467423636287 0.044704091024874985 3.3885694843516657E-4 
0.038244264347738435 0.0937077844498233 0.011183510800870952 0.014113323622341948 0.013013286399189871 0.0018956562579062835 0.0332473107611763 0.024332483753125772 0.01828681213348895 0.0010098013847426345 
0.06896939396155881 0.03559461351307982 0.004265474728094774 0.014067504556913983 0.0017237306568545683 0.00257689500897769 0.035833843244452726 0.024156447405620333 0.020317140249378564 0.026243200776308154 
0.033643516817073435 0.017454677907404587 0.015299142943466293 0.00449736314995738 0.0034829269451824804 0.027150385748007107 0.025877503515514638 0.02127375678279727 0.03717522077479838 2.7157074604037347E-4 
0.0024589006775940663 0.006433909183304543 0.003130637305851929 0.0035731640584538643 0.002569650909056329 0.002223127891424734 0.007893131473646928 56.21286032052511 0.015029957947300669 7.426709283620702E-4 
0.01098738936578123 0.028546535627729592 0.002634358604850019 0.014703643134453555 0.05569537334845794 0.00529551299758776 0.023162679102118847 0.27354998145126225 0.0191646202397347 0.0015829849285496744 
0.01575878499608633 0.08046034778253655 0.013022114731693993 0.07602452782426103 0.0010229464781231325 0.005399296358268054 0.2241190403172744 0.30534216782475976 0.023240886812446897 8.714602212857868E-4 
0.010754196315779193 0.028179390313655513 0.002596088895987157 0.014697103911918578 0.005558772972401363 0.005319358452351365 0.023152652069310668 0.2745394477947033 0.37662437477919875 0.0015075875758371333 
0.0017044383328901768 0.28716313040011454 0.009842457823599441 0.00609076931164912 0.005302453268932046 0.016660960768758126 0.021983383556499033 0.3014860337175127 0.02255025247475337 0.0015792494034471026 
0.05276182930930441 0.0035763363717383036 0.0013493785740597707 0.056830802019509276 0.00428884001308887 0.04119139142493566 0.024279031557643264 0.07329381540580984 0.01998515328883002 1.9064184146819888E-4 
0.004927514018586929 0.011216928129501551 0.0034192266306288803 0.005606595481671038 0.005701093620391844 0.03704006807158784 0.055247007374626816 0.047216791314809305 0.019768502141002876 3.752470153512787E-4 
0.007749179815706545 0.01855046464418767 0.0021815111643437276 0.0077492013786239974 0.00818828426928458 0.009052197381071903 0.019509609633360063 0.04770574857653669 0.02011562705247542 0.06767154310987845 
0.011126155145792386 0.02890871789973838 0.0030179806059895645 0.015430207442954815 0.00561865098025408 0.004872291845850108 0.023162679102118847 0.02489377450433749 0.0191646202397347 0.0015829849285496744 
0.0034761466587650883 0.009478263720353786 0.1840917519194971 0.006842620061965141 0.003584939201403908 0.00978259185148438 0.02305896960782424 0.17759367007371807 0.024494943261795424 0.0015740431922323863 
0.0039039276397459318 0.009777236622853914 0.0016439708731096798 0.006824956443066536 0.0035524484329955996 0.0020828839130942476 0.008443583332888483 0.009423404603711787 57.693272338002195 0.0010787070176904792 
0.010830299772386332 0.05481143292296413 0.00680393609833923 0.0053636226172045585 0.10906023933004458 0.002919025679798852 0.03269108822986327 0.026196023556448757 0.5112802792254012 0.0013697226822488911 
0.004460110274813336 0.05384540652896673 0.008682257697645697 0.022292415563393665 0.002110624371445912 0.0042257340013931895 0.14416678855270723 0.0362038276407327 0.25045318492948687 4.4544881545681273E-4 
0.005086224188281725 0.01377094926248299 0.039410964034668594 0.005767137293991089 0.004604518027586411 0.06293636410423671 0.03309246321867087 0.04036232521726352 0.2419333977375257 5.808968680223269E-4 
0.04068081485814998 0.006164640624634567 0.008807194676406676 0.018836891295110715 2.6749145946905093E-4 0.004373844403519437 0.010582929430024174 0.021907959317383086 0.09760262206704838 4.743062264212524E-4 
0.008182280046019053 0.06200184055123844 0.1669948094123096 0.014378536959194955 0.004460902650490283 0.019315215080141588 0.16258123004371663 0.021735439649002646 0.4010489172336906 9.454360503441028E-4 
0.02863563753451853 0.017248594475769628 0.006763288332667488 0.02589086783870498 0.007045916423441963 0.03486198735919517 0.031423370704676115 0.0187374357498287 0.09761037057923727 0.0361752759960019 
0.003812129387988217 0.015826409828035178 0.005869369753503632 0.005401993924551022 0.004394806289386526 0.02738365406352343 0.021264995566545774 0.022542766217348072 0.03918853580558933 7.637149122787E-4 
0.03695098336595475 0.03914163944557463 0.0021949461218115614 0.012898488886191004 0.30994706289153046 0.3572202401234163 0.2161991900936254 0.025932838064682936 0.5169405809545253 0.0013556876215854682 
0.004576081720336406 0.02424016891841199 0.0036106873318549567 0.01464523620736959 0.007681227797722647 0.009932483346292377 0.020661632296204675 0.025879568187835628 0.022093333960275126 56.199136368263524 
0.005216431635661536 0.012177726495035962 0.00821736146976588 0.007263828146918644 0.007398736012818865 0.01703504083159989 0.021418193974488745 0.02431768055183103 0.024803948447124205 0.0499607147751125 
0.05154960375068344 0.03043064347738607 0.0015980488234732973 0.06047820965436614 0.004988837082294968 0.04119403415395873 0.023092070409597903 0.07329711135675307 0.020015041259977592 0.3578770549334282 
0.003488448354579941 0.007010854159121865 0.0026424800528588007 0.002639142152202706 0.07170861541534446 0.018796229652868163 0.026935090561971284 0.021931400376823246 0.018627212039679514 0.35801611605248507 
0.009428768064640066 0.04874784075123378 0.006304799143172242 0.00563137428674826 0.0012496614023042654 7.153436676435067E-4 0.04848893932262316 0.022379652004056887 0.038930894785680376 0.06470870331837522 
0.1230066450317406 0.3254939211227601 0.03578058014324555 0.0030814925616075273 0.09240797568823197 0.019261040958444196 0.024609288905078158 0.025417495922912984 0.0713547145293333 0.32721981380444354 
0.08904428898997482 0.03649354601900019 0.013520280615188304 0.014646515013252934 0.009576488953481958 0.001479900749783823 0.007866923449256973 0.026207336603685016 0.023400801515009846 0.11613187379608093 
0.05530254297199901 0.01699101136940619 0.004891581801848866 0.008943836176256112 0.005017237367822243 0.27643538227595854 0.018090222459775332 0.07429894038228546 0.039478006716206764 0.3577774394223483 
0.003325611859824896 0.0200254221428713 0.051423718582479086 0.005114132998381501 0.0058303346290112575 0.015743742836908554 0.021380330269278155 0.03595384347132447 0.018545887123102074 0.08668666505871482 
0.08779413112469783 0.10034189488945756 0.007285655644289379 0.007831247049676153 0.005856206813933891 0.04183729220736634 0.006757381779531532 0.026197554470322047 0.023400801515009846 0.13744642378172017 
