421.53625230748713 0.7853949825605999 0.7853963457749047 0.7853977089915758 0.0 
325.6876487131672 186.33595105002166 233.82951374507215 0.785397750276156 0.004364513495588933 
206.25805545841615 0.3119419110861552 0.3119422678403624 476.5929099125711 0.6207029747820486 
220.0300280688984 0.33492714898177567 453.99731512169296 0.7679540442798555 108.140351784952 
433.13690511675327 0.6141088824844587 2.113699165085264 1.6843795703640019 345.31799281717826 
149.8825861828207 0.2684029977527365 412.169105894974 1.7467123998444691 2.4209004093770097 
141.34623304244974 0.3058712872431543 285.0537418615024 157.17943402231026 76.0680086015172 
97.05218785865561 0.23700826829819255 138.70566503376648 273.45199266942177 0.0 
229.59906912576614 119.40925389613577 0.4809184766148433 293.5436373384837 159.63758915712089 
295.22368518089695 144.2256008348331 0.6238728836999711 0.6238740083125001 251.2740590213583 
258.8976015406686 10.61365017567335 0.46903510744702437 0.4690358758700492 348.01977873915274 
263.78151771346876 361.6668027883236 0.7853965515893098 0.7853977604452276 0.0 
74.50001931315306 2.954666024663388 1.032086125289319 397.5127862233474 0.0 
237.2480895459895 325.2806464477275 2.119169379384909 0.7259645416746747 166.2163812238268 
91.76841357107071 0.1611782190482779 0.4787591674943067 426.44180391091754 98.44226831358972 
111.72637902851085 149.75225033211206 357.2831362409328 0.7853976666866347 0.0 
0.7853955785551756 467.61569627299673 0.7853966863436846 0.785397794133851 0.0 
108.69014297427249 148.9908986174617 259.229589063953 7.029463991844429 132.4651011373102 
3.716663413855182 447.1301559843656 281.5637092527825 240.75980611493466 0.0057322870090533665 
0.7258126756595241 528.5192337379348 0.7258133600781036 10.793775542423116 218.2406210924674 
140.64022551335927 402.79685370267333 265.8355698798163 10.358807953662147 0.004963460868293615 
0.4380892052401536 273.6315311051743 170.50034581320395 369.73805796844863 0.004842718137978091 
239.13364131923973 464.9926261509146 0.7853969820629443 0.7853978680637224 0.0 
122.09976644420104 349.9249944198793 0.7258045440485993 7.780622624278126 153.0394963955264 
154.06965594731378 306.46732572693105 0.6240019098698297 262.175347448638 0.0 
0.4951139806633326 234.04894181819148 0.4983922581268304 257.0589005172908 130.3230873775898 
0.34059177334542007 140.82628534272385 199.41343700847622 285.4973245799253 0.0 
0.3385037267688452 183.7405878192081 384.68730285272744 0.785397719119988 0.0 
1.7583878226744343 208.43478739097475 430.04948617441823 0.76601451345248 108.1883288281316 
96.00555250925554 146.56310641810776 0.3758762974662365 321.44504033943895 2.0207941151101005 
2.183301841962611 245.86124687704645 0.5042339884185782 0.5042350487740722 293.6214366833015 
0.3714004506630753 162.3595946791632 229.88416397876787 0.6437950512547552 196.6606117968231 
93.57373283617119 186.94619448668217 0.38359421649320613 246.36545301908566 280.7427858621153 
0.18271974934175322 101.08730163688955 0.5325277025375013 390.3926488214964 161.78699273492185 
3.4398691071461213E-4 0.7853979876292622 1793.237006763194 0.7853981382876722 0.0 
0.002936337177791014 0.7781495739170261 478.95558300676436 0.7781561410293848 65.49462266183862 
57.364360417516686 45.9980206675327 515.9236327463951 0.7853978660845948 0.0 
55.05275136441953 0.12079067563746633 353.66360506974416 0.7853148415121853 5.194288188327418 
0.5591588942329159 65.60372273757028 459.83633489637344 0.7853435603896055 5.458676516363676 
0.0013625111831180696 0.703243144128919 362.9708541914864 167.91063834624347 66.22488975746333 
34.82061229450391 64.299756439431 471.16909591994164 0.7743805957396325 80.7157850222428 
62.874355993703325 0.11892233964246551 404.55904563174477 0.7743804744413025 69.30719534720487 
44.57173873520831 0.09302981170749945 295.61598647339713 228.5216401674691 0.0 
0.0014337507621781879 0.7274843517297856 369.1258786340988 23.22303724120595 148.3824620786242 
55.023110622917805 0.09058696965078354 414.62284016333547 206.50925819750972 99.98518175648486 
67.05169256021385 0.11061151998073104 430.7319400497151 0.7191128787757138 191.43220855040522 
0.5786746951810356 69.14710012169832 463.384495637976 0.7191129225801411 205.74652785746275 
141.58322532418623 0.2710440824075986 287.85586371549954 1.4062667784893688 255.7475659176367 
0.27808135557587765 0.39448668718259206 230.6382578387909 261.59754816647154 138.6756399169509 
0.2687237035667978 127.55596786720655 182.45476188717382 0.46899943613840545 299.04065934584924 
106.73468124004582 86.94892249846541 196.93263316162302 0.46899948525784163 322.76175778528517 
161.56965795053821 0.263776864406995 17.464835814874487 262.64525054451514 368.83791125640715 
78.74433482819973 0.13442369283413355 0.134423888699891 420.20731212248825 169.99749708876698 
0.8601693194238161 0.0015436276115491474 5.521386367977278 399.3734229686836 178.9173592110836 
1.2849612548769377E-7 3.176800303743078E-4 0.7853980777335828 1941.7340768344832 0.0 
40.04481821220506 59.92712208128065 102.05490318213508 334.3860093687996 0.1918326694023524 
30.823569875523724 0.056486004139906856 84.75703016052296 418.9771291412823 2.365675716953802 
0.047627881790782214 13.299404976458362 0.020939097131792 495.975650933836 51.76402339506028 
0.15270726259795744 0.22853690063102988 129.81858392866198 347.49119093033624 0.1993475579465205 
0.08867241370879789 58.664546645981225 83.09250977454771 509.55718592047174 0.0 
28.576400065333125 0.04730227067473705 186.30271978518246 435.4344329786598 0.7916670527625508 
0.16839770426143802 42.184973034010085 0.0837868800452372 391.03184802191504 41.03329664793785 
16.661412130770394 0.028283456924952998 110.7420105348771 443.0844347601409 72.08756001426018 
0.7876312485689928 0.0015743577944872396 1.5886933814981847 384.1942420124111 82.35233524034336 
4.36910052292383E-4 0.27238527555216113 169.81489300482212 451.9253330329609 81.72589105044008 
15.270837109424546 0.030072235219624047 101.34752278173048 376.26242175777514 83.58984836162604 
65.55086780775703 0.09317241558475621 0.3201191384522405 536.2984794785418 115.81030994309378 
43.49921255345391 0.08967500278153409 87.73446046758312 359.41526887345316 79.84844310677587 
64.23982328802397 98.0954147137419 0.1968091029524381 453.00054197576594 2.5829189227609515 
0.19610910427295392 101.32643562285561 0.1961094715699186 392.9428334994779 2.2399493364367533 
0.0011805449996299888 0.5187398251938753 227.93853954644493 259.1230171333518 0.0 
55.65925664627926 0.07966520546060459 363.3069124907174 407.44939700574645 0.0 
0.0011724197759527483 0.5114639233321083 223.12488881454908 253.65012751114142 57.18739747544781 
0.2789958823360335 4.5356308742587365E-4 82.02609671093681 441.3686146073731 178.50857450189832 
4.431754385003255E-17 1.867533334282582E-17 6.31534512952019E-20 3.662214360593822E-14 598.0855085429573 
40.444392087379 16.63742967484852 62.5241724762344 0.12956300525042905 456.19198731516684 
0.05177977249451229 0.3689187348551051 139.60195738107672 0.310026830687432 324.9392983571054 
15.522609499046638 0.02306431459823094 22.194750095411386 206.88744730756437 485.65990390124335 
0.12954889392312172 70.52820912814914 0.37276303048962794 0.9715703063174119 421.72399140127516 
0.10958495599047376 58.598736834666546 84.36554157167272 117.79494955322474 389.8146313197106 
62.77127594594534 0.11738887863397739 89.73614444622119 124.46059804034728 385.8711060983389 
110.612113412245 0.16740843597055796 158.15485601903046 6.825958178638512 481.6660048929207 
1.573817209583915E-4 0.10299565994500143 67.40375113070951 324.9015716506964 392.5323388090936 
55.274874190486834 0.0786443096115764 359.8112572891342 1.4174306518112438 414.96836858593093 
0.10508015003770367 57.906394226021156 0.10508032305067691 274.03972373948955 329.9585020314654 
85.40467789655403 0.15134247628564007 122.09792365675159 240.79174938729162 340.9604198635139 
158.08184533432538 0.24618284094509907 0.24618313946898382 121.00508315302056 463.37470223033637 
77.36533496998464 109.76382922764574 0.24617434160360874 102.80235157133187 393.6455836860612 
0.6136131535138982 0.024929001433115425 0.001254755388767936 300.5712092240901 239.62570989244136 
147.71168995006312 6.078416893033242 0.2916843145232771 0.2916848822564562 369.5997842437247 
0.239801733945518 0.34025990218702146 259.01760470121144 293.809138771017 292.25769235407705 
0.1264715916695906 0.7455998699785069 295.5997848886145 0.6238739200278112 226.06070599173694 
53.611275372616205 0.0931487489779005 349.3618501595077 1.4871136510584007 281.785509517756 
0.292177701546323 135.48288463463524 9.370595187105826 104.24653142459937 321.4396568467939 
