491.7002245806256 0.7853958255734446 0.7853968274972142 0.785397829422262 0.0 
38.417286880290675 92.29310229467407 225.10491697291266 205.6440290266189 152.557304740765 
255.08233705102887 3.7961110083536416 311.06152385952566 3.229445702242623 1.3811947842613235 
360.99446714567097 0.46146149620710875 445.18760883493354 0.7326705061537809 221.32448661513317 
265.8925829311864 221.88749657818582 346.31333615030223 0.7853924654973022 1.8096363198195446 
263.8396908940318 256.45282535032806 13.214251681431845 0.7448243590776658 123.16873578842376 
156.43715660023256 0.277071009023235 156.43822527890666 384.31079401965815 1.5998580244705096 
251.00974478222503 210.83470929584493 0.5680218518198745 0.5680227045849844 313.02176475471174 
152.39331231251657 0.37818918610687774 0.3789916591968566 252.66651644652313 114.43695020949207 
130.49531163439005 0.17541658949049607 0.17610390566704645 554.5824388852095 129.54506089588975 
89.1525266501387 0.1656052814407827 340.607928006133 234.11562276804898 0.0 
165.92934989045997 353.75821273233174 242.22483985795958 166.89274442913728 0.0 
129.77615688868738 280.2167256968556 12.934580759525803 257.6490430680458 0.0 
81.41490035863843 68.43755095323336 412.75113291916085 0.7853961502712422 0.8518970617705652 
122.25383677688335 260.6317555642961 178.46512363480986 122.96809624408525 314.17775622274894 
41.008278414834294 41.00827841483428 0.24045080690037907 331.5304501891555 0.0 
108.88248268680093 0.24212695284982538 2.2889447166601378 0.2421810471882695 335.977298794719 
0.7853963816329395 582.5685777243294 0.7853970953767966 0.7853978091213015 0.31711916447785066 
0.7529358378245194 420.75667242693834 0.7551513957281799 0.7529382560072984 124.87346826016683 
0.6274828439640405 403.51475311686795 250.1362998982848 172.3326605411057 0.0 
0.6027687825631721 345.37188885124 14.398200407416482 288.13830419636645 0.0 
0.6042690276312965 332.4555848158835 275.5943860003826 0.7848959192379381 15.44417985621374 
0.6604273150319494 416.02049664857594 0.6604281472081639 199.2323999207297 178.8951831851948 
16.441702240562908 354.1485803777498 223.1600484913806 0.7326703321699992 161.7650120422985 
0.40558599225321607 180.00677152923893 0.40653380101298314 298.4968186052781 1.251646224017859 
0.5898492726488503 418.198393859651 0.5920518086008989 0.5898504504708463 367.67016704674967 
0.44703912959038467 236.55099823787745 296.7169294416297 4.962367281026474 169.4005187204017 
0.37964859259491107 168.66082727332707 0.38053666000426406 279.68280016771547 122.77766384763164 
0.2585003372837804 151.0469543052498 186.7895719541296 391.0320014500908 0.0 
0.3983869082633641 275.68362987164875 345.8478000661716 5.58982954933713 315.82272677542755 
0.2529275674746357 142.75137376556674 171.91259696292005 370.6674902049322 95.74699724906351 
0.19518339831245607 105.99930649788332 413.1490276398823 0.7853977195668106 0.0 
0.3060432596861441 117.59075740696002 0.30666251233955294 193.74511574482935 199.25450137417064 
0.8901385813661825 77.56805311305406 302.1347354487989 207.44660432538987 0.0 
4.620057246264118E-4 0.7853978310696538 1335.1563127758877 0.7853981028418225 0.2631983728245371 
0.4117111001146305 0.4001813090682321 314.78050392456373 258.66170947806614 139.35828415915506 
0.5869373452983128 0.4899879159564019 463.6094899861525 108.90526120510144 1.7181519048998484 
0.8494768551803292 0.109127800210136 411.38739592183646 0.777856824403892 57.422042375813554 
0.2620964427221898 0.7415451877448703 387.8773450695024 169.24501368532026 61.445014276495606 
0.0012863118250101132 0.6067909963865542 286.241744369485 235.22861677750632 0.0 
0.0014546671995194491 0.7299088113719853 366.247297747419 0.7299117104418407 145.4949506083794 
0.0010322509064859982 0.6002864076883977 349.085965206608 286.8435705249088 66.82467498411715 
0.0010305326385118571 0.6672615319192698 432.04694964412323 191.566341744392 187.74875625854378 
0.7238149378273592 116.0586832623205 450.7626329471923 0.7264804843183285 191.22430613614438 
0.3008364605401459 0.2511684415200063 190.76549642893494 331.3073673517408 1.379284097208012 
0.142144646690013 0.4240064105017917 242.64192657436422 403.123196534801 68.31556814422412 
0.09413419898959158 62.371269589233826 261.2897290787749 445.68799114045754 1.8685832254180048 
0.0012721511283314963 0.647614346858855 329.6818609838106 9.136046303072202 226.01930125956702 
0.3380324286496174 0.145457785023544 201.91457184678376 332.85654882735435 184.77195941127235 
0.18511898297195992 0.18200896483768056 209.753440136188 598.9036071903139 0.0 
9.716738805870445E-4 0.5150705216624721 259.8718244373537 217.4111030246137 241.92672040322537 
5.562924708120523E-4 0.3590829721174701 231.78587228958122 190.4499176859186 408.6833904064469 
1.4303909243187422E-4 3.9914462118254056E-4 0.7853980107983047 1454.8327305109256 0.0 
0.0048750008840086016 3.1732722061885528 0.13165989057574434 511.2278108127419 0.0 
4.06267626745024 0.00602963486318273 0.7645472486931837 529.1735786165502 0.0 
1.813484548280333E-4 0.12286919502976328 83.24777591959341 525.5798886287977 0.06999716955386948 
0.28335299341971043 0.2833529934197104 84.4204935038916 484.2393566127543 0.0 
2.055561327791105E-6 0.0012678015555196687 0.7819386729610883 482.27428465452937 45.40697980101893 
0.19243066542549112 0.0251865488780993 0.756281752433487 528.604653756193 57.54174043817676 
0.13829312159474125 0.1154101254643388 101.84118542644889 432.2227008533458 1.6407669817163844 
0.19193376446877078 0.024641625226108285 0.7534026335286832 432.46577368622627 60.364051479471435 
0.19167881915525875 0.024572763472548404 0.7528543906355066 492.6486429259469 71.4721359037105 
0.7120634607874279 70.93476167467115 0.12340251036608542 447.26572698030066 1.6261041718690064 
0.016792508907564466 0.7666383197708883 0.007352296097804559 455.60168380450114 100.78865861704034 
0.1248617350310519 62.14164125588587 0.12486198708424624 381.8001929339422 56.164337525877094 
3.131385528604933E-4 0.19286719859503812 108.23664716439308 459.5797576285878 105.2412811017868 
0.01611257764204822 0.7433884445586877 0.0069558966943147746 513.6636235003074 174.64069293338372 
0.08181401744383633 49.46490088174715 0.08207449737533008 442.2556466464009 165.67757837537027 
3.3560142968657015E-6 0.0015651142505499055 0.7299099562751135 340.4023342592076 135.2275860098081 
0.00944305902692511 0.4285447566794963 0.5733290484870739 393.829016787633 177.76332251328014 
1.659897575792925E-5 0.0010810394207819483 0.64786342596519 388.2172336020494 266.0469970013965 
1.5980498061934994E-6 0.0010106663478698713 0.6391839225778666 404.2442768012614 288.6390010414085 
4.411218482013873E-20 3.3609046770629645E-17 3.439835442840569E-17 3.6641077752981256E-14 598.3947263637866 
0.499800892479109 13.53742472317322 50.179870881805144 0.10979825606102199 368.14096202058096 
9.356732054440528 22.568482803756247 28.949606069590534 58.00434764961404 425.59120012702044 
2.053859588761704 56.314194186219765 35.86625134307126 0.10979828827956369 473.1168730111671 
0.03637023562237734 7.329411723221773E-5 16.485056681625075 119.04005982377794 370.7421156277811 
3.420218341635836E-4 0.23937332567688038 167.53213336562018 2.114694543296772 523.52609067411 
0.0881353310923805 0.24187448167185893 148.27745915888661 50.84200099020218 483.57833757859675 
0.2620281430034078 6.105201218473936E-4 103.94095302713923 0.24218102766222446 320.65874060930395 
0.20158046914352082 3.3063762040315533E-4 122.89811471288081 100.98320380353867 451.6436237144704 
4.50956885176629E-4 0.30425572940972806 205.27827294041168 0.3042563978017552 488.5229627685828 
0.07943706854816858 42.82299696906193 158.73458749093064 0.3049811988099594 390.1685699793139 
0.1492166410951741 81.56142251143966 102.30809323901406 1.7032329851646095 408.868948436594 
0.1817420948830221 103.58450911229087 2.1301103691733645 91.20609791083075 425.82785615260707 
3.6033349149240456E-4 0.23209479478246747 149.49500936502483 248.02140900527186 414.7954409554464 
0.0016787256165013559 1.0922184527291634 197.24668487963714 229.18293346713884 411.9316343186286 
0.24218058563325207 158.31831531426155 0.24218086898469693 0.24218115233645646 488.41221100208344 
0.16059834792446218 83.23223447057359 185.792788016759 0.3928203024704363 352.4737218061681 
0.22767300642913282 116.12804000552582 141.62484146996752 150.50190202533477 322.939464717973 
0.001303122992420674 0.5898472804270058 0.0013062287575293923 266.99054381522666 234.73166130396578 
5.263927601326059E-4 0.39840952368564436 0.4998267554138053 483.7781439835762 345.42774144712547 
