32.1061498026134 0.03349098972853305 3.04265390981853E-4 0.005700713353424069 0.0365641234452682 0.02449306894845474 0.008389379177807521 0.009020217832825323 0.03154237575174589 0.02156712944616696 
1.031931211128775 0.007536911953632756 8.15658911310458E-4 0.036027623389878916 0.1238778527803775 0.015405660189538432 0.04480250206032832 0.0053792399035837175 0.9205710735905224 0.023238109542122472 
0.16330197256074244 0.08520991038218512 5.405619596124727E-4 0.033026679087183694 0.007123805833836906 0.01295950742449552 0.061056308127080815 0.06722647961275048 0.07116688570645431 0.02082867555226256 
0.05291126251737736 0.031873213800952385 5.131517665781351E-4 0.004307479811793855 0.057773133307445754 0.02402244240198252 0.01054246760330606 0.007859627101478412 0.02977378612689606 0.06121873007103969 
0.07564458903379175 0.00825252618475786 0.011938731810603178 0.0025754643167296724 0.1055479594997782 0.02139829316336466 0.06658023591121855 0.005061154711683578 0.03619064858625639 0.02246212271863692 
0.0275583268231254 0.024881174322598093 0.0017556676511015488 0.004292432219155997 0.04852703587812605 0.01008376598602638 0.011176760817009128 0.004645675591444666 0.029647897180619 0.025270644630600574 
0.08253187999359894 0.1284754296189129 8.791379586512249E-4 0.004676556278715852 0.029760572911538587 0.017188110330414407 0.07788270200149093 0.005383316653333129 0.034343673078663074 0.02209049326671432 
0.08537907291284828 0.007920982427649069 2.0776791209395684E-4 0.00399384250302492 0.2166139545496442 0.03230246986853891 0.012567592177930922 0.005460414775868724 0.028301069427048284 0.0358522615009463 
0.029702505761398837 0.03534888710482025 0.00216862819364399 0.016603935277253273 0.02256873374514462 0.004025724747092551 0.019692701452836327 0.0057097261087554335 0.02963577528227213 0.023039807456864528 
0.737419559088028 0.05132097153692428 5.621541797460025E-4 0.005016777609816901 0.012826340873058941 0.020863113304986285 0.008910014192702166 0.4334718819876397 0.03887100496748925 0.022328583657363437 
0.005565269292893922 50.93537389821511 0.0016477794903883207 0.0030256009181590083 0.02478166765067355 0.0231845709863845 0.009989126732750497 0.006469646648768319 0.039074626461862834 0.021758543517714196 
0.00967774102567269 0.054469236397902285 4.310833491560554E-4 0.010570656091220307 0.01724277317893359 0.04218841502366134 0.018975463702253347 0.005551828880809283 0.02518394134203771 0.043531198931207535 
0.006037842582748919 0.18930921759742037 0.0151174053282862 0.02094214563060859 0.05202916608567113 0.024833714000325458 0.009481991263004572 0.014911304887436382 0.03845049542320615 0.0223440892055833 
0.0038686358726992753 0.12688234099776127 3.634601179806346E-4 0.008335816589049173 0.03225797214456773 0.016887878606050656 0.07524607333424574 0.006652918892480441 0.031506024050721594 0.022091082479706477 
0.01012453606538831 0.7130326926816206 0.0024665405355274233 0.004375790106940987 0.024053190461205784 0.04570359400887313 0.009159388531844632 0.22082916053274812 0.03347638781192605 0.19047962932619494 
0.005348324272810474 0.24619629428231032 0.001895931711428789 0.08848996403457045 0.06340382133324993 0.01592151553844793 0.018371756955633894 0.006083718627881889 0.013445528736833317 0.020535234958713542 
0.009214625107600887 0.047858525507682305 0.0017468531310058182 0.004202031600251165 0.04731029816538836 0.01055418860565686 0.011168282776151943 0.006004557692110369 0.030182913045501535 0.021473753955890042 
0.005775436999525923 0.23834155434539553 5.27277956015296E-4 4.314897782342256E-4 0.15349364839946383 0.2353442446028373 0.01999293062729985 0.005416742434829706 0.034470617110757676 0.02760963509046767 
0.009616477095851256 0.06549646710405105 0.015085210088307908 0.004116662324223433 0.012791423681568088 0.051607804565836135 0.018218701625216285 0.0058364572297470016 0.03917523030055821 0.021966851706574052 
0.14845695650835442 0.5870943976137393 0.21442554508907083 0.001109780186980669 0.24474709928789237 0.01761597747248442 0.02132702964397926 0.06390356827404828 0.03786666931776516 0.029280422477723875 
0.017780883415264657 0.027647943955240364 14.755439171874992 0.004100653643778049 0.026736942242826175 0.023571459785640462 0.010058499394306338 0.004953819233795483 0.03893162224198359 0.03640825291765587 
0.009955897876075183 0.012100471890256054 0.047533967080341785 0.00944587321514017 0.04869978425113167 0.025025632850350005 0.01699410481222197 0.005634597130404038 0.03119958760408041 0.026720665820089622 
0.003347933406634613 0.232679787095952 0.13404616375760608 0.04074167475240256 0.033241657775548376 0.02271085175078764 0.01005425898730376 0.005171511000671111 0.03033359609230159 0.021432567034967293 
0.0253546845279847 0.041518316374244336 0.03246865669218138 0.005729607694515476 0.021746171533852925 0.015219409546060485 0.008568645420289482 0.005210827138685331 0.02983933404832957 0.023351204846311674 
0.007101201644362801 0.03736344899425341 0.04290213440241405 0.007594403459537959 0.011002998380685901 0.017892236814315485 0.013090204788480254 0.04272546184428444 0.04007022298501067 0.022054636281809398 
0.005081893533451726 0.025282972645393073 0.051453051583499 0.007489726017820164 0.047707902509508605 0.02812511439167428 0.026041807625563136 0.09083806860865934 0.0382506528287314 0.08215030039605567 
0.01046901226309693 0.04151880132079658 0.03494489902865608 0.0051776933635680426 0.02808271050224551 0.015928124283703923 0.1269449186481378 0.22101812114144745 0.03349415740239609 0.19001460895983563 
0.006023719026260535 0.022029505771098922 0.003862548913002518 0.0023469625399350946 0.08399743344071262 0.01891486818395659 0.07790970109208809 0.06469574367395475 0.028366717766374304 0.02317317243474192 
0.010019523710559796 0.015414621717860531 0.0018428774793543014 0.026686237859763703 0.03280837714574921 0.02128396397061763 0.006928360395957445 0.04652871768465616 0.02878050548452871 0.023316733957778772 
0.15756430471075827 0.08053590622975446 2.0045981004544283E-4 0.0012075214790540107 0.22497638474693904 0.01887243994519336 0.021447634811053093 0.21142933512717502 0.03851156170741446 0.1372183685190234 
0.002553342030034803 0.02597066818499845 0.0016840658759045607 14.017046082078606 0.04889012430714218 0.021309641981055772 0.022503632428921373 0.009383951468044337 0.020896266789428027 0.021190002265657645 
0.0117916693244121 0.01794497146306433 0.0018456931247810451 0.02928536063510989 0.04609543629840194 0.02736793749828678 0.009048631165234926 0.006086081125198711 0.029963040060099963 0.023948555865535723 
0.008161797103149022 0.01868499820180583 4.995715252221649E-4 0.705708251082911 0.19706759647931008 0.31689935646660167 0.01523341153395081 0.004115209603848597 0.12280996912600117 0.09516768970486511 
0.004327244942916437 0.019063614997802524 0.046715671961914375 1.2429444604513942 1.7073537124928664 0.05112103064516054 0.02648378563820807 0.005301017162933661 0.037391535403588964 0.07023558145349887 
0.0018007844624275877 0.02560155396117865 8.328467962850087E-4 0.1690784614020866 0.02909521248323771 0.06725676701471425 0.028508414281858654 0.0028440717025556557 0.12015712982210025 0.1683688171988042 
0.16198342631394158 0.020206446665424965 14.702508349581043 14.007017089694907 0.03837889124078072 0.019539722006657118 0.01979473131045885 0.009012469498461552 0.03795962708378585 0.03648933730588904 
0.00574982109778119 0.010296368073281922 0.004884782949606152 0.1398908054782961 0.5895446573041757 0.10265576561562877 0.013755701336073536 0.006016505479775192 0.12424977693376987 0.02712645773391094 
0.006188958435379916 0.00957116621227184 0.04664673604438854 0.14021567450841474 0.5864472202846085 0.06636170105553897 0.028207332973033898 0.004190784535421812 0.028577467688369447 0.02786708850175635 
0.012444218166955925 0.011380487985253297 0.046734523392471555 0.03573012982400285 0.05272821107495416 0.026783842664202008 0.01868413746447887 0.0061132730125497275 0.0177134914127441 0.023090795357987165 
0.009712553415585155 0.014282334484467796 0.0018416161799856923 0.02655481909650158 0.035668935428063465 0.020977194603752018 0.006818184873969193 0.0320698760541193 0.02879298620918251 0.023948555865535723 
0.005359051531393242 0.0018834359046547926 4.968822051058067E-4 0.0021203840948343265 51.647772827015714 0.024706093910091046 0.009972833313653277 0.007253012301002384 0.02848922247709561 0.02183821841487947 
0.0034091107942781857 0.007328293748337095 0.0014705852745623804 0.02210439427991809 0.12815511026967674 0.030358934138913267 0.009397925256141923 0.005866465147248295 0.026732754562784462 0.08030027158927369 
0.012448847167550913 0.011341758550208903 0.010609712180001033 0.010358803516278159 0.05590361415086221 0.025075759355533803 0.01868413746447887 0.006392588846939758 0.016853287251853845 0.023090795357987165 
0.0029953716548770794 0.009611119927094909 0.0444168524996047 0.002069496477366115 0.134547405654051 0.05057602495687871 0.026291257282681856 0.01835526421176383 0.03990827033971442 0.07029410171342299 
0.0032421262708141347 0.005297822192428952 1.9876424271916685E-4 0.003017616997701019 0.08936301280996777 0.06656721152017687 0.009397925256141923 0.005876168429831407 0.028304522253791355 0.08030027158927369 
0.004948969505336089 0.02363765630501132 0.047846687714122635 0.0033995662093710224 0.09594737361410177 0.023299469671074637 0.009813734643284059 0.005508558365134945 0.030377195240862284 0.03270956475579272 
0.004977006709451431 0.03348574407330377 0.003845094630438241 0.006027513176357818 0.04025782444586159 0.020676509798494093 0.018918720409230556 0.00511628226051001 0.031880294199014295 0.020572654756768307 
0.0033101623972756553 0.006862441097953592 0.0014865973408507839 0.02188227583432374 0.11557905446840094 0.026326056088152805 0.008616765067492592 0.06404463743500087 0.03872215612269862 0.08030027158927369 
0.01784235311872789 0.025388028296009266 9.080629580998566E-4 0.004171875102452006 0.04807693305473844 0.017457883397403957 0.010014513801792179 0.021636643481610526 0.029447167705463826 0.023154871998024254 
0.006588551886993107 0.03805576942157411 6.643079866127895E-4 0.006739978708958289 0.04440867813208112 0.0139760503769123 0.02383531366463792 0.005718970527256109 0.03085841548515973 0.058118146188981895 
0.00107493532863258 0.009340529367561778 5.679824757762826E-4 0.00226797913661757 0.014077418991612826 35.48682628761046 0.0034565110961092896 0.005812205454492782 0.021869387960842368 0.02240697967605819 
0.006248869579378897 0.047399511787115114 0.015588341403838059 0.012235445668918444 0.011733770869088571 0.017110667890219904 0.0179270338977962 0.005894985815910737 0.039172801711895404 0.021966851706574052 
0.009198501351036604 0.013396986241794123 0.016997105347240454 0.002499124999965157 0.02596975065828304 0.055671438006849955 0.009340715350088747 0.02188984425643109 0.03983231215494298 0.027538232227106538 
0.01858519414564796 0.028094424211696677 6.88936527228835E-4 0.01421525226895008 0.018467994581980035 0.042251211738400206 0.018338346566690644 0.005452356908582357 0.0299182475947299 0.04363218541297909 
0.003999869751080525 0.013335997486313466 0.0016116413555322233 0.006783853161750962 0.04031547312706749 0.06522121877594865 0.009397891820395708 0.005865032976210625 0.02594238242816962 0.08027945358686195 
0.006019510171599826 0.007065157493343494 7.894462121374985E-4 0.03529593964440412 0.012354044600924083 0.04521776017958842 0.017491142859086956 0.035777080549486605 0.029445119211420737 0.09613698153186062 
0.010688242142024372 0.02044772646644396 0.0015575575306304352 0.013126593994518073 0.03416494728578633 0.025542470168698424 0.04353591128187799 0.005838817854280674 0.01653650708621387 0.08174621027693808 
0.018472883378948667 0.009206905070279011 0.04027842731933832 0.0074333357432239434 0.03205528017747558 0.03919265389403638 0.016568466868820644 0.00989876539043387 0.02862386413257145 0.02215705272647246 
0.012855355379297304 0.026612907496031075 0.0029864358013070263 0.004287101853147571 0.05114287937575537 0.022558041353597954 0.01228114253869724 0.005577946130629318 0.028290218715143544 0.08670647384167623 
0.006262175636552821 0.022347970851890758 0.006433814497773947 0.005934802339554974 0.03157439303340715 0.012475322859500952 26.625461613459876 0.0046741753493023406 0.026043348239509 0.024472938590034722 
0.0050537692790329405 0.09997655928571368 0.004380662746612006 0.006718893705611929 0.039811592909841244 0.036923151727385875 0.34661171734908014 0.005103783785582482 0.03186691211690286 0.19775426236129537 
0.004140522063125311 0.08019709250518411 0.0013459685218967531 0.0026074771365269312 0.03301707198328409 0.020364510634522826 0.11072211839279275 0.021261263346131418 0.028786563527204174 0.02197338141632065 
0.004000236248871265 0.016707171328280233 0.042831146360894634 0.010635560599140653 0.09977317243196783 0.023035950045277778 0.11160481867185948 0.00552043417300931 0.03021695996826431 0.023337376725921108 
0.0039984303514023455 0.05510011975529215 8.369120327175682E-4 0.010767291309702205 0.05776237288536746 35.266117559243334 26.559945381778995 0.005924541894320189 0.023286662508898482 0.024472938590034722 
0.015050633087747237 0.036522319404232784 7.710192386526514E-4 0.012794717316730757 0.03245102023046585 0.025623190369432988 0.07238291588063026 0.005573061869094191 0.016458942058485145 0.0565353226403148 
0.005924797091546497 0.036263101190629865 0.007225046562906867 0.003004416321893316 0.06486261372768436 0.035471035765725197 0.07182882798626658 0.015102599372638973 0.030295432960577073 0.0699152251730498 
0.007446934705522871 0.04385794796627223 7.908490217759506E-4 0.02008729398803596 0.05719868183940342 0.005848644930405718 0.06959606929100344 0.03204117224775952 0.030256668434247395 0.027059522038009307 
0.011446686822504062 0.01783000464497403 0.0010056937777853478 0.012684968993528889 0.030082320410212485 0.047978797393095796 0.03872474806787342 0.00523312859962808 0.0400724722013983 0.038159428945214936 
0.004542111213799986 0.008992600756665307 6.262172862051908E-4 0.0033511558857585665 0.11653254270915821 0.026634536292453007 0.05296862518120578 0.005507259462685245 0.01650253216743769 0.022410184226576417 
0.005036820593444926 0.020474253398908626 0.0015532656129463656 0.003748061334478001 0.011199038883624546 0.006172714086469293 0.00788418660131466 13.74952947224011 0.03740727154314633 0.021739060206149866 
0.006299125587394811 0.031786749382156095 5.86016547395582E-4 0.006060821032286111 0.039923118838726096 0.013479295093848365 0.002788788896098822 0.035795198511060014 0.02953391453477446 0.025688343763769883 
0.025673816832700518 0.0910825141705416 0.0023293256872797398 0.01065253860875263 0.014366966051836884 0.019901032746719043 0.025860822769283438 0.1756162013184042 0.03817835162477472 0.021557201308318823 
0.007377911319256868 0.03788933940067571 0.04779456817431053 0.0040453053708396055 0.05287994678664938 0.02343094401727316 0.009805135879707085 0.1782423651154764 0.028282069669019107 0.1045103592393817 
0.004903085559641133 0.11723006565320249 0.04680596348872576 0.00773045189850809 0.08357137967677966 0.03634819353923226 0.025831916992746 0.17593613342790562 0.038129674234147815 0.020504503522916964 
0.010062675207336136 0.027531604295031015 0.09468772296293892 0.009157704587730253 0.04770954978484692 0.02812955892484616 0.025976964950628137 0.26374794719386196 0.038248845421868564 0.10437081975248799 
0.010458361482272737 0.04083136391706336 0.0026335103283565238 0.007149311062742102 0.025787769178991088 0.01569980638568996 0.01752723183766937 0.22116543283628903 0.03347638781192605 0.19048311181117034 
0.005616469099083384 0.0730230282813438 0.043302941020408964 0.022351254815901844 0.017846207462339694 0.13362789092035326 0.02854166553433209 0.18348637606447823 0.03924987665655919 0.02314005360992781 
0.004266355447586858 0.015609713416747738 0.04588830806915819 0.0033995662093710224 0.1573440214952876 0.12137726342879943 0.015712387897391267 0.18732719777969148 0.030248149494156613 0.02043851023297828 
0.011560447977706705 0.04942743438368296 0.00340527193210514 0.008055160805795299 0.01995267303282527 0.016865540447096008 0.016077515192530957 0.7359264218109466 0.890949737448032 0.06279650166395336 
0.0021876665945913523 0.00234451019479634 6.13664128488748E-4 0.0011119311030715479 0.009562946946983746 0.005014180885403934 0.003231408239032108 0.0030724067350432235 36.31011284329722 0.021738179857260346 
0.003350019248303521 0.007410982862291419 0.03292181157391703 0.0016056526825164352 0.0851997733481584 0.0679566894104585 0.00885988644637383 0.005699184089120247 0.11718919168537043 0.04078856520982774 
0.1582900145243428 0.08047189344732296 2.360543098814442E-4 0.0013515481748932467 0.22786256804559835 0.10523204428770133 0.013792256018798646 0.21152788260447739 0.8944086099875922 0.1373499758562727 
0.003547039799745455 0.01527875043368149 0.0018196227173719493 0.023165700505317455 0.01846292705152923 0.012436935441480473 0.02817393775492036 0.020399309042322192 0.121143763162211 0.023963378787817628 
0.012444432661500412 0.024430106927847573 0.0010148783620686221 0.039593789854348686 0.048603818500994225 0.05744102547039682 0.008194633370557841 0.004961569207286267 0.12582057362522575 0.030944244591022664 
0.004742464768720442 0.01671159714397535 3.986723895012981E-4 0.0015682564435288773 0.6407767534981451 0.010683254194085912 0.0288618761968752 0.002725377928711734 0.4015066580618228 0.020753559906387806 
0.006327484198916119 0.035649649648193046 0.012484437992188077 0.0037413939413700704 0.11701458191571157 0.00280013647405915 1.290358865041939 0.006737248270905789 1.2680499733940018 0.02256728569071782 
0.015105086627418676 0.023819268529111693 7.799299557049489E-4 0.0040975584536543045 0.013480241091825215 0.045352336627563085 0.026593632747704734 0.0025214891169464903 0.12015712982210025 0.14370772370251972 
0.006894955014979208 0.01402664016780112 9.113562297387863E-4 0.0088142731980128 0.19083528636898928 0.03657674782797464 0.013475178838601297 0.004111165956561293 0.12000052373463506 0.0951248948964645 
0.006213270229661283 0.03509370033122141 0.7007661677035848 0.0038971114298440614 0.11414260036335805 0.0031608369547561576 0.029625228505300992 0.0065147932700878805 1.2680499733940018 0.024581174302321825 
3.540228694666111E-4 0.008292009717727597 0.001877031297132648 0.002896401772076263 0.004411332261244394 0.0014722234515557378 0.005390903238179888 0.0010794333238667297 0.012535451462143148 28.29421246368989 
0.09322086969663211 0.013132787909669968 0.0427870770687859 0.012811475080185245 0.09940613934560172 0.022958302087857 0.11161625715627274 0.005702072536321361 0.030324674073858346 0.4942875701047296 
0.014076206804599735 0.022619005088557676 0.0012442756830108221 0.025947662586882535 0.04649869843049355 0.026218719667826275 0.008980497271697033 0.003115713933485668 0.038707016073895165 0.13448086340607981 
0.0022751235206463242 0.04802952145576793 7.418010834251582E-4 0.0036745477645696747 0.05186757760934233 0.014744965540092523 0.027428955255721407 0.0029141183690458636 0.12015778213477446 0.1649390316056319 
0.0028131665795542602 0.026795185936320402 0.05146556239320397 0.007707950025858556 0.050312444507394645 0.02383606546538665 0.0257142156150677 0.0901678955562907 0.038086187015931715 0.19869207288998864 
0.0038420766123215223 0.019881646691030826 0.0018439583891222853 0.026790976180029347 0.03214694590912859 0.02097582998775399 0.02493652088938038 0.032034978247185854 0.029597970023006605 0.09019131632094714 
0.0059349767868499175 0.03280129332279404 2.4657311681200894E-4 0.005781645080659763 0.03782443112864886 0.012597579833702143 0.010725099750028961 0.0240824854486417 0.030726125167120023 0.06068760358852815 
0.007299633840105447 0.037860543660015185 0.04779513344118722 0.0044012244914137764 0.05293861920039886 0.023311740404698383 0.009804966238436703 0.005533305305415296 0.028282069669019107 0.08673260714770667 
0.003022665127931826 0.04983395441983869 0.0037696820163760766 0.001453190413392171 0.0695414912995094 0.010357819566358334 0.08091469599559334 0.05184179050537288 0.12049738524220172 0.12133152701772462 
0.018429453926264425 0.029448903812577195 0.002135622355457932 0.014353027549622891 0.01992937095549724 0.010865257731918803 0.01851294594345766 0.00570964208063837 0.029689166390212948 0.04381884139990085 
