1.6526421217662954 0.6502924689682856 1.0395992922732198 1.6554426415572128 1.660389801898336 
1.626722637399698 0.8294240874906115 0.8858209087801875 1.654240006521249 1.665402546730582 
1.6558253189493952 0.923303626909257 1.0058616180181421 1.4128326309632449 1.6604089597123473 
1.6415849966307539 1.0326446093921489 0.79470496426531 1.6275800069182758 1.571972913382922 
1.6121704427524581 0.5121567458156535 1.2179086202642184 1.654372750500272 1.6655361864442007 
1.6220257425663307 0.7252833223507589 1.3006194710978602 1.3486615924451852 1.665530042820045 
1.6482820146318569 0.9930712410260164 1.3984284161263416 0.9714421165996657 1.6495630195114608 
1.6144785018231735 0.3770089107737225 1.6506389003817865 1.356994912389847 1.66637374178951 
1.625644448789895 0.6381770756572901 1.6544994720036932 1.082845357319462 1.6670554512567801 
1.6579946614702006 0.8915482133320688 1.630482085382107 1.09079998710811 1.391430971028286 
1.6455708394683508 0.05329768220629794 1.6505115488440483 1.6442790556167841 1.6645530420451604 
1.6394936660602875 0.6271819322525622 1.6554026757654454 1.538074397306883 1.1980615930317648 
1.5232424262746798 1.2689289394364616 0.6725436212114584 1.6237048872682318 1.5694761768996397 
1.5147070579847717 1.1801630321797627 1.1494349147245364 1.189946362917646 1.6344494416081055 
1.561622648457427 1.3795987573766864 0.8733078199640001 1.6457694936189764 1.1980936387543484 
1.5737921732249258 1.412540781424159 1.157792955136708 1.3175439721551971 1.1983944979530845 
1.6594437785090246 1.2266973317442016 1.6642586621147317 0.4492037834656284 1.6588074162634725 
1.6605849839450086 1.320587917989547 1.6643679065110883 0.7209730489500321 1.2920391085470597 
1.4543434420536254 0.9873398529003138 0.9444452260870426 1.648137078603345 1.6344540621995964 
1.4325493485962113 1.1390617688900888 1.0509256806428389 1.6482397758218192 1.3896270694985797 
1.1429166924832346 1.6333308759544267 0.6425776812148913 1.6226491857060743 1.6171526342054041 
1.3396161737447634 1.3562548961091383 0.8378193478812981 1.5921884448265167 1.5326599864727133 
1.6645996559301552 1.6644578345386138 0.2560709871409889 1.4128773666964858 1.6603995422800872 
1.6298359703179308 1.6449758273327026 0.7636231661795333 0.9551392333208 1.6645247323836556 
1.6649992706480856 1.5844569698285158 0.32717098983469134 1.6566829219864132 1.4266869302946366 
1.4214993178751756 1.629768120610753 1.096187108994619 1.314510411480397 1.1984592434768582 
1.084795129189638 1.5684589438861123 1.0666042837657608 1.661298533580233 1.2806845762138206 
1.1901251454120534 1.5046645330338277 1.1494006169536306 1.189910856333304 1.6344006715805144 
3.2400656639359 3.2464550220299024 0.029674001613266325 3.229684980104276 3.248606497330807 
1.3741974625529139 1.3995041264235148 0.5684398601694387 1.654326043414669 1.6654891641868454 
0.848611365446036 1.5618484815619746 1.3886355692482562 1.6454391411498581 1.2135051894937097 
1.028725094327645 1.5697832651316428 1.4820398177707619 1.2868877616723946 1.2911828745777123 
1.322204325452851 1.5395721859524207 1.2114166011274334 1.6537711174950473 0.9336048640278861 
1.1129508044383885 1.6646835507885323 1.6524103174962474 0.5640136885646256 1.664675841866335 
1.6158295245531336 1.5534376386893556 1.1219315368179887 1.5390539342528018 0.8281958475856024 
1.5013544550057396 1.5095799514736312 1.2466635922326963 1.1284265203820831 1.2785440769949026 
1.2509990120215477 1.6113580089091473 1.4815657522269519 1.552319717839103 0.7622098183900228 
1.6409049780629141 1.4963631033735214 1.1703900978301043 0.8340198520369161 1.6780096677430307 
0.6132033154258711 1.4483464994670299 1.296038092173243 1.6541393083160914 1.6490415328789272 
0.3072977723455995 1.664650827038079 1.5918910599500173 1.562088825170216 1.5326748236484042 
0.8516086236313096 0.881973617321604 1.6652006053799366 1.5968189698069595 1.6652006053799366 
1.2048036054819748 0.5544776261474571 1.5811066813081947 1.6556327207036237 1.66534021121375 
1.2086668861453413 0.9074422058628373 1.6160700070738978 1.5166964657280577 1.4158799420117139 
0.9878216017423205 1.046722270552537 1.6123486567172303 1.3504961627651189 1.6657962305924021 
0.7330662874626868 1.1393529676285963 1.6357925759947756 1.4903461113181244 1.6661859808013944 
1.4789117274670007 1.053661054009486 1.6672533395764295 0.8019338976763722 1.6672533395764295 
0.926084028740567 1.0737263378466326 1.665087349062578 1.608116276812908 1.387335403787626 
0.4877735566270737 1.2345444614018792 1.6298580697585643 1.6456516775759138 1.665942588454477 
1.2566200477699807 1.2770622188369831 1.6285260562919304 1.0591761270021318 1.443230652048838 
0.7775068030917099 1.3207983463722066 1.6378113402397285 1.6499058596107754 1.2757550485064444 
0.4692449138892415 1.4296648569769062 1.6643474497204473 1.6557890707283958 1.4427918639832062 
0.5652430298191967 1.4307712637528298 1.662480286786108 1.3370400920345278 1.6651782241308875 
1.3832427701081578 1.023377124016344 1.6683905037477738 1.6606514063531055 0.937900210765714 
0.7929898891050328 1.5485999266498376 1.6595401467660535 1.0003713080515866 1.6569169438179434 
0.7995111892243426 1.5360887301378396 1.6652433653533558 1.4210769399284207 1.2390532367694647 
0.21448816106900903 1.4715588548450667 1.656124560089408 1.6591656642981134 1.6568626032268943 
1.0815711288667993 1.5869725961921997 1.661176679312011 1.2064242837315557 1.1221116566867957 
1.3165809760546188 0.7286905239478352 1.2840657123497006 1.6646686061760771 1.6646686061760771 
1.499214561190903 1.2877089477769226 1.504206076011283 1.539029145878892 0.828182508463507 
1.3942156603070928 0.9732932129915809 1.2879198636928193 1.3600148862414867 1.6498890599072664 
1.3563456226825792 0.9699204926390971 1.0538064591805982 1.6464033748078029 1.6319250288421139 
1.0347523713384879 1.0895516470124575 1.217895336431402 1.6543547061160975 1.6655180202994815 
1.2218163259106098 1.2362730590955255 0.8994865227496521 1.6391108074972098 1.6619093909962062 
0.8507746083426528 1.2060838613978289 1.2825796969681942 1.6551619876708146 1.664866718126497 
0.8527909260809878 1.20722034306412 1.283526755491358 1.6510633856521322 1.664867136762866 
1.1772168615263232 1.2196404181599747 1.318999318613887 1.665532115736334 1.2807397489088173 
0.6793416058077737 1.415139777028166 1.2347983793916864 1.6646360267627531 1.6646283180606332 
1.3373513112554276 1.349602145709856 1.1331495928523772 1.615206982430817 1.2270782857831875 
1.105136976045535 1.346371812452883 1.4092881570626068 1.6645221045210707 1.1327693680021875 
1.5235355042217964 1.340718061741953 1.2107679724103317 1.6606559463390649 0.9379027748521754 
1.3429435488063775 1.3535325306556993 1.4171082880816057 1.6534372388146739 0.9021819235607508 
1.5419496388943255 1.370608349920472 1.4114310586689598 1.5721865349004878 0.7622011690847298 
1.307449278939059 1.319120015694101 0.951176227380711 1.4170819289161596 1.6649424836433435 
1.5271354335390062 1.3351301758147975 1.4815184372831174 1.5522701433128614 0.7621854766321947 
1.1898632096113497 1.156912559635986 1.2989420102559732 1.3500611363169317 1.6652596386067469 
1.150476904567179 1.195195246492003 1.2999286926323514 1.3500178333229893 1.6652062256715077 
1.2540206729056822 1.4900158570354634 1.4351923093033205 1.0903303338889099 1.3923704810385982 
0.9905986450221077 1.402107143622696 1.297395577881612 1.3381927003065577 1.629564125793817 
