0.3481077279976768 0.15339072599641626 0.04833375708467129 0.251238467107301 0.3397857009182453 0.09416131456059973 0.5213045377890192 0.29979462054733935 0.7751662350964511 0.5736727944304115 
0.4239233094716923 0.17171207313516185 0.05323603419218439 0.2430490031542878 0.38355574086387334 0.07944939616727315 0.5264906995106764 0.33664022256667575 0.8440403774471453 0.5877328485979862 
0.31752677875393787 0.14380827371135302 0.030018587713740438 0.28007133759592723 0.3177658533226287 0.08697845914367976 0.5520740202907801 0.284792014020234 0.784817753217524 0.6242833836661522 
0.37880024575225085 0.17270106534652233 0.14411930186876487 0.24714266190149228 0.3452629009510104 0.0910879882650238 0.5312521633816855 0.32757647110324156 0.8377098403687502 0.5837885906523731 
0.34878687034091455 0.2268570856018292 0.05789090239855376 0.24419853624293014 0.38564986026372866 0.07939207155722955 0.5168965263076634 0.3528956016614665 0.8129031504891798 0.5627021245970869 
0.28809273457633006 0.14818406023342037 0.025163351471507146 0.2602960968286472 0.32676721113224694 0.05439546307923985 0.5158785285552616 0.30066920265533104 0.7751639865455661 0.5823181394294138 
0.28290062032210084 0.14569116304135316 0.011156665649985516 0.24945916246149272 0.3321244003973068 0.06961081578122386 0.5284629227060083 0.2996303841606857 0.7714700404259919 0.5789749973389641 
0.3035939010963046 0.17101939626784 0.018540984305181796 0.26101432695887195 0.370111666083893 0.09300242505326359 0.5643702755020096 0.27999165301140466 0.7707654289037422 0.5713103150187122 
0.2554060264853079 0.4493180114182352 0.014939281107128694 0.27486907030138863 0.33078751428415726 0.0631176984502877 0.5205951385741647 0.3101953044552254 0.7887682957360518 0.5654798116977634 
0.24863759972120156 0.209397028371773 0.0502700733074877 0.27587358553279123 0.34628413152288057 0.07428566254286503 0.5831481543592891 0.2716674489904592 0.786825787683527 0.5615631858146682 
0.29402767413937936 0.19383854243586335 0.015212510396719408 0.24356732575922435 0.34494540963583636 0.09726149186873562 0.5361348590560748 0.3060827973017216 0.7813759667566648 0.5692847586995275 
0.2637001006849145 0.17918423054077645 0.009701033022910888 0.2798760187889684 0.31981696467731485 0.08671721862997411 0.514489351867132 0.3022348852797599 0.7772825255616987 0.5596058444169059 
0.25696570617849074 0.20806638358985355 0.07511620741829397 0.2855868174822518 0.35893243576919176 0.13079643034506977 0.5153430336224964 0.30558964449956655 0.7726265306579487 0.6326077920402972 
0.26329764267722994 0.20244650566819997 0.07445839748587707 0.2662021587636866 0.3444351164375721 0.09579716670686671 0.5114537275286002 0.3212766842649117 0.7946098434063535 0.5671672519830846 
0.2498273277251713 0.17662917081165572 0.014085679355381835 0.25893983860930087 0.32287258876939307 0.09599144251650071 0.5338024971989542 0.3061746451017262 0.7715711645591061 0.6094890338220738 
0.272738683629002 0.21702587585324012 0.14700009708166878 0.2599515907605042 0.3244639735158662 0.09676008691234458 0.5098665717210096 0.3151614360312304 0.7867660714573134 0.5827148817136661 
0.28438356078974947 0.1774777211582402 0.03356748333550224 0.2663434706734182 0.33148422784737847 0.0632340334593215 0.5429577611065738 0.2948871391099873 0.7801715392775717 0.6124738050442861 
0.28131954420338406 0.14109559479162698 0.2017462367002038 0.2584050720050718 0.3425898325633801 0.049429677709839095 0.5409567887074409 0.30278459304938365 0.7739934307242675 0.577487005202378 
0.26440787862764265 0.19139435970153604 0.1026115186303436 0.30790852649662126 0.3122960445900771 0.11269880104519897 0.5475791735670981 0.29375961265548406 0.7786179181573619 0.568190207595064 
0.27872833956447407 0.1650667919522522 0.08898883251520152 0.28608310844515294 0.3312258520369529 0.09526946036302028 0.5103821203573763 0.3163152839710426 0.7814721176600042 0.5636164842238773 
0.2679316854213305 0.15836180455056828 0.07382694959672596 0.26364747608169087 0.3420385513581562 0.05995449859111749 0.5176964200029706 0.30105705309812153 0.7796112775903907 0.5688821029183965 
0.27690398135746114 0.1486028948823907 0.06818743137418158 0.2528862747243866 0.32687929828810924 0.060750516722106664 0.5227827921215308 0.3050216048868641 0.7721204665992234 0.5873523431883713 
0.2487963072590337 0.1326761913552614 0.05844102284962535 0.25886914802376026 0.3289144148613299 0.11087021124680776 0.5141070684763953 0.30764010758977467 0.770162481649 0.5829935050718867 
0.27155144313576907 0.14885560295027114 0.07009610712160236 0.28833081224683527 0.3459866550788947 0.06675280336275421 0.5234142099409476 0.3108676222547568 0.7687739566184261 0.5727453085755052 
0.2678871437172583 0.17211992540061571 0.05785033372207379 0.28438764462074456 0.34684734943049556 0.06600034214660144 0.51672315829393 0.3112274160830168 0.7673785851126788 0.5651100743183579 
0.30812697403538347 0.17405858648790387 0.09147439352101308 0.2827829446298992 0.32114343035402926 0.04654353243803437 0.5525201209694919 0.3062665321254072 0.8216744781048123 0.6570908818922113 
0.24032113164830546 0.13742534616294313 0.044987033697681277 0.2785892571457132 0.31848018503450437 0.06361900677966491 0.5150272912428988 0.3016956352030625 0.7745760555415377 0.5954014595748787 
0.2443045810457391 0.14781992863625995 0.008525603776165066 0.3372132988192245 0.3102107402514304 0.08751153814693491 0.5128118639050344 0.300861066531243 0.7750303936752914 0.5663183902345961 
0.26256042551725706 0.17584124840125925 0.03226847691317538 0.3239065926757486 0.33816382884492285 0.1010788292605514 0.5106287498909756 0.31264867211229147 0.7791209762271519 0.5658449707991662 
0.24880528906254223 0.14138799439842004 0.010684169801476445 0.29537502396952453 0.32822509860809623 0.06712217578253753 0.5330005561413813 0.29953830245409213 0.772879247666045 0.5938152503523743 
0.2879731762864578 0.1318034538563433 0.0722052762238358 0.3340148520204288 0.33687628612115167 0.10053991908846513 0.5921517806531797 0.3100828334803628 0.7768863383119717 0.5672481534736018 
0.24231969865037484 0.1537349679274298 0.03655013791393095 0.30210607202511364 0.35293788109609553 0.06047088493878873 0.5274082882820024 0.30859055021655046 0.785924106073017 0.5730656104011386 
0.2597736360844575 0.19175710968029924 0.08761029970544791 0.3267412495732271 0.31597308881257496 0.1416891152162844 0.5479629424061386 0.2937409461409784 0.7853982256190383 0.5648175701803065 
0.28839897622151406 0.1655601319935712 0.012086174359920376 0.29378297829799827 0.3349310570535929 0.06339402609710425 0.5421733858233975 0.31194106626594287 0.7778616651470617 0.5703666779646547 
0.2591056787372711 0.1441721789901266 0.03902917059998191 0.2907433004700522 0.34219172349155524 0.07256385361621252 0.58001430240466 0.2644250542872769 0.7812329446324394 0.5963911459812047 
0.24819075678087793 0.13942278083823156 0.03319811045970515 0.278091575316484 0.3270798254087666 0.07090944916069326 0.5470414904420654 0.28588847653333327 0.7702130465690039 0.5885891483442255 
0.27455898062884165 0.16775777276108117 0.013182383001192732 0.27298341081309024 0.46013108971627276 0.1036167772196076 0.5197370618404088 0.29733972494053484 0.7861749125239677 0.5965706423540751 
0.3277403076291242 0.1460451467382842 0.09921617172662263 0.295583405119218 0.45569967259692934 0.0743522906840531 0.5349978522780585 0.33722100445289066 0.7756554190729246 0.5783932468227014 
0.275780380740823 0.15528842861728293 0.06915578836114246 0.24993694733181365 0.3920296151332097 0.08922454363296761 0.5295827267449977 0.30952560850976907 0.7724966388327326 0.6333171729801849 
0.2518707033790402 0.1850463764068244 0.018630893732676686 0.2758385288658101 0.36935473423232723 0.04617831309730677 0.5293803958858833 0.29905766409040974 0.7823467065647312 0.5681849314628354 
0.26574418655448895 0.1932780027391008 0.04134812641541845 0.24832144909149528 0.37460700669391944 0.07222408911510708 0.5325745169457927 0.2981315470570215 0.7857585416610089 0.5705692033364668 
0.26587486008371386 0.13414160364391522 0.043820989973341926 0.25062946641622047 0.3585902106029918 0.0769211383698884 0.5337683173301635 0.2904836603245969 0.7728024960735908 0.6020124399776106 
0.26694438659206526 0.14645706516665555 0.03846158732827208 0.25427402734705284 0.3561356457385094 0.05309537143173142 0.5300829927849162 0.3038291245564574 0.7756396849671335 0.5800906549219349 
0.2623316920072997 0.17412002940633872 0.05104255382755495 0.23925181039670657 0.3678200541461669 0.09768118042690571 0.5283392295889455 0.2972871520329172 0.7916436173863026 0.5871688724013595 
0.2652900292121442 0.18626757484580564 0.04719406751468083 0.23891001889043045 0.36485906521805284 0.0965430353002937 0.5281610164148344 0.29686407670118775 0.7850082759237933 0.5819440919557283 
0.2710275746729744 0.13121089100916628 0.04898150302678246 0.25030996526350807 0.3545476382037278 0.08150434855729988 0.5284948341622739 0.2900467269995836 0.7740350384219958 0.5861566538212016 
0.2796499094100101 0.15486954393416186 0.04699745803074605 0.25626634792886677 0.32701585634960184 0.18899693941844717 0.5196457681193856 0.3130083516480684 0.7769135617458376 0.567732590254735 
0.2795013062435144 0.150505232225323 0.045116854059125355 0.2777162874824447 0.33496578418899214 0.06370029734948418 0.518204244305489 0.3057319591274751 0.770877317025671 0.5912101148417278 
0.26356833830697424 0.14842879574238999 0.015187090721367971 0.25606074406061285 0.34878414342374386 0.13719047477946214 0.5313622468314865 0.3033988875803708 0.77235956530242 0.599623093958309 
0.2780770852478568 0.14656220241328688 0.025600767621953617 0.2795866624853447 0.3239380952528788 0.08291496125812833 0.515434961023107 0.30359630260691717 0.7818833795895318 0.5942335535582626 
0.24368349717331217 0.15388586480629715 0.0143327985737472 0.2696755583931759 0.3378220892179234 0.07279167795896897 0.527386821522542 0.29830442144978175 0.7795463864403968 0.6069346930838825 
0.2736683095337506 0.14447503715667667 0.029912838465109063 0.2534850162484071 0.3404619513407928 0.06428501896969747 0.5158631357806681 0.29874404634487184 0.7810136882533432 0.6090653581616934 
0.2588169506554923 0.13535829952378114 0.0358021217796627 0.2532185012234835 0.33665056052796755 0.062303697157968546 0.5094415912375905 0.29735079011956067 0.7727585820563213 0.5959888175394995 
0.28103794272295324 0.1514275788533494 0.025092982618789634 0.2583574392598099 0.3230397838831814 0.060002972905120175 0.5149099330253559 0.2991782411961396 0.7736309545271798 0.5786870686614194 
0.2564805651442053 0.17318369811743348 0.026775580433379784 0.26763995108285277 0.33994977538129506 0.05473176273904727 0.5145938360843765 0.3049614535696736 0.779924983605532 0.6048256399561683 
0.3009145357604739 0.15139750981485978 0.05159768100306417 0.2775880211280578 0.32378046276956707 0.07166581085282418 0.5254381810387513 0.3010762142398343 0.7894681591109218 0.6170282368056967 
0.26385772889937725 0.14654077351356426 0.09440467166673878 0.2736566910952619 0.3339527585148228 0.07620978498395188 0.9967981343938719 0.2945229791280446 0.8536870779019124 0.5995215993664852 
0.2799705624838648 0.13420186568374862 0.0486871447009911 0.25826968871250994 0.35137926795512586 0.09611959607114788 0.6033448183000747 0.3058540780022248 0.7547144639755584 0.624294563862919 
0.263689246658531 0.1430948966560634 0.01199117232956732 0.25029354208131543 0.32232538725977694 0.1079880258205067 0.5768683105576959 0.30175195823965123 0.7773955692618699 0.5739182585162567 
0.27489346366312034 0.13406987861530836 0.03767828330427498 0.26015160073622684 0.32547449675788004 0.062418045965498284 0.5751006287336382 0.29452946257179274 0.784161580684235 0.5938824344420057 
0.280462449563315 0.14010874504721693 0.03630954662352254 0.24739963101650425 0.3454341434301511 0.07566992684016997 0.581958605552702 0.26354989577034676 0.7818925215183421 0.5888486985668335 
0.2828480125295829 0.1490192739315773 0.11561402645408922 0.27272335374875445 0.34824727460377586 0.11727739015052599 0.5990111888597973 0.2770346548110245 0.7766197371364338 0.5903616014955967 
0.2816999049723731 0.15550155621107006 0.05009295971238555 0.2678276474499098 0.3328335879568468 0.21630422331171983 0.5756846757393196 0.2773410518844431 0.7767112551682495 0.569365371653624 
0.2569372216418403 0.1371124376854005 0.06848279346239274 0.2511627543710435 0.33654149347700846 0.1376617661029729 0.563662360306912 0.26863839169421705 0.7725099900343323 0.603698547072537 
0.27093151582947567 0.1468703844190714 0.02600707017633957 0.2525721414952641 0.33324721672751645 0.07974178721056369 0.554975294662206 0.4247711686983836 0.7243853395717812 0.568041731443525 
0.27675890324158936 0.15988467987705365 0.030285854922239362 0.30307732944814697 0.3243253791433538 0.13086987089195293 0.5462875627362026 0.3408676902869747 0.7508188382147468 0.5666942520625855 
0.27631678342151667 0.1421206770825321 0.010756747869142793 0.27077377337091224 0.3351196470952743 0.12734623892487865 0.5760667058053166 0.3408357599848639 0.7584531347860503 0.5777622005108152 
0.2518290057113059 0.1706395945030755 0.0174117918907255 0.2806927414320311 0.34149322257677983 0.10533796414310537 0.59317517342291 0.34043465567856307 0.7524545806329842 0.6260494906589986 
0.25938511056127866 0.17513149438693743 0.01484877899129295 0.24994719612023947 0.3438895548445094 0.0613937291363353 0.5049809904840794 0.3175000338320645 0.7746569694516985 0.6141695204035451 
0.2791527174688398 0.17120017562937875 0.02683463284084047 0.2542292625755722 0.3501168387728395 0.06217462714745134 0.5505314230507106 0.3124686706012487 0.7715052660882036 0.571053940988861 
0.2712132131445191 0.27516941942726963 0.01603524545568749 0.2558023528962151 0.34854513220521965 0.08374922744520508 0.5735424247639057 0.342942828161305 0.7509024452544064 0.5997666693642784 
0.26899299583275 0.14454411057187552 0.012579283707928785 0.2869759493937015 0.3631173835115442 0.08239190577273711 0.5167027547037344 0.30678147020303764 0.771322835744374 0.5659925229139994 
0.2671769655005135 0.14752202592174168 0.0347291504520498 0.25172459344463954 0.333421637092481 0.08454789537078977 0.5196521444723075 0.30811707524331716 0.7713097654883203 0.5990685598215955 
0.24790284372890836 0.13748859666362767 0.00704460658855734 0.25639989306256517 0.3235737204071332 0.06959708816563359 0.5358763574007304 0.3012168941545344 0.7720533945406827 0.5929728311672019 
0.24447661612992205 0.14064330384197754 0.013267766556833132 0.2517480104822378 0.3180963543713713 0.062137577601901375 0.5157486220088316 0.2951655194836518 0.7909680552919426 0.562090431888415 
0.26353209622983814 0.13802084646175253 0.03022280482426189 0.3025847458519694 0.3291285815104819 0.0713828180408987 0.5481670663371302 0.2789761490097502 0.7904206489219125 0.5628612580804498 
0.2489772552089113 0.140491245083083 0.04394075029257921 0.23539250208417728 0.34399647082026635 0.0831706717634087 0.5288833444941567 0.2947792190206913 0.7935128124377964 0.590462971562054 
0.25823526945003167 0.1544589002651225 0.017033328423955763 0.26247047147306657 0.31522320706078044 0.07842636366124346 0.5668548155257078 0.2753241743951491 0.7828693619443073 0.5707859634579515 
0.2909859214419537 0.1346620241312154 0.009345484700652221 0.27241690778593947 0.33149305893819125 0.073826938763988 0.5188816400577382 0.2988951214348403 0.7845498176266534 0.5613849769128487 
0.2535589473394345 0.14687626801453327 0.007280818367034484 0.24623737494866194 0.3302061889735171 0.0739286216021496 0.5371989723886793 0.29131835086155894 0.7934207332192195 0.6167805850715189 
0.27531763814228244 0.15050946106746552 0.01274635588736086 0.2492180380782912 0.3262434874441348 0.05383082226831079 0.518582645958823 0.29881306550823705 0.7780914042997269 0.5871490622892593 
0.2724610757508314 0.14322753375486988 0.01113707345976619 0.24616315181236634 0.3323717594386386 0.053673542485833996 0.5518017292926356 0.2922388615466968 0.777588994586839 0.58603628451501 
0.24659617517376717 0.1366802468544442 0.010833982720812294 0.2661845835988666 0.3267922710149048 0.062104306120992735 0.5420891908109735 0.3037014316403114 0.7743051992233196 0.5852756871793303 
0.2794782431655478 0.16585674347150028 0.011831680196725059 0.28199042310156663 0.3137213947635591 0.08819713635023343 0.5115039947738852 0.2986590238623131 0.7779833317885402 0.560756589411985 
0.24544876743408925 0.194467705551159 0.04690228814094756 0.2814301703244877 0.3422115592262577 0.05681720538280892 0.5542574556324923 0.31677696138672795 0.8284804528040013 0.9331156504927409 
0.2511452319662168 0.1456236341272115 0.024595051381842536 0.2621978160826449 0.35287469368042773 0.06604914915253651 0.509465077129059 0.298636173425907 0.7723733398477536 0.6335985416455492 
0.2899351821504441 0.17883715387104174 0.025598113612036393 0.2526340557993292 0.333583544998248 0.07003807652874519 0.5479453984436529 0.28904010241397604 0.7755374645283162 0.6491450535061662 
0.2463925569139138 0.15198323104633601 0.011090222865471339 0.24721941819440818 0.3360195778374242 0.07405781583957574 0.5452544066449581 0.29162477665217296 0.7949911388374459 0.641512057362957 
0.252094932065553 0.15088187284513768 0.04365626309400527 0.2454793256728179 0.32134233323478756 0.08359973877182264 0.52709692196111 0.29262781710100216 0.7753776270670338 0.6300518981542285 
0.2919961367776548 0.1822517127424836 0.030276550949208822 0.2446716083807169 0.3307144452163774 0.05941456155966578 0.5215582227653426 0.30107414755318307 0.7777210111679397 0.6383051937833154 
0.24856977547334494 0.18446507256830888 0.04654007939599849 0.2911713196845156 0.31991733065169625 0.05348426554945926 0.5159698491743367 0.30574443262635204 0.7755666605589423 0.6333727122454087 
0.25852889937557044 0.15047409811158446 0.010947675134484424 0.2635558144767729 0.33610141371013424 0.06495169888982122 0.528389504999484 0.29731393026993813 0.774779438630024 0.6103344395717918 
0.24528399595883482 0.1398207441769101 0.03561886448873608 0.27981991191418126 0.32632926948881597 0.07255646363173067 0.544648585757908 0.2900277916922837 0.7742444818415788 0.6118806594371902 
