49.615838473275055 0.03757371410071471 0.049930872880998275 0.016308556152692003 0.0029221016625929136 7.877616071591371E-7 0.004575831882429309 0.01706783701081315 2.2303696869230313E-4 8.499354838129984E-7 
0.2425458405625078 0.09479748521523751 0.05970873232525419 0.015653391097933563 8.50362736644527E-4 0.044583421266629536 1.998682881994757E-7 0.0239712333463435 0.0032350478138613355 0.17260241708241236 
0.4766231787359452 0.10859254090573957 0.0260452277933345 0.015301837904402132 0.0014851112799817 0.010724919026658808 0.048880496832189646 0.054237007884473984 1.1881037009204404E-4 0.0 
0.18195883297617607 0.08202716351283278 0.06017116420675739 0.026816348608252508 0.0020923547462974117 0.019129083023371605 0.0026334393206180083 0.024476742725019797 2.3860544563813484E-4 0.0 
0.230729047984609 0.10076280187096154 0.015402424592800824 0.017107857735084046 0.016995747609358108 0.011852365002037468 0.011323970788049753 0.05062596066279603 0.005138914839501992 4.888015613354901E-7 
0.17244169514014326 0.048016587266438905 0.18722288545561835 0.005930090791810191 5.61236946661001E-4 0.037227297299269345 3.580036734776542E-5 0.024284579149940175 4.3427424950688153E-4 8.369664015333374E-9 
0.20916619073829726 0.07975598073457321 0.09059654189612326 0.0029824403285671204 7.690292204988374E-7 0.019822936879955434 0.01770923527946165 0.07629092063849725 2.109797760111036E-4 0.1284045487353248 
0.13075155952489448 0.03102690794898008 0.05366656017695262 0.011654127505482552 0.0011195651757046037 0.06316029376172651 0.012222880358423298 0.044376050042779565 4.346363158079185E-6 0.0 
0.07246355329995517 0.01715967701879923 0.11824455028941924 0.015695651547998676 0.0015063121414405807 0.010970871578847616 0.010378489709311664 0.0527572846414787 3.4101365763452543E-6 0.0 
0.2656147906767443 0.6962444150919229 0.017746558217411616 0.019791317293675476 0.019565468600882728 0.004049796881805062 0.009892688854582748 0.05062596066279603 0.003898151094244739 4.7360722166510345E-7 
1.6246502171920954E-63 49.32898587112969 0.024948612187022035 0.02109991959757709 9.31736613556184E-9 0.003068738019930247 0.0011074802014041098 0.009736091365140807 0.0017170367834509525 4.0590544389262005E-5 
0.002055048488145341 0.38098129662380265 0.04773711076091474 0.03760798008298595 0.002910700207526327 0.02410175884362675 0.0010232712460369262 0.012296748399563077 2.1639213412631721E-4 0.0 
1.1566445951649737E-8 0.3915344322709138 0.10343986656089267 0.0029367387629795003 0.0018460417676373104 0.03951834335265511 0.0019090017906439574 0.05133320548843454 1.7440943977506135E-4 1.980905043867332E-5 
1.1436649719334087E-63 0.2747794803304494 0.03374439677783437 0.025636461514768852 0.0028775012409964704 0.00888239348445065 0.027169692829368958 0.01834326416227604 3.948455130192304E-6 4.072326102097238E-7 
4.675967709445862E-64 0.3564245134956426 0.01625959666008528 0.008605426800678712 0.0018244102841050948 0.05090719427217964 0.0 0.0616504719462997 4.999384028544742E-6 0.12150041423868518 
5.501842407087654E-5 0.43585396219882344 0.042218184548096636 0.11138228483352676 0.0034329917014208258 8.478077862116719E-12 4.371802573151252E-6 6.328225610590662E-4 2.8918763215637986E-4 6.752253103035469E-7 
7.576555338317064E-64 0.13790501369159616 0.025147871981713723 0.02529648250298533 0.009132819040582005 0.006351482249036982 0.005855941165544147 0.01815253449827442 2.220964756102122E-6 7.861404952445733E-7 
0.07339293382659634 0.15786255624477946 0.07394908836591113 0.01418691290765604 0.0019207132135737324 0.003172079376880064 0.0020793782535526396 0.052553116401879076 1.0613295265738557E-4 2.6415085123321525E-6 
7.013809275479648E-64 0.192963299522072 0.012220466776225413 0.0268242783089745 1.4891923253582137E-8 0.005011750248146263 2.1360558034515148E-4 0.06921431494545702 1.0734154649326606E-5 0.10799373991830534 
1.641355794292781E-8 0.1565915046117017 0.019689376263776245 0.012740831347496049 0.003025132123914164 0.024261163663544253 3.4870624908128045E-8 0.05672232300901025 3.0731804093118954E-4 0.0 
3.214316291096853E-66 1.616037804837584E-65 50.489997088916645 0.010033277657957768 0.004616988222318968 0.0 1.5270365992521734E-7 0.015349748702521059 9.086377855572171E-5 7.279459258937514E-7 
0.007196586643836992 0.07478472034315264 0.12081768866543593 0.015775526969019165 6.724372470756988E-4 0.011407886260962346 0.005884968158279949 0.02362877142377175 3.231579212519358E-4 8.307888366488354E-9 
1.6846866764437717E-64 0.027236650953974453 0.23440341222800584 0.011496900136659447 0.004294649001558126 0.01565738097408126 1.8079379563917876E-4 0.01619507365659778 2.0724824160763566E-4 0.12477920168097874 
2.0426564733293777E-5 1.0649266998896391E-4 0.29960514984160086 0.014598286901092251 1.4242012300812916E-4 0.013035314798016654 4.8154135523834535E-4 0.05174551924278277 0.004252393626560114 0.0 
1.5085958382598697E-10 0.03752560661461718 0.17575126526966559 0.0031767305520143748 0.0016914880721349067 0.007658430069750341 0.0014884434809173505 0.05291483029903793 3.8529068503108626E-4 3.6943568547667064E-5 
0.006111346735993745 0.12675377816878675 0.19506335850997117 0.006009805887785743 0.011258572356057196 0.0 0.0067370713855797225 0.01183710366304619 5.884172943914522E-4 0.022106230443982425 
0.012622734405961497 0.16676699098960393 0.6881978897186916 0.0011614495917508343 0.007341804898350417 0.004415376588001702 0.013485127509705435 0.3085344088528757 0.0072126300218948464 0.0 
1.772821382776856E-64 0.19896125231526024 0.7313001363734487 0.01906337595528977 5.868687385005156E-8 0.016517468682068687 0.1143519780656665 0.017104039373299892 8.179053248036284E-4 0.0 
0.0076905915798762756 0.04176565936345069 0.1350531251590068 0.03255928363778045 0.004961559301631257 0.017050937835088275 0.003084940745361612 0.009775387475718744 1.0627990148900422E-4 0.00630129718258428 
5.1360017053904644E-5 0.0049179255960045305 0.2905305295587428 0.055667140625931255 0.016436160730400936 0.014686795847171426 0.0 0.009439038406913144 4.730879667124589E-6 0.06677387660560648 
3.0571051489488373E-71 2.289289520097751E-67 0.018606847382336287 13.137679312381149 0.003412048845466158 0.0 4.335332176071227E-6 6.327724978372326E-4 2.894274225397426E-4 0.0028257493780483012 
3.296912600935342E-6 0.10593329042829171 0.11439904089602838 0.173802910052493 9.591171318244356E-4 0.041562988601529384 1.950486082034077E-8 0.023366310772058637 8.346481792440578E-4 1.9035790402221395E-5 
0.004862361732420236 0.11066153089544101 0.16003666633416477 0.16757612326612004 0.011367080306507819 0.0 0.021986265212227685 0.012117677170120491 1.4949224277159762E-4 0.021974152759087838 
1.1021894434514836E-5 0.04708997233686896 0.13137232961550965 0.09174261230822442 0.003511068709546792 0.0033188427007662226 7.307612981257422E-8 0.046814254911707626 0.001835527778540891 3.3075226258135183E-6 
0.018272753017497624 0.017560044002729824 0.12858081866381388 0.06258756170986389 0.0031509990593435893 0.015976981691250232 0.01052341577735989 0.022498567815780936 0.0010699149254414335 0.0 
0.0659092908990443 0.03120334168017183 0.08951272671885588 0.06252606940555439 0.002960222540502734 0.01705696384877998 0.008095784844021748 0.022527825444578518 0.0024073157319802296 0.0 
0.001056858349095856 0.036846495758467844 0.05949581594911794 0.07596524585010503 0.008684421732205962 0.045450327235105295 0.009716959960552498 0.04045737932251243 2.5640030768533885E-4 0.0 
2.3712328495292834E-64 0.044756040086991175 0.08361637573251171 0.08382259391868269 0.0021154584459675673 0.001739009958305253 0.0015069503185012514 0.09738413643281829 5.508483988012318E-4 0.0 
3.8919087013663314E-4 0.0378639269037754 0.17724989971329466 0.054911507105916066 0.01975478330741152 0.014686763850197787 0.0 0.009439038406913144 4.854645813444349E-6 0.06677387660560648 
0.03970897915929297 0.047934632197300944 0.07828211112011778 0.05741536691057764 1.0693087947656709E-7 0.01659155689984789 0.019315573036466353 0.054000947126691276 4.688131052336744E-4 0.0 
1.9527114862638005E-7 9.95540997129065E-7 1.0078808330609268E-5 4.111950945068268E-6 1.4884695758988498 4.726151697038267E-6 6.864473184030984E-15 2.6509837364655855E-16 1.0015335858187302E-6 2.5693803644600298E-6 
7.369588426404165E-65 0.02853346069684902 0.21903321227756703 0.02252663064125816 0.3615019641773391 0.020890850381167978 0.0015497502840758823 0.009894216370767449 1.5336579396351064E-4 4.485877439309271E-5 
0.005194907328175601 0.033338201815253515 0.0906291025504051 0.02154963672952398 0.1415811583841265 0.021639304264125452 0.01459546524270889 0.0105241194129688 1.1171723029105631E-4 0.00630129718258428 
3.390907306606164E-4 0.081838257707469 0.17455486842339332 0.05462721607405915 0.019588115304982737 0.014686763850197787 0.0 0.009439038406913144 4.821843678186348E-6 0.05320609522808279 
4.803895922154266E-64 0.0968003981195976 0.08708261569735155 0.017468012211875786 0.0025514190242508505 0.003940209516020944 0.0025969181222256534 0.023984282438651514 1.6679279445586657E-4 2.154010470099221E-12 
2.172758598201471E-19 0.052784677224676974 0.07132163503972501 0.016034389752756326 0.020415577383895395 0.006332679646090559 7.488878982391537E-4 0.029974040416282426 2.1603050142859288E-4 1.0758439233546853E-4 
0.06078175868630733 0.1037696372214169 0.07340358365151016 0.014695821195001962 0.0019206708947031987 0.003239448805501779 0.0020792008209097866 0.05267999784190545 1.0602788537698324E-4 3.2081715798167693E-6 
0.0064741606176044655 0.13749300714300028 0.15310905277436593 0.005208707858514968 0.001901937958703794 7.375038719300517E-4 5.602183947474757E-5 0.06747620131308239 5.883886202732133E-4 0.02535152210138347 
4.252352201152717E-6 0.027825943562560157 0.08021466670886783 0.029742166822850653 0.0010932688640129557 0.011283602245511073 9.733238468925856E-4 0.06680979849953562 2.1364045438343967E-4 0.09338745349352957 
0.0133756109350611 0.19475926857737982 0.01618091555119088 0.010104617945822247 1.687371772873435E-4 0.0031297414920510793 0.032512249327684456 0.1312402397761108 1.2770783292510773E-4 3.063613234176331E-7 
1.7902443774746662E-15 0.016808993764798212 0.07588939804455203 0.009046218127284953 0.0012607243951734686 10.961591455941871 6.799548221714875E-8 0.010463176278633855 2.7308653686259626E-5 0.0 
0.17341442640375365 0.0381801789499364 0.3449607896326591 0.00754037592505897 2.9245531211458803E-12 0.22505330296694415 4.646371226411238E-5 0.11717100239298853 3.117362432567247E-5 6.816576834789995E-6 
2.4074172451442747E-5 0.11730257509950198 0.046763960768265465 0.0017242115485722248 0.011657590827845475 0.04264294350663376 2.0456873828966547E-8 0.023549047460551503 3.196550663362258E-4 1.0371809909382144E-6 
2.5216833763736295E-64 0.05190186930140455 0.0720593652481903 0.012006441873861531 0.002442401511553464 0.041922708447790384 7.658790341460922E-4 0.02436748121672232 6.787348999507922E-6 0.10491665854423175 
2.9820148282629084E-6 0.01498602324046106 0.11785892944765974 0.028831382620046943 0.0017032813906139412 0.04217462441816302 1.4326436690822288E-7 0.02335774299006624 2.716380514145356E-4 3.976674882180015E-5 
1.206703032097297E-10 0.028402685389431723 0.11307135018216383 0.0034836725423750734 0.0065259067485356845 0.0384607645935794 0.005659401276256679 0.011874170389642023 6.332630847620357E-4 0.02211891602976062 
1.2506972048209984E-8 0.03349147065858103 0.09967290263416187 0.002943734662483199 0.0018496190638729545 0.03492396437581726 0.0029854723591509116 0.050565864488320685 1.6720755965181057E-4 1.90782455267526E-5 
0.01290965899708959 0.05824953950843262 0.011443609408262397 0.037010881243443 0.0012376610495777774 0.03162247967628398 6.806210221084358E-4 0.06757549861479034 3.59818318085013E-4 2.449208722369908E-4 
0.032738015605019335 0.054545707514290116 0.2313307863168628 0.046627230074283606 2.499369252294231E-4 0.04048031831765874 0.011473578250146188 0.012516232015287999 0.0010692475848467866 0.0 
8.484299968313592E-8 7.405379843146236E-8 4.949456959588486E-6 2.916878573937913E-7 0.32145774318785847 0.05087042885371698 0.0 0.06593819857684811 0.0 0.13113921143227675 
0.10314496805129504 0.03405442860214222 0.08304805147845312 0.002353800086342398 9.819208084653292E-4 0.03655736386356641 7.207230831944944 0.02022265355274328 0.001454403783467333 0.14872612023222093 
0.0038556383304842604 0.0831401490495694 0.12023575116623317 0.014979706388958283 0.008545135209647926 0.0 0.043261909163865526 0.05208022465371382 1.4949224277159762E-4 0.02360540703664022 
0.029952259981620318 0.08659991293231903 0.11669648088552001 0.005102711071661775 0.0026427109166534553 0.0127551389604614 0.03450702641346983 0.018315548332925095 2.223127371738084E-4 9.079745580589851E-7 
0.11679532634121444 0.12655633405349082 0.03674885215339892 0.050370166702590674 1.5540516206384148E-8 0.021580162751654527 0.06063105536421492 0.0859686795217822 0.0010493496567660439 0.27793872157534505 
2.106934784066453E-64 0.06838495263974337 0.09737782563958416 0.022561337050712126 0.008873095058754952 0.01443909227915503 0.022587880508649263 0.017762550276541268 2.806910605655075E-6 7.439823002043478E-7 
0.04407789482450939 0.06405331424392985 0.10019635275583132 0.07154286148911936 1.3247479390875313E-7 0.02212037345728956 0.038917885824258674 0.015856105488446348 5.26518064908187E-4 0.0 
1.1420341834334725E-64 0.03113176750079915 0.14356505963359675 0.003726632318831394 0.02282642671162249 0.008923322775268798 0.025014024504940547 0.016953452663600467 0.003959605546925365 0.0 
1.0064010315200241E-63 0.17760580720795727 0.033497881682016596 0.004764728299242513 0.008799119074464765 0.00889103851417994 0.021410177082926283 0.018152533372903186 2.3838719505293078E-6 5.050997237161576E-7 
0.1656055945898884 0.060020426886447174 0.10098961096623948 0.024240915416989552 0.04338419916539582 0.01784817991311311 0.026908910122344094 0.03720315383829269 7.935291304929423E-5 0.0 
0.0021568140975391894 0.0604484070142861 0.0681297304050726 0.13022173522983413 0.0026296154176933574 0.004535338047934892 0.07433366067643148 0.23944068488789405 8.18037391506131E-5 3.0557036237804906E-7 
2.62552424629794E-64 0.04564154231698202 0.015784698393098023 0.010268933445874774 9.409780881426782E-4 0.0034408948512676353 0.0 22.46668341094999 4.607526196528491E-5 0.0 
5.311279044922228E-10 0.14153503201498363 0.05951003955490234 0.0031767305520143748 0.0016920625205305564 0.007872857828869716 0.0014884434809173505 0.16905035121463996 4.2475075779322774E-4 3.777532678563897E-5 
0.020192056185874177 0.16640779813905363 0.1066002392458912 0.02411958039650432 0.0012859603822733127 0.0038230562496455924 1.1170225197640325E-7 0.4778598652444954 0.0031954984024105135 0.6059843456504297 
0.0030025009851209375 0.02392431250677383 0.12946357602251846 0.013514027003057972 1.2690521520064752E-4 0.010265362166337659 1.3861272784771505E-4 0.09409946470810554 1.316943509804607E-5 0.0 
0.01846359073599742 0.1232895245984626 0.020448379477776214 0.013003300104805115 0.0015764030585817914 0.009280207066335018 2.618546679529066E-8 0.07913714780989951 3.597823803719696E-4 0.0 
3.038932104447992E-19 0.05647915144491819 0.0783954580400323 0.018076651780152636 0.002779884306996167 0.005694370325122687 6.330948293968533E-4 0.06051001889187333 1.8523310759715057E-4 2.390203462827586E-4 
6.147445157952675E-65 0.014801920003044677 0.10910185499037912 0.0017799634546801675 0.0866735849010423 0.02561809113683604 0.004295543942938778 0.0938775204171779 7.116222956336584E-6 1.2625066168182404E-6 
0.03432957428142227 0.05587220420225195 0.039522350899264896 0.007912602806685612 0.05031934397552048 0.0028072797351702656 0.004483993852732488 0.050700635534049326 1.0574556146067412E-4 7.239507733777052E-6 
0.016827535038086393 0.043528679153169096 0.06069998878246705 0.006072178492467195 0.0015252466154908604 0.032040169668898416 2.991766660764528E-8 0.08268584684948668 2.475825053056951E-5 6.40927975696888E-6 
3.920906718781491E-65 0.0631471507724516 0.06767339208979986 0.1263657692644531 0.0032800526117411867 0.0047850155717114725 0.028360082803498565 0.23955067093868018 1.9705541496624622E-4 9.90811716649666E-7 
6.877956110107508E-131 2.3589195574187462E-129 5.505685147552721E-65 1.1198593269028417E-66 2.4450151521073415E-65 7.59132996051497E-73 4.7941387412715747E-67 9.382974489518399E-67 1.2773882408669883 0.0 
0.006656722817752534 0.07518870687579926 0.09231344102620588 0.016841301888435675 8.388319066092081E-4 0.018555593349513698 0.007767509314862092 0.023562334995565676 0.0011569983661550499 2.3735899718424947E-9 
0.09527291984091026 0.03858370107074348 0.03656109382701219 0.045908468097375726 0.02512544618158401 0.017257351143725216 0.015281520706399529 0.013145606549342688 0.006740438070787884 0.08504904125155625 
7.01838679393363E-64 0.09960045691934165 0.09637578939675208 0.016114181007367962 0.0015496630512403674 0.0031547885178191144 0.003450501521373488 0.030219717341524555 0.003016001502440826 0.0 
5.173417869892136E-65 0.0204200181554169 0.0923708751563221 0.01563094508952816 0.012186876517324325 0.04193703789997447 0.0011369561227285085 0.02360237896610976 0.001247009309779529 4.5108211491548425E-5 
1.5538760413685992E-64 0.042356422826563996 0.19532882210236982 0.004918801052871747 0.002919721646211482 0.009040944840604321 0.025014024504940547 0.01698416444792997 0.003959605546925365 0.0 
0.012631018917227878 0.17570766687954067 0.24868797567170872 0.0013261457161513194 1.585431706251183E-4 0.004586693788317671 0.01362280136087804 0.3081943076035672 0.007125562567804392 0.18509878705676935 
0.008380658785656706 0.18476061472899288 0.07694440960936023 0.024927631570706384 0.020629387879818554 1.691963893726796E-9 0.007423511037279732 0.0118366526395835 0.0019147669039049986 0.0839892163425127 
0.011702583090940532 0.11552590601288855 0.06218914751786754 0.014371584285268045 0.0025479389987965125 0.057619359418674534 0.0016452726212938386 0.012090838918835691 0.0015256127439319705 0.17767434036177668 
9.088733928354613E-19 0.20124194686422633 0.02251292559489574 0.004952949599283742 0.004678773157050006 0.0045023695738925585 2.980175608259105E-7 0.06103381345504228 9.047553469378075E-4 2.3901353730987674E-4 
0.03052881399468198 0.06347430239116159 0.08219216498712652 0.016110762852733114 0.003924220642565763 0.01344125086062676 1.412183400900173E-5 0.016062093138559542 2.434185443095581E-6 54.373357152370374 
0.006554988476183022 0.06211101874917719 0.1052418193769415 0.023324986679096535 6.513027809547838E-4 0.028050865920914197 0.01028114909793463 0.023425230674597727 3.208767239175019E-4 0.15278935093006404 
3.672556531225047E-64 0.07325995584894252 0.015014251103310639 0.0073246864889321625 0.0114407946361145 0.05099740740144052 2.4624657372396226E-8 0.05553071712944067 0.0017310464346627684 0.5268300818615484 
0.010199754011794869 0.08501384577793425 0.05548877974784517 0.08834200516653765 0.015627413472520706 0.011810740495580736 0.0038478915119894903 0.02384909594036825 1.304650680266754E-5 0.5923545403703098 
0.031004709679737383 0.048427681640319915 0.11913678146263551 0.0028952139497735135 0.014662828016514536 0.0031786270447930515 8.749417599500903E-4 0.057606490703409514 1.696094639972888E-4 0.2580349945459431 
0.21480107053002884 0.1974362272726166 0.14090598536371152 0.004591128378392893 0.003060167296305076 0.02398167188853419 0.03644846220017334 0.03194500647085362 1.009164812148524E-4 0.5870996105105727 
4.790190159338271E-64 0.2831161998707088 0.01671777251093034 0.008964180453923127 0.0010549377644695679 0.05089967925592289 3.122830922290088E-8 0.06262561518819673 3.9174522324385616E-4 0.5224986109987217 
2.8160070311079167E-64 0.07373072171464924 0.09460604029540393 0.015555906010874511 0.003049052325939284 0.012470711736997209 7.658790341460922E-4 0.023802316215839007 2.40092785806847E-6 0.09883305453829715 
1.1831313738019303E-64 0.03299312346886884 0.08775101530327847 0.02118785878989945 0.0020824171277907836 0.013761594143130268 8.909211137716009E-4 0.06850404467703804 1.1239507516968627E-5 0.1268717929048946 
1.8359181411198753E-64 0.04940655771407819 0.14724929185226984 0.025043102591038754 0.0031956863650752045 0.004986661780577116 0.010737486945295482 0.01962119479282932 1.0992553436345769E-4 0.12118056999608237 
