7.504199033065467 3.166771717027286 3.054231810240384 3.192813210539642 9.225459191757295 2.1697168171793697 6.345058845183351 6.0200710242667945 
7.4762354671451865 3.0825986488347334 3.338831268265456 3.0896691493872033 9.123984803470982 2.4821395672107887 6.346440786761793 6.197841332715209 
7.227828327998737 3.094097732985859 3.1593869520924365 3.04919394859341 9.142908607644895 2.2418140649899176 6.324900132900225 5.939573862625971 
7.178115528877999 3.11888143174124 3.1299671615085525 3.049575882680943 9.099852409078046 2.1828935370506266 6.342386690440502 5.928654038998332 
7.186753700924601 3.154321730749222 3.0442266634944604 3.054044229758963 9.158851076619435 2.1898629657864985 6.348754572383508 5.951928404102672 
7.276539849060119 3.107325241439107 3.0843880161709403 3.056411001543793 9.145161293290268 2.355740816254907 6.423263295043978 6.106351799162988 
7.183530594594413 3.1094764555177417 3.1253696513692493 3.0830906623316947 9.211002747563073 2.170201359869654 6.292017048443174 5.913323774101336 
7.237134475115244 3.2020557163100865 3.205173463621994 3.1441970842932494 9.207871471187408 2.206455905174395 6.283329552717576 5.915648160236225 
7.169554618937275 3.10755005426031 3.063671661176018 3.0886646151864667 9.206423295239858 2.312208768681263 6.208971404712097 5.9719794576387 
7.225138052914107 3.1275983832859984 3.0610322579284506 3.1008425833972257 9.324472302829353 2.2804361666342814 6.22634289100615 5.965564882507577 
7.078767809755337 3.4284073904918038 3.1134494546898632 3.0562793671543145 9.102333795955998 2.1252071247328357 6.352986455854676 5.9989211735690215 
7.155508871471299 3.338973553444486 3.192045323193564 3.053223073190463 9.145949786149158 2.1137280678874757 6.358254996656363 6.072078945953292 
7.069093733261312 3.2065050460799154 3.0621302192022757 3.1324291299323876 9.093930439666554 2.196194068352689 6.302127968364448 5.933543782417615 
7.102838137517154 3.240628303143869 3.0689503541015397 3.099889561340932 9.242001520860192 2.1704214333111556 6.333595630453476 5.976044797420625 
7.032344204880991 3.2253709831204387 3.0892418881765327 3.163108816363211 9.22885323734279 2.156071968116742 6.289813105966343 5.952882943451597 
7.026687661845993 3.179968010856098 3.120825641695496 3.077712017100685 9.139332104255963 2.1965197662069844 6.319644747621166 6.0148102095831035 
7.023638273462357 3.1604526142699227 3.068419429521705 3.121326235892726 9.2091513055568 2.2374489175130314 6.251021069753408 6.040920328396136 
7.1868560005726065 3.1861688098194865 3.161939446023828 3.037363529922155 9.150722601136271 2.1261639081865757 6.351190347245353 5.988697972314193 
7.135166436874575 3.175822615814127 3.1742142389706975 3.104039722463699 9.201008349698947 2.269472145681049 6.272495905996656 5.912811088421096 
7.130602186697327 3.1678668567267763 3.195834807096233 3.1356593773190395 9.234561318340901 2.205849758628617 6.227597978462894 6.006682802601712 
7.017490092228841 3.124002277705084 3.0887590667856717 3.130404815304301 9.159313278591586 2.243778988155645 6.278353092178168 5.949183414498242 
7.14100625172536 3.126275215708849 3.0617455040641772 3.067147768926707 9.163254795564319 2.241380082748695 6.292045361349721 5.949889011280543 
7.118132403828019 3.1265300200573685 3.243608264989552 3.0536680275709744 9.182217063959293 2.222820075171892 6.331688704762009 5.966822116036867 
7.161149777991608 3.1416614294384586 3.2338968491680675 3.0650577907086873 9.197872611993862 2.2408739957057087 6.307108100813732 5.988828352445247 
7.191255972001762 3.144533724559971 3.220191676480907 3.0576218046599175 9.142018532874081 2.2016676726616375 6.331551036771301 5.96625070046104 
7.024595173602733 3.087753151020045 3.1502587620574873 3.1318288188890304 9.147657802771084 2.1971492341202765 6.271466083465587 5.965847749459114 
7.170773081394202 3.1471806505728823 3.1929867855869363 3.1215491649310043 9.237725614199427 2.2441896369618908 6.277738481102971 5.929081756975373 
7.004526527544703 3.1048278908467823 3.142144388390222 3.135750346411931 9.140799267879464 2.219362464018818 6.318968038903893 6.016888102136593 
7.15234913496858 3.0452836360414204 3.1456927507235153 3.110716441474058 9.214048599618295 2.223763046174818 6.313180552450081 6.007876085469509 
7.057245023711077 3.0641687801835396 3.132217140433804 3.175250850653429 9.218953126619494 2.2040824025395156 6.301495460060147 5.9779483316841615 
7.174203315423849 3.106434147855387 3.1272614272690897 3.1658306373396528 9.209459458950535 2.156620456375349 6.336759535196065 6.000277749506597 
7.049509524061707 3.086870978164568 3.083844126538287 3.138365282736094 9.186230556045174 2.18245911900633 6.307991348209213 5.982563526506312 
7.035677931743722 3.068530277710486 3.037552344590009 3.3257717081871747 9.147988511798435 2.1534104071509756 6.381398022332767 5.944631106517816 
7.112867255184764 3.100060675429964 3.1290345540850804 3.165855881668456 9.143257378945359 2.211469250461461 6.302929986350086 5.986245246385404 
7.0340314100380485 3.051302293763612 3.068401241299978 3.4120335238096318 9.122626289748734 2.1422264318663307 6.415824576901186 6.126972620897936 
7.036590761695657 3.3228280964416843 3.04592688982795 3.3276793088263035 9.138010850187099 2.222924184669863 6.30542461605727 6.055420909544379 
7.024454472740031 3.1023405217928217 3.0612868692338906 3.182914823524882 9.167849952414088 2.234559492275325 6.293171128469046 6.031819233576678 
6.998791349684142 3.203037735619962 3.1153695853239394 3.2041389177223714 9.103216810538537 2.1302803885276376 6.356578670108698 5.984212761168963 
7.023051706123618 3.0896978384103764 3.1125177455330135 3.1525763471212525 9.131582979903857 2.2249729831883283 6.282960813453901 5.951326070422018 
7.11872331689787 3.082250433050573 3.0176108503199406 3.2091017170828198 9.216065244406618 2.1542653705564048 6.35115320547952 6.0797536608283975 
7.016824349699316 3.1583240408894184 3.028012401537262 3.2433952407743005 9.349553773310275 2.2907475064670675 6.264865933733044 5.98649058503757 
7.082307145770724 3.159061786685048 3.1173600046395187 3.192442977427826 9.23574452436062 2.238622274115088 6.2367890940394854 5.990820733508573 
7.042241162826062 3.197469418651892 3.050742629339225 3.175603343697363 9.182584980813544 2.222842894231009 6.286752127360278 5.942088716875984 
7.061682433772304 3.098477225023443 3.1175189710821534 3.1240280686542103 9.3826753704138 2.2497915550897476 6.194798076580305 6.003297098539943 
7.110167504261537 3.106140577332135 3.054713594096035 3.125684645952361 9.202857152783439 2.2458878272290517 6.264325109669533 5.947312302786326 
7.077353461080885 3.018334162893372 3.1458018194361155 3.0914911876680415 9.301720499623023 2.2181630068136236 6.285147271501017 5.9580332458423815 
7.037161450702009 3.075121381270269 3.035500925961611 3.089622390086261 9.249590675591156 2.216843357381834 6.277332911651181 6.003025820442539 
7.1463583199274145 3.060333135138165 3.0593482864981736 3.171488444586721 9.371591329692073 2.145573127673151 6.390100212753969 6.030879295609647 
7.085504758691724 3.1944619215459453 3.057772269596544 3.155153923295308 9.30021222576513 2.2668477637599302 6.162286953558381 5.922321618543886 
7.137644070108181 3.213061499078674 3.0746494887805027 3.0481654186982414 9.32275502676984 2.154799587236305 6.352461354612028 5.95345215610387 
7.069398430031628 3.0988456327295033 3.0481738314589526 3.0970564305998725 9.245334181569243 2.1599276798883906 6.32586921240238 5.919342865045813 
7.03712182156696 3.1920334541200974 3.1030806666814152 3.137154674479667 9.2842624121241 2.2505887747827167 6.1549426764283 6.02960044916654 
7.161333973730932 3.2247461882473774 3.074753140973437 3.097616061130852 9.261914265695028 2.277880545444618 6.23174038996086 6.031878447360186 
7.090331145444748 3.112528442874286 3.13029373562339 3.0945570224127756 9.236699115316172 2.1602876238467412 6.335361837009852 6.0295325917331795 
7.1109528217684685 3.114197851941985 3.2334553291593213 3.0757900128587288 9.263467286993533 2.2393649015852457 6.295839204187203 5.996957770610064 
7.056379709875623 3.190696182265638 3.089505143641714 3.110311019908218 9.234671167740487 2.4261518986610042 6.180414321293816 5.981035710966299 
7.0940653113527805 3.104975972635094 3.039708339274673 3.199251298206819 9.22460830732841 2.363510223500427 6.18599588723142 5.916548482798315 
7.048006161520682 3.1139100828177275 3.022161244728669 3.1254223563651307 9.210570858343448 2.2941144093230403 6.217506682842024 5.920728916303657 
7.0438221468238975 3.0708525707891736 3.038918816298581 3.126511046878113 9.193807938563934 2.2809640928583774 6.281000706192751 5.9426348541977925 
7.0777384254386435 3.1418767543606063 3.0594887404041837 3.0933547245619004 9.19349452323213 2.3304883330109245 6.299939426919483 6.08137279473358 
7.099760423954742 3.1054734782231104 3.1719799584810393 3.1199266825884098 9.258876365718233 2.3546732344219876 6.1659922340333875 5.968184189227155 
7.05507653767791 3.073875448863835 3.041780428010706 3.1140247452798597 9.108024516863905 2.239006369346572 6.305393844109304 5.936095079470706 
7.047196609567903 3.101106801859121 3.032029713266685 3.184681143833299 9.179501057102218 2.2759199424566403 6.267328319215077 5.946680037676239 
7.116961980782941 3.1590848386924413 3.073406375887892 3.0780246913115383 9.165980864751026 2.265135159386223 6.284881063123499 5.9527963681766884 
7.044665167273904 3.1599132443355864 3.1039562694822966 3.1271534348624574 9.201721222492328 2.2920982590574424 6.159613442059795 6.102456610132187 
7.132678072857299 3.1893062134068386 3.0329706292301335 3.0946080738758153 9.148552583983916 2.271753164660603 6.275325241002687 6.032324404130646 
7.157537957854964 3.122252131520227 3.067234291386235 3.1111589752701243 9.226991416242637 2.2891663486072966 6.20617960313489 6.056871870946661 
7.012805461414544 3.057769207545816 3.0784744863718623 3.1057241429016758 9.064818309975971 2.1978470825284844 6.37533886965022 5.926872388839674 
7.152526743502775 3.1257099264723274 3.0706032534928833 3.120884957101182 9.169879402371462 2.1464664329360708 6.337765919247918 6.012922078513189 
7.055526074388219 3.0895238296068928 3.0140863544833603 3.0820486257621367 9.121535332108227 2.1632888909011316 6.346399748407379 5.924766529968435 
7.019555701768456 3.0762972169829084 3.0441504829361175 3.0936994863084055 9.083949033739083 2.2274372591888865 6.361574009386443 6.030224355760407 
7.0754111916583575 3.034144216752958 3.0847653807246096 3.056208862439146 9.1574697263705 2.1834283956837273 6.334697294651208 5.992071918023384 
7.014504478894717 3.081227352287754 3.075533116763926 3.0507154333293127 9.160934944448975 2.132567833991779 6.3509198476364555 6.071783309830798 
7.011507318802995 3.081500409045241 3.0817736155802464 3.1723516902484823 9.091193483967839 2.1471037538221127 6.392871809731524 5.96492601039095 
7.156499006874487 3.1779664850851908 3.0695865415889445 3.0336103871793068 9.120295961648218 2.219585833295308 6.338616623019727 5.934678738852623 
7.130220067615559 3.2405178538582087 3.006597272156263 3.0553206362573526 9.205942535763782 2.1654686353423362 6.3852727883762865 6.015467457733953 
7.025422663467579 3.129326803317045 3.08844943599527 3.0681605404032593 9.127378206255564 2.140729877098412 6.343981545023711 5.944399121783272 
7.065093259915978 3.046275771898649 3.037364325215319 3.2889867395635606 9.093128173463821 2.1369411780210226 6.3797737165573585 5.9459499031743785 
7.153764628125406 3.141280073769094 3.188330559638534 3.0560514489720236 9.15350374744096 2.240604882758769 6.359087992996552 5.936085781474403 
7.105554426554623 3.13839199760434 3.0558619753353136 3.081285191827691 9.1144301027227 2.1597411957653856 6.311979976336954 6.133278045976098 
7.052367416460712 3.1298154961102904 3.1476496996872227 3.135535293356144 9.139713158723147 2.141539206890962 6.327943549992125 6.166844239551054 
7.039171273033972 3.085204239779928 3.0708498869876606 3.1391178851196897 9.198774405967525 2.2204406032401023 6.262560029150503 6.141852080101352 
7.04892815902089 3.194690547119333 3.095213314682793 3.1233171390542824 9.1996864989299 2.283348025857425 6.146026933645702 6.121314606047092 
7.118062470137294 3.109940406041376 3.086745686369184 3.100157483718815 9.131425835909099 2.2233081217066104 6.321567024074152 6.096031507607977 
7.099322954561933 3.0855865399376925 3.0376066934792703 3.0957912754341654 9.184655742810254 2.2544556463052565 6.303822722524547 6.07974961301648 
7.009874532197617 3.1368321339989813 3.1667120332319616 3.1123286781014587 9.181525811457906 2.1961097778013374 6.280457763589266 6.086212388149789 
7.089923681111334 3.0884808075505994 3.0520881734101852 3.1861829002181206 9.152330513475686 2.2346509498081177 6.358679580220807 6.094515934884282 
7.118315581486774 3.1631076039023838 3.0774057810665756 3.167073852100375 9.251634978686353 2.2204780100265094 6.251442396240891 6.102607438395505 
7.022572838301105 3.0893790740461897 3.0546949504271503 3.10648557145985 9.223411107132497 2.251301104272736 6.236597217414912 6.049619726084584 
