0.08081631158801364 0.050865115502171834 0.043711471669649234 0.011442050015695851 0.019577895790283406 0.06885315774489653 0.12915947471198433 0.9969015053855527 
0.0428499729564483 0.02712974319423018 0.016870676658145848 0.00622432968097749 0.008856480981608681 0.03663845772503108 0.09837269262620368 0.9974864750872698 
0.023988075241594645 0.02225065619332495 0.015271812331371063 0.004417003319617611 0.020599768236044348 0.02246746711731195 0.09153260226924964 0.9976735831379014 
0.023726967580845713 0.013283012740860177 0.013323691585154812 0.0032503725053014396 0.011466992970624205 0.019350634111182062 0.09328505314769293 0.9974262451313444 
0.0286949721888706 0.017189476680930484 0.01155392010541482 0.016106132262656128 0.023885674565787246 0.024651601204272768 0.1289930253626207 0.9958465214253017 
0.012208293354055285 0.008204960150378552 0.008002817187190725 0.004286121988923605 0.01782219118750539 0.01623339865259638 0.0796402286028581 0.9995035422740345 
0.014638842121301182 0.0064872304798458185 0.008682600906268234 0.004399276304196034 0.019193150991183586 0.02010879305138823 0.09438530275876938 0.9982417650763844 
0.017486902305709272 0.006337288897526348 0.009254576138884744 0.0029992053798098845 0.008791095099330778 0.024531555948014587 0.10069057038292004 0.9972924557844978 
0.022897831982373922 0.004413074648642893 0.007049690224686379 0.0069989364614202396 0.021847235863645734 0.01939702635495951 0.09553763453122983 0.9974604310527575 
0.03203402065808903 0.025751457348982005 0.01631765339852126 0.029539748676358307 0.03613063834473292 0.03249491292105655 0.12848333623598085 0.9968010993602805 
0.01235363831475924 0.01856542631833679 0.014718977294383944 0.006025346212512073 0.03601046496528119 0.014767160818810899 0.09320623461683178 0.9985527031907845 
0.007536537330765274 0.0049950437936896915 0.006079036063533556 0.010914400986040927 0.026897732622448163 0.021838311575400643 0.09637323641507996 0.9999346139422677 
0.0218878621296194 0.003972715162175476 0.0060525730147017774 0.006758310382187538 0.022571394463021997 0.02001845921320013 0.0950828326475316 0.9974752716451314 
0.09152365441050021 0.030299184611241127 0.03190072387845274 0.02991596385700117 0.09018435589152292 0.08773325624924187 0.11908481634776293 0.9959615796161534 
0.08817271174695852 0.028405443846001473 0.03382293703695496 0.02934120563532047 0.08103936710200295 0.08577864077441587 0.11938914343732286 0.9958201615353531 
0.007262604996305815 9.693149161850896E-4 0.007581075243520335 0.007157385233982347 0.004276201537522872 0.0067070858689632475 0.09642281205712269 0.9975356366338137 
0.013820862645576828 0.0027291104518627086 0.006072248948466878 0.00822251569982184 0.006316217256874268 0.0035120557336501884 0.0894443796947112 0.9982756776759908 
0.00876638080630201 0.004464874499611216 0.003682712962273859 0.0061471615794516845 0.013141039392863565 0.011901528980368331 0.09976028559025558 0.9987390604590871 
0.007749364225294165 0.011639432183971591 0.004224961415000013 0.006204503645290903 0.011371749576647217 0.007872278764752924 0.0855950457405366 0.9996396383665733 
0.011665338146925462 0.00994112654889603 0.004102848471844096 0.007062830811431369 0.012296917416103583 0.006661331997994812 0.08589839010574056 0.9995445106158969 
0.010418894585145907 0.007069053737531312 0.008892671354358896 0.006415246381346811 0.018761856236016596 0.016863952066475334 0.10023795377306476 0.9979628010419502 
0.0060763903627885675 0.003367354731214761 0.012931305065806368 0.014742624861753163 0.016991968386131165 0.015258462663382736 0.09222217502828617 0.9978336138312746 
0.008568790682526176 0.004624711253604048 0.005047763407771661 0.007436881695536938 0.020349653684579198 0.02031562115416597 0.093987563288085 0.9989799489096124 
0.02976237335701845 0.0017187925044420806 0.01235694295909939 0.01135258514132215 0.012489654251102657 0.0044790276860977776 0.09493001753050108 0.9984403664656151 
0.012328109338155084 0.01142530323817405 0.010928265923090269 0.008737841709989912 0.0174097998137765 0.018207511491339822 0.09320661347680768 0.9975093870724476 
0.015792819227680117 0.0088852252324264 0.008265894024950378 0.0050785470158037 0.02164913697411452 0.017706177062558035 0.0925472297844395 0.9978494319703766 
3.158688823823362E-6 3.2576571249384825E-6 2.690939630006183E-6 3.0096419922295343E-6 3.13459673188002E-6 1.8926236766553678E-6 1.769892059238464E-6 1.00000301995705 
1.3558533659330355E-6 7.207698153887588E-6 1.7842277379305525E-5 2.5817643190484785E-6 1.4875218806127062E-5 1.5130271138805832E-5 2.9558184118911565E-5 1.0000030833507412 
3.431728947243084E-6 7.675906080555805E-6 6.488541011439361E-7 7.468423034288673E-6 1.2837325015439137E-5 3.217970866496781E-6 8.373083809169952E-6 1.0000049858736801 
3.7379326935453577E-6 5.167466411345466E-6 7.042553907433224E-6 2.288524914950816E-6 5.611780377998562E-6 9.528285977052578E-6 1.1380667648559781E-5 1.0000028826431622 
1.2443232144151037E-5 3.0024202475967988E-6 1.0773278234859762E-5 9.138734981639922E-6 9.06940800288182E-6 5.894737674088477E-6 6.785462922669389E-6 1.0000018935589925 
1.0803971835388986E-5 1.0223253332809623E-5 1.8867010220777974E-6 9.136234561005492E-6 4.089299290988099E-6 1.0478759009690641E-5 1.712054724588065E-6 1.000001198608529 
2.4112522460285906E-6 6.628731593589407E-6 1.0194164290401863E-5 8.217217499579752E-6 1.1997525750391143E-5 8.732269357686633E-6 1.5527771664355833E-5 1.0000040597210331 
1.0916452571466189E-5 1.979024357160694E-5 5.652720779580644E-6 3.7254001840968427E-6 1.4105723416020082E-6 2.0854916558806865E-6 3.146204883439436E-6 1.0000079229208882 
2.4321697227890987E-6 1.640265641659853E-5 1.1640701607413655E-5 1.4703534684304149E-5 1.8036679747842013E-5 1.2623854486730206E-5 1.3715155255394871E-5 1.0000045920911016 
2.1950340879247883E-6 9.451673475936789E-6 1.5934551098137536E-5 3.9034606865241566E-6 1.2293342894725706E-5 8.222147801788678E-6 2.1121216457912534E-5 1.0000044271639985 
5.359938975563048E-6 2.9638172518826678E-5 6.880694363363147E-6 4.410082862457226E-6 3.793829466173725E-6 7.098091662989283E-6 1.1614603159716353E-6 1.0000076820138926 
3.213057156485775E-6 6.907640582912645E-6 7.133136379205658E-6 2.6565242016724484E-6 5.33942227680229E-6 1.4207521232070698E-5 2.7566304557979757E-5 1.0000073543086698 
