8.171022687873537 4.017017311926291 10.033572903863218 12.014429810264103 9.089119283021402 6.28354580467767 6.180073695741625 4.921953394428936 
8.140719738477294 4.079770409618612 10.04725546438469 11.981895866386504 9.1139387839538 6.293193557499297 6.164225229947879 4.960688787109605 
8.122022221532411 4.028554329509157 10.054134062650789 12.003611097088326 9.092733558798582 6.302880971859958 6.1592058371193925 4.922203429183624 
8.092931974842696 4.013542953899669 10.021629151073334 12.013517692383271 9.084911840825509 6.282117573906401 6.178403175303087 4.930350997676784 
8.106851814214373 4.056915853567438 10.06419465008 12.013786382060985 9.117537972906026 6.324346998364089 6.128969288252838 4.927967766418821 
8.105574043672716 4.0181904333469065 10.095137758803894 11.98885361821066 9.085383829440126 6.2962679143511044 6.18526998097941 4.927270922952099 
8.073114215983042 4.009216607911388 10.05132453009856 11.994879981829902 9.103645197596373 6.282127388755617 6.185778569875387 4.922849831465343 
8.06371718815445 4.037369340641383 10.026222243466705 12.002282817497983 9.094488063865883 6.274726230533409 6.17823429639265 4.923746355501892 
8.130381647017861 4.09559917533796 10.155753790382335 12.007389142953325 9.075971564825386 6.32141377728327 6.155803560750893 4.96609710529792 
8.034679026515324 4.217852474389711 10.072405951235117 12.023788327931987 9.085238036628306 6.322454243307176 6.1562382916806255 4.935155282851304 
8.019037318057045 4.071835032787268 10.048444503914018 12.00442873228131 9.086475908610113 6.284609230875264 6.182265303252946 4.955486579066514 
8.031650510123818 4.166431058701264 10.030830259678433 11.990899880299775 9.10380580036314 6.302922525106444 6.1679479016093675 4.9836057189861425 
8.025477939672477 4.131436054387802 10.006674035330366 11.975914359893892 9.100154672814176 6.246447033946729 6.2290633581818735 4.9576868031163706 
8.013740289321827 4.147856848499441 10.02979252995777 12.03264608735881 9.114957424275563 6.310646544204996 6.178023948810982 5.012916903332206 
8.02693673492855 4.082165028324258 10.031119872390782 12.028196318261685 9.075800988466456 6.290012053215724 6.152211649024022 4.943461219329821 
8.031898681673116 4.074313673140621 10.019768225693845 11.997984655281964 9.08581977336577 6.2722278789230455 6.186307472286679 4.948603186140418 
7.999048047161191 4.124892904258682 10.111005961253264 11.998329230960435 9.111111174006801 6.315369513068644 6.174416792870975 5.005098349881323 
8.056408695008917 4.073890944111596 10.022401140245174 11.981115933902453 9.088050622804541 6.292406029732468 6.194788355494515 4.931292333456823 
8.060820154852857 4.091174518208256 10.056684790670005 11.981927626552585 9.091169396021881 6.248985766030621 6.220342882164702 4.993111809339728 
8.072711782029778 4.083408380858475 10.059934778854585 12.030499579573894 9.125686799961862 6.291688877136995 6.119867636321131 4.977203121475416 
8.02030837355298 4.029947780380834 10.101531945666826 12.007521893240206 9.083407681698551 6.276760007077329 6.183671442859128 4.926484365611212 
8.067796446249549 4.047317009092717 10.071368907358899 12.027252311863426 9.120147529993467 6.301577514396069 6.125230359968927 4.973532132129152 
8.077978995857734 4.036252225079372 10.108103405549093 12.031470873807907 9.076848442574613 6.283604930055308 6.194756617569706 4.926396089095736 
8.043941853903146 4.050866484778935 10.101138678460094 12.030905403389609 9.0667259464021 6.277541852750963 6.197831194765433 4.926424189203418 
8.062601800197346 4.038971693803986 10.106934312478522 12.052880201343513 9.073334521779653 6.276784139440475 6.193238937501876 4.930696691444089 
8.012849624309057 4.10448532272296 10.133509144273741 12.011906355949003 9.088916840696092 6.302435233776728 6.2221838459742465 5.006310003389026 
8.047333524101331 4.033817949665853 10.078861637368238 12.004096211090074 9.089557780623842 6.297003765178818 6.151192932078761 4.9457789283413724 
8.009559634449303 4.076712287235082 10.12876585696754 12.05349525033742 9.079954058872296 6.311471268067822 6.207778046625319 5.012750861207231 
8.068796478596528 4.032486227781989 10.07861272689075 11.982153494578634 9.098955379940831 6.279336462741543 6.189145476975745 4.926992198309529 
8.02840443091232 4.058173901889305 10.08660032900379 12.033626083643279 9.090839150954283 6.2761645897251555 6.202674520562621 4.949938278185224 
8.041491872193381 4.028050777490511 10.070396244861886 12.013648475458947 9.11331676233244 6.278766454762124 6.184751363266195 4.924166139418208 
8.0533279883517 4.049174402800957 10.06513419286152 12.013835013476694 9.104651945669927 6.298839798844739 6.1649664635683115 4.913407770630835 
8.036020707492995 4.05660734568744 10.03196111467815 12.093916672152357 9.08123423058128 6.295145247372188 6.164417592596476 4.922385289438404 
8.039941453546733 4.032952668613167 10.045556782797432 12.071123778523885 9.079844210479639 6.315326955471945 6.1862366552482495 4.936598960571427 
8.075810088574567 4.024718058561869 10.049600975477558 12.056539959814183 9.085629851255403 6.2874911675074285 6.182834599177901 4.924995287415877 
8.001824949064243 4.093474861516505 10.08408392889612 12.08544001439526 9.112381939254893 6.326985442623404 6.198672988404353 4.9406679122434305 
8.058938049014477 4.057497879535716 10.063355879971654 12.049993322021125 9.070432292048876 6.272850065152032 6.1829520919669285 4.92543113771565 
8.037616264300791 4.062034812876272 10.027097694193376 12.044320593357645 9.119447066113814 6.277601119503744 6.180978062767232 4.9434118938648375 
8.053808193332102 4.047627981977088 10.046862892307047 12.016255640681862 9.112037874530541 6.291008106831896 6.160054562080886 4.913210185729101 
8.054352360317793 4.047385078661282 10.044172978504246 12.010466794030286 9.080585169240221 6.287321007594944 6.176735261760803 4.93492389882728 
8.07323787412052 4.0524071840676665 10.057989158259698 12.020301715259604 9.124066588283675 6.302397408685071 6.124706113934667 4.958656501478218 
8.059997976830562 4.048025258021257 10.015508371319786 12.003376340384843 9.111986386792738 6.294790856195789 6.187805865928297 4.944828109672317 
8.041390808501815 4.036651572240801 10.049830976994382 11.999978114559893 9.260703139709447 6.268361803898587 6.202389798912347 4.977612758992038 
8.035501908337075 4.016121855906428 10.022884193576882 11.994192508611219 9.1618340408588 6.296689051501163 6.156044780588827 4.954218537412007 
8.015921262523893 4.04046369961986 10.01981643583295 11.982995444642802 9.1556965826593 6.286810292655959 6.212007132616814 4.955590627473392 
8.060050372188513 4.008822554559531 10.02131528321435 11.982047279961167 9.140472796387845 6.277385874427885 6.1932993440140205 4.936864437930739 
8.026662317444865 4.042656631801498 10.076574425736371 12.014360933450936 9.174540746410795 6.259649426308789 6.240204523760646 4.939736976332121 
8.017921313935629 4.015649601114898 10.039006020357562 12.008003561459754 9.124630314670316 6.30479160821143 6.1443379200120285 4.928805289185451 
7.993773041196062 4.008249488471272 10.058729880943595 12.01359265668875 9.138399573547343 6.2922354463732315 6.190864769818774 4.92199072666839 
8.043812391236132 4.013465928488932 10.052445899276368 11.990509062639777 9.126995503023327 6.296852607482642 6.149607590570492 4.941662964548003 
8.04626525538819 4.015560968086898 10.107651687267678 12.031440617300074 9.153283738509346 6.302160149147116 6.150611405730383 4.9194321832803425 
8.04239161376605 4.0785902536060314 10.090754545740902 12.032533970655251 9.150642248764624 6.287006323356461 6.141125483198951 4.948927910729391 
8.01725837907947 4.028022511973494 10.012331484668136 11.980568918541577 9.125532139006266 6.327935766079245 6.154261448094904 4.933825339302827 
8.037245335587944 4.102479312419146 10.027630429501965 11.974561073341658 9.14881417765644 6.292352815005854 6.152477200200104 4.973688719238249 
8.047580377951958 4.001243241418601 10.02829997408254 11.995070988611754 9.111665883148627 6.321819711032759 6.148321348851218 4.908199039457996 
8.01487309876913 4.02555654046076 10.043550396592037 11.980553059814907 9.104536150857749 6.31058443426739 6.130642030234391 4.937335713865487 
8.015163146289773 4.050043294796543 10.026685684373673 11.976864243397271 9.106205596920868 6.310761223924615 6.161550036109472 4.942838702690536 
8.050681787626672 4.012865047587779 10.035816810380965 12.009728129605934 9.073621442256812 6.30387941789132 6.151768246523803 4.930103437776797 
8.02681227876411 4.047789709922767 10.029600634954788 11.998667116115199 9.09093219892758 6.294615621838943 6.165486407722807 4.926026191762403 
8.037100164824444 4.0068963783978795 10.055767483370515 11.992555559618076 9.106047782411713 6.290967658976805 6.151612146482262 4.9195891634605795 
8.028117333548039 4.051511051309742 10.041542089829672 11.996386269644066 9.084482084262602 6.316544028567336 6.132775734773482 4.944512435486743 
8.043089772667901 4.0186489124619635 10.019303500820493 12.043631423887401 9.095287786829065 6.30339645684537 6.141964670295055 4.941600120336673 
8.012488349207173 4.013046823602493 10.090257113710454 11.986281506510098 9.11523112465058 6.309558021886564 6.139852911667587 4.964197353229166 
8.035957195236373 4.00233197377929 10.029085470467727 11.991127667875462 9.099613492020675 6.297402361367707 6.195088792964643 4.9166364710597374 
8.025753987164626 4.039142537833193 10.085227312972183 12.030117960583958 9.104119265517499 6.314006060331933 6.136140677789324 4.919540913496774 
8.02628821917195 4.093329954656906 10.043230758779842 12.094562196273404 9.14109272551292 6.376012292785701 6.14103837597943 5.007341577528694 
8.00547483257733 4.008375649159557 10.002790094564228 11.998973573599073 9.065902778461357 6.226895003597627 6.287649048922383 4.921810984910231 
8.032789785544084 3.9985794997762167 10.019346952011473 11.979677686404882 9.091507069463427 6.256507820888006 6.227645944217501 4.915574672405406 
8.033032011211269 4.042054935098989 10.015372912401745 11.995171461059178 9.112243450268231 6.2485023771553445 6.224313590856179 4.924217311167667 
8.013348515597398 4.010315214341022 10.01966589342597 11.995017789733515 9.086048167495917 6.278349436327529 6.187596464092623 4.92236961856267 
8.060663431858346 4.037295112538896 10.032420836912824 12.025212297973413 9.054053810239813 6.213154899637286 6.255699467022542 4.936809292469386 
8.036103201636939 4.081199532560278 10.03716454731665 11.984572100423252 9.082075372984894 6.247356541935268 6.23430764199204 4.969561253850314 
8.037433359153518 4.010348062693457 10.072818494919655 11.999737254558193 9.097772011503078 6.2678500352127005 6.226787841815286 4.977393233643718 
8.04099197908731 4.07982834851977 10.020475726965913 12.047177366467519 9.07570552662693 6.255551814345733 6.224618056608437 4.917792837079455 
8.028610847011052 4.058361192491178 10.077219584448619 11.999399382779709 9.082496082916808 6.247526227413779 6.227960876763844 4.970767784040634 
8.043256089244917 4.026559597733957 10.13335758428504 11.974286227290547 9.094592151125381 6.256627526232492 6.218980633840856 4.955866393716464 
8.048524296645159 4.017938556838301 10.013912579207135 12.025061869053241 9.075256936622491 6.284028923332755 6.1822946149657545 4.939539204125332 
8.030683639543593 4.045041950582776 10.029454319011611 11.998175699199836 9.078319684790795 6.279623337360519 6.1811034438506445 4.94711222176965 
8.011449394025014 4.066643284382039 10.022484733804152 11.99364611142174 9.081020373905337 6.287841109086227 6.227701440402245 5.087621825198418 
8.047476393225814 4.049851122937239 10.017777323374498 12.010147698345898 9.092001366687384 6.276814134662357 6.195144544279171 5.02887739818801 
8.019147778484312 4.045989593609301 10.023986656687992 12.036354342570903 9.069824311087071 6.303241480244181 6.186877321996198 5.016601340769584 
8.022323978519795 4.16615201077732 10.013720594652671 12.02867052784072 9.10645222414551 6.323894724703184 6.162312028781259 5.058165147928664 
7.99834785577066 4.050112348522538 10.085389470428334 12.020202590729967 9.11277798241816 6.298452206214834 6.184622608508413 5.024102522072413 
8.072517460243862 4.086753922631032 10.067727041282787 12.037949956287553 9.127687486962138 6.28990844799269 6.119501088465265 5.028191767753952 
8.042448739757376 4.0441284634648795 10.019227107990329 11.98007966421844 9.083931535380234 6.346823954559189 6.191391688942629 5.009929285803252 
8.026403415289796 4.049173699771111 10.02037498462253 12.018222361242048 9.075203590837381 6.323468509257037 6.154514302973668 4.993124575238718 
8.060049863427658 4.083284502177443 10.034520850039932 11.987402368592988 9.109060110817506 6.296714562507422 6.126159988106687 4.986939481741485 
8.035196480337678 4.076532557260118 10.02420428539111 12.004678691489909 9.107843632617627 6.269831497327547 6.207166247064689 4.99532697567996 
8.047336925623307 4.03237108063899 10.047172938312539 11.992728703999287 9.103069467099784 6.297025260171146 6.161467113038719 4.978648414794296 
