1.000000690191611 0.0 0.0 0.0 0.0 0.0 0.0 0.0 
0.9999900521913436 0.004638390032692045 0.0 0.0 0.0 0.0 0.0 0.0 
6.123337291786074E-17 1.000062691418068 0.0 0.0 0.0 0.0 0.0 0.0 
6.123271183470079E-17 1.0002095026826516 0.0 0.0 0.0 0.0 0.0 0.0 
6.123390829930392E-17 1.0000585463947815 0.0 0.0 0.0 0.0 0.0 0.0 
6.123277587559544E-17 1.0001301451429647 0.0 0.0 0.0 0.0 0.0 0.0 
6.12354996734265E-17 1.0000124074799266 0.0 0.0 0.0 0.0 0.0 0.0 
6.123277604836034E-17 1.000099174112176 0.0 0.0 0.0 0.0 0.0 0.0 
1.6516534525909282E-32 8.156299855340015E-16 53.30526226375999 0.0 0.0 0.0 0.0 0.0 
2.9368553957530805E-32 2.627378347088297E-16 81.4960217946673 0.0 0.0 0.0 0.0 3.8011827552493043 
1.2003691239236527E-32 8.1024170261751495E-16 53.37415510556116 0.0 0.0 0.0 0.0 4.366076245625836 
0.9971029210250495 0.008247772511810463 7.417296469633424 0.0 0.0 0.0 0.0 0.0 
0.9970891358328907 0.008249379558557837 7.37932436917671 0.0 0.0 0.0 0.0 0.0 
0.9998762052558182 0.0 7.109433917499007 0.0 0.0 0.0 0.0 0.0 
0.7044061544764839 0.6811188502327232 21.296838837301102 0.0 9.843962302162423 0.0 0.0 3.4709058819896597 
0.9970638606781227 0.005955854396099489 7.380184135355628 0.5728711711925348 0.0 0.0 0.0 0.0 
0.7138827807572774 0.6962060550421835 7.380583085776976 0.5728627225396145 0.0 0.0 0.0 0.0 
0.984645851708134 7.133522494786525E-5 13.268481918171913 0.0 9.65905648434494 0.0 0.0 0.0 
8.640768014429654E-33 1.1631273099570616E-15 49.59971794847126 0.0 0.0 0.0012083371626384904 0.0 18.752477127061447 
5.861861931509291E-17 0.9629344700720287 12.871910312282205 11.787719914465384 0.0 0.0 0.0 0.0 
0.7096004437874515 0.7046645352014972 0.0 0.0 0.0 0.0 0.0 0.0 
1.6742300211163612E-32 1.1227160423821807E-33 4.5019353083716665E-15 0.0 0.0 0.0 18.793884611212473 0.0 
0.31458566034791813 0.0 0.0 0.0 0.0 0.0 1.3891855043783032 0.0 
0.1376680275903154 0.9959855385355258 0.0 0.0 0.0 0.0 0.0 0.0 
0.6707749050274687 0.7417466334613604 0.0 0.0 0.0 0.0 0.0 0.0 
0.6424551735878998 0.7663821604850883 0.0 0.0 0.0 0.0 0.0 0.0 
0.9999538067609058 0.005972484966631085 0.0 0.0 0.0 0.18032142390207556 0.0 0.0 
0.9999882103691973 0.005973329575454933 0.0 0.0 0.0 0.0 0.0 0.0 
4.668870775776993E-16 0.0 6.578957980558151E-16 0.0 67.55278392339837 0.0 0.0 0.0 
2.619729684967805E-33 1.2179666489645388E-16 1.5820013608951491E-16 1.9494033168870025E-20 6.3832072492826475 0.03626362136703614 3.468311683185338 0.0 
6.119835359942896E-17 0.9995095795360329 0.0 0.0 2.821225616815963 0.0 0.0 0.0 
1.3833997289500036E-16 3.551645344920722E-16 71.94975389929336 0.0 0.0 6.164961339099209 0.0 0.0 
9.342181900565517E-19 0.025272308879987146 6.038883894145089 0.0 0.0 0.09291574737743273 4.31000545952996 0.0 
0.9997019509764392 0.005971303919361466 0.0 0.0 0.0 0.40401470609042484 0.0 0.0 
0.9999868273425289 0.005973508867669342 0.0 0.0 0.0 0.0 0.0 0.0 
0.010184091858225258 0.9999743271309728 0.0 0.0 0.0 0.0 0.0 0.0 
6.121624828402747E-17 0.999862401180467 0.0 0.0 0.0 0.40377050680966314 0.0 0.0 
0.7092219047644989 0.7051545948547304 0.0 0.0 0.0 0.0 0.0 0.0 
2.8190920631738975E-18 0.0 1.4284143527910019E-18 0.0 0.8259241759538027 0.0 5.821932354554553 0.0 
1.0225399139271109E-48 2.1886977623836788E-32 4.807600216480622E-15 0.0 0.0 0.0 35.156379822125594 0.0 
1.3967757775276547E-32 1.226495572202185E-15 0.0 0.0 0.0 0.0 19.224755387067333 0.0 
1.0920178583924378E-48 3.03791656453155E-32 4.4053799130261775E-15 0.0 0.0 0.0 18.21195375805076 0.0 
6.123289420455846E-17 1.0000848020598874 0.0 0.0 0.0 0.0 0.0 0.0 
2.9697817355155857E-16 0.0 0.0 0.0 0.0 1.4486263160742676E-19 37.584250201947725 0.0 
1.295269635737251E-32 8.740719538470503E-16 2.033107346707283E-15 0.0 0.0 0.0 20.698817432046543 0.0 
8.677165757593933E-49 7.120732621457788E-32 2.9361036515362343E-15 0.0 0.0 0.0 19.951535868951414 0.0 
3.2289314513871787E-32 4.705880973450463E-34 3.1533380419795443E-15 0.0 0.0 0.0 21.195018723716498 0.0 
6.144117481568414E-49 4.055504771296531E-32 3.6408793760509475E-15 0.0 0.0 0.0 16.67572038036512 0.0 
9.616479772152096E-33 8.625474097884571E-16 2.072347867950335E-15 0.0 0.0 0.0 21.00904664675993 0.0 
6.123453846286843E-17 1.0000203443958202 0.0 0.0 0.0 0.0 0.0 0.0 
6.1233278018981E-17 1.0000709422238074 0.0 0.0 0.0 0.0 0.0 0.0 
0.9995937709572472 0.008269492786131549 2.798228295859566 0.0 0.0 0.0 0.0 0.0 
5.791516122967009E-17 0.9459204639529811 0.0 0.0 0.0 0.0 0.0 27.775938351140052 
6.117009734038865E-17 0.9991265417085549 0.0 0.826191416828403 0.0 0.0 0.0 3.4991321208366855 
0.9999785176587747 0.004198746830344887 0.0 0.0 0.0 0.0 0.0 3.4771458662234163 
6.11850912822618E-17 0.9992068447465403 0.0 0.0 0.0 0.0 0.0 3.453538069799879 
1.296666539183604E-32 1.1848789251491537E-15 0.0 2.500061607068102E-19 0.0 3.9040126042795007E-17 8.05292828750048 1.2639962450904758 
0.969478838152694 0.0 0.12246390285746334 10.519168024891226 0.0 0.0 0.0 0.0 
6.12216384996306E-17 0.9998927081146349 0.0 0.8266779725621984 0.0 0.0 0.0 0.0 
0.9549524659482395 0.005704001537244688 0.0 0.0 0.0 4.987824122201847 0.0 0.0 
0.6424705340936941 0.7663810155525731 0.0 0.0 0.0 0.0 0.0 0.0 
