3.729144426614642E-4 4.738582490741516E-4 3.176490959573539E-4 3.546712221209338E-4 4.0702549628811617E-4 3.211783881585659E-4 4.4705719384540294E-4 4.4514064585904535E-4 4.4025272320532573E-4 3.6364314746878927E-4 3.6047027918806264E-4 4.336029112998158E-4 4.486019892573617E-4 4.799378678348371E-4 4.777616714838429E-4 3.678369584351618E-4 2.888648138581082E-4 2.8346622362074607E-4 5.69351695755895E-4 4.7417347061763095E-4 2.8773016864391257E-4 
0.0024302636457295816 0.0031944204064838348 0.0022973113329252505 0.002300200508238719 0.0029139237442666506 0.002443206126634007 0.003221471167534459 0.0026446083431737382 0.0027343086344933714 0.0024549662770632142 0.002301371891333845 0.002685737080899967 0.002866372984570835 0.0031567099849108497 0.003068783074595376 0.002315785948683149 0.0019704402230263816 0.002263124439582268 0.0033830158247719778 0.0029763555848396355 0.0023189856151466363 
2.2645989972499346E-4 2.4513773646130224E-4 0.10936069969107828 4.801803950646667E-4 0.0029442124674537787 0.003497505830829345 0.006835797323308626 0.07987372073165902 2.4250521922744575E-4 1.9575026684144398E-4 0.018836512844122265 0.14731616310170492 0.0026924384007536114 5.022030176061437E-4 0.1558103745703591 0.1548486930457671 2.3363397985765418E-4 0.014935172422578873 4.939290320528318E-4 1.772535386663731E-4 0.12648696705387638 
0.0011925384290612394 0.0011031637328330131 0.011777494750115785 0.0024200859576573755 0.004279884230027089 0.003268410240949032 0.006385634571087354 0.01298863982733177 4.3779872214742984E-4 0.0010828677912244698 0.0047291886576191254 0.01075130784633453 0.003095498362994872 0.0019236095338850626 0.006954707402894801 0.013034735755974771 9.351399102023434E-4 0.0025051398713963374 0.002173598010950295 2.8061850780800393E-4 0.033742262963125644 
2.449134867096273E-4 2.1332546922172037E-4 2.9181772517711984E-4 2.6018600957329895E-4 2.4412301868591713E-4 2.600062743804014E-4 2.636283491341023E-4 2.8413309779071986E-4 2.513505453846008E-4 2.2574610161409236E-4 2.3558115985538545E-4 2.609574813385426E-4 2.947430822527356E-4 2.272567292084863E-4 2.772580476527291E-4 3.855572295571599E-4 2.4799860759036927E-4 2.633026616413557E-4 2.9087576625862167E-4 2.4324918124444734E-4 2.4379150266212046E-4 
1.7132459142976664E-4 1.8066419651790785E-4 1.8808674057271647E-4 1.8384531846662454E-4 1.9652764819323202E-4 1.84243192847775E-4 1.837078967930897E-4 1.8904019094954423E-4 1.8611540223991365E-4 1.877145011213165E-4 1.8770036649419104E-4 1.8826667374869237E-4 1.8644379158405197E-4 1.884513312191084E-4 1.7650527607501938E-4 1.9180490353713103E-4 1.8138845184972503E-4 1.859346842513456E-4 1.9386091977925397E-4 1.9578113307243446E-4 1.9550559531700598E-4 
3.6658333186357E-4 8.373300051147679E-4 4.884086584557097E-4 7.47093707150802E-4 7.249235183256377E-4 5.12962035313102E-4 6.302436786787589E-4 8.004192612584283E-4 4.5568754061887196E-4 7.893142748352612E-4 4.280952084457615E-4 5.479305099154328E-4 6.15550712954507E-4 0.0021088030488925756 5.942633016918987E-4 5.880574365146525E-4 4.638887757761332E-4 5.042499322953274E-4 3.9888118226587364E-4 0.0015375473459676278 6.889946397098452E-4 
0.0391611598123809 0.022714638039197335 0.034454774922817795 0.018640533939501894 0.055041343688500596 0.019955814601863058 0.05493896703280143 0.05163242115874904 0.03845702196482372 0.07085792738220911 0.02587138798004819 0.03831172163431261 0.016618417520327187 0.028219621274279665 0.023455758593222104 0.04812295653531296 0.012860949139122752 0.03876554678458408 0.02299476231984445 0.04237359286395698 0.04367390692277902 
0.002995826941348828 0.002880619096281081 0.002984211136941279 0.005419425587024243 0.0026511740264756325 0.0033355274566520543 0.0023115320829035523 0.0034219188400937566 0.0033714039860520623 0.0025470389515369137 0.0021451946897292733 0.005422991676631009 0.0031184461802419928 0.002950870697853159 0.0018758481873249742 0.0011846144988786821 0.002787330931290409 0.002715605701947031 0.004982380532901276 0.003635589257348589 0.002562440449213594 
16.127266788497856 14.720790353659634 8.777406421571381 15.260485947966364 6.941904072882909 6.9452346015737465 15.257959867302509 8.645831263167363 15.829419194751814 15.937759857152923 7.751934778642379 8.1051451665835 6.990467155345964 15.86397432192037 16.011574740014993 6.835570367984667 10.312572737400885 7.865422593460044 9.779483857444342 6.8682143242350255 10.13770336456876 
3.144082755679008E-4 3.0636892842886103E-4 2.9467303040991505E-4 2.3738098294908604E-4 3.5593037095120906E-4 2.6764011491281194E-4 2.7754330915644355E-4 2.284948710713751E-4 3.015389977873174E-4 3.2205252158893646E-4 2.929599263003977E-4 3.441803819659417E-4 3.538468893451641E-4 3.508561607967487E-4 2.7177574796605143E-4 2.690794304976018E-4 2.490596677068719E-4 2.8978069207644076E-4 3.1756461013967777E-4 3.235001980281812E-4 2.3652169005991457E-4 
0.010409525962582322 0.013715820569660225 0.006882419897854972 0.011314022002148663 0.009136708980305379 0.013746169934540097 0.007497649411850938 0.009325955602611492 0.00847229116696122 0.01035400608440323 0.014729926011138676 0.013134146137113991 0.012981204347734863 0.008254212224731465 0.008898569032495007 0.013442781063096645 0.009135166906134242 0.010456177602621585 0.010434242498945296 0.011603223742330977 0.009156964144986696 
1.5273256068770176 1.5753905315676273 1.5521265477599304 1.5327287383202615 1.5654630755659082 1.5902409188516584 1.5746992417995394 1.5434723517289084 1.5319305775197125 1.5292323062936048 1.5297802763460946 1.5570489930084013 1.5470925629264962 1.5820987285982047 1.5517915663239978 1.5375533499773288 1.5639672928736326 1.5501609871681734 1.5629130922023855 1.5696424737731836 1.5474210672405588 
3.6138285379173977E-4 6.064292290679493E-4 4.545350449656001E-4 2.8208481152090353E-4 4.6804447847400475E-4 5.576172031792E-4 4.981443559410127E-4 3.905223157777951E-4 4.6992626864894246E-4 5.813542577074885E-4 4.2243924062496395E-4 4.935425355195863E-4 3.338228353465281E-4 7.008648788741282E-4 3.776774876590551E-4 3.449645953306277E-4 4.4072989927139113E-4 4.152650758197757E-4 6.783548643113099E-4 6.267318717285043E-4 4.3005675579874645E-4 
0.7147292646790837 0.07726683707410364 0.1615831121642903 0.1039290953380339 0.16461655014842516 0.1634656554015078 0.147848328906508 0.15603348651602436 0.16604561111532795 0.14672184556161 0.6649839235639512 0.15929093840032987 0.5471001991227887 0.1328800554553123 0.1533451635336353 0.1657292025036768 0.05710098698001302 0.7304437959199387 0.9145963034666029 0.7564629371552012 0.14734754913425813 
0.017321156967930868 0.12328079327492507 0.0011596303469285896 0.02174306241545563 6.519811739641294E-4 6.962181985579688E-4 0.0014730776374149632 2.5130076231126206E-4 2.0878488370482492E-4 0.0044705542298961 0.13031922258009188 5.238547900270099E-4 0.008565998730799529 0.007783076020320187 3.2142498012520165E-4 9.350808797869244E-4 0.016409772597982476 0.026798939486032184 0.05497527133914166 0.1233050044787426 0.0024276292500629384 
7.79503601311826E-4 9.66811923855278E-4 9.159630487475259E-4 9.149696507257721E-4 9.170205415917048E-4 8.13883053891686E-4 8.869858032730926E-4 7.81598605280161E-4 8.570820243324258E-4 9.19412701512252E-4 9.037846749832973E-4 8.289234913765083E-4 7.956809877841165E-4 9.4022479648445E-4 9.058456351539668E-4 7.680448936077223E-4 7.769972665184783E-4 7.785243892222466E-4 8.23154935518013E-4 7.925805840060788E-4 9.053011632747687E-4 
0.642688856874923 0.6428746405806963 0.6434270229855961 0.6431902282424358 0.643590314752202 0.6435281905531002 0.6435381525586138 0.6429304189048709 0.643472788886291 0.6435850755632058 0.6436047022802157 0.6426822373539903 0.6430774562043812 0.643397676656979 0.6430463185538093 0.6430753000555497 0.6430224459123867 0.642748983521459 0.6431643095635495 0.6429125597998433 0.6433303540672536 
