0.017467078635839225 0.01986223522748287 0.017091707457949815 0.014301632325108293 0.01652130559178971 0.014868977126128712 0.013865536317410481 0.01635619050606505 0.018815003576407256 0.017501304430003698 0.014563122494112823 0.015759941310318906 0.01665318295128718 0.019186710048518366 0.015930130042126987 0.013623224087441014 0.012518579622998276 0.01458083430471283 0.015323411922653664 0.02104379616084551 0.015922473615981717 
0.034501037919537174 0.042172639587542866 0.033273434015533024 0.03305495402252003 0.03723357453075307 0.029790139768274028 0.02938858161017559 0.03797577652350239 0.06005822485246703 0.03827903606486545 0.029776667167598334 0.030904612209256787 0.03644066058254493 0.040591407266984944 0.035680097365946455 0.03141464353979196 0.027695804163299944 0.039812824631356714 0.030634537720752853 0.04057301281412194 0.039184826341570625 
0.00793510894852332 0.012638236162338489 0.007433144855534171 0.007890775011796044 0.007831943250276155 0.009502523482995882 0.009813519498758473 0.008148226993509422 0.008039869290972248 0.008065048714814503 0.007717234324393636 0.010770759857371814 0.010478289899670867 0.007902106083267451 0.012745765259590494 0.008294818322638476 0.008159860913734123 0.007577937349374184 0.008815901845420398 0.009477021141872346 0.010918182751483901 
0.16749388735955512 0.15932640157556824 0.15954273314775974 0.16200877297567204 0.1386336327445531 0.13383809621144682 0.16797329767281718 0.1381786368982591 0.15819802153913512 0.1517684286536683 0.15571129655156443 0.17391056243272013 0.16174820882686355 0.15785558813490516 0.1707451336475319 0.13018937017959153 0.16744836236904131 0.1281532682089583 0.16393851366096532 0.14986640487494118 0.15544637591410165 
44696.07144986814 36609.4655589157 18871.69633813007 37448.0912830615 12943.329608611139 24634.32810444454 18686.28125977366 21898.99978233558 18105.921252787906 32390.300483710704 25546.509246503087 21499.845554237054 22161.109364579508 23040.36488084963 27198.31459078694 11935.6796799478 31334.5145752379 22945.403178798948 34546.760968922616 9041.161877595594 31008.86172974161 
85.97967891711608 32.12373345283237 25.14655987843367 140.2694540482121 34.598646997384044 31.9750874511545 107.88786431222232 125.5477801998469 27.727283649820237 34.580473392086354 183.0104517536749 229.77938332058693 1280.7122265869662 27.48745618306495 23.03713131800378 755.6699209750989 3515.5597432800696 2328.974225494277 90.91593346458066 30.39966646844011 41.78387102501878 
318.1455598238164 1027.1708371232883 608.7255826497712 246.11481520867164 260.1125630919288 438.0470061170241 321.42070649887216 146.82265990396408 329.20973028764837 3634.0545777323473 495.8409457378815 409.11958640849446 133.5146823783815 692.704367351855 595.0073342995325 587.608794571256 311.7683971173524 815.7762341583376 380.8466720596318 1672.3756634177116 1024.9764937236084 
86.16095988982222 63.66711761944142 77.0542680116219 65.47197753792226 55.389814581461216 71.5972956605113 64.21008795744382 72.24739597458216 69.60497635146761 63.689666369279976 52.521051311998626 84.42054642897898 52.07504285191445 71.2619441918541 76.98754309542171 64.60644154221423 53.97421825376909 72.51694378089373 57.596671897273 80.57196516823967 79.67723995427119 
80.51579492142315 59.93851891542944 92.63867434939321 46.788415654616955 76.36261535018443 57.38674381132018 80.56736728163919 47.14180748310422 85.2846749853951 55.52723243214439 86.28854724317047 87.69040534756056 144.42557125313235 49.807019880333776 74.5223288103513 84.86511725913729 69.74576115771582 80.35768716732142 91.32981902006502 115.66611054493771 67.69727331993536 
57800.87070892936 11738.690818466914 35580.84312078484 63247.42499223009 30841.957458342495 95725.37556799484 58827.85035441545 97846.97419467139 82011.20809309016 31103.266094453564 55785.212243006 13622.846229476132 5728.401618325322 68377.58300710258 48746.37676097929 31580.910463589968 19588.921497874977 23957.658157872364 12551.836742673024 58945.93214769888 13993.690274492936 
0.006681185463563493 0.006496173830546119 0.005724184360910044 0.006567449272101951 0.005135596495285809 0.0076813881786129195 0.006313510514070207 0.005925914303855327 0.0059282949586006994 0.01022150677064932 0.0053547094059677525 0.005926985614489605 0.006566149497630323 0.006613297547585246 0.006582143200836569 0.0055034921583325385 0.005820462882442654 0.007010323272651288 0.006453898249964231 0.00518521925155444 0.005962155146248777 
0.26535272755960415 0.23778175115897973 0.25016070840605864 0.27612115555849975 0.2427282313500755 0.27740033270394826 0.2691465306417086 0.259132982569757 0.26925048080194364 0.2994540736588583 0.2615198455486785 0.2697882250857158 0.2704659275540819 0.26491654759447275 0.25808550832223137 0.2562236978235269 0.2445516272569783 0.2531524590878195 0.2728607134448339 0.25062296698611436 0.267542368220314 
0.557132950306438 0.4145819723785051 0.4602286619840173 0.614887597844086 0.37863896705856787 0.5389878242264854 0.5107725507350626 0.5837773070327087 0.4961807143883386 0.4579881609483429 0.49927980204324546 0.48178187708625697 0.6344460021854824 0.5077253896714686 0.4288690681592373 0.4994258628503181 0.5000660309051528 0.34349677962046476 0.5355372291170065 0.3689677320161075 0.45591613232754935 
0.7931294785711653 0.9446343844434363 0.8054736517476251 0.7974021137098147 0.8756535699043777 1.3528835685918106 0.8564047286885932 1.2873999842053905 0.8906117829431931 0.9550252397741501 0.8685296352334126 0.860450126226399 0.8992785809794782 0.8530791875656805 0.8445910955217817 0.8850769919271677 0.8145246836615575 1.0366907522719773 0.8413396086157159 0.8232668268636107 0.7483817201388517 
0.17489747618364831 0.23349015254184713 0.20690328430277566 0.22336372211975897 0.18422706018185028 0.21695399750546399 0.17968506518915248 0.19956707710367794 0.2080696891937243 0.173797588415542 0.19819825904388627 0.19938748598361097 0.1996223757051462 0.19066117942656466 0.18403027803247454 0.1868942023435547 0.20663486479791673 0.22182547739615807 0.20199981674577056 0.18250233049616038 0.19531460610000437 
0.11622404597823961 0.12239453430737776 0.11916664363523172 0.1287637064440415 0.11503416586402021 0.12679888335292175 0.11466593074990329 0.12652350277863522 0.11982846615546837 0.11555203865865828 0.12224186308498734 0.12439253746118631 0.1209506567508952 0.11912413997967645 0.1159063120273761 0.1269585364230902 0.11468662654435981 0.12652290788958914 0.11465096042781855 0.11481187335198673 0.11865834068582586 
