0.0019070385569668715 0.001961061618712018 0.001974512481655422 0.0015658604015121136 0.0019957891651815733 0.0025070600204362596 0.0034144688300085523 0.002956893174010759 0.001346769442007603 0.0021862579684785036 0.0038567085408556206 0.0020814255642125985 0.0013349525883184273 0.0025081312748390207 0.0022646014190057465 0.0026039135700198284 0.002712079353080735 0.002216908783555355 0.003156299728658247 0.0023879961109124197 0.0018456813261250276 
0.0023242161020133535 0.004004037428324859 0.003754252244999718 0.003444307773268318 0.004003427988485358 0.0037628761953890626 0.0034627031951846446 0.004297194591305591 0.0043504945772632735 0.003671177202862055 0.0038476707928796414 0.004758644003090114 0.003996936072824343 0.0031574257123590387 0.003662625399776491 0.0031866902163703746 0.004209162417221382 0.003978189453220496 0.004468477316355724 0.0035498858741975434 0.003495772036256079 
0.002159303714835995 0.08661267149770177 0.006769299717191094 0.028153694967151734 0.09881427445707049 0.007022505514355352 0.04115597751250827 0.0986194302040148 0.09618988430910662 0.11471936018179797 0.0666482984455856 0.01832141009212924 0.13086284511743312 0.09477259498485416 0.02886220115498327 0.10731096691458797 0.10472707466795954 0.09609621896166286 0.004549925905279342 0.08178460030532714 0.1151111176126862 
1.9210615450233876E-4 5.439232026601093E-4 1.7393749008541692E-4 1.815518566266804E-4 1.8701969147260917E-4 1.7483080490074076E-4 1.7904205899757955E-4 1.7699360477079214E-4 1.7632969025503802E-4 1.8667427756430597E-4 1.8674223544301675E-4 1.8049367799289186E-4 1.777719534516524E-4 1.9076214987888846E-4 1.7528713735245492E-4 1.769303301129341E-4 1.8570462140508854E-4 2.2658543049194424E-4 1.863894345875633E-4 2.3270816397272877E-4 1.7539507368665016E-4 
0.1319859799513064 0.3480659981262139 0.19488074827964663 0.2312062896350851 1.1437410918067672 0.09905566859542284 0.6263260993377829 0.07909202616084961 0.16697477043914064 0.03251560819513917 0.03280225988392114 0.06592747095090803 0.8241296501863243 0.09814488126726423 1.1595420193281232 1.302546563366623 1.5128747276182026 1.1704091776388745 0.4361220029724838 0.8264315582458157 0.4491963500344528 
2.6084328392261965E-4 3.19460195739978E-4 2.5848372507208543E-4 2.950501260885673E-4 2.8015072273898233E-4 2.5790960313575804E-4 2.918039210201498E-4 3.0509359360540917E-4 2.8697093579221374E-4 2.602041546719436E-4 2.630223925046253E-4 2.4621596545378884E-4 2.501297007008445E-4 2.5624770270567124E-4 2.8591734209757564E-4 2.1486658430778786E-4 2.6478190906856073E-4 2.4871829701861016E-4 3.29037973917273E-4 3.2282108172688366E-4 2.724204942947229E-4 
0.001102544411914083 0.0011910337805823763 0.001081042261705637 0.0011914341899601397 0.0015696242210122698 0.0015414377709011013 8.78606889393992E-4 0.0011920407662942977 0.0011782581617920654 0.0015238523968100625 0.001028368122614595 0.0010430262098536276 0.0014118607557789282 0.0015044793459534868 0.0020938116814085087 0.0012158300468462452 0.0017111549081461005 0.001907041967563678 0.0014818386535267983 0.0016216913264069479 0.001183592884593271 
0.7580750236665362 0.5861719374814459 0.5384307061546726 0.6376069562213715 0.48192205218815587 0.5833521935339323 0.6824273456321417 0.689269675987316 0.6594374233881986 0.6742308322579259 0.826156266079246 0.6848728056333023 0.6150862612476745 0.38068164962861434 0.4376020363001866 0.5227741471895504 0.8161931504530473 0.41625642778583155 0.5626681144919052 0.6703678401613783 0.4870370679129884 
0.0022095348787157525 0.0021380917916622826 4.6156530736888E-4 0.0013149525083920824 0.0025645832241131374 0.0010820029109929346 0.003924118538488717 0.0014258666785071524 0.0020135578861024176 0.0025057596166822974 0.004222841349030816 0.0016487953333481473 6.110953189100569E-4 0.003530393916513546 0.0015587158658810802 0.0017283582691116199 7.399732613330055E-4 0.0031597981240167917 0.0021253021776189737 0.0013116590298618337 0.002527649897911412 
28.96335212470509 35.148727243278195 34.32427359323686 60.50456662709014 21.736297527153546 35.21073759784961 41.884741872872674 39.7631797514948 58.38070232854459 65.75967436655749 33.243409133664144 49.81274593532126 43.323408404429166 45.45785171144941 53.57802986077337 40.53272561023372 44.984198292375794 29.06596017682702 24.736671721834377 53.010862098781985 41.04664338300386 
4.7000157765079027E-4 2.0734514794053794E-4 2.413820424809738E-4 6.894797540688416E-4 2.317573962174939E-4 2.698656632358425E-4 2.561287329408523E-4 4.796531605214706E-4 2.1263205186380669E-4 2.719768271496531E-4 2.2463415187597342E-4 3.7464380335358474E-4 7.427109059104186E-4 2.7291520147041553E-4 2.2515453554770596E-4 2.2587446017644636E-4 2.8170562417385907E-4 2.4473336196785095E-4 3.823008521893492E-4 2.2974986692615555E-4 4.7134451678058887E-4 
0.008467241801535654 0.009103265039098135 0.6324576203659396 0.005317272970290237 0.008289361750285993 0.020653579509786503 0.011667581605431592 0.007529145842777316 0.010097934527229523 0.007729670528387159 0.008854998231796403 0.008748348524746515 0.6324369135966489 0.6324575066998456 0.006432613261719481 0.6120020871487298 0.008601623056575407 0.007596282132253404 0.010922869159219539 0.6292678784888812 0.007935876703419052 
3.3841471897602227 5.047496087315031 3.59543072031042 5.659306318695975 4.960037383078546 4.9694342273130605 5.034068327332594 3.3720532528951557 8.046740766380632 4.413810658282361 5.643613338286237 8.064883733820222 3.860542229086305 3.5980723357502695 7.4862563972299645 6.770494449835062 4.697379515352842 5.336659092763392 2.38281247575432 6.100953852589419 3.849765405081507 
7.539336639887283E-4 0.0010676769598036053 8.652354132986282E-4 7.11854093452587E-4 0.0014307934274049735 0.001058232885543953 9.040897314121439E-4 0.0011807979211553975 9.25232182282046E-4 0.0012635876810596217 9.88906851331802E-4 0.0014973642815802708 9.806629833820709E-4 0.0011146898242900727 0.0012282766893972508 9.70185877700992E-4 8.244245962357887E-4 6.855622704517165E-4 8.481684623765834E-4 9.041275858891835E-4 0.0010514691496792746 
0.15599935684632052 0.15651505447716466 0.13769948245047336 0.14972136751696355 0.15046263139909033 0.12568795017466924 0.15963706985406026 0.7687782722707384 0.16008503711809138 0.7323383356839502 0.1196327793624697 0.15936587118391593 0.14656356792303454 0.7460233867300246 0.13990825294953227 0.1388369546454129 0.15890309550708598 0.13635731818867045 0.15241869029053054 0.13495802331210688 0.12004193438275304 
0.0291275487836641 9.616186944793162E-4 0.0052140076481687544 9.290688456658783E-4 4.519229492231637E-4 4.150139736092237E-4 0.013083184338775223 0.0014863666014950918 0.002200606599727881 0.00132445285781091 0.0021822640554022285 5.109073041504192E-4 0.0024623006649145953 0.0027519234032538495 7.668538246011829E-4 0.002674503355336724 0.0047925891271784395 4.7834767400584707E-4 5.897227179344589E-4 0.0014196139918774147 8.24641997816329E-4 
9.180723961477303E-4 8.269534414646966E-4 9.621983069012625E-4 8.331934157801749E-4 8.781494276984867E-4 8.526791323067369E-4 8.557792023739271E-4 8.381314727718861E-4 8.621433713696908E-4 8.439175435879682E-4 9.26914408952633E-4 8.837994730519121E-4 8.294596619919485E-4 9.070584304778316E-4 0.001147165739884618 9.272006644871071E-4 0.0010210687344072889 0.0010850016286927013 0.001000226953305504 9.843334491074786E-4 0.0010168560474483554 
0.004261821183042808 0.6418345386911486 0.6418338171231724 0.6418342794654285 0.6418338324414044 0.0034036533940033525 0.6418344517305337 0.005306348534563968 0.641834488180527 0.6418343575992023 0.004179381791596917 0.0053895185054910226 0.6418344564942277 0.6418344567545716 0.003456165574060214 0.6131892747796872 0.0041751653739679285 0.6418350798763967 0.004533653044099449 0.6418337128943925 0.0037510757514891972 
