0.7635190803333868 0.75012503796084 0.7604088946988282 0.7173982661573441 0.7623954582906821 0.7654143262452722 0.7586228239082361 0.7586195753798186 0.7588599508232893 0.7287064813903926 0.7403841200972232 0.7602185000569631 0.7215917927947506 0.7686296895655224 0.745943632889864 0.7642541071961803 0.7318395379079885 0.7742841762920818 0.7561033619110424 0.7447065776479224 0.7529878051041835 
0.8559561866496652 1.5743013537136517 4.397455943578613 2.7455434024173098 0.852318074114712 0.8103548700099863 0.8218563966280346 0.897518014700068 0.8182897789236029 0.7238888131169994 1.9828924292936518 1.6035067655480573 4.074853722008613 4.723722162571172 2.3950173683137543 1.0186932406518747 0.8713605360170159 0.8765357350349604 1.9229064431483407 0.7647911990661705 1.8301934799531463 
1.0356134031139503 1.3528193825996497 1.8922070653744478 1.9125550929676947 1.0470259797775114 1.4843096335672012 1.4587114490701674 1.2151191538158277 1.097705702685663 1.3927214042342537 1.383279534449814 1.9209079226266432 1.1014970693544626 1.0762817592936094 1.3481389879835122 1.8986893014135127 1.133571890091935 1.0362566597255167 1.0550867763571379 1.2189827139750795 1.193106339023045 
1.8851191285173685 2.0382820556192307 2.430090557788532 2.287659342436394 1.7882938729127877 2.0790167860602393 2.070828935839503 2.0215330079520153 1.932441103564231 2.0648426065825123 2.1283786214328986 2.3127293786531697 1.996362971709775 2.0170423381664495 2.115915997698887 2.3604117367963684 1.9452540258791267 1.735389176066813 1.883105990930697 1.930037218531477 2.0300994349196766 
1.3668792511041727 1.312234003814046 1.1799370806543732 1.1092119113783518 0.9124768246209864 1.0464794428232156 1.1231008010120342 1.148430479125133 1.1136050705315221 1.4157881030429598 1.126319357259132 0.9845922340094303 1.0346211644003325 1.159779078851421 1.2350298114404277 1.175464076010864 1.0680681434500288 1.0570501410271256 1.197912074425054 0.9740752051333156 1.0084722170518494 
1.508178418015054 1.3160903836630446 1.3511936855988063 1.2567414963807022 0.8966588839061678 1.2238075156384234 1.285650408700112 1.2499150794839722 1.2890581556262646 1.479519001658451 1.2192506796429776 1.1875007372396031 1.1802807195327634 1.2459934733281477 1.4025892045723356 1.3060839708759142 1.1007953462839584 1.2534336076816246 1.326631280908919 1.065694730312833 1.205202184816684 
0.38173241671217567 0.3902113057989755 0.42754652393628545 0.43070934193068267 0.366913517593434 0.3357157912089672 0.34590083831537305 0.45711484220288673 0.41097248460107894 0.35540572434409284 0.33099269012211757 0.3957190047765254 0.3508270305728019 0.35622678695657184 0.3912385978427497 0.4412409404596672 0.3819780007132595 0.3889332699109112 0.4441961882998006 0.3171836578931942 0.3581057354124484 
2.7205676566285812 2.860230100050692 3.1810853067525047 3.074500428216959 2.993283603037732 2.9036774737903013 2.744956311467091 2.7959123126213017 2.898954766398223 2.943180652436551 2.8792422712993093 2.890711968934253 2.9034010663868663 2.9093048298112145 2.9395589183923243 3.214578169695781 2.833884215704817 3.081712014719151 2.7690894177724132 2.8016037847212343 3.0606145960650255 
7.71119862053784 8.144636098617454 8.24412576069157 8.99531317333621 7.4792009729286635 7.889836689306078 7.381360743510252 7.964074424820202 9.280004915411128 7.888444950047621 8.608430003955771 8.438156936640574 8.08957769524177 8.339004468088028 8.80035904317906 9.318416626804744 8.725897698385905 8.448734544205408 8.193902354102407 7.767962796168986 7.8959476294983855 
0.6487306711862688 3.452206933050128 0.6891498267335059 0.7305466802563823 0.6714945433298039 3.0571016183127666 0.7216404070626983 9.518732954679576 0.7490982429245773 12.867127036806146 1.1720763774920013 2.6638003853724075 0.6384291969399094 0.7425070697877515 0.6523620863562545 10.708535285630749 0.6486764375015186 0.9176214065943783 9.2786675321607 7.04739403753988 6.358267047993582 
0.7841616290869697 1.3160164580154112 0.9920959380760723 1.0197336540837605 0.9326866900678605 1.299157547610552 0.776448931794302 1.3025913584743074 0.9916011836538952 1.3176275275255278 1.2456354987999423 1.2113358282524995 0.7040625999931929 0.7832686627019741 0.7678091661400879 1.1495646839243476 0.7151036272694355 1.159230175517228 1.2519290218959491 1.2693535339365547 1.3584604726623635 
0.6487015539918888 2.992477935039308 0.6879516314661897 0.6945555581655362 0.6703851197591791 2.9661052894607804 0.6497987064692806 9.409214870503098 0.7106403949186451 12.214362702654217 1.1481108490424028 2.6463207774680315 0.7325997908809735 0.7170792093939441 0.6214180263487655 10.340392033227847 0.7068798656567187 0.8872879843820624 8.984646956193103 6.258695658557421 5.961002768734155 
20.931677016367004 35.3135824178662 69.46378067513112 56.56482940575154 55.404661409516635 41.2794565392642 33.53437102213627 40.08260071302746 39.61600547661201 42.16568116649673 33.046991355843446 49.92089629892506 20.40123971869915 37.98011729458058 50.29338504981133 49.854843475113704 20.970074836054167 24.586953536048593 33.14395328518811 19.12272073456211 55.685868626559 
252.75230096885855 306.7388139551779 251.15276660459864 291.5596755086482 245.51657760216813 297.97641917754197 237.67453443163075 248.41247384109917 272.4529630473779 231.82290556579247 303.9858335977772 252.46063221512577 286.7224252506611 273.7144927462546 287.02734981726934 238.64535466407887 251.20147360223845 268.19836079886534 295.43919018749847 220.6639773573885 268.4679128018566 
159.87554468503996 139.75937490200647 178.26413995258295 185.02955726141417 167.88895747829076 178.61337238015028 145.73276276101194 148.42667187468356 170.64508583354225 128.492613868659 186.18834926696059 151.32346708667475 143.3599289455806 121.46290074546242 168.6372838735913 190.74072160382602 204.50280243282032 171.17087345317137 132.33512014585602 150.28357516985199 161.08990566176897 
112.77945732439095 66.99346722368236 69.84751459122903 112.49329587104953 67.88014864671666 51.81603978640201 72.50202911485617 103.2369483055489 70.69860516540999 96.16233338747742 100.79852085170435 67.12633353635248 54.274584373837726 87.11238060249951 78.19190878466806 81.71568627881113 75.1177634243469 54.199929943442186 75.07228025866151 54.00501794428543 71.89850801392286 
3269.719417072294 3306.700741446094 3591.0947924659486 3698.8602003891347 3547.5600050166354 5363.684844050697 4128.300529065964 4454.116158053867 3498.534316424599 3530.0682342901946 4283.777965450389 3793.7995480182017 4704.45941070251 4010.0840445793265 4532.947721232477 3326.9666071467286 4161.639823153793 3684.0492004868956 3400.711316489213 3831.1160505908165 4126.81908916654 
238.87055245499292 254.4254111723948 257.1235504167936 286.6385177186417 284.54840805376296 301.85966045731584 208.6803279017427 273.41591238299867 211.24489101462353 181.05938712983436 224.21042531634265 252.05057274519106 259.18453071581087 250.9711113176336 213.94887272261622 179.39343441112504 295.67996292768635 295.8782686333253 326.022932243192 366.5681780617474 293.29363728520144 
659.7986228402071 630.2917191509168 619.069120818429 696.5700098848639 638.4535264087147 611.8010554287482 634.534501560666 585.5111227215654 601.1459706262323 618.0192759699936 654.7326657442654 608.2513564667508 619.7632211670414 595.502116513207 573.7501162566521 547.8525152056282 663.200052695747 672.89984557311 655.6329554987063 641.9403259735517 662.8589756645787 
