0.020533913935154215 0.023235834910227845 0.0234930820509642 0.02544649594346876 0.02206319658000356 0.022834916620791162 0.017534208275834743 0.02291004286534253 0.020238093948265895 0.01972730610192029 0.01966619725768632 0.020825634227822732 0.022574076650999305 0.02358324499719702 0.01942133443787375 0.020992118120830232 0.02534216357750574 0.02122336056642628 0.018314726426363677 0.020621274365283434 0.022588566787744575 
0.05229465747795233 0.22169107403560123 0.16860322656046697 0.19291260368788912 0.2016763372419245 0.03963559810914613 0.05808524022890846 0.1818778027330984 0.07535024655429313 0.05232652113347773 0.04712351137802621 0.2158417629992387 0.08104182631997664 0.05489588370367709 0.05235250631468171 0.06105309517746148 0.061002651348940555 0.17747621979832456 0.24034085340696176 0.21027381656777844 0.03564489332280936 
0.010200624744001427 0.00847837523306501 0.010909227984967945 0.010584207657947316 0.009075185337233666 0.008681728051146113 0.008689653663062086 0.00850808894794969 0.010230711726881222 0.012704630747009777 0.009362369107957088 0.01039333916613834 0.009228603896759823 0.011182058179117957 0.009984530895132753 0.01079231227361384 0.007935569384881953 0.00929306944373263 0.009452383848084582 0.009523441546857647 0.009001897902316352 
0.1947781818265749 0.2093079518488063 0.19007483979976386 0.21140886679297524 0.18319253899580995 0.1766507860665353 0.2437600488548483 0.22357240412661733 0.22076810673688546 0.22193944837716312 0.21907078805850813 0.16583078356462902 0.21497854536266617 0.16535865066663075 0.17958422023716855 0.1932937032854835 0.19193219704557404 0.17185014494621104 0.23236557958723408 0.17058480596208242 0.19602320961212708 
23384.470335265127 26287.87968601929 28458.083536457376 30852.728305318637 16670.526347513125 21521.561280431724 21590.303100316196 14200.52394751773 20155.492211598954 25156.55182946418 24926.881068818926 15698.08461804985 23118.31096975959 38241.43223695325 14746.427838260142 24297.376805171265 20667.041235122702 18162.570104860155 33174.61308946856 12378.475892560191 19069.34563327308 
109.26358095705712 392.6992016853628 210.25736634042764 26.899921352727407 28.913232447840016 105.06475590568343 28.60176156292194 131.15230642386862 29.26379987451373 2506.541491496575 74.68642202133944 25.30641679784848 30.628242047636974 110.534556306955 79.82995581795132 200.77575983330416 211.16804303596086 26.79910821731598 118.12225541980644 24.729656677504817 27.38769939313905 
114.64956170504657 301.45951235649517 144.45023166078138 204.05436071059623 671.3079168499219 1847.0047990938997 439.9543193380134 273.79068236389315 718.6827257957822 153.38021970549815 667.6128088039823 131.81424440104016 550.3928373631579 358.4486678118946 111.0579735127203 332.68185978273453 150.10078279160817 513.5590196563705 402.55772285495357 582.7304616397771 379.4676926683402 
45.16066311564617 64.47751593089839 61.68820039401901 59.626063506939545 47.53496017875166 56.358699850287046 52.55728540682337 63.48829394638721 71.39178363200622 47.702411422634164 74.02584296467451 46.352958855400026 66.00736020144568 56.3331772873746 65.89766742090262 50.84603775662781 84.98109399651837 50.83806454937113 76.95879415469211 48.99517473109441 72.080529453436 
49.0336322779877 141.35454187328318 76.53178491611357 45.3987128613771 58.00457957919407 83.81073989915197 54.14861482654737 43.30860186940035 59.82554633591487 64.04046797113575 115.62816277296055 70.41057767494904 47.48720469290914 75.47242806487537 35.77562593845395 59.3005473089575 32.822829078117884 42.54604633113816 57.38223864846262 129.74744850139183 142.53097053505607 
23158.709131987893 49991.78936783307 93619.27733028523 79833.63619837206 64362.73152379263 75092.5709490575 72221.94662949305 9550.48551668607 15935.44215774934 20677.80416773995 16846.166637964783 62676.20982869427 18651.00162572123 65121.477615686636 73843.06854431219 39388.75057177948 47005.67034223844 38977.86255639328 51968.7746946238 91526.42979842692 11071.330538693803 
0.3302821101820258 0.27823352599348944 0.016488252847256312 0.5223382566427394 0.013401969271623198 0.4938155058469804 0.012991182934368718 0.12253960620911705 0.012959805493862185 0.32862852164241485 0.012043833604469171 0.015873353519310282 0.018639035181223815 0.3388339398844429 0.3346605568110395 0.33294162177828013 0.3217445003786778 0.5593218582682271 0.014323514659305819 0.014403225999963363 0.2867944474583237 
0.32509763193304153 0.3422932837261428 0.3134851851952758 0.2591426706338977 0.25843032795903953 0.2806513914018095 0.2911268627722065 0.28259669649521074 0.30768333865416997 0.2834347448345384 0.33515035935472975 0.3086296115093254 0.2721697235698135 0.28978915952972806 0.2912699118499064 0.2939196852441185 0.2734804358586208 0.27831987908231404 0.3438584054522824 0.2940599276712528 0.40922223010455083 
1.3154452016452123 1.404036942815893 1.054428478917246 1.4368968298369744 1.359012457041413 1.2048265916102319 1.0439056729307348 1.0490531615011975 1.3171703464529203 1.0973557824320017 1.303530262543781 1.313655790079799 0.9552868225291611 1.0798553175793242 1.738034538544814 1.2066257742504458 1.0316458654314744 1.003670635240123 1.202078898364279 1.1428631964427085 1.3711160161605072 
1.5627839299082562 1.7510608239338918 0.7208611644297293 0.9639441426737634 0.5906293293095972 0.6881522611945468 0.6958011873526303 1.1614201472008248 1.6786192565537208 0.7477261044934927 1.7383014409034576 1.0362012155844664 1.4152850172803546 2.025721459543202 0.8910372171890989 0.647659316788756 1.171305841919794 0.7511319933868866 0.7903684016232896 1.4283599846914925 0.9342310677761599 
0.2372965920854108 0.28281467299195756 0.21528480548507062 0.2204547175763737 0.1983741172890872 0.48154232186343393 0.41844985542967433 0.22365824596650177 0.2713499421294954 0.3018548442116881 0.21966210537750877 0.1958255634974041 0.1812254515753581 0.22315121006587826 0.18820289898608736 0.1763625628524131 0.18764116270217665 0.29054860057578147 0.2739435078605281 0.22514757956004192 0.24922375752092182 
0.17914296860365206 0.2899952388539988 0.3161411053987803 0.27135306980777285 0.34795355935484445 0.35654586416482364 0.1895075311530787 0.42728397429706655 0.24350306615375752 0.44306280529516917 0.26613602418704396 0.15315743578286706 0.2970277588227342 0.356569631833857 0.19449687308728583 0.22783375686764315 0.44644849791685776 0.21366180618026312 0.1991067069757028 0.16075075316515566 0.38995129817980023 
