3.016978479295397E-4 3.5509813097503586E-4 2.8825874842758044E-4 2.4740471278429795E-4 2.872636855988539E-4 3.979579333835489E-4 3.879758361944844E-4 2.5971184178950554E-4 3.878492305087765E-4 3.3599139835293105E-4 2.4348891989455602E-4 2.967901823928736E-4 3.747330277986641E-4 5.41968994611974E-4 3.265626281984231E-4 3.314756404055556E-4 4.464680301574673E-4 3.560035223445062E-4 3.3020598843091543E-4 4.065999048253693E-4 2.8426846522317765E-4 
0.0022295214201525915 0.0024157215810101953 0.0021783183632443945 0.0017844061237480414 0.0019355511391397579 0.0025728031410494306 0.0027003502996146666 0.0017321778955914572 0.002758375608762931 0.002283186777855919 0.0019636882835155976 0.0021642504777228573 0.0025356573377395284 0.0030135083731203166 0.0026589704857746524 0.0024088157021045537 0.0024229691993389673 0.0021876945768553083 0.002250219694280938 0.002926480578376197 0.0019408437391979605 
7.561006884775752E-4 0.002048819970161535 1.9947767004633896E-4 2.0602937520596524E-4 0.029585483565038814 0.18795505638881244 2.3803639120265012E-4 0.2022619262343321 0.02180839005392202 0.10570007494443381 0.1946658769461758 0.09255726774945583 0.18590863130883667 0.021976587239139717 0.17916145813054937 0.032268692323197644 0.004998041470317106 0.18641750972852084 0.0036593382925050426 0.19143472608290804 0.04765290663448634 
0.0068685627052188555 0.004403906076613159 4.097077537208723E-4 2.272459414877005E-4 0.011329806043791343 0.012942322192676617 0.0021605717418380667 0.03507756406507151 0.012030395766051975 0.03061718403730406 0.06983603499930181 0.012633990441813587 0.030033239664000712 0.013214897511278304 0.025769146621538105 0.011677923282696522 0.0057298395688517335 0.006949397706961027 0.006373507647591051 0.0340506320003272 0.03479017243323259 
2.2105742863875533E-4 2.536169035424446E-4 2.3757319253493397E-4 2.3280816044582743E-4 2.403759932398406E-4 2.140646863485833E-4 1.9243200016355944E-4 2.02835947566985E-4 2.2842029690477842E-4 2.313229442561109E-4 2.622514892578888E-4 2.3079014262214413E-4 2.165572333164611E-4 2.3968529221850577E-4 2.0435359575677852E-4 2.0244783215402732E-4 2.523310742270009E-4 2.697048254178188E-4 2.025426136307516E-4 2.2489118954944026E-4 2.4368560641450435E-4 
1.7786852277491084E-4 1.8334629495331614E-4 1.8577265567999485E-4 1.8590821351136252E-4 2.0458392924974008E-4 1.7323887019933873E-4 1.8786933573702112E-4 1.8430734234305075E-4 1.819270512018419E-4 1.7734656610434506E-4 1.9637388247636215E-4 1.8822908484111272E-4 1.88937293244184E-4 1.8831017092038369E-4 1.7963636705093015E-4 1.807032942864666E-4 1.8069597458356216E-4 1.8404928039268006E-4 1.766785183942368E-4 1.8773478035135678E-4 1.865201688173898E-4 
3.17120094669619E-4 5.57909644008451E-4 3.597774478825152E-4 4.5481427685588793E-4 3.920958747037072E-4 2.0701414941265092E-4 2.8226943821021126E-4 3.6082304121356237E-4 3.7900630445999897E-4 4.93797966818716E-4 3.174648020568787E-4 4.4547921906251144E-4 4.4099330115228224E-4 2.753991617508384E-4 2.9871847898853667E-4 2.7420833327796074E-4 2.608285178271329E-4 3.3014572646546624E-4 2.63704764844592E-4 2.171684858418714E-4 5.842046222317299E-4 
0.01270427983528736 0.014118112265588255 0.013953270909236249 0.01793070120722454 0.012513484057940163 0.01463826505569519 0.011460988326414649 0.019494292769640396 0.011037663730032711 0.018775292504455882 0.01752897241551817 0.02462199547979824 0.01885387892864494 0.02731110951410144 0.014558717394408406 0.027105564856833485 0.020702366582048947 0.01617148232203525 0.021457848445464098 0.009593152446642734 0.01676249712362744 
0.0013761130277424088 0.001632490829427784 0.0023813447299045657 0.0027317842551264336 0.010365983781432348 0.0028863667598263373 0.0017724184552653085 0.0025574804749443217 0.0019054174571697174 0.0019093420638971938 0.003941064030137828 7.196878888935608E-4 0.0017893615905416756 0.00296369418290036 0.0017896990229925567 0.002170756396962381 0.003058254681846283 0.002045053507000763 0.0011463817862862272 0.0020533528831149688 0.002392947759291221 
6.813636324544042 14.895539513757598 15.95304614534476 12.217428988237394 14.44398824835669 15.776880334203577 6.938370647485217 15.824914552118052 7.414680067138948 6.918729030157356 15.375535903840092 6.794068469453002 16.588567428214162 6.780917247380293 8.244099026626145 15.630826746977327 8.022250037793718 6.807144578283067 15.10202581598039 8.461120728319061 12.260280226608032 
2.142022190052401E-4 4.526991565291869E-4 4.7536552114719896E-4 2.1959572698744518E-4 2.0522349775457262E-4 2.0541738624644436E-4 6.672783957166447E-4 2.438872618664531E-4 1.9825158886999553E-4 2.1727025336102477E-4 1.936512115489362E-4 2.1908238505641167E-4 2.025227898087549E-4 3.6229577306062794E-4 2.4425637580046246E-4 2.0676755322688312E-4 5.036418118519049E-4 1.916816937646277E-4 1.9623714960799717E-4 1.9776349430439488E-4 2.4038642789921884E-4 
0.009005851571287223 0.005396754892336454 0.006332679770450022 0.006208049770881165 0.006122995241298425 0.00468652056866578 0.007021004237243285 0.00880637413588829 0.00552105939190634 0.008061292574143626 0.006811774678415776 0.008501415659130523 0.006079099486379816 0.007702811222034333 0.006109558735427447 0.00696756218709526 0.007042118620478344 0.004471391089366026 0.00700716514717791 0.007223292712905214 0.005258188897118638 
1.5280324961465248 1.5195395764934319 1.5322694529190748 1.507512742131795 1.5578793563927955 1.5784696790605706 1.5242243094184078 1.5391904394305749 1.553610397121425 1.5355949606923147 1.5433500678916834 1.5069782410681876 1.5450716990957183 1.5395341941628677 1.5465944074203506 1.554269001131242 1.4832419420106013 1.5602480683510542 1.55970328492006 1.5448007579790497 1.525316969689285 
4.4058660825761634E-4 2.946246208734856E-4 2.8665311112927743E-4 4.5746768645038766E-4 4.963309376269316E-4 4.755425767941046E-4 3.298476293985203E-4 3.938295744011937E-4 3.821867599562414E-4 3.4190836890377215E-4 3.803232445529783E-4 3.628212966710305E-4 3.6079529253499326E-4 4.004962478425116E-4 4.2188920096076257E-4 5.610047301172418E-4 3.10253461136309E-4 3.993111532409584E-4 4.5516085394839466E-4 3.158564496675672E-4 2.713286796448412E-4 
0.1354982661038504 0.16152857600839457 0.16236069249915566 0.12544775928200563 0.09988184191124319 0.15766641978162244 0.057731860984435376 0.159171536514816 0.8835224237549685 0.6435339919737413 0.16711542225659654 0.140123491047683 0.7005216608106758 0.7266326634893266 0.7013198649244733 0.13406728074534446 0.7328464848073228 0.1157836028733569 0.8347859025199786 0.6937314136564396 0.14272707031885534 
0.007886898076187228 2.4084437330264424E-4 2.0497110389427938E-4 0.003173393908352004 0.009341412874218632 3.9170807581705933E-4 0.2167607408493682 0.0013123002850792351 0.14011551938476532 0.0067619761668943935 2.480759550482296E-4 0.09990124835095311 0.05609633047316052 0.02653810653103469 0.03814051775784377 0.0120368950578704 0.007330276675063955 0.004740842465823983 0.013595193811572004 0.006072252678202506 0.004679781907273813 
9.233538766203917E-4 8.382875958862516E-4 8.081804290318723E-4 8.283132009365657E-4 7.545139900688599E-4 8.097790127187905E-4 8.218690753453067E-4 8.585643742764663E-4 8.097449406400758E-4 7.98977351214363E-4 8.259777945298344E-4 8.062402006557219E-4 8.337824545849333E-4 7.604636706782438E-4 7.14375567874345E-4 8.003082757673209E-4 8.716319820884159E-4 8.40509685859087E-4 8.176252498123807E-4 8.042221201436584E-4 8.007525428283591E-4 
0.6428304657341377 0.6419384287404856 0.642377404982599 0.6425561670473842 0.6424957885042945 0.6420982293678478 0.6426580320178218 0.642154530476613 0.6425650868855927 0.6422122780892149 0.6426094668359735 0.6428864591741559 0.6424025114953137 0.6426817027476883 0.6421790192066477 0.6425827314880217 0.642478885014905 0.6422044384413063 0.6419462759672664 0.6427121761686766 0.6425955168178161 
