0.01985909403859761 0.019539151457692076 0.019302807226002992 0.01808333540543056 0.019610565471274998 0.018717399974453694 0.017328680015707563 0.016960074948117146 0.019196678041596967 0.018011152347028363 0.018308675690034627 0.01943297574509812 0.018445056981769806 0.018508408917698387 0.0193852865545998 0.018809499948859196 0.017233369627506764 0.019022780236623224 0.01805810361073298 0.019658585615913188 0.019702177036301085 
0.043046215869176986 0.04201411468721405 0.040761793539687896 0.0396584764907553 0.03949427538784716 0.04131622780394979 0.03658233167253445 0.03698964658703209 0.040774875470045234 0.03861432758646278 0.038493836771266096 0.040010225389193396 0.039419276772114674 0.04044499217727931 0.03763913323536007 0.041189623652965655 0.03832172154935074 0.04336527386325653 0.03990126045381977 0.04104307767721899 0.0390486984137221 
0.030406696492779432 0.018443200245492276 0.01664005736833837 0.0183091447952019 0.023239226626607164 0.016584319239667418 0.017911233557327138 0.0197763573619487 0.020355547527995795 0.015808014760268205 0.022102856692189442 0.017494151545902396 0.01887962247059563 0.017352140837265478 0.016794849024642584 0.03752935803844894 0.023881109793348277 0.026047109606669623 0.03176261255397595 0.012961298044766858 0.022659430528729388 
0.25173532592523834 0.2401561993488864 0.2626659142175653 0.25326042051223047 0.2540526140574552 0.26924151125077894 0.2561846110548008 0.24743473739824204 0.24696972761081543 0.24204064979688047 0.2599604842447791 0.23921071698777552 0.24740237021401473 0.2534602022255767 0.25269393022072384 0.25981787125880784 0.24016984023437246 0.22754233099886303 0.23702785956860456 0.2518613700279285 0.264705017519802 
72881.54734868651 206036.16543765293 58131.231967545624 231365.71194672928 298964.0868187528 68583.7570476679 41044.52857987114 102133.95918939234 36299.26823314197 61780.19695938145 109070.94342446036 91705.24903182233 83931.8938990304 210563.49521525166 39224.02651336313 60250.41531707834 120089.81892417461 109686.4563383318 223863.68575918197 43939.96488730456 76831.95862166223 
111.71062707075457 2925.660303556401 101.58125261656039 5604.767011401924 1649.084429665419 162.99089285815106 373.5557053639067 1305.1287001549485 6162.290666594275 536.9478335527591 850.6702523884451 547.9458616539366 5925.935534047759 721.9544994040803 70.17928532874146 311.1113858374314 249.80693637137225 6052.725116428817 4435.852401512094 732.9524050579323 808.2747481560571 
8141.072798375325 8070.112485616464 8482.620685905918 11203.678875895384 9167.182493547798 11579.957239666726 9301.237965744494 9949.181736475572 16681.350665484795 14527.809698081062 8934.567568399545 7965.931532897753 7692.348964295135 7749.568921592303 7887.279683967048 7042.860188318763 12309.775991224953 1207.1911252412267 11228.619472016495 10472.28673149198 17293.934793605564 
51.77494200289249 110.78044824116103 79.93502452914534 72.53052094079136 84.4520699605029 68.89705150498285 38.12823840915089 63.439573000277875 66.12689803995106 89.59804002506013 84.46293219098013 103.73074964488737 76.56062894798457 78.19833223249108 71.98133430974521 78.13270743754981 91.11937084353022 53.32827651789623 55.116219895841304 96.39716770546531 73.77677911650312 
78.88253793854182 85.29161651787037 60.51954676361534 63.3252350272596 80.40570939518285 82.08891469790304 81.47321748817643 120.90519825185034 126.23125017344377 130.4825792620846 51.07697081354139 145.53175842869558 99.53924480562152 76.26663218477033 106.48838206366358 225.80098178486782 54.76777222606198 165.7982107300035 103.77060827779067 161.30639135443198 107.24136049331662 
42489.16268914723 14140.28555757551 48708.36276138841 18553.907870368694 8144.777572522875 82244.02183293832 75038.11771428808 21918.61729047705 45082.66086637638 23577.41711341412 28356.438577122153 11345.593968050096 12769.838145363197 31576.867735506166 33817.93782808184 41564.786396666364 13975.177228937233 14917.854728152948 19492.210696434628 35348.579049778484 35890.00174061134 
0.02239262337428645 0.017723440508583353 0.3269090790410549 0.012101111913273493 0.0179554834412577 0.013431368680497118 0.016991833689685442 0.012180019942730621 0.06911828956214097 0.020777380390733624 0.01783778709431005 0.015802378120028177 0.019765152211121618 0.01364908473546695 0.27637000000383555 0.01379955969941404 0.014466980111365586 0.0191533042324896 0.0156989930988646 0.013958212010480218 0.014015172724643274 
0.37912110911655367 0.3546712365476797 0.8664164900550276 0.31556560860183924 0.32560554538340736 0.32246103745902666 0.3488718462454862 0.31090925503490835 0.6592837631108132 0.3472628391917933 0.3900702612091876 0.35567734157945063 0.37228999241192506 0.32673919080239383 0.7670661343371554 0.31792544210657137 0.3390366764734159 0.34235869590872187 0.3449455692786035 0.3153663981698851 0.3108883914139186 
0.9879535679873274 0.9340442023819262 0.708703330827275 0.7953715820787293 0.8864562154653916 0.6367626356400818 0.9339557267786673 0.9394178751938923 0.6772832588247318 0.9472952662224102 0.7669979698835713 0.7361772540937521 0.8214091517810214 0.8645151332805945 0.7993371455550117 0.8396613419629742 0.920364747517134 1.0426633152200409 0.851006566471827 0.8918102858910509 0.7953175353388552 
13.572719378508033 5.652618618519894 15.205938400328197 6.084284699136738 16.28000743995101 8.971829917870618 12.915797886077076 17.124349844744074 6.426174716732902 15.793114490950261 12.757710595900287 18.762973681165043 9.778831926646621 13.844286948181386 16.242731916018123 22.72681734742745 22.625992480464575 12.060140011039556 9.360669918054128 4.344028717104502 10.655601042570774 
2.058974181639461 3.7082909257307217 3.562948530331968 5.548373643437513 4.683646358578016 4.09929697116376 3.544916165232376 4.20309386563706 2.08302803581723 4.250607663792273 2.5553233937727287 3.1029946780853748 4.456379655087964 4.684821363280836 2.781557259974044 3.1490127316861756 3.5950552774728366 2.3581363512102973 2.156100718393665 3.4883437555092387 3.9564611684848683 
1.0188008128305954 0.8618241933293181 1.148627778255414 0.9668990661149446 1.2864306887971193 1.0159793027793171 1.2426917250017047 1.2149706405540126 1.0559335142120507 0.9447102557331991 0.8592980412438446 1.1399739245293596 0.9383538420974364 1.198820669161569 1.1138178711933606 1.1023175992873557 0.8958770904855601 0.9892932573685411 0.9878840743328167 0.8253221965106168 0.8948472712778842 
