0.016773110005439157 0.018077944431865542 0.015442182267952924 0.015158121097827253 0.014657749761059095 0.010486596878473106 0.010207170582187501 0.01070976124756113 0.009462519919740514 0.013073218520576791 0.016123225848009112 0.011476918178878808 0.015861950840764444 0.008862209325459175 0.01295700440621375 0.00985167960419045 0.008211767997255905 0.00934946711047844 0.013908105764600574 0.013294023051678719 0.01046469072601711 
0.09056233490367455 0.08925746823470825 0.08260512999700577 0.09471517124927609 0.08096868473962769 0.07769683256855972 0.06584838331371923 0.0774845144171218 0.0725069402894622 0.08311587059064508 0.098825776253616 0.07143553807497031 0.09223538977419606 0.06404202713372537 0.08131522086889448 0.07403965339711463 0.06715366817886499 0.06682430334652129 0.0925540479856136 0.0883975955388077 0.07770709505257098 
0.05198426465214062 2.9335813646815505 0.11238107937394684 6.238504004308398 0.013902928409762854 0.025207756252902513 5.712952701015381 4.757316290405838 6.17392817976864 0.027311011906328137 5.49408003127518 4.976339755021474 0.004896643343946253 5.687967140719846 0.008852141812827216 3.2954436793402193 3.324933234410156 5.752907773702871 5.981898108215138 0.00855389747559342 0.07357172659421207 
0.036530507256222665 0.23127126630653258 0.3059075075334238 0.497610296788847 0.14262967823041636 0.14598011751051285 0.7232884729819438 0.24684004945325805 0.5727641492505229 0.26980124688942825 0.4157829708163718 0.5967409150078499 0.013831155136482028 1.0465552388258474 0.02768780531010612 0.2895025570758181 0.4783382341934936 0.2670239859280399 0.28427545920173475 0.05892839328333413 0.05413351135608762 
0.0064047527370351305 0.006725932738383901 0.006983340537157515 0.008016847529878615 0.007655723302456958 0.006398254125113323 0.0065667986321775035 0.0062325940789206445 0.007518230561022238 0.006498319236634678 0.006286679184298799 0.008334941106039705 0.006098473446335013 0.0069456514253500076 0.008362909484074409 0.006745131259408262 0.005840556073115842 0.006583750456957539 0.005608193822584646 0.005868710624911009 0.006217440020021787 
0.004795832112829634 0.0050102124909732855 0.004688108825831052 0.0050704252176425255 0.004843560539983857 0.004970658308468069 0.00488226319293205 0.004999458342968271 0.004950882288354619 0.004996735534607462 0.004753125097240004 0.004865682609153187 0.00477790985008711 0.004871483670022682 0.004705463781394901 0.004877796180945177 0.004887328015628306 0.0047711446043375155 0.0049078210315355204 0.004790027086139158 0.00469154648778337 
0.008429715460430118 0.008016773357072134 0.013305301723929415 0.012753677377842741 0.006709428018399672 0.012111061745767147 0.00839413768580754 0.013732498466513803 0.013863882984617616 0.008496357967153567 0.014143901774052397 0.011639592425688088 0.007789214720025933 0.00935929198673162 0.013806624792899598 0.006687764540816951 0.010090280719050987 0.013907076024745783 0.007869930932279235 0.01424879574003674 0.01043133420229156 
0.8647771890856858 0.6146640165387387 0.2763691030915879 0.8861206015208942 0.32476510068443376 0.6221604617303755 0.32670531528576885 0.5016225540928306 0.5323752091104352 0.546178981188494 0.6299644734609989 0.30453199838071016 0.8383102355596468 0.7034463411879505 0.5237306733911673 0.2983962018885989 0.25160954144406356 0.5796086589006679 0.6132899608883849 0.48271043547584863 0.4340574632462739 
0.05655067571647376 0.15743328338166218 0.11136924370866479 0.07192834184369598 0.0508753466370871 0.05494953293563817 0.21671413387394106 0.09289185889297788 0.03847100187583822 0.17959898121698337 0.1909232651652429 0.0643990185269294 0.07397578666388384 0.0624444629123315 0.1271297575871077 0.09353337382289907 0.05811800492764094 0.07758845988034421 0.1336967635501235 0.14234566718927708 0.06328765443101 
219.11989470553584 476.3120521384035 518.2933687914465 512.3163540685978 214.07961992988606 498.57921318363753 499.9440079033677 518.5102495380045 215.21684781939652 492.8789805161142 508.73394020164847 248.663111278944 215.5490334843115 497.02754900602685 250.61584997784055 488.5338182719425 216.79297905283283 257.7399385635522 462.9558578945601 506.6833763848616 214.4977114297749 
0.005747463631438212 0.005742093376255807 0.004850140905955071 0.00615490997078162 0.006483893287738292 0.0060674475394978345 0.005784136417226213 0.012173709209661078 0.006417558501834959 0.014351750874506039 0.006687657129133911 0.006357901469502482 0.007024247937018499 0.014598092582193498 0.01247878604513089 0.0061592442108594995 0.018513820562172843 0.0053956456340684186 0.015307857836474236 0.005260912314542192 0.011673746393753978 
0.23841810009917783 0.22818412094059104 0.1501630062380494 0.2803982655875565 0.20846541279655076 0.16010171908124998 0.18427909092545192 0.1959706766248516 0.22222802141288947 0.2365729380877967 0.3118135405917525 0.17131020568764327 0.21460361472372458 0.22581865178697386 0.14471577840711344 0.1735205340611136 0.22205012668509358 0.28723443196788656 0.16545731023131652 0.24932301325824938 0.21108411616287048 
48.51603892498052 49.29007561344861 48.90093754850272 49.19407428505738 49.20248433062788 46.200308679777976 46.56387917206975 48.95130041941813 48.909521966457014 48.15199108027608 47.91706802757874 48.06565931259844 48.06837522419828 48.56249043837437 48.42882067502115 48.65817136982245 49.036601985160125 48.51951644920034 47.91358198167999 48.86898147399111 48.02588938954304 
0.010033510227750172 0.011673788195141156 0.008641082685411873 0.013121632843225857 0.01524766029964895 0.011397889044859253 0.013324408636799708 0.012718344793870734 0.011515846345497545 0.01633218775112382 0.008903342165709222 0.01218487840399214 0.009458108393117578 0.009135261260346845 0.01238284154195405 0.012120660286582033 0.010424209264051855 0.011114020168902408 0.010375104768232517 0.012628916103939876 0.009536821296098171 
