0.01275299514399675 0.008556133492785969 0.010689882811193822 0.014326018138313003 0.008099364954742793 0.011096784417225706 0.012221258742636002 0.011803551336000523 0.017923292059098817 0.01236177383436157 0.009980452670795191 0.01435279440580907 0.02197246782335919 0.011980642300499415 0.009437674390837734 0.011217586866944742 0.010050637323097905 0.013756621982170819 0.01528757204157137 0.01244478914837175 0.010185187725033353 
0.08936241794450318 0.06685294006821128 0.07761610882745856 0.0916578557778641 0.06595743781423913 0.0780197169568363 0.07926714535759716 0.07546512812615769 0.1027312805576344 0.0807600864606996 0.07777650631142312 0.09242624345577402 0.12470156293352253 0.0778429302012107 0.07025732752535867 0.08674747695414953 0.07322752517180132 0.07438284072181128 0.08979344912560472 0.09430541379450234 0.06882370033529511 
0.7206087941836666 0.007263025294766263 6.269575067311929 0.006282814783727423 3.23334918421925 4.922195031286721 0.014410525824747332 0.0055223521798921415 0.006418874542268626 0.040451767593860564 0.007823474139106624 0.0064933682320460024 0.007254917947263616 0.4729253703583947 0.006144193495767913 0.37931150121602797 0.017969891296331093 1.9173629989591685 6.38743889750279 0.005705982429918589 0.005845241981691946 
0.19046905479185075 0.041138297029212345 1.6712520688034047 0.010977573144157102 0.26335346587907066 0.2986752130659536 0.040473845496391554 0.03574249644644507 0.02131116102072029 0.0910945360418248 0.05833487266573395 0.07301906756084203 0.015839903301478914 0.49774567267798847 0.015813417100930302 0.09099955494651209 0.10661205232790168 0.34740318647399054 0.8145431349323805 0.049824826851208086 0.010358955287979666 
0.00751998884453507 0.007159579596613374 0.007102797680434135 0.009575545570119737 0.010887907518941028 0.007783068561712817 0.006899354438227557 0.01026473132196074 0.008113911086733807 0.008742204409195618 0.007180176766203745 0.007501013550141747 0.007712300992608024 0.008251404022751407 0.00821726704906752 0.0071057174564046 0.007996510891202572 0.008820073136003454 0.007659853132360513 0.008021749241945684 0.007620885606576941 
0.004804842964672792 0.004824672412309987 0.005016141411300328 0.004921392945720066 0.005012598097856228 0.005075677336910694 0.004893842637148934 0.0053005704258063235 0.004942281661966199 0.004766637460958965 0.005013589403127341 0.004875416142679218 0.005163123968176567 0.004985589820027944 0.004866823778318236 0.004944384732877816 0.00479616851612524 0.004890673236277918 0.004949944111169021 0.004993821608132648 0.005004229708536291 
0.042763904564165525 0.02515381957904226 0.01709287569960385 0.014720595300458316 0.014354339249402869 0.017475763081934794 0.01997009418414955 0.021048144050204654 0.01526430462002558 0.012852319619485898 0.016062191551248068 0.01573404617577779 0.013990404109636336 0.09279187681077637 0.012101966476084665 0.013082814807066528 0.01676957024000154 0.04089613678665279 0.023212153872846357 0.020776170505928598 0.013684754644693714 
0.6135248692118289 1.8591211983229758 0.7867347991271929 0.662317549390185 1.8490610016252318 1.4734825045061084 1.4303819326091418 1.7458036585940568 1.1900549622672099 0.5264408982364416 1.1331280334539027 0.890492957298127 0.6588376271601645 1.7323719210728843 1.2990378076118085 0.880556166794937 0.9198884758223518 1.9723959693446027 1.93555219389327 1.4576173944088053 1.1443121376615524 
0.08615433571250486 0.020307129442284175 0.06721116889543156 0.14951391938454645 0.05632228395454499 0.10520014243083237 0.06651414131965391 0.120499767292686 0.06362949395790371 0.18331254604095612 0.12379114506838276 0.055174689860618464 0.07864777479132068 0.12323123977599654 0.10743975449820165 0.10319222584186752 0.07741355212931679 0.1166797967725243 0.11561956421426538 0.07310805398866457 0.06547334037845762 
501.8808966415132 466.22613035927037 215.84801302920746 486.55799962643545 216.41915231284062 226.8943484897443 519.3621864230411 231.90394383599784 470.51987106563314 521.13941930858 421.7566000113336 254.58320948068024 231.8933797609955 464.96445919931375 504.37029151003696 215.6828294487803 482.7795680241121 235.85898129121878 238.05359034498426 216.55236530962958 225.82738148097283 
0.009775830918305554 0.006827670165590518 0.009380883200728773 0.018346558061435085 0.010584702840409067 0.007875399005928303 0.0076052646475848465 0.023131010170982704 0.007873106613786644 0.008192017942109856 0.008615842585653033 0.008315849118873463 0.009346423513588695 0.007874703095967842 0.009702049734236396 0.008903874900876022 0.008877489225335884 0.013840456340507104 0.0067678738724026 0.008707900450254815 0.02015951307659854 
0.4491053552501975 0.3696983753105952 0.32624772402149904 0.4138434441189128 0.2685975358889718 0.2628807392497972 0.39013608448829307 0.2742841366135582 0.46310792816894464 0.33090372663963913 0.25805103137626356 0.36790876671232237 0.2694240796611544 0.2772083119693619 0.3081708927375015 0.34585142828997045 0.5720399178693456 0.38656857172815334 0.30774416438037094 0.3962892551921039 0.3072406617221096 
49.43061847680594 47.96628803951903 49.093844922425184 49.84176207800048 49.23624575552055 49.105637923972765 48.77713293705147 49.20898404024305 48.85402320973764 49.20497660283346 49.15479951947952 49.18269812912019 49.20217174063231 50.00157561124824 48.91953229183451 49.23017362696829 49.59652360386474 48.777019693508436 48.52642675439412 47.420336383520045 49.35954665720139 
0.02006029245709767 0.012035992406611585 0.01734874825078239 0.016351677712105835 0.015139696232918562 0.013804604737761166 0.011197428740748454 0.013707285758268368 0.012095569183732708 0.012084807025201143 0.01565674308082567 0.018568592493670724 0.013127456991095347 0.026354935150728325 0.011176994997055436 0.01606915173205907 0.012660177613815892 0.012546093916912788 0.010105493075966254 0.028086405684922478 0.01552358020508527 
