0.0013563316132560752 0.0015869872375551732 0.0016728545344809986 0.0016288343871519251 0.001317396881972901 0.0020145541921730505 0.002098018051630122 8.149657187708307E-4 0.0016609816992920936 0.0015349497394083968 0.0021208098316048887 0.001724112995199759 0.0034105581207548603 0.001663498122974418 0.0011089681124904637 0.003014284546877617 0.00196020902948261 0.001975202319080301 0.001164191747931014 0.0018291315171510556 0.0018851308809181156 
0.003609278381202755 0.004118888948471633 0.004603322512954416 0.003960078775287632 0.004776363744899201 0.0047853451332009024 0.004366351162852131 0.004429941586417161 0.003451369943643369 0.004227631418249845 0.00504484202478622 0.004675409142381235 0.004419584287441721 0.004211061421107167 0.004786538537469727 0.005112066447073536 0.004418878222522576 0.00450952542822599 0.004547995929610426 0.004418884902721455 0.004076461333859743 
0.18977972097888776 0.0022329003954788497 0.19293140394485736 0.17525065379072702 0.19439312467059408 0.17477607440145432 0.02178785092189741 0.18058029234065914 0.1611531949762229 0.01979908056665607 0.0025548219929386468 0.18985186501046586 0.1746486048550483 0.1558941605455572 0.16047088527751135 0.0033781962248224675 0.18895428498007283 0.014207108102206894 0.19660179523597052 0.09966515710783584 0.08547959861779557 
0.06594309033495126 0.008253112669002286 0.02107494791737387 0.020088219398970843 0.029583638212775414 0.00978847028890391 0.008705782517213627 0.0424202514401646 0.0035068505057030477 0.01105159094658178 0.04646163456357708 0.02828327947794887 0.0045837718891143416 0.01594087216931383 0.03510543739479783 0.01647257006423248 0.0019685849099738595 0.028211579880389 0.024240413001377446 0.004198360005038843 0.026669953980916594 
0.34746321363752264 0.47288192039364335 0.31542996148975233 0.4411787120876854 0.22116859131626423 0.3636579418885982 0.3786469470069907 0.474856615460445 0.25300842831478104 0.18955099835818184 0.28397524657694106 0.28437853113248773 0.47292142424580497 0.34675316642674914 0.28422231955153177 0.2209551455026606 0.4728426677757012 0.35150637310133 0.284102175966792 0.22147060772919053 0.15781522926640942 
2.0992665210100447E-4 1.8148192322860947E-4 1.9602088925291803E-4 2.1225969998771207E-4 1.919319029263466E-4 2.1228411867336495E-4 2.0293632965008476E-4 1.8528145070788353E-4 2.052186489680578E-4 2.1512617222375763E-4 2.0606551930931646E-4 2.0745706812398784E-4 1.9107427983095475E-4 1.984990306494925E-4 2.1353377338067384E-4 2.0219030087287657E-4 2.011798371979704E-4 2.0086698484705936E-4 1.9754637208888243E-4 2.0185844737973774E-4 2.0583133454236575E-4 
0.0018662956336951766 0.0010636341636762376 9.020397180298391E-4 8.606379625496748E-4 0.0010823030616855266 0.0012815745459983786 0.001204842394525577 0.0016344382927694723 0.0013058656651651953 0.0011292268524502624 0.0021628112254808997 8.601050725849529E-4 8.916117781747631E-4 0.0016502334250425594 0.0013701168364926605 9.307241782312439E-4 0.0012165618989266802 0.0014694001423531506 9.634661685278472E-4 9.090338034696905E-4 0.0016230373874794922 
0.04704831087118613 0.0256568188309547 0.0701380344068206 0.03426786514469218 0.03999315389012094 0.06987640207481774 0.025406698454404932 0.057034504487355975 0.02240246813563666 0.0645024661419532 0.04022811066432554 0.06233450021888564 0.044951770198073566 0.0595070135027928 0.028212237904631454 0.011039689181699225 0.06932466196977782 0.02177358929510551 0.027698374356575753 0.05694101674663664 0.08573431071020504 
0.0012278352337061929 0.006371117003102854 0.002253633035829335 0.008606094827722007 0.0064844460992401366 0.00813300989553653 0.006431635134556092 0.004099511455776394 0.003272043674937359 0.005942065055327074 0.008238474310127163 0.004997701812087509 0.007656613219711796 0.004387224100821779 0.003970277961886022 0.004747574462817451 0.006524268712215421 0.005971915656433557 0.0069080302876680585 0.004009821949807078 0.00712835746221417 
16.12719524254604 14.768290214934195 12.479206359783502 15.897126327211105 15.28411805464096 15.256187171678302 15.455990308226408 15.82045862789141 6.7863676568689435 14.972958915655475 6.767146083370958 15.822919174441234 6.800585418148167 16.30806473560125 15.501517830075437 6.773799730550954 14.433147559983825 16.05297330705642 6.856444844524803 25.32327852187802 15.964088613991542 
1.8525037950108602E-4 2.0088775340388565E-4 4.5947227410986794E-4 1.7574504216680338E-4 2.0316157133281335E-4 3.390348199806247E-4 2.0647699917642468E-4 1.9739499318454097E-4 1.9307143266701716E-4 2.046800711075359E-4 4.1138857353164313E-4 1.9909585505297256E-4 1.878401163818243E-4 1.8959226711735944E-4 1.9094759143465902E-4 6.394801229181509E-4 1.881250625738442E-4 3.5814459701212015E-4 2.1051305492751377E-4 1.9645966864388932E-4 2.0575475027564594E-4 
0.6340636818048137 0.635324284278568 0.6345237843633045 0.6339839091260495 0.6344421668146674 0.633804007479665 0.6344260991098374 0.6340062176381438 0.6344791095003358 0.6343544086720606 0.6337817935387277 0.6350593817810729 0.6334168520161333 0.6343705704095053 0.6340546782970194 0.633856950046588 0.6338364376864013 0.6346621547207724 0.6345352901976224 0.6355881966989221 0.6342730043430592 
4.046640599565876 8.22737120180047 8.630842989815978 6.266206294874112 6.6890693528307965 7.099726347030169 6.04669562679694 223.22256314640856 6.1584750831442765 5.526121946232504 6.28312468175025 6.120451485036877 5.009901433533665 8.1641604797125 4.54810760614963 3.394037741452995 9.160085088083623 9.230176101745664 4.012335611133045 8.057970242336076 4.96850837624452 
0.0010163113731424375 0.0010185726230834173 8.19965429442539E-4 9.034607807457142E-4 6.454237070317445E-4 9.319174426263037E-4 8.310861178344998E-4 0.001064669812893715 9.689003540693329E-4 8.18613898243308E-4 8.149675545897052E-4 7.667218442238305E-4 7.782976913689035E-4 6.801710333440544E-4 0.0010263192691744563 7.171173742967771E-4 0.0010670054043182442 8.171102599486131E-4 7.339752272150447E-4 0.0010820338896972727 8.687769757696538E-4 
0.03552588186068249 0.8592434760962957 0.04790825056004157 0.6366884269763419 0.8910045457970894 0.07704828000499467 0.6552746682692108 0.8616885686013387 0.04340495355277377 0.02025516381384009 0.1426098720403133 0.1340263946617092 0.040907765564273606 0.7854673692938918 0.16389463656724795 0.749987433196745 0.1302316071585805 0.01856198628300828 0.0791104216636945 0.0981782940057596 0.7212354542653675 
0.21853928854842336 0.008128837843853104 0.07909341321934743 0.009481026006577006 0.057314454263579506 0.007920642087747091 0.22443869277633163 0.00940571345896145 0.018568477420384456 0.01900536980608716 0.3007695115825062 0.021842639381797393 0.23508006765550754 0.08492142421311505 0.026296481327438257 0.006806304471691684 0.007448714351414565 0.10880400616179633 0.18837096502429546 0.028101390632024208 0.023471959806527918 
8.134798153111682E-4 9.039714864183316E-4 7.702318269799E-4 9.099434809212807E-4 8.540259290511481E-4 7.573320405234427E-4 7.229388896669562E-4 8.568560442958575E-4 8.398539446655047E-4 8.0683083435504E-4 7.454283000404472E-4 7.494797624959474E-4 7.685052333884821E-4 8.719531641763985E-4 7.861596080975054E-4 8.347236175180287E-4 7.846698779404628E-4 7.914751408870523E-4 9.120904998096435E-4 7.566651430891426E-4 8.303133583277152E-4 
0.6418464697342446 0.6419165778316241 0.6422104872227404 0.6419298595281203 0.6421321130527374 0.6421098940983411 0.6424691834247254 0.6428096623877972 0.6418763725475588 0.6423370792830705 0.6428269074459282 0.6426396862986606 0.6420514240493757 0.6423229359742717 0.6418921943685311 0.6422438469616347 0.642125259605916 0.6419846722925124 0.6418584659673722 0.6418705132429884 0.6421242956292403 
