0.3856667373667992 0.1839671305870717 0.2368220453531929 0.029033991012235232 0.39146535788021003 0.37923109312981634 0.031381232030719124 0.023996387566794206 0.3253514375169173 0.1130371923828366 0.02464530531672911 0.02801644618358327 0.025984556473026804 0.02375068169931064 0.345607480818336 0.028702369490543864 0.024320313032482718 0.025669665573144554 0.023807350125452778 0.03179154882397842 0.3611108889138588 
0.09660166917090901 0.06446495878244815 0.1041126050683947 0.11782504921642947 0.0607573873426293 0.059228462732355325 0.06418534340576051 0.08616531182632471 0.06274469578719087 0.1042666598258703 0.07813274106707033 0.08914599663801741 0.05416200280596923 0.07127469145027848 0.1394511365348071 0.5269962348857973 0.06682655532271461 0.1370614424304489 0.6384723587550076 0.06473606759840955 0.17473141814822132 
0.03656471112571111 0.02463727706882893 0.030311591958528547 0.056769255880130355 0.022969350089805392 0.026639713125260586 0.0318531204114075 0.019334571796033737 0.024410657418145257 0.033913444182447905 0.03816146309990521 0.022203402980605465 0.022470094309143228 0.020577540140271886 0.02130237887396002 0.022991420787073627 0.024938235037358 0.038129606910312586 0.03462119641870021 0.020677656388269752 0.03306374633462424 
0.25755746016382686 0.23970813539281668 0.29695644848983466 0.255083464913231 0.2845247734399103 0.3925853123576636 0.29268311000839 0.29404170946702984 0.27192697986536346 0.3342623795959404 0.3507994707279199 0.23950093515214743 0.2477276730379812 0.5018698272617381 0.35920885799690355 0.33168217576846065 0.28320363336613735 0.26929001733647595 0.2746614944309137 0.5282949708389207 0.5341364219966669 
70846.33084779755 49602.04462974321 36286.1125278946 18533.41947534939 66056.15981774834 58316.14048860489 46451.268861584496 45784.80178678243 30553.466751119653 29054.492988100053 38249.150697712954 23392.95383335917 47968.6719751731 52217.10432302863 40699.3411460493 28589.22424226126 43474.61053029922 601536.7107334243 46602.77406124278 45284.42346068975 50938.98889318021 
35.62377752605347 204.58382206612745 6962.486181335049 45.70438610803263 183.91887794055822 39.91261326791127 169.44699088585907 35.37374179742242 351.13766131304095 100.68947853143221 130.65280574965425 33.43201802918117 95.26586434943546 4066.930066952807 300.0563961058082 45.80058226208431 80.25337437107531 30.104680444953384 597.2851202645722 1156.7274632640836 47.4193577032221 
10256.533121712013 18494.267226556833 14516.747510520458 17783.157245418155 6328.999674211576 8002.846290368149 7318.215066121895 18153.686840808834 6131.543946850173 25092.942230698205 28654.689808105944 11875.938953278566 5993.947799092274 7844.519656993323 9530.743996167668 11128.342380845017 10715.251267792497 7975.373448977482 16849.498051153285 11734.360348745742 6256.830490048968 
49.12258723451604 53.37498761350444 60.319570387783315 34.999489275299894 45.83620154875631 68.93664371115781 99.01617315717509 74.21516554851793 57.961621382778 69.11822763945067 61.85945390830506 70.3756619036459 49.27811314030166 77.57799319184676 60.737947553044464 77.80629605197376 78.45968376926123 35.45821750261981 42.81309757974308 51.42537889477966 63.92109312309599 
71.63041223012465 68.1932583211988 60.5666273548025 93.80287740059083 97.45346852993212 106.71625261250644 85.43393037349172 56.46038026674611 86.92750433568263 81.35155250853973 66.49273389098514 61.11085208466376 70.45655410168747 55.44988082554833 80.78324006541756 85.86575370250804 67.58312434036986 69.03875064452728 60.576014066345685 65.11144508002295 64.18036848818662 
85281.47902479395 54635.004649096096 35893.337267259965 36588.19630668314 87093.02003210699 42718.895653556094 19839.720022570476 54276.592491457915 21415.67941531558 94208.45641227138 12893.278115105224 13914.242467049367 51658.17717049062 18787.489873307084 56762.457525257145 42967.0593289272 49269.49755439947 36700.949851477264 9594.400206159424 40077.315441409686 21325.494126172456 
0.054423322429338505 0.0933510483957107 0.5958391977321621 0.09732972881207941 0.47624953749831567 0.5409907751289332 0.3695481592708707 0.37001589323041684 0.36600282458818933 0.3627942618909513 0.08286005792129686 0.14787618018667376 0.3379261107072316 0.3369568937603725 0.0687741627062607 0.13391633086881066 0.41018342410527786 0.6072758728970152 0.33889101618835743 0.5081089014009508 0.34610555293801154 
0.6125836264251053 0.5105205912397754 0.6114662635103895 0.8900289001520157 0.6036278648274439 0.4182024743762075 0.5198911738119384 0.7862655428635459 0.6323705725309916 0.5705559069457563 0.5331382843444366 0.5002025109195057 0.4584150516584865 0.5351782823374038 0.4328712828717329 0.5354081704567978 0.6164992856276461 0.36579891666897263 0.4103985492586886 0.6023522909180526 0.39869842105994835 
2.1639280864604213 1.7795223334834678 2.1598430515250864 2.084321344000101 3.5466069768598176 1.556210090305867 1.716569782904897 1.4008252571220274 1.82341306163601 2.0680076177588473 1.8238190311925384 2.1109712761074775 2.5641235506746836 3.3331226107244962 1.544110849888995 1.5138667947360702 2.1510242903251564 2.256012388457507 2.178426724116434 2.0675965646332815 1.356603185579621 
8.410958131140399 10.959942333850307 23.490963219590874 6.136641734419078 7.244107348445165 18.969671221581578 5.80275822196422 7.919483838911013 3.278499262507162 32.82551269147282 8.916717256701823 4.88133047665059 2.244819705476298 5.503962279363226 5.8637217265911605 31.244007021103204 56.60907167283639 14.587977145254138 4.067297061013154 7.34700068019684 37.24727997902731 
1.629741447652414 2.9004241977695076 2.1136259397622665 1.7467192406495016 1.6350415406732839 2.139466932263907 1.8993220894056226 2.4252411731533865 2.069237846862708 1.5847978215601433 1.9117155050915673 3.969381227523233 3.276053041016348 2.4444256529705566 2.1502296022077356 1.8945413640522502 1.4378800274082313 1.5170423848868955 1.0931446658399944 2.539124702611485 3.253749311608044 
0.7148560397220323 0.9238359664968776 0.9834275066665993 1.0888327224916883 1.1110617711814985 0.8492467500133831 1.016347767835626 1.1470782435101476 0.885198737445747 1.2899886658968045 0.8784212879903569 0.7660044045407841 0.8949101317949874 1.2336206357568118 0.7129700235653172 0.6945565972096366 1.0163313598321053 0.9282263636158912 0.915297607510286 0.8599756408508108 1.1599193084908708 
