0.1048456485204146 0.03298489935677943 0.05247259498088933 0.057166754340532804 0.04621787871434179 0.043630973621851636 0.034557426098081885 0.037912147551846194 0.04932931241028539 0.04769797917955691 0.05914686101394854 0.04151412536921849 0.06783964689473677 0.04182870254886716 0.030720772167769708 0.035350431137446486 0.08067777875911866 0.06440802569553773 0.04843200500428823 0.07727973281815835 0.027517639987600602 
0.11969874913796684 0.18581407776088518 0.1409626469181433 0.14523877021885262 0.12899550701370188 0.15214566510637786 0.1577621659032316 0.13641346899111614 0.13679979761037228 0.1217010016616284 0.1559868794528325 0.12847709482766587 0.1267459760108982 0.13672122785827412 0.12126649715055701 0.12921213961406702 0.13897501167500845 0.15088778589037966 0.10527436990006618 0.1086643911545224 0.12895698295044217 
0.03731783904900067 2.9310056134150235 3.8579223752403364 6.130642455309023 1.9152476072072722 0.10646774511188027 6.15451591685699 0.46206374626000707 3.5118818402753953 3.010356750706681 5.9066181962323725 4.63916352647074 3.9093618719250305 5.377919797473898 2.659708586398164 4.009099914912472 5.519834721227463 5.9890535582361775 4.395832354802501 0.1337814780877693 5.732854230481689 
0.311296465199562 1.2905271407036973 0.6787248923303015 0.6785912255276367 0.2537612637433155 0.09217611909315376 1.4057691564142833 0.6045888551526357 1.1834839870201015 2.125506142680043 0.6680516671722404 0.30398428937673205 0.16818293718914182 0.8425228060750641 0.24073547240710694 2.961057174651902 1.0290627373460774 0.42237174744825223 1.3367821753434843 1.7061482653786673 0.6765364454794603 
9.975212476934443 6.98228999958749 6.000918483896654 6.997490520456761 8.976634401579028 8.977295510853875 9.966052144894968 9.021611690498277 17.937467885971564 8.977934164779386 8.982430133056068 5.989102134049986 10.968872190587193 5.982229334448198 7.982096700737179 12.177259622169977 7.000255477188462 5.987106828342693 8.992059340410506 9.972046813009188 9.979998217201521 
0.006010744808957455 0.005533764862034232 0.005475732935657057 0.005106361685473882 0.005636727123913347 0.00572651186763648 0.005137371358456767 0.005963839004971146 0.005449695422996886 0.005136801883574843 0.00546467016896318 0.005189728289183718 0.005666464423550515 0.005851188058815188 0.00581445735667487 0.005310638273312021 0.005733319031141487 0.005842817775976348 0.005812824707461202 0.005494079271034832 0.0052710085996982 
0.0382168570914225 0.02343271360880157 0.03571296517871801 0.04250569354624231 0.022310019234223388 0.019452913498416567 0.0323952695780118 0.02776500756615755 0.03683325922940222 0.04072606834752954 0.04286963422294791 0.031555034387482465 0.034654082189762014 0.028561802264991953 0.030332556025828065 0.043336367540769624 0.04216154079840596 0.03186505504089068 0.030914379426047033 0.04088798432839339 0.035860589860088395 
1.5282803910796412 0.6049663245438109 1.2018655177057627 1.5246348841440656 1.3665145981762044 1.0914065186015844 0.9469677024525885 1.1430784922340933 0.9890034456507976 2.1933452009485706 2.5357418391269637 2.6090079053953765 1.7863855760715746 1.0297874293146345 3.277262596304626 1.0729771788318452 1.433664094251995 0.9908946270638952 0.948386253337307 2.3944191330795737 0.4146746622516436 
0.20098904534787637 0.13626089769687325 0.08770030697598181 0.33569665621976463 0.1266171660401106 0.1660318814051687 0.19013853169036113 0.1277647406782617 0.24227786820617506 0.1828470978324132 0.14212014440803072 0.1315102546687638 0.15092530630659307 0.19128088431926532 0.17981117745082295 0.22414311420596497 0.19089549610052234 0.11418785817268713 0.15831777154958457 0.11613735168139239 0.11544638111193074 
479.57400854086916 471.28529440268625 557.3174327017289 448.73168781947214 487.38805161558605 495.4130444766582 501.380097026149 511.5092988988661 489.61203143361 802.2342368529614 531.8331247288007 717.2727395942569 473.37000224729 541.2387338408003 459.9410660721645 485.65944417206885 499.3340508060851 457.7307309480591 485.640090701218 482.8449248402084 458.27674293253597 
0.01285567106138059 0.005343879389763887 0.010349976964855831 0.005162034870091682 0.004996794493776275 0.010467945848773289 0.011266945741421454 0.005105071678337856 0.00535049509088682 0.011201661849575129 0.005783003069233489 0.004964899808430664 0.004961677819328116 0.0125382363985678 0.010829284423096778 0.005505504945781542 0.012898540731086934 0.014875220799267851 0.010705946604849706 0.010934202573322453 0.004985068971246056 
20.06869393151896 20.10177243815811 20.071676019602812 20.066947737683023 20.10655332318003 20.05137010326526 20.110812700773174 20.05131580034516 20.052235588132852 20.044817539480146 20.05676753257624 20.056656322403708 20.060001409815698 20.060651630340413 20.09891265710566 20.037549508132106 20.066745258927572 20.09539789910352 20.051281712874026 20.04006460910518 20.09982229325345 
313.9807296966241 154.96440341750218 269.38669637472236 220.8667041249197 271.922831640762 195.30929389923747 6532.855916004452 180.7033768741536 204.87520165562722 6275.088394294447 214.67467085065323 234.32018797160538 285.890897103478 258.63280203745416 7874.100766225581 246.47150052074625 160.74112684695552 165.96352166749543 192.5020101362268 5571.804258969302 218.8357129962135 
0.02729793550078202 0.020280044245902552 0.02506760183425511 0.02617766317987299 0.022473471250838848 0.017333880157137705 0.0237381619683577 0.023337141392121764 0.028310900406798113 0.020716445296106185 0.021935601008004214 0.022208835059990693 0.023347734185362144 0.014190239259693569 0.019107306962754787 0.022555822108127253 0.027368839073067894 0.022705269858497204 0.029306371919111184 0.017921035031928403 0.017465372794577796 
