0.013668473597662116 0.018442469969062618 0.031061015315138545 0.013160153920427837 0.018284160785906316 0.013922664448453139 0.018190362364423028 0.015201485182588867 0.012990552978724862 0.02140191467615672 0.018624937300313473 0.013441268366037032 0.01746862268225611 0.016252654284773033 0.015730299301599804 0.015424731202039434 0.015455078931841386 0.02333359365097133 0.016705853168463455 0.01892120706036916 0.015703359830000947 
0.10599085964147452 0.11831616503511327 0.16321138928107257 0.09673325421518433 0.12045308490175294 0.09770509822956737 0.12599826334455067 0.10167258372812625 0.10009330451493904 0.11733973725968087 0.10604223657705268 0.0910859188879755 0.11318710002738852 0.1089673465442474 0.1066716029662327 0.11395620805793578 0.11241305402567053 0.1278424202563005 0.10808246715016484 0.1214309150564464 0.11287795435157572 
0.003810326615541512 0.003812069813709898 0.0038143314911953117 0.0038091222835782298 0.0038065624268344552 0.003807945453065628 0.00381250728529777 0.00381038944450817 0.0038130291981792676 0.0038449845588957167 0.0038126522403012226 0.003808606637295974 0.0038116330166306886 0.00381494210075361 0.0038098299970870182 0.00380785209213014 0.003812065344944586 0.003808065782029344 0.0038100642128120984 0.003811956914411491 0.003817425316120955 
0.004788187061153738 0.004805322455208806 0.0048710842820039926 0.0047829789293162 0.004771847758496167 0.004758707255778075 0.004851481798121949 0.00475332831070094 0.005076396797716497 0.005419609831753105 0.00487553287717934 0.00475345581257859 0.004861694559333661 0.00483034223540712 0.0047754627642923615 0.004755392348267169 0.004891467115193133 0.004782692421669362 0.004829816752739915 0.004902675459896893 0.004839072690068312 
0.011637552683034265 0.0116499898146667 0.014874270590446449 0.01985071178652777 0.01613796708521228 0.023098110774715783 0.016412214694818676 0.014834346474214905 0.014245419495839086 0.013472028182274404 0.012014866659423125 0.015012792706888338 0.019534101116068285 0.01586506945473859 0.015182993687200884 0.01946174508069029 0.021169506101017505 0.012638142349620185 0.018375640275867425 0.01815854938088374 0.019791954759444685 
0.004193522861236425 0.004214199191035095 0.004264325137444382 0.004366149467457654 0.004282697315519094 0.004400017525712695 0.004314073409255019 0.004270592653598892 0.004280797718843594 0.004217699796766851 0.00422372634678559 0.0042613730749962225 0.004354647719500099 0.004265105452746186 0.004226756799395528 0.004348282933638213 0.004372072803969434 0.004214757646510559 0.004350212041066574 0.004368938727767275 0.004397977448633228 
0.06444870243303255 0.04564639297373361 0.04777810942313842 0.04555092289935656 0.04924774530660247 0.04999900708380709 0.04660847099862568 0.0502999104477585 0.03897391300866392 0.04155508556571273 0.04138036591213104 0.04926251173764248 0.055616598009591164 0.042058548935535 0.030606958070631345 0.055663252145110795 0.0339379126977305 0.05550175410091114 0.03678915905477997 0.04700701785001824 0.04128943703271528 
12.891891337328037 13.502315505475504 13.071723957826281 15.344888567471079 19.350603522361734 16.319470257044358 19.442277150402994 17.152644723498806 15.138740902424134 15.596538499755336 8.831024305609926 16.953397374589294 14.374143926588264 8.810786985652769 13.457227386672269 13.52613181103908 16.737327650360587 12.362455953678783 14.235911595688192 15.80534599352125 11.2189425919121 
0.116520419632495 0.04525832828869212 0.06515950147425961 0.07644958162495995 0.09839335186839161 0.08428462870036156 0.054628336755108434 0.07973255149712243 0.03976492921711852 0.026404508782738083 0.13618211789750728 0.08136044672405209 0.030246690762296212 0.09702899447013362 0.06554278946919562 0.14487014456104624 0.058906024759634176 0.07967015120077298 0.06167396045785173 0.05039490403060242 0.0598712356716182 
654.9982604394721 493.42473671237144 494.44814195065095 495.43454221279313 616.3367653086748 529.4571200371593 791.8277566492229 775.8330499375589 507.90284952077036 671.8973946933628 615.0870319852576 758.5220129989315 489.9394387388127 682.3721756375854 522.620861050067 530.9590075639421 501.064171394983 679.9008390289927 551.9854833338841 503.8972591020952 715.182325287129 
0.006261121333252623 0.007954323708836836 0.12170309791185956 0.00846084673622408 0.007579847683658364 0.00838080979785592 0.007034902922540555 0.007607519332976766 0.09376440988352293 0.007953895776818449 0.0064582038293936 0.007480284777200785 0.01857297641037335 0.00857140933539497 0.00791472341005118 0.0527562688119706 0.007876151402447894 0.00703442870443498 0.006842729894127524 0.00831680645110928 0.016089364257314623 
0.6587284065330198 0.4947653322563952 0.37170624343177877 0.35751500073869646 2.302281055205443 3.837830342069336 0.4665870872700469 0.4402894626443693 0.50612395272877 3.819811480503154 0.3334387051570841 0.44087087498662936 0.4682740391482049 4.719136422347912 0.4184906680261212 0.2694040949191902 3.1566983986403514 0.4488492607047072 0.275453120613409 0.39877301077365135 3.0224229689325917 
48.89783914309312 49.92179583935327 50.383960489333006 50.270629231403646 49.37220453237572 50.492156358891876 48.33345301127513 48.88078260934768 49.39887552158163 49.746984294487625 49.26725750368838 49.29750165603784 49.95017853841309 50.13980308435702 50.83791283343746 49.13389844976742 48.97790745615384 48.991354526106996 50.29825221352982 49.430455677046616 49.95951125592978 
0.016311924129242913 0.026883238507975207 0.020319425831219155 0.016716784974998476 0.015062610680701418 0.020440388628081875 0.02071928013913056 0.017778053543878198 0.0221972875787501 0.022481424017690394 0.018715880854236 0.0352921484425158 0.018177967589821042 0.019365002349022116 0.01986437665753376 0.038352151677530366 0.01402556172578608 0.01283942639265886 0.015335661035981775 0.017335937181473225 0.017659993498816428 
