0.013865753457320202 0.01748779603757261 0.015339208721664136 0.015913091825565568 0.013406310214913222 0.013304779033132928 0.014130691937432943 0.010425204426520684 0.018007163153461663 0.013864188872761678 0.017148201030664115 0.013722854628202767 0.01563910042997915 0.014817500170519547 0.018731408587959908 0.018676218537527555 0.016855628900658247 0.015143578502772296 0.016273723345329012 0.014707956868977445 0.01393604906982371 
0.029859361654555425 0.035682584287343444 0.03566130067461524 0.04446516517592417 0.03211979427327803 0.028532917164573613 0.031074715747746277 0.024814927844815614 0.039561937766554076 0.030531822105557688 0.03673277260171471 0.029789519372327825 0.033317227759169156 0.02968026363688194 0.042425580048358016 0.04738609656174944 0.03806254141288358 0.03016218126422925 0.032906573838801204 0.03248206740786615 0.03201097707164124 
0.007923919110062252 0.010379559934751275 0.009902996577929568 0.010380367845865506 0.007639199035887194 0.006711493347672978 0.008105879006175765 0.00824619325693456 0.008905083687731052 0.008991557283617906 0.011331919001647131 0.008813524273240303 0.007790250516117719 0.00913081946455862 0.00912432118909875 0.01213882163090945 0.010010402581784709 0.008259299066240842 0.010723553132135378 0.008138068275421429 0.0086762929065993 
0.12103014646948004 0.16481786571811993 0.13705090857694627 0.1389904031321427 0.13438382324161813 0.14747507705681473 0.14098382669016032 0.16147990408245272 0.16315430057139768 0.15232090064688955 0.18111874796557606 0.1329817548413563 0.15616927672438116 0.1507436910027447 0.15476524034586112 0.16044050897678985 0.1467865811225357 0.13195512453397865 0.15260465185818417 0.14997618887282008 0.1527210253608757 
13159.116049256676 18415.082085500126 29925.196264112725 25303.8281155119 39600.3262579253 14462.79226634259 23833.488812352254 17639.207157764544 21632.61262772536 17049.56840498245 18470.180525715936 25725.747168598595 14865.46449695466 20523.088462600215 18720.266925947355 22046.599673656237 22369.053157448987 26620.100782014964 32495.180562413352 19892.72339666564 20608.02315060176 
96.98025051256923 69.19250512972098 597.4984478044801 128.99715706066314 39.805791482024915 28.67921791053123 3917.9682891933458 24.36718703366419 3950.018796626341 23.331845713178826 472.5804803182718 34.83488646093627 22.4183784165209 420.34487765805073 122.09260454074034 28.651201434590053 149.09233044303798 34.64296237233656 24.975260579403148 442.97832086197457 27.56281562437955 
365.36335081380685 507.08765013829634 88.53284118138374 817.2711074142769 202.95214838004577 335.4028801068893 295.86944717371597 207.63083619990616 100.47968481863286 214.412286859636 172.02758490047196 507.82868637610056 254.70783447589483 202.62636641311633 115.97560039805643 2129.416879948928 171.45016213613457 648.1848151455257 514.3521551500245 76.20869497614649 622.5039562158407 
62.14234648092105 57.63743743509238 71.17327423066544 48.060075489608245 85.13382704398195 86.57330185052328 76.77963155014203 54.84075298394149 51.634824048767186 60.59606136031906 63.26189585757894 77.46738231378784 68.6076055866528 52.60408541246166 90.83397315014088 62.87800464402136 55.03110599494464 64.59205565634213 61.811520954174355 72.44418407330984 60.54825513389262 
61.1272853050249 45.73220148229141 112.05148186417703 61.06913140953722 48.27603584581795 93.55571882446145 65.27200997041437 102.70240395838177 58.50705446339098 39.36781970953016 307.6222528019572 79.85216186397517 47.66188426041606 65.85101612226057 100.62045406777749 46.2859038959144 66.17928079730223 57.359377806402165 56.47177940066714 49.09018855151683 102.16893762034319 
12802.570972625417 11468.51580451459 78104.05740089116 47288.71002987085 24981.835896057222 80273.60824695945 108275.3041379894 87235.31772289018 111259.52478221549 31066.86587002166 34251.50010326781 42732.963581733464 15593.67631389947 99758.26058576647 32159.2178155531 24794.89979965437 51930.57126654641 54416.86047947941 40633.697368541194 112042.16019212562 31583.027947730516 
0.006520960913623559 0.005265391300564914 0.005374726672704779 0.005179168148704477 0.005752241226522244 0.005707987061687038 0.004979032517605861 0.005524443647059996 0.0050619739899865355 0.005487925721988186 0.005499937162401557 0.005430825851864107 0.004816008591125798 0.005374519788483902 0.005681679522291547 0.005392083235137734 0.005211248671540159 0.0065026808365128835 0.005308049345743313 0.0049823398131856895 0.006212763528180787 
0.27225237238911487 0.23071982297889757 0.2538546180396577 0.25897473070121874 0.25647553601715833 0.24881918200833147 0.23188063282741314 0.2547801057909595 0.21857338132382018 0.25901528305502247 0.2601694173756601 0.23021853819840127 0.24873115727258618 0.2510088797483395 0.25678494245166356 0.2475613643618377 0.24657458217904207 0.2785633676798337 0.22915237685030757 0.2519393160210374 0.2660928483187504 
0.4494743284399013 0.35165855959950976 0.4605595854941147 0.5556383741387992 0.42976222295799044 0.4693494802968155 0.3884497903523034 0.4193355972576025 0.34410740744480084 0.4099146637754564 0.4655315681824884 0.3790988307586765 0.46514608547460534 0.41867949737787713 0.45986400430637964 0.5513043111766804 0.382470726118531 0.4657028510664277 0.3917114881227667 0.41328497913307827 0.41364165186504664 
0.8996086004267587 0.8559088052106278 0.7999513114866138 0.8491647242472348 0.7210671538913637 0.7692032790918983 0.6771544181745116 0.8277659387770876 0.9132518802561232 0.8343083324940416 0.858778440180397 0.8372177324114563 0.8739528945985663 0.8889657575066161 0.9265666348752863 0.793277701093692 0.8403487246416395 0.7459668292138714 0.8332383810368196 0.9615177917235362 0.9193876594668042 
0.173913211127594 0.18711772333858598 0.23949639729527092 0.17699510749219866 0.17321672103982472 0.19152496109382905 0.2517282210832849 0.20107193019150987 0.16860035880430468 0.1802405793622005 0.2024987784594214 0.19100204853918082 0.17612981788587104 0.17014804041244555 0.16955765563846065 0.19430230830102366 0.18005263822287787 0.18456223741119845 0.16367669644798313 0.16481856670411538 0.1977279829892776 
0.1149258421627679 0.11678822985565977 0.12897430684278727 0.12110536803690189 0.11374162310902707 0.11885224774020141 0.12834639950283022 0.11905910845818526 0.11268152480212881 0.11612204326413507 0.11879040836184657 0.1196698645305339 0.11331322450796957 0.11220456200362791 0.11713313718130154 0.11668684451386553 0.11688341798596505 0.11015340228169143 0.1069684278620962 0.11008662189394598 0.11957432008448514 
